Index;Time point [ms];Iteration length [ms];Cost
0;7;7;5002003.148609551
1;10;3;5001884.71874178
2;14;4;5001849.940287425
3;20;6;5001812.951064017
4;23;3;5001811.213705654
5;27;4;5001701.2924053455
6;32;5;5001701.2924053455
7;37;5;5001688.554237841
8;41;4;5001647.534831446
9;44;3;5001628.641442523
10;47;3;5001628.641442523
11;49;2;5001501.332237203
12;54;5;5001501.332237203
13;59;5;5001501.332237203
14;63;4;5001501.332237203
15;68;5;5001501.332237203
16;73;5;5001435.3892227085
17;74;1;5001435.3892227085
18;78;4;5001435.3892227085
19;82;4;5001435.3892227085
20;87;5;5001435.3892227085
21;90;3;5001435.3892227085
22;94;4;5001435.3892227085
23;98;4;5001435.3892227085
24;102;4;5001435.3892227085
25;102;0;5001435.3892227085
26;106;4;5001435.3892227085
27;110;4;5001435.3892227085
28;114;4;5001435.3892227085
29;120;6;5001435.3892227085
30;125;5;5001435.3892227085
31;129;4;5001435.3892227085
32;134;5;5001435.3892227085
33;137;3;5001435.3892227085
34;141;4;5001435.3892227085
35;144;3;5001435.3892227085
36;145;1;5001435.3892227085
37;149;4;5001420.216177917
38;154;5;5001420.216177917
39;157;3;5001420.216177917
40;160;3;5001420.216177917
41;161;1;5001420.216177917
42;164;3;5001420.216177917
43;169;5;5001420.216177917
44;170;1;5001420.216177917
45;175;5;5001420.216177917
46;179;4;5001420.216177917
47;184;5;5001420.216177917
48;189;5;5001420.216177917
49;193;4;5001420.216177917
50;198;5;5001420.216177917
51;202;4;5001420.216177917
52;208;6;5001420.216177917
53;212;4;5001420.216177917
54;212;0;5001420.216177917
55;213;1;5001420.216177917
56;216;3;5001420.216177917
57;220;4;5001420.216177917
58;224;4;5001420.216177917
59;229;5;5001420.216177917
60;232;3;5001420.216177917
61;238;6;5001420.216177917
62;244;6;5001420.216177917
63;249;5;5001420.216177917
64;254;5;5001420.216177917
65;255;1;5001420.216177917
66;256;1;5001420.216177917
67;257;1;5001420.216177917
68;258;1;5001420.216177917
69;259;1;5001420.216177917
70;260;1;5001420.216177917
71;260;0;5001420.216177917
72;265;5;5001420.216177917
73;270;5;5001420.216177917
74;274;4;5001420.216177917
75;279;5;5001420.216177917
76;287;8;5001420.216177917
77;293;6;5001420.216177917
78;298;5;5001420.216177917
79;308;10;5001420.216177917
80;310;2;5001420.216177917
81;327;17;5001420.216177917
82;328;1;5001420.216177917
83;332;4;5001420.216177917
84;333;1;5001420.216177917
85;336;3;5001420.216177917
86;342;6;5001420.216177917
87;345;3;5001420.216177917
88;345;0;5001420.216177917
89;349;4;5001420.216177917
90;353;4;5001420.216177917
91;364;11;5001420.216177917
92;368;4;4001714.9333210206
93;370;2;4001694.106607646
94;375;5;4001694.106607646
95;376;1;4001694.106607646
96;379;3;4001694.106607646
97;384;5;4001694.106607646
98;389;5;4001694.106607646
99;397;8;4001694.106607646
100;403;6;4001694.106607646
101;405;2;4001694.106607646
102;418;13;4001694.106607646
103;450;32;4001694.106607646
104;458;8;4001694.106607646
105;465;7;4001694.106607646
106;473;8;4001694.106607646
107;483;10;4001694.106607646
108;486;3;4001694.106607646
109;491;5;4001694.106607646
110;496;5;4001694.106607646
111;507;11;4001694.106607646
112;519;12;4001694.106607646
113;525;6;4001694.106607646
114;530;5;4001694.106607646
115;537;7;4001694.106607646
116;541;4;4001694.106607646
117;548;7;4001694.106607646
118;553;5;4001694.106607646
119;558;5;4001694.106607646
120;566;8;4001694.106607646
121;574;8;4001694.106607646
122;582;8;4001543.0094100744
123;589;7;4001518.2183173187
124;596;7;4001518.2183173187
125;601;5;4001518.2183173187
126;608;7;4001518.2183173187
127;615;7;4001518.2183173187
128;619;4;4001518.2183173187
129;623;4;4001518.2183173187
130;626;3;4001518.2183173187
131;629;3;4001518.2183173187
132;633;4;4001518.2183173187
133;638;5;4001518.2183173187
134;638;0;4001518.2183173187
135;648;10;4001518.2183173187
136;656;8;4001518.2183173187
137;661;5;4001518.2183173187
138;666;5;4001518.2183173187
139;668;2;4001518.2183173187
140;675;7;4001518.2183173187
141;685;10;4001518.2183173187
142;692;7;4001518.2183173187
143;699;7;4001518.2183173187
144;705;6;4001518.2183173187
145;712;7;4001518.2183173187
146;714;2;4001518.2183173187
147;719;5;4001518.2183173187
148;725;6;4001518.2183173187
149;730;5;4001518.2183173187
150;736;6;4001518.2183173187
151;745;9;4001518.2183173187
152;752;7;4001518.2183173187
153;761;9;4001518.2183173187
154;766;5;4001518.2183173187
155;777;11;4001518.2183173187
156;786;9;4001518.2183173187
157;790;4;4001518.2183173187
158;795;5;4001518.2183173187
159;800;5;4001518.2183173187
160;805;5;4001518.2183173187
161;813;8;4001518.2183173187
162;815;2;4001518.2183173187
163;823;8;4001518.2183173187
164;847;24;4001518.2183173187
165;859;12;4001518.2183173187
166;878;19;4001518.2183173187
167;888;10;4001518.2183173187
168;907;19;4001518.2183173187
169;927;20;4001518.2183173187
170;940;13;4001518.2183173187
171;957;17;4001518.2183173187
172;973;16;4001518.2183173187
173;994;21;4001518.2183173187
174;994;0;4001518.2183173187
175;1017;23;4001518.2183173187
176;1026;9;4001518.2183173187
177;1026;0;4001518.2183173187
178;1027;1;4001518.2183173187
179;1029;2;4001518.2183173187
180;1038;9;4001518.2183173187
181;1045;7;4001518.2183173187
182;1045;0;4001518.2183173187
183;1049;4;4001518.2183173187
184;1050;1;4001518.2183173187
185;1056;6;4001518.2183173187
186;1057;1;4001518.2183173187
187;1066;9;4001518.2183173187
188;1071;5;4001518.2183173187
189;1078;7;4001518.2183173187
190;1085;7;4001518.2183173187
191;1093;8;4001518.2183173187
192;1096;3;4001518.2183173187
193;1101;5;4001518.2183173187
194;1108;7;4001518.2183173187
195;1114;6;4001518.2183173187
196;1122;8;4001518.2183173187
197;1130;8;4001518.2183173187
198;1136;6;4001518.2183173187
199;1143;7;4001518.2183173187
200;1149;6;4001518.2183173187
201;1153;4;4001518.2183173187
202;1158;5;4001518.2183173187
203;1159;1;4001518.2183173187
204;1168;9;4001518.2183173187
205;1173;5;4001518.2183173187
206;1180;7;4001518.2183173187
207;1184;4;4001518.2183173187
208;1188;4;4001518.2183173187
209;1191;3;4001518.2183173187
210;1192;1;4001518.2183173187
211;1197;5;4001518.2183173187
212;1201;4;4001518.2183173187
213;1202;1;4001518.2183173187
214;1206;4;4001518.2183173187
215;1210;4;4001518.2183173187
216;1211;1;4001518.2183173187
217;1214;3;4001518.2183173187
218;1217;3;4001518.2183173187
219;1218;1;4001518.2183173187
220;1221;3;4001513.3990993463
221;1222;1;4001513.3990993463
222;1228;6;4001513.3990993463
223;1232;4;4001513.3990993463
224;1232;0;4001513.3990993463
225;1233;1;4001513.3990993463
226;1233;0;4001513.3990993463
227;1236;3;4001513.3990993463
228;1237;1;4001513.3990993463
229;1240;3;4001513.3990993463
230;1243;3;4001513.3990993463
231;1243;0;4001513.3990993463
232;1248;5;4001513.3990993463
233;1251;3;4001513.3990993463
234;1256;5;4001513.3990993463
235;1264;8;4001513.3990993463
236;1269;5;4001503.453717376
237;1270;1;4001503.453717376
238;1276;6;4001503.453717376
239;1282;6;4001503.453717376
240;1283;1;4001503.453717376
241;1287;4;4001503.453717376
242;1299;12;4001503.453717376
243;1307;8;4001503.453717376
244;1311;4;4001503.453717376
245;1317;6;4001503.453717376
246;1317;0;4001503.453717376
247;1321;4;4001503.453717376
248;1323;2;4001503.453717376
249;1327;4;4001503.453717376
250;1328;1;4001503.453717376
251;1333;5;4001503.453717376
252;1336;3;4001503.453717376
253;1339;3;4001503.453717376
254;1345;6;4001503.453717376
255;1348;3;4001503.453717376
256;1354;6;4001503.453717376
257;1365;11;4001503.453717376
258;1383;18;4001503.453717376
259;1389;6;4001503.453717376
260;1393;4;4001503.453717376
261;1400;7;4001503.453717376
262;1408;8;4001503.453717376
263;1409;1;4001503.453717376
264;1412;3;4001503.453717376
265;1417;5;4001503.453717376
266;1434;17;4001503.453717376
267;1440;6;4001503.453717376
268;1449;9;4001503.453717376
269;1452;3;4001503.453717376
270;1458;6;4001503.453717376
271;1462;4;4001491.432193332
272;1469;7;4001491.432193332
273;1477;8;4001491.432193332
274;1478;1;4001491.432193332
275;1483;5;4001491.432193332
276;1492;9;4001491.432193332
277;1500;8;4001491.432193332
278;1501;1;4001491.432193332
279;1509;8;4001491.432193332
280;1514;5;4001491.432193332
281;1515;1;4001491.432193332
282;1516;1;4001491.432193332
283;1517;1;4001491.432193332
284;1525;8;4001491.432193332
285;1533;8;4001491.432193332
286;1535;2;4001485.626746797
287;1540;5;4001485.626746797
288;1544;4;4001485.626746797
289;1547;3;4001485.626746797
290;1556;9;4001485.626746797
291;1565;9;4001485.626746797
292;1573;8;4001485.626746797
293;1582;9;4001485.626746797
294;1588;6;4001485.626746797
295;1594;6;4001485.626746797
296;1598;4;4001485.626746797
297;1605;7;4001485.626746797
298;1614;9;4001485.626746797
299;1617;3;4001485.626746797
300;1625;8;4001485.626746797
301;1632;7;4001485.626746797
302;1640;8;4001485.626746797
303;1647;7;4001485.626746797
304;1653;6;4001485.626746797
305;1658;5;4001485.626746797
306;1666;8;4001485.626746797
307;1670;4;4001485.626746797
308;1671;1;4001485.626746797
309;1681;10;4001485.626746797
310;1683;2;4001485.626746797
311;1684;1;4001485.626746797
312;1686;2;4001485.626746797
313;1691;5;4001485.626746797
314;1696;5;4001485.626746797
315;1705;9;4001485.626746797
316;1706;1;4001485.626746797
317;1706;0;4001485.626746797
318;1710;4;4001485.626746797
319;1722;12;4001485.626746797
320;1730;8;4001485.626746797
321;1742;12;4001485.626746797
322;1749;7;4001485.626746797
323;1753;4;4001485.626746797
324;1754;1;4001485.626746797
325;1764;10;4001485.626746797
326;1767;3;4001485.626746797
327;1770;3;4001485.626746797
328;1777;7;4001485.626746797
329;1785;8;4001485.626746797
330;1786;1;4001485.626746797
331;1790;4;4001485.626746797
332;1796;6;4001485.626746797
333;1806;10;4001485.626746797
334;1814;8;4001485.626746797
335;1822;8;4001485.626746797
336;1838;16;4001485.626746797
337;1843;5;4001485.626746797
338;1849;6;4001485.626746797
339;1853;4;4001485.626746797
340;1860;7;4001485.626746797
341;1862;2;4001485.626746797
342;1869;7;4001485.626746797
343;1874;5;4001485.626746797
344;1881;7;4001485.626746797
345;1887;6;4001485.626746797
346;1890;3;4001485.626746797
347;1893;3;4001485.626746797
348;1898;5;4001485.626746797
349;1902;4;4001485.626746797
350;1909;7;4001485.626746797
351;1913;4;4001485.626746797
352;1920;7;4001485.626746797
353;1927;7;4001485.626746797
354;1934;7;4001485.626746797
355;1943;9;4001485.626746797
356;1948;5;4001485.626746797
357;1953;5;4001485.626746797
358;1958;5;4001485.626746797
359;1961;3;4001485.626746797
360;1963;2;4001485.626746797
361;1971;8;4001485.626746797
362;1976;5;4001485.626746797
363;1982;6;4001485.626746797
364;1987;5;4001485.626746797
365;1995;8;4001485.626746797
366;2003;8;4001485.626746797
367;2009;6;4001485.626746797
368;2014;5;4001485.626746797
369;2021;7;4001485.626746797
370;2028;7;4001485.626746797
371;2041;13;4001485.626746797
372;2048;7;4001485.626746797
373;2056;8;4001485.626746797
374;2062;6;4001485.626746797
375;2063;1;4001485.626746797
376;2069;6;4001485.626746797
377;2074;5;4001485.626746797
378;2082;8;4001485.626746797
379;2088;6;4001485.626746797
380;2092;4;4001485.626746797
381;2102;10;4001485.626746797
382;2103;1;4001485.626746797
383;2104;1;4001485.626746797
384;2111;7;4001485.626746797
385;2112;1;4001485.626746797
386;2120;8;4001485.626746797
387;2128;8;4001485.626746797
388;2142;14;4001485.626746797
389;2149;7;4001485.626746797
390;2156;7;4001485.626746797
391;2163;7;4001485.626746797
392;2169;6;4001485.626746797
393;2175;6;4001485.626746797
394;2178;3;4001485.626746797
395;2183;5;4001485.626746797
396;2192;9;4001485.626746797
397;2197;5;4001485.626746797
398;2203;6;4001485.626746797
399;2204;1;4001485.626746797
400;2205;1;4001485.626746797
401;2207;2;4001485.626746797
402;2215;8;4001485.626746797
403;2224;9;4001485.626746797
404;2240;16;4001485.626746797
405;2245;5;4001485.626746797
406;2249;4;4001485.626746797
407;2255;6;4001485.626746797
408;2262;7;4001485.626746797
409;2269;7;4001485.626746797
410;2275;6;4001485.626746797
411;2280;5;4001485.626746797
412;2285;5;4001485.626746797
413;2291;6;4001485.626746797
414;2292;1;4001485.626746797
415;2295;3;4001485.626746797
416;2300;5;4001485.626746797
417;2309;9;4001485.626746797
418;2312;3;4001485.626746797
419;2321;9;4001485.626746797
420;2328;7;4001485.626746797
421;2336;8;4001485.626746797
422;2341;5;4001485.626746797
423;2342;1;4001485.626746797
424;2349;7;4001485.626746797
425;2354;5;4001485.626746797
426;2358;4;4001485.626746797
427;2363;5;4001485.626746797
428;2370;7;4001485.626746797
429;2377;7;4001485.626746797
430;2381;4;4001485.626746797
431;2382;1;4001485.626746797
432;2386;4;4001485.626746797
433;2390;4;4001485.626746797
434;2403;13;4001485.626746797
435;2407;4;4001485.626746797
436;2409;2;4001485.626746797
437;2412;3;4001485.626746797
438;2416;4;4001485.626746797
439;2420;4;4001485.626746797
440;2423;3;4001485.626746797
441;2425;2;4001485.626746797
442;2430;5;4001485.626746797
443;2437;7;4001485.626746797
444;2443;6;4001485.626746797
445;2449;6;4001485.626746797
446;2450;1;4001485.626746797
447;2458;8;4001485.626746797
448;2468;10;4001485.626746797
449;2470;2;4001485.626746797
450;2475;5;4001485.626746797
451;2480;5;4001485.626746797
452;2489;9;4001485.626746797
453;2490;1;4001485.626746797
454;2496;6;4001485.626746797
455;2500;4;4001485.626746797
456;2504;4;4001485.626746797
457;2510;6;4001485.626746797
458;2511;1;4001485.626746797
459;2514;3;4001485.626746797
460;2517;3;4001485.626746797
461;2525;8;4001485.626746797
462;2534;9;4001485.626746797
463;2539;5;4001485.626746797
464;2543;4;4001485.626746797
465;2546;3;4001485.626746797
466;2552;6;4001485.626746797
467;2560;8;4001485.626746797
468;2568;8;4001485.626746797
469;2577;9;4001485.626746797
470;2584;7;4001485.626746797
471;2592;8;4001485.626746797
472;2599;7;4001485.626746797
473;2606;7;4001485.626746797
474;2613;7;4001485.626746797
475;2618;5;4001485.626746797
476;2628;10;4001485.626746797
477;2629;1;4001485.626746797
478;2635;6;4001485.626746797
479;2641;6;4001485.626746797
480;2647;6;4001485.626746797
481;2649;2;4001485.626746797
482;2652;3;4001485.626746797
483;2656;4;4001485.626746797
484;2665;9;4001485.626746797
485;2669;4;4001485.626746797
486;2673;4;4001485.626746797
487;2680;7;4001485.626746797
488;2681;1;4001485.626746797
489;2682;1;4001485.626746797
490;2690;8;4001485.626746797
491;2697;7;4001485.626746797
492;2704;7;4001485.626746797
493;2711;7;4001485.626746797
494;2715;4;4001485.626746797
495;2723;8;4001485.626746797
496;2726;3;4001485.626746797
497;2735;9;4001485.626746797
498;2744;9;4001485.626746797
499;2749;5;4001485.626746797
500;2755;6;4001485.626746797
501;2762;7;4001485.626746797
502;2767;5;4001485.626746797
503;2773;6;4001485.626746797
504;2777;4;4001485.626746797
505;2782;5;4001485.626746797
506;2789;7;4001485.626746797
507;2795;6;4001485.626746797
508;2796;1;4001485.626746797
509;2801;5;4001485.626746797
510;2806;5;4001485.626746797
511;2813;7;4001485.626746797
512;2821;8;4001485.626746797
513;2828;7;4001485.626746797
514;2836;8;4001485.626746797
515;2840;4;4001485.626746797
516;2844;4;4001485.626746797
517;2849;5;4001485.626746797
518;2855;6;4001485.626746797
519;2864;9;4001485.626746797
520;2871;7;4001485.626746797
521;2877;6;4001485.626746797
522;2885;8;4001485.626746797
523;2892;7;4001485.626746797
524;2894;2;4001485.626746797
525;2895;1;4001485.626746797
526;2902;7;4001485.626746797
527;2915;13;4001485.626746797
528;2926;11;4001485.626746797
529;2931;5;4001485.626746797
530;2940;9;4001485.626746797
531;2947;7;4001485.626746797
532;2955;8;4001485.626746797
533;2963;8;4001485.626746797
534;2964;1;4001485.626746797
535;2973;9;4001485.626746797
536;2979;6;4001485.626746797
537;2985;6;4001485.626746797
538;2997;12;4001485.626746797
539;2998;1;4001485.626746797
540;3004;6;4001485.626746797
541;3011;7;4001485.626746797
542;3012;1;4001485.626746797
543;3020;8;4001485.626746797
544;3028;8;4001485.626746797
545;3033;5;4001485.626746797
546;3040;7;4001485.626746797
547;3043;3;4001485.626746797
548;3048;5;4001485.626746797
549;3056;8;4001485.626746797
550;3061;5;4001482.343135203
551;3069;8;4001482.343135203
552;3075;6;4001482.343135203
553;3080;5;4001482.343135203
554;3088;8;4001482.343135203
555;3094;6;4001482.343135203
556;3098;4;4001482.343135203
557;3104;6;4001482.343135203
558;3109;5;4001482.343135203
559;3114;5;4001482.343135203
560;3119;5;4001482.343135203
561;3132;13;4001482.343135203
562;3134;2;4001482.343135203
563;3141;7;4001482.343135203
564;3149;8;4001482.343135203
565;3152;3;4001482.343135203
566;3157;5;4001482.343135203
567;3163;6;4001482.343135203
568;3168;5;4001482.343135203
569;3175;7;4001482.343135203
570;3176;1;4001482.343135203
571;3185;9;4001482.343135203
572;3190;5;4001482.343135203
573;3196;6;4001482.343135203
574;3200;4;4001482.343135203
575;3206;6;4001482.343135203
576;3214;8;4001482.343135203
577;3216;2;4001482.343135203
578;3225;9;4001482.343135203
579;3231;6;4001482.343135203
580;3232;1;4001482.343135203
581;3239;7;4001482.343135203
582;3246;7;4001482.343135203
583;3253;7;4001482.343135203
584;3261;8;4001482.343135203
585;3269;8;4001482.343135203
586;3276;7;4001482.343135203
587;3284;8;4001482.343135203
588;3289;5;4001482.343135203
589;3294;5;4001482.343135203
590;3304;10;4001482.343135203
591;3315;11;4001482.343135203
592;3325;10;4001482.343135203
593;3329;4;4001482.343135203
594;3337;8;4001482.343135203
595;3342;5;4001482.343135203
596;3349;7;4001482.343135203
597;3359;10;4001482.343135203
598;3365;6;4001482.343135203
599;3372;7;4001482.343135203
600;3379;7;4001482.343135203
601;3384;5;4001482.343135203
602;3389;5;4001482.343135203
603;3390;1;4001482.343135203
604;3395;5;4001482.343135203
605;3402;7;4001482.343135203
606;3403;1;4001482.343135203
607;3410;7;4001482.343135203
608;3417;7;4001482.343135203
609;3427;10;4001482.343135203
610;3433;6;4001482.343135203
611;3437;4;4001482.343135203
612;3440;3;4001482.343135203
613;3463;23;4001482.343135203
614;3464;1;4001482.343135203
615;3477;13;4001482.343135203
616;3481;4;4001482.343135203
617;3489;8;4001482.343135203
618;3496;7;4001482.343135203
619;3501;5;4001482.343135203
620;3505;4;4001482.343135203
621;3508;3;4001482.343135203
622;3521;13;4001482.343135203
623;3522;1;4001482.343135203
624;3526;4;4001482.343135203
625;3540;14;4001482.343135203
626;3546;6;4001482.343135203
627;3557;11;4001482.343135203
628;3567;10;4001482.343135203
629;3570;3;4001482.343135203
630;3571;1;4001482.343135203
631;3579;8;4001482.343135203
632;3587;8;4001482.343135203
633;3595;8;4001482.343135203
634;3602;7;4001482.343135203
635;3611;9;4001482.343135203
636;3612;1;4001482.343135203
637;3619;7;4001482.343135203
638;3627;8;4001482.343135203
639;3636;9;4001482.343135203
640;3654;18;4001482.343135203
641;3658;4;4001482.343135203
642;3671;13;4001482.343135203
643;3679;8;4001482.343135203
644;3689;10;4001482.343135203
645;3689;0;4001482.343135203
646;3696;7;4001482.343135203
647;3702;6;4001482.343135203
648;3706;4;4001482.343135203
649;3709;3;4001482.343135203
650;3713;4;4001482.343135203
651;3716;3;4001482.343135203
652;3731;15;4001482.343135203
653;3732;1;4001482.343135203
654;3740;8;4001482.343135203
655;3741;1;4001482.343135203
656;3750;9;4001482.343135203
657;3756;6;4001482.343135203
658;3772;16;4001482.343135203
659;3788;16;4001482.343135203
660;3797;9;4001482.343135203
661;3822;25;4001482.343135203
662;3836;14;4001482.343135203
663;3846;10;4001482.343135203
664;3852;6;4001482.343135203
665;3853;1;4001482.343135203
666;3860;7;4001482.343135203
667;3867;7;4001482.343135203
668;3874;7;4001482.343135203
669;3874;0;4001482.343135203
670;3890;16;4001482.343135203
671;3895;5;4001482.343135203
672;3902;7;4001482.343135203
673;3903;1;4001482.343135203
674;3912;9;4001482.343135203
675;3919;7;4001482.343135203
676;3920;1;4001482.343135203
677;3925;5;4001482.343135203
678;3926;1;4001482.343135203
679;3939;13;4001482.343135203
680;3944;5;4001482.343135203
681;3953;9;4001482.343135203
682;3959;6;4001482.343135203
683;3966;7;4001482.343135203
684;3967;1;4001482.343135203
685;3969;2;4001482.343135203
686;3977;8;4001482.343135203
687;3986;9;4001482.343135203
688;3988;2;4001482.343135203
689;3993;5;4001482.343135203
690;3999;6;4001482.343135203
691;4003;4;4001482.343135203
692;4004;1;4001482.343135203
693;4010;6;4001482.343135203
694;4016;6;4001482.343135203
695;4024;8;4001482.343135203
696;4032;8;4001482.343135203
697;4048;16;4001482.343135203
698;4056;8;4001482.343135203
699;4063;7;4001482.343135203
700;4070;7;4001482.343135203
701;4077;7;4001482.343135203
702;4078;1;4001482.343135203
703;4085;7;4001482.343135203
704;4093;8;4001482.343135203
705;4099;6;4001482.343135203
706;4099;0;4001482.343135203
707;4104;5;4001482.343135203
708;4110;6;4001463.357201389
709;4117;7;4001463.357201389
710;4118;1;4001463.357201389
711;4126;8;4001463.357201389
712;4132;6;4001463.357201389
713;4132;0;4001463.357201389
714;4136;4;4001463.357201389
715;4138;2;4001463.357201389
716;4141;3;4001463.357201389
717;4141;0;4001463.357201389
718;4146;5;4001463.357201389
719;4150;4;4001463.357201389
720;4153;3;4001463.357201389
721;4158;5;4001463.357201389
722;4165;7;4001463.357201389
723;4171;6;4001463.357201389
724;4175;4;4001463.357201389
725;4178;3;4001463.357201389
726;4184;6;4001463.357201389
727;4188;4;4001463.357201389
728;4192;4;4001463.357201389
729;4195;3;4001463.357201389
730;4200;5;4001463.357201389
731;4201;1;4001463.357201389
732;4205;4;4001463.357201389
733;4210;5;4001463.357201389
734;4210;0;4001463.357201389
735;4215;5;4001463.357201389
736;4217;2;4001463.357201389
737;4221;4;4001463.357201389
738;4226;5;4001463.357201389
739;4229;3;4001463.357201389
740;4231;2;4001463.357201389
741;4232;1;4001463.357201389
742;4233;1;4001463.357201389
743;4236;3;4001463.357201389
744;4241;5;4001463.357201389
745;4243;2;4001463.357201389
746;4246;3;4001463.357201389
747;4249;3;4001463.357201389
748;4253;4;4001463.357201389
749;4257;4;4001463.357201389
750;4260;3;4001463.357201389
751;4264;4;4001463.357201389
752;4267;3;4001463.357201389
753;4268;1;4001463.357201389
754;4272;4;4001463.357201389
755;4276;4;4001463.357201389
756;4277;1;4001463.357201389
757;4280;3;4001463.357201389
758;4283;3;4001463.357201389
759;4284;1;4001463.357201389
760;4289;5;4001463.357201389
761;4292;3;4001463.357201389
762;4292;0;4001463.357201389
763;4295;3;4001463.357201389
764;4298;3;4001463.357201389
765;4299;1;4001463.357201389
766;4303;4;4001463.357201389
767;4306;3;4001463.357201389
768;4310;4;4001463.357201389
769;4315;5;4001463.357201389
770;4322;7;4001463.357201389
771;4324;2;4001463.357201389
772;4328;4;4001463.357201389
773;4334;6;4001463.357201389
774;4340;6;4001463.357201389
775;4344;4;4001463.357201389
776;4351;7;4001463.357201389
777;4353;2;4001463.357201389
778;4360;7;4001463.357201389
779;4365;5;4001463.357201389
780;4365;0;4001463.357201389
781;4368;3;4001463.357201389
782;4369;1;4001463.357201389
783;4374;5;4001463.357201389
784;4377;3;4001463.357201389
785;4381;4;4001463.357201389
786;4384;3;4001463.357201389
787;4387;3;4001463.357201389
788;4390;3;4001463.357201389
789;4395;5;4001463.357201389
790;4399;4;4001463.357201389
791;4406;7;4001463.357201389
792;4411;5;4001463.357201389
793;4417;6;4001463.357201389
794;4418;1;4001463.357201389
795;4433;15;4001463.357201389
796;4437;4;4001463.357201389
797;4440;3;4001463.357201389
798;4445;5;4001463.357201389
799;4451;6;4001463.357201389
800;4462;11;4001463.357201389
801;4463;1;4001463.357201389
802;4468;5;4001463.357201389
803;4471;3;4001463.357201389
804;4479;8;4001463.357201389
805;4481;2;4001463.357201389
806;4486;5;4001463.357201389
807;4495;9;4001463.357201389
808;4500;5;4001463.357201389
809;4505;5;4001463.357201389
810;4511;6;4001463.357201389
811;4513;2;4001463.357201389
812;4518;5;4001463.357201389
813;4521;3;4001463.357201389
814;4527;6;4001463.357201389
815;4531;4;4001463.357201389
816;4538;7;4001463.357201389
817;4543;5;4001463.357201389
818;4551;8;4001463.357201389
819;4556;5;4001463.357201389
820;4564;8;4001463.357201389
821;4569;5;4001463.357201389
822;4572;3;4001463.357201389
823;4576;4;4001463.357201389
824;4579;3;4001463.357201389
825;4581;2;4001463.357201389
826;4586;5;4001463.357201389
827;4589;3;4001463.357201389
828;4593;4;4001463.357201389
829;4597;4;4001463.357201389
830;4603;6;4001463.357201389
831;4610;7;4001463.357201389
832;4614;4;4001463.357201389
833;4617;3;4001463.357201389
834;4625;8;4001463.357201389
835;4630;5;4001463.357201389
836;4637;7;4001463.357201389
837;4641;4;4001463.357201389
838;4646;5;4001463.357201389
839;4651;5;4001463.357201389
840;4654;3;4001463.357201389
841;4658;4;4001463.357201389
842;4661;3;4001463.357201389
843;4667;6;4001463.357201389
844;4669;2;4001463.357201389
845;4674;5;4001463.357201389
846;4678;4;4001463.357201389
847;4682;4;4001463.357201389
848;4685;3;4001463.357201389
849;4685;0;4001463.357201389
850;4690;5;4001463.357201389
851;4694;4;4001463.357201389
852;4700;6;4001463.357201389
853;4705;5;4001463.357201389
854;4708;3;4001463.357201389
855;4708;0;4001463.357201389
856;4711;3;4001463.357201389
857;4714;3;4001463.357201389
858;4719;5;4001463.357201389
859;4722;3;4001463.357201389
860;4728;6;4001463.357201389
861;4728;0;4001463.357201389
862;4733;5;4001463.357201389
863;4737;4;4001463.357201389
864;4747;10;4001463.357201389
865;4750;3;4001463.357201389
866;4754;4;4001463.357201389
867;4758;4;4001463.357201389
868;4760;2;4001463.357201389
869;4765;5;4001463.357201389
870;4770;5;4001463.357201389
871;4773;3;4001463.357201389
872;4778;5;4001463.357201389
873;4779;1;4001463.357201389
874;4783;4;4001463.357201389
875;4787;4;4001463.357201389
876;4788;1;4001463.357201389
877;4789;1;4001463.357201389
878;4791;2;4001463.357201389
879;4797;6;4001463.357201389
880;4802;5;4001463.357201389
881;4810;8;4001463.357201389
882;4817;7;4001463.357201389
883;4827;10;4001463.357201389
884;4833;6;4001463.357201389
885;4842;9;4001463.357201389
886;4847;5;4001463.357201389
887;4855;8;4001463.357201389
888;4856;1;4001463.357201389
889;4864;8;4001463.357201389
890;4869;5;4001463.357201389
891;4874;5;4001463.357201389
892;4880;6;4001463.357201389
893;4886;6;4001463.357201389
894;4892;6;4001463.357201389
895;4901;9;4001463.357201389
896;4906;5;4001463.357201389
897;4910;4;4001463.357201389
898;4918;8;4001463.357201389
899;4922;4;4001463.357201389
900;4927;5;4001463.357201389
901;4933;6;4001463.357201389
902;4934;1;4001463.357201389
903;4935;1;4001463.357201389
904;4942;7;4001463.357201389
905;4947;5;4001463.357201389
906;4948;1;4001463.357201389
907;4953;5;4001463.357201389
908;4962;9;4001463.357201389
909;4963;1;4001463.357201389
910;4970;7;4001463.357201389
911;4975;5;4001463.357201389
912;4981;6;4001463.357201389
913;4985;4;4001463.357201389
914;4991;6;4001463.357201389
915;4994;3;4001463.357201389
916;4998;4;4001463.357201389
917;5004;6;4001463.357201389
918;5004;0;4001463.357201389
919;5007;3;4001463.357201389
920;5011;4;4001463.357201389
921;5016;5;4001463.357201389
922;5022;6;4001463.357201389
923;5031;9;4001463.357201389
924;5037;6;4001463.357201389
925;5038;1;4001463.357201389
926;5041;3;4001463.357201389
927;5045;4;4001463.357201389
928;5048;3;4001463.357201389
929;5051;3;4001463.357201389
930;5054;3;4001463.357201389
931;5060;6;4001463.357201389
932;5062;2;4001463.357201389
933;5063;1;4001463.357201389
934;5066;3;4001463.357201389
935;5069;3;4001463.357201389
936;5073;4;4001463.357201389
937;5075;2;4001463.357201389
938;5076;1;4001463.357201389
939;5079;3;4001463.357201389
940;5083;4;4001463.357201389
941;5083;0;4001463.357201389
942;5085;2;4001463.357201389
943;5089;4;4001463.357201389
944;5093;4;4001463.357201389
945;5097;4;4001463.357201389
946;5099;2;4001463.357201389
947;5102;3;4001463.357201389
948;5104;2;4001463.357201389
949;5107;3;4001463.357201389
950;5110;3;4001463.357201389
951;5115;5;4001463.357201389
952;5115;0;4001463.357201389
953;5119;4;4001463.357201389
954;5122;3;4001463.357201389
955;5127;5;4001463.357201389
956;5133;6;4001463.357201389
957;5135;2;4001463.357201389
958;5139;4;4001463.357201389
959;5143;4;4001463.357201389
960;5147;4;4001463.357201389
961;5150;3;4001463.357201389
962;5150;0;4001463.357201389
963;5155;5;4001463.357201389
964;5156;1;4001463.357201389
965;5158;2;4001463.357201389
966;5161;3;4001463.357201389
967;5164;3;4001463.357201389
968;5167;3;4001463.357201389
969;5173;6;4001463.357201389
970;5177;4;4001463.357201389
971;5182;5;4001463.357201389
972;5185;3;4001463.357201389
973;5190;5;4001463.357201389
974;5191;1;4001463.357201389
975;5194;3;4001463.357201389
976;5196;2;4001463.357201389
977;5204;8;4001463.357201389
978;5209;5;4001463.357201389
979;5217;8;4001463.357201389
980;5224;7;4001463.357201389
981;5231;7;4001463.357201389
982;5251;20;4001463.357201389
983;5252;1;4001463.357201389
984;5260;8;4001463.357201389
985;5261;1;4001463.357201389
986;5271;10;4001463.357201389
987;5276;5;4001463.357201389
988;5283;7;4001463.357201389
989;5286;3;4001463.357201389
990;5291;5;4001463.357201389
991;5293;2;4001463.357201389
992;5296;3;4001463.357201389
993;5303;7;4001463.357201389
994;5308;5;4001463.357201389
995;5312;4;4001463.357201389
996;5315;3;4001463.357201389
997;5322;7;4001463.357201389
998;5330;8;4001463.357201389
999;5334;4;4001463.357201389
1000;5339;5;4001463.357201389
1001;5342;3;4001463.357201389
1002;5348;6;4001463.357201389
1003;5350;2;4001463.357201389
1004;5355;5;4001463.357201389
1005;5357;2;4001463.357201389
1006;5360;3;4001463.357201389
1007;5360;0;4001463.357201389
1008;5365;5;4001463.357201389
1009;5368;3;4001463.357201389
1010;5372;4;4001463.357201389
1011;5375;3;4001463.357201389
1012;5378;3;4001463.357201389
1013;5381;3;4001463.357201389
1014;5384;3;4001463.357201389
1015;5388;4;4001463.357201389
1016;5389;1;4001463.357201389
1017;5390;1;4001463.357201389
1018;5393;3;4001463.357201389
1019;5396;3;4001463.357201389
1020;5400;4;4001463.357201389
1021;5403;3;4001463.357201389
1022;5404;1;4001463.357201389
1023;5406;2;4001463.357201389
1024;5407;1;4001463.357201389
1025;5408;1;4001463.357201389
1026;5411;3;4001463.357201389
1027;5414;3;4001463.357201389
1028;5420;6;4001463.357201389
1029;5426;6;4001463.357201389
1030;5431;5;4001463.357201389
1031;5435;4;4001463.357201389
1032;5440;5;4001463.357201389
1033;5445;5;4001463.357201389
1034;5449;4;4001463.357201389
1035;5455;6;4001463.357201389
1036;5462;7;4001463.357201389
1037;5466;4;4001463.357201389
1038;5469;3;4001463.357201389
1039;5472;3;4001463.357201389
1040;5476;4;4001463.357201389
1041;5479;3;4001463.357201389
1042;5483;4;4001463.357201389
1043;5485;2;4001463.357201389
1044;5489;4;4001463.357201389
1045;5492;3;4001463.357201389
1046;5495;3;4001463.357201389
1047;5499;4;4001463.357201389
1048;5502;3;4001463.357201389
1049;5506;4;4001463.357201389
1050;5509;3;4001463.357201389
1051;5536;27;4001463.357201389
1052;5558;22;4001463.357201389
1053;5561;3;4001463.357201389
1054;5562;1;4001463.357201389
1055;5569;7;4001463.357201389
1056;5575;6;4001463.357201389
1057;5576;1;4001463.357201389
1058;5583;7;4001463.357201389
1059;5591;8;4001463.357201389
1060;5593;2;4001463.357201389
1061;5608;15;4001463.357201389
1062;5615;7;4001463.357201389
1063;5638;23;4001463.357201389
1064;5644;6;4001463.357201389
1065;5645;1;4001463.357201389
1066;5648;3;4001463.357201389
1067;5655;7;4001463.357201389
1068;5661;6;4001463.357201389
1069;5666;5;4001463.357201389
1070;5673;7;4001463.357201389
1071;5684;11;4001463.357201389
1072;5691;7;4001463.357201389
1073;5692;1;4001463.357201389
1074;5697;5;4001463.357201389
1075;5701;4;4001463.357201389
1076;5702;1;4001463.357201389
1077;5704;2;4001463.357201389
1078;5708;4;4001463.357201389
1079;5716;8;4001463.357201389
1080;5725;9;4001463.357201389
1081;5739;14;4001463.357201389
1082;5747;8;4001463.357201389
1083;5751;4;4001463.357201389
1084;5752;1;4001463.357201389
1085;5756;4;4001463.357201389
1086;5762;6;4001463.357201389
1087;5765;3;4001463.357201389
1088;5768;3;4001463.357201389
1089;5773;5;4001463.357201389
1090;5777;4;4001463.357201389
1091;5782;5;4001463.357201389
1092;5784;2;4001463.357201389
1093;5788;4;4001463.357201389
1094;5792;4;4001463.357201389
1095;5796;4;4001463.357201389
1096;5800;4;4001463.357201389
1097;5804;4;4001420.6651573395
1098;5808;4;4001420.6651573395
1099;5809;1;4001420.6651573395
1100;5814;5;4001420.6651573395
1101;5821;7;4001420.6651573395
1102;5827;6;4001420.6651573395
1103;5835;8;4001420.6651573395
1104;5838;3;4001420.6651573395
1105;5847;9;4001420.6651573395
1106;5852;5;4001420.6651573395
1107;5855;3;4001420.6651573395
1108;5858;3;4001420.6651573395
1109;5866;8;4001420.6651573395
1110;5869;3;4001420.6651573395
1111;5873;4;4001420.6651573395
1112;5876;3;4001420.6651573395
1113;5877;1;4001420.6651573395
1114;5881;4;4001420.6651573395
1115;5884;3;4001420.6651573395
1116;5888;4;4001420.6651573395
1117;5892;4;4001420.6651573395
1118;5895;3;4001420.6651573395
1119;5899;4;4001420.6651573395
1120;5903;4;4001420.6651573395
1121;5904;1;4001420.6651573395
1122;5905;1;4001420.6651573395
1123;5907;2;4001420.6651573395
1124;5911;4;4001420.6651573395
1125;5915;4;4001420.6651573395
1126;5916;1;4001420.6651573395
1127;5917;1;4001420.6651573395
1128;5922;5;4001420.6651573395
1129;5926;4;4001420.6651573395
1130;5931;5;4001420.6651573395
1131;5932;1;4001420.6651573395
1132;5932;0;4001420.6651573395
1133;5937;5;4001420.6651573395
1134;5941;4;4001420.6651573395
1135;5945;4;4001420.6651573395
1136;5952;7;4001420.6651573395
1137;5954;2;4001420.6651573395
1138;5960;6;4001420.6651573395
1139;5964;4;4001420.6651573395
1140;5967;3;4001420.6651573395
1141;5970;3;4001420.6651573395
1142;5973;3;4001420.6651573395
1143;5978;5;4001420.6651573395
1144;5984;6;4001420.6651573395
1145;5992;8;4001420.6651573395
1146;6002;10;4001420.6651573395
1147;6009;7;4001420.6651573395
1148;6018;9;4001420.6651573395
1149;6023;5;4001420.6651573395
1150;6025;2;4001420.6651573395
1151;6031;6;4001420.6651573395
1152;6035;4;4001420.6651573395
1153;6041;6;4001420.6651573395
1154;6042;1;4001420.6651573395
1155;6043;1;4001420.6651573395
1156;6048;5;4001420.6651573395
1157;6054;6;4001420.6651573395
1158;6055;1;4001420.6651573395
1159;6064;9;4001420.6651573395
1160;6070;6;4001420.6651573395
1161;6076;6;4001420.6651573395
1162;6081;5;4001420.6651573395
1163;6083;2;4001420.6651573395
1164;6084;1;4001420.6651573395
1165;6094;10;4001420.6651573395
1166;6102;8;4001420.6651573395
1167;6110;8;4001420.6651573395
1168;6115;5;4001420.6651573395
1169;6116;1;4001420.6651573395
1170;6117;1;4001420.6651573395
1171;6121;4;4001420.6651573395
1172;6128;7;4001420.6651573395
1173;6133;5;4001420.6651573395
1174;6134;1;4001420.6651573395
1175;6142;8;4001420.6651573395
1176;6149;7;4001420.6651573395
1177;6155;6;4001420.6651573395
1178;6163;8;4001420.6651573395
1179;6167;4;4001420.6651573395
1180;6172;5;4001420.6651573395
1181;6180;8;4001420.6651573395
1182;6189;9;4001420.6651573395
1183;6196;7;4001420.6651573395
1184;6200;4;4001420.6651573395
1185;6205;5;4001420.6651573395
1186;6209;4;4001420.6651573395
1187;6210;1;4001420.6651573395
1188;6218;8;4001420.6651573395
1189;6227;9;4001420.6651573395
1190;6234;7;4001420.6651573395
1191;6239;5;4001420.6651573395
1192;6246;7;4001420.6651573395
1193;6255;9;4001420.6651573395
1194;6262;7;4001420.6651573395
1195;6268;6;4001420.6651573395
1196;6272;4;4001420.6651573395
1197;6280;8;4001420.6651573395
1198;6281;1;4001420.6651573395
1199;6286;5;4001420.6651573395
1200;6295;9;4001420.6651573395
1201;6306;11;4001420.6651573395
1202;6318;12;4001420.6651573395
1203;6326;8;4001420.6651573395
1204;6333;7;4001420.6651573395
1205;6338;5;4001420.6651573395
1206;6343;5;4001420.6651573395
1207;6344;1;4001420.6651573395
1208;6353;9;4001420.6651573395
1209;6358;5;4001420.6651573395
1210;6361;3;4001420.6651573395
1211;6370;9;4001420.6651573395
1212;6371;1;4001420.6651573395
1213;6375;4;4001420.6651573395
1214;6385;10;4001420.6651573395
1215;6396;11;4001420.6651573395
1216;6403;7;4001420.6651573395
1217;6410;7;4001420.6651573395
1218;6418;8;4001420.6651573395
1219;6426;8;4001420.6651573395
1220;6435;9;4001420.6651573395
1221;6439;4;4001420.6651573395
1222;6447;8;4001420.6651573395
1223;6453;6;4001420.6651573395
1224;6457;4;4001420.6651573395
1225;6458;1;4001420.6651573395
1226;6464;6;4001420.6651573395
1227;6466;2;4001420.6651573395
1228;6470;4;4001420.6651573395
1229;6472;2;4001420.6651573395
1230;6476;4;4001420.6651573395
1231;6481;5;4001420.6651573395
1232;6488;7;4001420.6651573395
1233;6491;3;4001420.6651573395
1234;6492;1;4001420.6651573395
1235;6497;5;4001420.6651573395
1236;6501;4;4001420.6651573395
1237;6503;2;4001420.6651573395
1238;6507;4;4001420.6651573395
1239;6509;2;4001420.6651573395
1240;6512;3;4001420.6651573395
1241;6513;1;4001420.6651573395
1242;6516;3;4001420.6651573395
1243;6518;2;4001420.6651573395
1244;6523;5;4001420.6651573395
1245;6528;5;4001420.6651573395
1246;6531;3;4001420.6651573395
1247;6535;4;4001420.6651573395
1248;6540;5;4001420.6651573395
1249;6542;2;4001420.6651573395
1250;6545;3;4001420.6651573395
1251;6548;3;4001420.6651573395
1252;6552;4;4001420.6651573395
1253;6555;3;4001420.6651573395
1254;6560;5;4001420.6651573395
1255;6565;5;4001420.6651573395
1256;6569;4;4001420.6651573395
1257;6575;6;4001420.6651573395
1258;6579;4;4001420.6651573395
1259;6581;2;4001420.6651573395
1260;6585;4;4001420.6651573395
1261;6588;3;4001420.6651573395
1262;6591;3;4001420.6651573395
1263;6595;4;4001420.6651573395
1264;6597;2;4001420.6651573395
1265;6598;1;4001420.6651573395
1266;6600;2;4001420.6651573395
1267;6600;0;4001420.6651573395
1268;6603;3;4001420.6651573395
1269;6609;6;4001420.6651573395
1270;6613;4;4001420.6651573395
1271;6617;4;4001420.6651573395
1272;6619;2;4001420.6651573395
1273;6624;5;4001420.6651573395
1274;6628;4;4001420.6651573395
1275;6632;4;4001417.3520952417
1276;6635;3;4001417.3520952417
1277;6639;4;4001417.3520952417
1278;6644;5;4001417.3520952417
1279;6648;4;4001404.4042104813
1280;6654;6;4001404.4042104813
1281;6657;3;4001404.4042104813
1282;6661;4;4001404.4042104813
1283;6664;3;4001404.4042104813
1284;6667;3;4001404.4042104813
1285;6672;5;4001404.4042104813
1286;6673;1;4001404.4042104813
1287;6677;4;4001404.4042104813
1288;6678;1;4001404.4042104813
1289;6683;5;4001404.4042104813
1290;6687;4;4001404.4042104813
1291;6690;3;4001404.4042104813
1292;6692;2;4001404.4042104813
1293;6696;4;4001404.4042104813
1294;6701;5;4001399.9509047326
1295;6705;4;4001359.4833630915
1296;6708;3;4001359.4833630915
1297;6711;3;4001359.4833630915
1298;6716;5;4001359.4833630915
1299;6721;5;4001359.4833630915
1300;6728;7;4001359.4833630915
1301;6729;1;4001359.4833630915
1302;6740;11;4001359.4833630915
1303;6744;4;4001359.4833630915
1304;6751;7;4001359.4833630915
1305;6758;7;4001359.4833630915
1306;6763;5;4001359.4833630915
1307;6765;2;4001359.4833630915
1308;6773;8;4001359.4833630915
1309;6778;5;4001359.4833630915
1310;6786;8;4001359.4833630915
1311;6787;1;4001359.4833630915
1312;6792;5;4001359.4833630915
1313;6799;7;4001359.4833630915
1314;6807;8;4001359.4833630915
1315;6818;11;4001359.4833630915
1316;6825;7;4001359.4833630915
1317;6832;7;4001359.4833630915
1318;6848;16;4001359.4833630915
1319;6859;11;4001359.4833630915
1320;6860;1;4001359.4833630915
1321;6863;3;4001359.4833630915
1322;6869;6;4001359.4833630915
1323;6881;12;4001359.4833630915
1324;6884;3;4001359.4833630915
1325;6892;8;4001359.4833630915
1326;6895;3;4001359.4833630915
1327;6909;14;4001359.4833630915
1328;6920;11;4001359.4833630915
1329;6931;11;4001359.4833630915
1330;6936;5;4001359.4833630915
1331;6942;6;4001359.4833630915
1332;6948;6;4001359.4833630915
1333;6953;5;4001359.4833630915
1334;6957;4;4001359.4833630915
1335;6964;7;4001359.4833630915
1336;6965;1;4001359.4833630915
1337;6971;6;4001359.4833630915
1338;6974;3;4001359.4833630915
1339;6978;4;4001359.4833630915
1340;6984;6;4001359.4833630915
1341;6987;3;4001359.4833630915
1342;6990;3;4001359.4833630915
1343;6993;3;4001359.4833630915
1344;6996;3;4001359.4833630915
1345;6999;3;4001359.4833630915
1346;7003;4;4001359.4833630915
1347;7006;3;4001359.4833630915
1348;7009;3;4001359.4833630915
1349;7014;5;4001359.4833630915
1350;7016;2;4001359.4833630915
1351;7021;5;4001359.4833630915
1352;7024;3;4001359.4833630915
1353;7032;8;4001359.4833630915
1354;7033;1;4001359.4833630915
1355;7039;6;4001359.4833630915
1356;7043;4;4001359.4833630915
1357;7050;7;4001359.4833630915
1358;7060;10;4001359.4833630915
1359;7067;7;4001359.4833630915
1360;7073;6;4001359.4833630915
1361;7074;1;4001359.4833630915
1362;7079;5;4001359.4833630915
1363;7085;6;4001359.4833630915
1364;7086;1;4001359.4833630915
1365;7092;6;4001359.4833630915
1366;7093;1;4001359.4833630915
1367;7101;8;4001359.4833630915
1368;7107;6;4001359.4833630915
1369;7116;9;4001359.4833630915
1370;7126;10;4001359.4833630915
1371;7136;10;4001359.4833630915
1372;7138;2;4001359.4833630915
1373;7143;5;4001359.4833630915
1374;7147;4;4001359.4833630915
1375;7152;5;4001359.4833630915
1376;7160;8;4001359.4833630915
1377;7164;4;4001359.4833630915
1378;7167;3;4001359.4833630915
1379;7173;6;4001359.4833630915
1380;7179;6;4001359.4833630915
1381;7182;3;4001359.4833630915
1382;7188;6;4001359.4833630915
1383;7188;0;4001359.4833630915
1384;7189;1;4001359.4833630915
1385;7197;8;4001359.4833630915
1386;7200;3;4001359.4833630915
1387;7204;4;4001359.4833630915
1388;7210;6;4001359.4833630915
1389;7215;5;4001359.4833630915
1390;7216;1;4001359.4833630915
1391;7217;1;4001359.4833630915
1392;7220;3;4001359.4833630915
1393;7225;5;4001359.4833630915
1394;7226;1;4001359.4833630915
1395;7227;1;4001359.4833630915
1396;7232;5;4001359.4833630915
1397;7237;5;4001359.4833630915
1398;7242;5;4001359.4833630915
1399;7247;5;4001359.4833630915
1400;7252;5;4001359.4833630915
1401;7261;9;4001359.4833630915
1402;7267;6;4001359.4833630915
1403;7275;8;4001359.4833630915
1404;7283;8;4001359.4833630915
1405;7291;8;4001359.4833630915
1406;7300;9;4001359.4833630915
1407;7303;3;4001359.4833630915
1408;7306;3;4001359.4833630915
1409;7311;5;4001359.4833630915
1410;7314;3;4001359.4833630915
1411;7317;3;4001359.4833630915
1412;7321;4;4001359.4833630915
1413;7326;5;4001359.4833630915
1414;7331;5;4001359.4833630915
1415;7336;5;4001359.4833630915
1416;7336;0;4001359.4833630915
1417;7341;5;4001359.4833630915
1418;7345;4;4001359.4833630915
1419;7346;1;4001359.4833630915
1420;7347;1;4001359.4833630915
1421;7349;2;4001359.4833630915
1422;7349;0;4001359.4833630915
1423;7354;5;4001359.4833630915
1424;7358;4;4001359.4833630915
1425;7361;3;4001359.4833630915
1426;7365;4;4001359.4833630915
1427;7367;2;4001359.4833630915
1428;7369;2;4001359.4833630915
1429;7372;3;4001359.4833630915
1430;7375;3;4001359.4833630915
1431;7375;0;4001359.4833630915
1432;7379;4;4001359.4833630915
1433;7382;3;4001359.4833630915
1434;7385;3;4001359.4833630915
1435;7387;2;4001359.4833630915
1436;7390;3;4001359.4833630915
1437;7394;4;4001359.4833630915
1438;7398;4;4001359.4833630915
1439;7403;5;4001359.4833630915
1440;7410;7;4001359.4833630915
1441;7411;1;4001359.4833630915
1442;7412;1;4001359.4833630915
1443;7413;1;4001359.4833630915
1444;7416;3;4001359.4833630915
1445;7419;3;4001359.4833630915
1446;7425;6;4001359.4833630915
1447;7430;5;4001359.4833630915
1448;7433;3;4001359.4833630915
1449;7439;6;4001359.4833630915
1450;7442;3;4001359.4833630915
1451;7445;3;4001359.4833630915
1452;7449;4;4001359.4833630915
1453;7451;2;4001359.4833630915
1454;7455;4;4001359.4833630915
1455;7460;5;4001359.4833630915
1456;7463;3;4001359.4833630915
1457;7466;3;4001359.4833630915
1458;7468;2;4001359.4833630915
1459;7471;3;4001359.4833630915
1460;7474;3;4001359.4833630915
1461;7475;1;4001359.4833630915
1462;7478;3;4001359.4833630915
1463;7481;3;4001359.4833630915
1464;7484;3;4001359.4833630915
1465;7485;1;4001359.4833630915
1466;7487;2;4001359.4833630915
1467;7488;1;4001359.4833630915
1468;7491;3;4001359.4833630915
1469;7497;6;4001359.4833630915
1470;7504;7;4001359.4833630915
1471;7506;2;4001359.4833630915
1472;7511;5;4001359.4833630915
1473;7515;4;4001359.4833630915
1474;7519;4;4001359.4833630915
1475;7520;1;4001359.4833630915
1476;7523;3;4001359.4833630915
1477;7524;1;4001359.4833630915
1478;7530;6;4001359.4833630915
1479;7535;5;4001359.4833630915
1480;7538;3;4001359.4833630915
1481;7539;1;4001359.4833630915
1482;7542;3;4001359.4833630915
1483;7544;2;4001359.4833630915
1484;7549;5;4001359.4833630915
1485;7553;4;4001359.4833630915
1486;7559;6;4001359.4833630915
1487;7563;4;4001359.4833630915
1488;7566;3;4001359.4833630915
1489;7568;2;4001359.4833630915
1490;7572;4;4001359.4833630915
1491;7574;2;4001359.4833630915
1492;7578;4;4001359.4833630915
1493;7578;0;4001359.4833630915
1494;7580;2;4001359.4833630915
1495;7587;7;4001359.4833630915
1496;7591;4;4001359.4833630915
1497;7593;2;4001359.4833630915
1498;7597;4;4001359.4833630915
1499;7599;2;4001359.4833630915
1500;7601;2;4001359.4833630915
1501;7604;3;4001359.4833630915
1502;7607;3;4001359.4833630915
1503;7611;4;4001359.4833630915
1504;7616;5;4001359.4833630915
1505;7618;2;4001359.4833630915
1506;7621;3;4001359.4833630915
1507;7624;3;4001359.4833630915
1508;7625;1;4001359.4833630915
1509;7628;3;4001359.4833630915
1510;7632;4;4001359.4833630915
1511;7634;2;4001359.4833630915
1512;7639;5;4001359.4833630915
1513;7643;4;4001359.4833630915
1514;7649;6;4001359.4833630915
1515;7652;3;4001359.4833630915
1516;7656;4;4001359.4833630915
1517;7660;4;4001359.4833630915
1518;7663;3;4001359.4833630915
1519;7667;4;4001359.4833630915
1520;7671;4;4001359.4833630915
1521;7675;4;4001359.4833630915
1522;7678;3;4001359.4833630915
1523;7682;4;4001359.4833630915
1524;7686;4;4001359.4833630915
1525;7693;7;4001359.4833630915
1526;7696;3;4001359.4833630915
1527;7699;3;4001359.4833630915
1528;7703;4;4001359.4833630915
1529;7709;6;4001359.4833630915
1530;7714;5;4001359.4833630915
1531;7719;5;4001359.4833630915
1532;7722;3;4001359.4833630915
1533;7726;4;4001359.4833630915
1534;7728;2;4001359.4833630915
1535;7732;4;4001359.4833630915
1536;7739;7;4001359.4833630915
1537;7743;4;4001359.4833630915
1538;7748;5;4001359.4833630915
1539;7750;2;4001359.4833630915
1540;7750;0;4001359.4833630915
1541;7754;4;4001359.4833630915
1542;7756;2;4001359.4833630915
1543;7761;5;4001359.4833630915
1544;7762;1;4001359.4833630915
1545;7769;7;4001359.4833630915
1546;7773;4;4001359.4833630915
1547;7776;3;4001359.4833630915
1548;7778;2;4001359.4833630915
1549;7781;3;4001359.4833630915
1550;7785;4;4001359.4833630915
1551;7788;3;4001359.4833630915
1552;7792;4;4001359.4833630915
1553;7797;5;4001359.4833630915
1554;7799;2;4001359.4833630915
1555;7803;4;4001359.4833630915
1556;7806;3;4001359.4833630915
1557;7808;2;4001359.4833630915
1558;7812;4;4001359.4833630915
1559;7818;6;4001359.4833630915
1560;7819;1;4001359.4833630915
1561;7821;2;4001359.4833630915
1562;7824;3;4001359.4833630915
1563;7825;1;4001359.4833630915
1564;7828;3;4001359.4833630915
1565;7829;1;4001359.4833630915
1566;7834;5;4001359.4833630915
1567;7837;3;4001359.4833630915
1568;7840;3;4001359.4833630915
1569;7843;3;4001359.4833630915
1570;7847;4;4001359.4833630915
1571;7852;5;4001359.4833630915
1572;7854;2;4001359.4833630915
1573;7855;1;4001359.4833630915
1574;7861;6;4001359.4833630915
1575;7867;6;4001359.4833630915
1576;7871;4;4001359.4833630915
1577;7873;2;4001359.4833630915
1578;7880;7;4001359.4833630915
1579;7884;4;4001359.4833630915
1580;7893;9;4001359.4833630915
1581;7902;9;4001359.4833630915
1582;7909;7;4001359.4833630915
1583;7911;2;4001359.4833630915
1584;7917;6;4001359.4833630915
1585;7924;7;4001359.4833630915
1586;7926;2;4001359.4833630915
1587;7933;7;4001359.4833630915
1588;7941;8;4001359.4833630915
1589;7947;6;4001359.4833630915
1590;7954;7;4001359.4833630915
1591;7958;4;4001359.4833630915
1592;7962;4;4001359.4833630915
1593;7969;7;4001359.4833630915
1594;7975;6;4001359.4833630915
1595;7982;7;4001359.4833630915
1596;7988;6;4001359.4833630915
1597;7995;7;4001359.4833630915
1598;7998;3;4001359.4833630915
1599;8001;3;4001359.4833630915
1600;8005;4;4001359.4833630915
1601;8007;2;4001359.4833630915
1602;8010;3;4001359.4833630915
1603;8016;6;4001359.4833630915
1604;8021;5;4001359.4833630915
1605;8023;2;4001359.4833630915
1606;8028;5;4001359.4833630915
1607;8031;3;4001359.4833630915
1608;8035;4;4001359.4833630915
1609;8038;3;4001359.4833630915
1610;8042;4;4001359.4833630915
1611;8046;4;4001359.4833630915
1612;8050;4;4001359.4833630915
1613;8051;1;4001359.4833630915
1614;8052;1;4001359.4833630915
1615;8054;2;4001359.4833630915
1616;8055;1;4001359.4833630915
1617;8059;4;4001359.4833630915
1618;8063;4;4001359.4833630915
1619;8065;2;4001359.4833630915
1620;8070;5;4001359.4833630915
1621;8073;3;4001359.4833630915
1622;8075;2;4001359.4833630915
1623;8078;3;4001359.4833630915
1624;8081;3;4001359.4833630915
1625;8085;4;4001359.4833630915
1626;8087;2;4001359.4833630915
1627;8091;4;4001359.4833630915
1628;8094;3;4001359.4833630915
1629;8097;3;4001359.4833630915
1630;8102;5;4001359.4833630915
1631;8105;3;4001359.4833630915
1632;8109;4;4001359.4833630915
1633;8110;1;4001359.4833630915
1634;8113;3;4001359.4833630915
1635;8116;3;4001359.4833630915
1636;8119;3;4001359.4833630915
1637;8122;3;4001359.4833630915
1638;8123;1;4001359.4833630915
1639;8125;2;4001359.4833630915
1640;8129;4;4001359.4833630915
1641;8133;4;4001359.4833630915
1642;8137;4;4001359.4833630915
1643;8140;3;4001359.4833630915
1644;8144;4;4001359.4833630915
1645;8147;3;4001359.4833630915
1646;8150;3;4001359.4833630915
1647;8154;4;4001359.4833630915
1648;8158;4;4001359.4833630915
1649;8161;3;4001359.4833630915
1650;8165;4;4001359.4833630915
1651;8169;4;4001359.4833630915
1652;8173;4;4001359.4833630915
1653;8175;2;4001359.4833630915
1654;8179;4;4001359.4833630915
1655;8182;3;4001359.4833630915
1656;8184;2;4001359.4833630915
1657;8189;5;4001359.4833630915
1658;8192;3;4001359.4833630915
1659;8196;4;4001359.4833630915
1660;8198;2;4001359.4833630915
1661;8203;5;4001359.4833630915
1662;8204;1;4001359.4833630915
1663;8207;3;4001359.4833630915
1664;8211;4;4001359.4833630915
1665;8215;4;4001359.4833630915
1666;8218;3;4001359.4833630915
1667;8221;3;4001359.4833630915
1668;8223;2;4001359.4833630915
1669;8224;1;4001359.4833630915
1670;8229;5;4001359.4833630915
1671;8232;3;4001359.4833630915
1672;8235;3;4001359.4833630915
1673;8238;3;4001359.4833630915
1674;8240;2;4001359.4833630915
1675;8242;2;4001359.4833630915
1676;8245;3;4001359.4833630915
1677;8248;3;4001359.4833630915
1678;8252;4;4001359.4833630915
1679;8257;5;4001359.4833630915
1680;8258;1;4001359.4833630915
1681;8261;3;4001359.4833630915
1682;8265;4;4001359.4833630915
1683;8266;1;4001359.4833630915
1684;8266;0;4001359.4833630915
1685;8272;6;4001359.4833630915
1686;8274;2;4001359.4833630915
1687;8276;2;4001359.4833630915
1688;8282;6;4001359.4833630915
1689;8286;4;4001359.4833630915
1690;8289;3;4001359.4833630915
1691;8293;4;4001359.4833630915
1692;8296;3;4001359.4833630915
1693;8300;4;4001359.4833630915
1694;8304;4;4001359.4833630915
1695;8308;4;4001359.4833630915
1696;8310;2;4001359.4833630915
1697;8315;5;4001359.4833630915
1698;8318;3;4001359.4833630915
1699;8321;3;4001359.4833630915
1700;8325;4;4001359.4833630915
1701;8328;3;4001359.4833630915
1702;8331;3;4001359.4833630915
1703;8336;5;4001359.4833630915
1704;8339;3;4001359.4833630915
1705;8339;0;4001359.4833630915
1706;8344;5;4001359.4833630915
1707;8348;4;4001359.4833630915
1708;8352;4;4001359.4833630915
1709;8358;6;4001359.4833630915
1710;8365;7;4001359.4833630915
1711;8370;5;4001359.4833630915
1712;8377;7;4001359.4833630915
1713;8378;1;4001359.4833630915
1714;8385;7;4001359.4833630915
1715;8388;3;4001359.4833630915
1716;8390;2;4001359.4833630915
1717;8393;3;4001359.4833630915
1718;8397;4;4001359.4833630915
1719;8400;3;4001359.4833630915
1720;8404;4;4001359.4833630915
1721;8409;5;4001359.4833630915
1722;8410;1;4001359.4833630915
1723;8413;3;4001359.4833630915
1724;8416;3;4001359.4833630915
1725;8421;5;4001359.4833630915
1726;8425;4;4001359.4833630915
1727;8429;4;4001359.4833630915
1728;8432;3;4001359.4833630915
1729;8436;4;4001359.4833630915
1730;8440;4;4001359.4833630915
1731;8442;2;4001359.4833630915
1732;8446;4;4001359.4833630915
1733;8448;2;4001359.4833630915
1734;8452;4;4001359.4833630915
1735;8453;1;4001359.4833630915
1736;8454;1;4001359.4833630915
1737;8458;4;4001359.4833630915
1738;8461;3;4001359.4833630915
1739;8464;3;4001359.4833630915
1740;8466;2;4001359.4833630915
1741;8467;1;4001359.4833630915
1742;8470;3;4001359.4833630915
1743;8474;4;4001359.4833630915
1744;8477;3;4001359.4833630915
1745;8478;1;4001359.4833630915
1746;8480;2;4001359.4833630915
1747;8482;2;4001359.4833630915
1748;8484;2;4001359.4833630915
1749;8490;6;4001359.4833630915
1750;8494;4;4001359.4833630915
1751;8496;2;4001359.4833630915
1752;8500;4;4001359.4833630915
1753;8505;5;4001359.4833630915
1754;8506;1;4001359.4833630915
1755;8510;4;4001359.4833630915
1756;8513;3;4001359.4833630915
1757;8518;5;4001359.4833630915
1758;8520;2;4001359.4833630915
1759;8521;1;4001359.4833630915
1760;8523;2;4001359.4833630915
1761;8527;4;4001359.4833630915
1762;8528;1;4001359.4833630915
1763;8532;4;4001359.4833630915
1764;8535;3;4001359.4833630915
1765;8538;3;4001359.4833630915
1766;8543;5;4001359.4833630915
1767;8543;0;4001359.4833630915
1768;8546;3;4001359.4833630915
1769;8549;3;4001359.4833630915
1770;8552;3;4001359.4833630915
1771;8556;4;4001359.4833630915
1772;8559;3;4001359.4833630915
1773;8562;3;4001359.4833630915
1774;8565;3;4001359.4833630915
1775;8570;5;4001359.4833630915
1776;8575;5;4001359.4833630915
1777;8580;5;4001359.4833630915
1778;8582;2;4001359.4833630915
1779;8584;2;4001359.4833630915
1780;8587;3;4001359.4833630915
1781;8591;4;4001359.4833630915
1782;8592;1;4001359.4833630915
1783;8598;6;4001359.4833630915
1784;8600;2;4001359.4833630915
1785;8601;1;4001359.4833630915
1786;8606;5;4001359.4833630915
1787;8609;3;4001359.4833630915
1788;8610;1;4001359.4833630915
1789;8612;2;4001359.4833630915
1790;8615;3;4001359.4833630915
1791;8616;1;4001359.4833630915
1792;8617;1;4001359.4833630915
1793;8617;0;4001359.4833630915
1794;8620;3;4001359.4833630915
1795;8623;3;4001359.4833630915
1796;8627;4;4001359.4833630915
1797;8632;5;4001359.4833630915
1798;8633;1;4001359.4833630915
1799;8638;5;4001359.4833630915
1800;8640;2;4001359.4833630915
1801;8643;3;4001359.4833630915
1802;8647;4;4001359.4833630915
1803;8651;4;4001359.4833630915
1804;8655;4;4001359.4833630915
1805;8658;3;4001359.4833630915
1806;8664;6;4001359.4833630915
1807;8667;3;4001359.4833630915
1808;8668;1;4001359.4833630915
1809;8672;4;4001359.4833630915
1810;8675;3;4001359.4833630915
1811;8679;4;4001359.4833630915
1812;8683;4;4001359.4833630915
1813;8684;1;4001359.4833630915
1814;8684;0;4001359.4833630915
1815;8687;3;4001359.4833630915
1816;8689;2;4001359.4833630915
1817;8692;3;4001359.4833630915
1818;8693;1;4001359.4833630915
1819;8697;4;4001359.4833630915
1820;8700;3;4001359.4833630915
1821;8703;3;4001359.4833630915
1822;8703;0;4001359.4833630915
1823;8707;4;4001359.4833630915
1824;8707;0;4001359.4833630915
1825;8711;4;4001359.4833630915
1826;8714;3;4001359.4833630915
1827;8719;5;4001359.4833630915
1828;8719;0;4001359.4833630915
1829;8722;3;4001359.4833630915
1830;8725;3;4001359.4833630915
1831;8727;2;4001359.4833630915
1832;8729;2;4001359.4833630915
1833;8734;5;4001359.4833630915
1834;8735;1;4001359.4833630915
1835;8737;2;4001359.4833630915
1836;8739;2;4001359.4833630915
1837;8742;3;4001359.4833630915
1838;8746;4;4001359.4833630915
1839;8749;3;4001359.4833630915
1840;8752;3;4001359.4833630915
1841;8756;4;4001359.4833630915
1842;8760;4;4001359.4833630915
1843;8763;3;4001359.4833630915
1844;8765;2;4001359.4833630915
1845;8766;1;4001359.4833630915
1846;8767;1;4001359.4833630915
1847;8770;3;4001359.4833630915
1848;8772;2;4001359.4833630915
1849;8776;4;4001359.4833630915
1850;8780;4;4001359.4833630915
1851;8784;4;4001359.4833630915
1852;8786;2;4001359.4833630915
1853;8790;4;4001359.4833630915
1854;8793;3;4001359.4833630915
1855;8794;1;4001359.4833630915
1856;8798;4;4001359.4833630915
1857;8801;3;4001359.4833630915
1858;8803;2;4001359.4833630915
1859;8806;3;4001359.4833630915
1860;8809;3;4001359.4833630915
1861;8813;4;4001359.4833630915
1862;8815;2;4001359.4833630915
1863;8819;4;4001359.4833630915
1864;8823;4;4001359.4833630915
1865;8823;0;4001359.4833630915
1866;8827;4;4001359.4833630915
1867;8831;4;4001359.4833630915
1868;8834;3;4001359.4833630915
1869;8837;3;4001359.4833630915
1870;8843;6;4001359.4833630915
1871;8847;4;4001359.4833630915
1872;8850;3;4001359.4833630915
1873;8859;9;4001359.4833630915
1874;8864;5;4001359.4833630915
1875;8871;7;4001359.4833630915
1876;8877;6;4001359.4833630915
1877;8879;2;4001359.4833630915
1878;8881;2;4001359.4833630915
1879;8886;5;4001359.4833630915
1880;8891;5;4001359.4833630915
1881;8893;2;4001359.4833630915
1882;8899;6;4001359.4833630915
1883;8902;3;4001359.4833630915
1884;8905;3;4001359.4833630915
1885;8908;3;4001359.4833630915
1886;8911;3;4001359.4833630915
1887;8914;3;4001359.4833630915
1888;8918;4;4001359.4833630915
1889;8923;5;4001359.4833630915
1890;8928;5;4001359.4833630915
1891;8935;7;4001359.4833630915
1892;8940;5;4001359.4833630915
1893;8949;9;4001359.4833630915
1894;8954;5;4001359.4833630915
1895;8960;6;4001359.4833630915
1896;8964;4;4001359.4833630915
1897;8966;2;4001359.4833630915
1898;8968;2;4001359.4833630915
1899;8973;5;4001359.4833630915
1900;8978;5;4001359.4833630915
1901;8982;4;4001359.4833630915
1902;8988;6;4001359.4833630915
1903;8994;6;4001359.4833630915
1904;8999;5;4001359.4833630915
1905;9002;3;4001359.4833630915
1906;9004;2;4001359.4833630915
1907;9005;1;4001359.4833630915
1908;9007;2;4001359.4833630915
1909;9008;1;4001359.4833630915
1910;9011;3;4001359.4833630915
1911;9013;2;4001359.4833630915
1912;9014;1;4001359.4833630915
1913;9014;0;4001359.4833630915
1914;9015;1;4001359.4833630915
1915;9017;2;4001359.4833630915
1916;9021;4;4001359.4833630915
1917;9025;4;4001359.4833630915
1918;9029;4;4001359.4833630915
1919;9034;5;4001359.4833630915
1920;9038;4;4001359.4833630915
1921;9040;2;4001359.4833630915
1922;9044;4;4001359.4833630915
1923;9045;1;4001359.4833630915
1924;9050;5;4001359.4833630915
1925;9051;1;4001359.4833630915
1926;9052;1;4001359.4833630915
1927;9056;4;4001359.4833630915
1928;9059;3;4001359.4833630915
1929;9061;2;4001359.4833630915
1930;9064;3;4001359.4833630915
1931;9066;2;4001359.4833630915
1932;9069;3;4001359.4833630915
1933;9074;5;4001359.4833630915
1934;9078;4;4001359.4833630915
1935;9083;5;4001359.4833630915
1936;9086;3;4001359.4833630915
1937;9089;3;4001359.4833630915
1938;9091;2;4001359.4833630915
1939;9095;4;4001359.4833630915
1940;9096;1;4001359.4833630915
1941;9101;5;4001359.4833630915
1942;9102;1;4001359.4833630915
1943;9104;2;4001359.4833630915
1944;9108;4;4001359.4833630915
1945;9110;2;4001359.4833630915
1946;9116;6;4001359.4833630915
1947;9121;5;4001359.4833630915
1948;9124;3;4001359.4833630915
1949;9127;3;4001359.4833630915
1950;9129;2;4001359.4833630915
1951;9132;3;4001359.4833630915
1952;9136;4;4001359.4833630915
1953;9141;5;4001359.4833630915
1954;9146;5;4001359.4833630915
1955;9150;4;4001359.4833630915
1956;9153;3;4001359.4833630915
1957;9156;3;4001359.4833630915
1958;9158;2;4001359.4833630915
1959;9162;4;4001359.4833630915
1960;9164;2;4001359.4833630915
1961;9166;2;4001359.4833630915
1962;9167;1;4001359.4833630915
1963;9171;4;4001359.4833630915
1964;9173;2;4001359.4833630915
1965;9174;1;4001359.4833630915
1966;9176;2;4001359.4833630915
1967;9177;1;4001359.4833630915
1968;9178;1;4001359.4833630915
1969;9182;4;4001359.4833630915
1970;9183;1;4001359.4833630915
1971;9187;4;4001359.4833630915
1972;9188;1;4001359.4833630915
1973;9188;0;4001359.4833630915
1974;9191;3;4001359.4833630915
1975;9191;0;4001359.4833630915
1976;9195;4;4001359.4833630915
1977;9197;2;4001359.4833630915
1978;9200;3;4001338.9807192413
1979;9204;4;4001338.9807192413
1980;9204;0;4001338.9807192413
1981;9208;4;4001338.9807192413
1982;9210;2;4001338.9807192413
1983;9216;6;4001338.9807192413
1984;9217;1;4001338.9807192413
1985;9218;1;4001338.9807192413
1986;9221;3;4001338.9807192413
1987;9225;4;4001338.9807192413
1988;9228;3;4001338.9807192413
1989;9232;4;4001338.9807192413
1990;9234;2;4001338.9807192413
1991;9238;4;4001338.9807192413
1992;9240;2;4001338.9807192413
1993;9244;4;4001338.9807192413
1994;9249;5;4001338.9807192413
1995;9252;3;4001338.9807192413
1996;9256;4;4001338.9807192413
1997;9261;5;4001338.9807192413
1998;9264;3;4001338.9807192413
1999;9267;3;4001338.9807192413
2000;9269;2;4001338.9807192413
2001;9275;6;4001338.9807192413
2002;9277;2;4001338.9807192413
2003;9280;3;4001338.9807192413
2004;9282;2;4001338.9807192413
2005;9284;2;4001338.9807192413
2006;9290;6;4001338.9807192413
2007;9292;2;4001338.9807192413
2008;9294;2;4001338.9807192413
2009;9296;2;4001338.9807192413
2010;9300;4;4001338.9807192413
2011;9302;2;4001338.9807192413
2012;9307;5;4001338.9807192413
2013;9310;3;4001338.9807192413
2014;9314;4;4001338.9807192413
2015;9317;3;4001338.9807192413
2016;9320;3;4001338.9807192413
2017;9323;3;4001338.9807192413
2018;9324;1;4001338.9807192413
2019;9327;3;4001338.9807192413
2020;9332;5;4001338.9807192413
2021;9334;2;4001338.9807192413
2022;9337;3;4001338.9807192413
2023;9341;4;4001338.9807192413
2024;9344;3;4001338.9807192413
2025;9348;4;4001338.9807192413
2026;9351;3;4001338.9807192413
2027;9352;1;4001338.9807192413
2028;9355;3;4001338.9807192413
2029;9355;0;4001338.9807192413
2030;9356;1;4001338.9807192413
2031;9359;3;4001338.9807192413
2032;9363;4;4001338.9807192413
2033;9365;2;4001338.9807192413
2034;9370;5;4001338.9807192413
2035;9373;3;4001338.9807192413
2036;9374;1;4001338.9807192413
2037;9377;3;4001338.9807192413
2038;9380;3;4001338.9807192413
2039;9385;5;4001338.9807192413
2040;9385;0;4001338.9807192413
2041;9386;1;4001338.9807192413
2042;9389;3;4001338.9807192413
2043;9392;3;4001338.9807192413
2044;9396;4;4001338.9807192413
2045;9396;0;4001338.9807192413
2046;9397;1;4001338.9807192413
2047;9397;0;4001338.9807192413
2048;9401;4;4001338.9807192413
2049;9406;5;4001338.9807192413
2050;9409;3;4001338.9807192413
2051;9411;2;4001338.9807192413
2052;9414;3;4001338.9807192413
2053;9414;0;4001338.9807192413
2054;9417;3;4001338.9807192413
2055;9418;1;4001338.9807192413
2056;9421;3;4001338.9807192413
2057;9425;4;4001338.9807192413
2058;9428;3;4001338.9807192413
2059;9431;3;4001338.9807192413
2060;9435;4;4001338.9807192413
2061;9436;1;4001338.9807192413
2062;9438;2;4001338.9807192413
2063;9441;3;4001338.9807192413
2064;9443;2;4001338.9807192413
2065;9445;2;4001338.9807192413
2066;9448;3;4001338.9807192413
2067;9448;0;4001338.9807192413
2068;9451;3;4001338.9807192413
2069;9455;4;4001338.9807192413
2070;9459;4;4001338.9807192413
2071;9461;2;4001338.9807192413
2072;9463;2;4001338.9807192413
2073;9465;2;4001338.9807192413
2074;9470;5;4001338.9807192413
2075;9470;0;4001338.9807192413
2076;9474;4;4001338.9807192413
2077;9477;3;4001338.9807192413
2078;9481;4;4001338.9807192413
2079;9483;2;4001338.9807192413
2080;9487;4;4001338.9807192413
2081;9491;4;4001338.9807192413
2082;9493;2;4001338.9807192413
2083;9497;4;4001338.9807192413
2084;9502;5;4001338.9807192413
2085;9505;3;4001338.9807192413
2086;9509;4;4001338.9807192413
2087;9511;2;4001338.9807192413
2088;9514;3;4001338.9807192413
2089;9516;2;4001338.9807192413
2090;9519;3;4001338.9807192413
2091;9523;4;4001335.8976288205
2092;9524;1;4001335.8976288205
2093;9526;2;4001335.8976288205
2094;9528;2;4001335.8976288205
2095;9533;5;4001335.8976288205
2096;9535;2;4001335.8976288205
2097;9538;3;4001335.8976288205
2098;9541;3;4001335.8976288205
2099;9543;2;4001335.8976288205
2100;9546;3;4001335.8976288205
2101;9548;2;4001335.8976288205
2102;9552;4;4001335.8976288205
2103;9555;3;4001335.8976288205
2104;9558;3;4001335.8976288205
2105;9561;3;4001335.8976288205
2106;9565;4;4001335.8976288205
2107;9569;4;4001335.8976288205
2108;9573;4;4001335.8976288205
2109;9573;0;4001335.8976288205
2110;9577;4;4001335.8976288205
2111;9580;3;4001335.8976288205
2112;9582;2;4001335.8976288205
2113;9585;3;4001335.8976288205
2114;9588;3;4001335.8976288205
2115;9593;5;4001335.8976288205
2116;9596;3;4001335.8976288205
2117;9599;3;4001331.9103713296
2118;9602;3;4001331.9103713296
2119;9605;3;4001331.9103713296
2120;9607;2;4001331.9103713296
2121;9608;1;4001331.9103713296
2122;9612;4;4001305.7317142193
2123;9612;0;4001305.7317142193
2124;9615;3;4001305.7317142193
2125;9617;2;4001305.7317142193
2126;9621;4;4001297.1556486925
2127;9622;1;4001297.1556486925
2128;9626;4;4001297.1556486925
2129;9629;3;4001297.1556486925
2130;9632;3;4001297.1556486925
2131;9635;3;4001297.1556486925
2132;9638;3;4001297.1556486925
2133;9642;4;4001297.1556486925
2134;9643;1;4001297.1556486925
2135;9644;1;4001297.1556486925
2136;9648;4;4001297.1556486925
2137;9653;5;4001297.1556486925
2138;9655;2;4001297.1556486925
2139;9657;2;4001297.1556486925
2140;9658;1;4001297.1556486925
2141;9660;2;4001297.1556486925
2142;9663;3;4001297.1556486925
2143;9667;4;4001297.1556486925
2144;9669;2;4001297.1556486925
2145;9672;3;4001297.1556486925
2146;9673;1;4001297.1556486925
2147;9675;2;4001297.1556486925
2148;9679;4;4001297.1556486925
2149;9680;1;4001297.1556486925
2150;9684;4;4001297.1556486925
2151;9686;2;4001297.1556486925
2152;9689;3;4001297.1556486925
2153;9692;3;4001297.1556486925
2154;9694;2;4001297.1556486925
2155;9697;3;4001297.1556486925
2156;9700;3;4001297.1556486925
2157;9703;3;4001297.1556486925
2158;9707;4;4001297.1556486925
2159;9708;1;4001297.1556486925
2160;9712;4;4001297.1556486925
2161;9714;2;4001297.1556486925
2162;9718;4;4001297.1556486925
2163;9721;3;4001297.1556486925
2164;9725;4;4001297.1556486925
2165;9726;1;4001297.1556486925
2166;9728;2;4001297.1556486925
2167;9732;4;4001297.1556486925
2168;9735;3;4001297.1556486925
2169;9736;1;4001297.1556486925
2170;9740;4;4001297.1556486925
2171;9743;3;4001297.1556486925
2172;9744;1;4001297.1556486925
2173;9748;4;4001297.1556486925
2174;9751;3;4001297.1556486925
2175;9755;4;4001297.1556486925
2176;9757;2;4001297.1556486925
2177;9760;3;4001297.1556486925
2178;9764;4;4001297.1556486925
2179;9767;3;4001297.1556486925
2180;9771;4;4001297.1556486925
2181;9775;4;4001297.1556486925
2182;9778;3;4001297.1556486925
2183;9780;2;4001297.1556486925
2184;9784;4;4001297.1556486925
2185;9787;3;4001297.1556486925
2186;9790;3;4001297.1556486925
2187;9795;5;4001297.1556486925
2188;9797;2;4001297.1556486925
2189;9798;1;4001297.1556486925
2190;9803;5;4001297.1556486925
2191;9806;3;4001297.1556486925
2192;9809;3;4001297.1556486925
2193;9811;2;4001297.1556486925
2194;9811;0;4001297.1556486925
2195;9813;2;4001297.1556486925
2196;9813;0;4001297.1556486925
2197;9817;4;4001297.1556486925
2198;9818;1;4001297.1556486925
2199;9821;3;4001297.1556486925
2200;9824;3;4001297.1556486925
2201;9826;2;4001297.1556486925
2202;9830;4;4001297.1556486925
2203;9834;4;4001297.1556486925
2204;9837;3;4001297.1556486925
2205;9837;0;4001297.1556486925
2206;9841;4;4001297.1556486925
2207;9845;4;4001297.1556486925
2208;9850;5;4001287.01783398
2209;9853;3;4001287.01783398
2210;9859;6;4001287.01783398
2211;9860;1;4001287.01783398
2212;9864;4;4001287.01783398
2213;9870;6;4001287.01783398
2214;9879;9;4001287.01783398
2215;9884;5;4001287.01783398
2216;9888;4;4001287.01783398
2217;9893;5;4001287.01783398
2218;9894;1;4001287.01783398
2219;9899;5;4001287.01783398
2220;9902;3;4001287.01783398
2221;9905;3;4001287.01783398
2222;9907;2;4001287.01783398
2223;9910;3;4001287.01783398
2224;9911;1;4001287.01783398
2225;9916;5;4001287.01783398
2226;9919;3;4001287.01783398
2227;9919;0;4001287.01783398
2228;9923;4;4001287.01783398
2229;9925;2;4001287.01783398
2230;9930;5;4001287.01783398
2231;9932;2;4001287.01783398
2232;9932;0;4001287.01783398
2233;9934;2;4001287.01783398
2234;9939;5;4001287.01783398
2235;9941;2;4001287.01783398
2236;9941;0;4001287.01783398
2237;9943;2;4001287.01783398
2238;9947;4;4001287.01783398
2239;9949;2;4001287.01783398
2240;9952;3;4001287.01783398
2241;9954;2;4001287.01783398
2242;9956;2;4001286.934055113
2243;9960;4;4001286.934055113
2244;9963;3;4001286.934055113
2245;9963;0;4001286.934055113
2246;9965;2;4001281.358389348
2247;9969;4;4001281.358389348
2248;9974;5;4001281.358389348
2249;9977;3;4001281.358389348
2250;9978;1;4001281.358389348
2251;9981;3;4001281.358389348
2252;9981;0;4001281.358389348
2253;9985;4;4001281.358389348
2254;9988;3;4001281.358389348
2255;9991;3;4001281.0367874093
2256;9992;1;4001281.0367874093
2257;9996;4;4001281.0367874093
2258;10000;4;4001281.0367874093
2259;10003;3;4001281.0367874093
2260;10007;4;4001281.0367874093
2261;10009;2;4001281.0367874093
2262;10010;1;4001281.0367874093
2263;10013;3;4001281.0367874093
2264;10017;4;4001281.0367874093
2265;10020;3;4001281.0367874093
2266;10020;0;4001281.0367874093
2267;10024;4;4001281.0367874093
2268;10026;2;4001281.0367874093
2269;10028;2;4001281.0367874093
2270;10032;4;4001281.0367874093
2271;10035;3;4001281.0367874093
2272;10037;2;4001281.0367874093
2273;10038;1;4001281.0367874093
2274;10041;3;4001281.0367874093
2275;10043;2;4001281.0367874093
2276;10045;2;4001281.0367874093
2277;10049;4;4001281.0367874093
2278;10052;3;4001281.0367874093
2279;10056;4;4001281.0367874093
2280;10060;4;4001281.0367874093
2281;10063;3;4001281.0367874093
2282;10065;2;4001281.0367874093
2283;10069;4;4001281.0367874093
2284;10071;2;4001281.0367874093
2285;10072;1;4001281.0367874093
2286;10074;2;4001281.0367874093
2287;10076;2;4001281.0367874093
2288;10079;3;4001281.0367874093
2289;10082;3;4001281.0367874093
2290;10089;7;4001281.0367874093
2291;10091;2;4001281.0367874093
2292;10094;3;4001281.0367874093
2293;10099;5;4001281.0367874093
2294;10105;6;4001281.0367874093
2295;10110;5;4001281.0367874093
2296;10111;1;4001281.0367874093
2297;10114;3;4001281.0367874093
2298;10117;3;4001281.0367874093
2299;10119;2;4001281.0367874093
2300;10120;1;4001281.0367874093
2301;10124;4;4001281.0367874093
2302;10126;2;4001281.0367874093
2303;10129;3;4001281.0367874093
2304;10130;1;4001281.0367874093
2305;10133;3;4001281.0367874093
2306;10137;4;4001281.0367874093
2307;10138;1;4001281.0367874093
2308;10140;2;4001281.0367874093
2309;10143;3;4001281.0367874093
2310;10144;1;4001281.0367874093
2311;10149;5;4001281.0367874093
2312;10149;0;4001281.0367874093
2313;10152;3;4001281.0367874093
2314;10155;3;4001281.0367874093
2315;10156;1;4001281.0367874093
2316;10162;6;4001281.0367874093
2317;10167;5;4001281.0367874093
2318;10173;6;4001281.0367874093
2319;10174;1;4001281.0367874093
2320;10181;7;4001281.0367874093
2321;10184;3;4001281.0367874093
2322;10191;7;4001281.0367874093
2323;10198;7;4001281.0367874093
2324;10201;3;4001281.0367874093
2325;10205;4;4001281.0367874093
2326;10210;5;4001281.0367874093
2327;10213;3;4001281.0367874093
2328;10217;4;4001276.789224954
2329;10225;8;4001276.789224954
2330;10231;6;4001276.789224954
2331;10239;8;4001276.789224954
2332;10242;3;4001276.789224954
2333;10248;6;4001276.789224954
2334;10252;4;4001276.789224954
2335;10255;3;4001276.789224954
2336;10258;3;4001276.789224954
2337;10265;7;4001276.789224954
2338;10273;8;4001276.789224954
2339;10278;5;4001276.789224954
2340;10282;4;4001276.789224954
2341;10286;4;4001276.789224954
2342;10287;1;4001276.789224954
2343;10292;5;4001276.789224954
2344;10293;1;4001276.789224954
2345;10298;5;4001276.789224954
2346;10305;7;4001276.789224954
2347;10309;4;4001276.789224954
2348;10311;2;4001276.789224954
2349;10312;1;4001276.789224954
2350;10317;5;4001276.789224954
2351;10320;3;4001276.789224954
2352;10323;3;4001276.789224954
2353;10325;2;4001276.789224954
2354;10328;3;4001276.789224954
2355;10332;4;4001276.789224954
2356;10335;3;4001276.789224954
2357;10337;2;4001276.789224954
2358;10339;2;4001276.789224954
2359;10342;3;4001273.814242571
2360;10345;3;4001273.814242571
2361;10346;1;4001273.814242571
2362;10349;3;4001273.814242571
2363;10351;2;4001273.814242571
2364;10354;3;4001273.814242571
2365;10357;3;4001273.814242571
2366;10358;1;4001273.814242571
2367;10362;4;4001273.814242571
2368;10365;3;4001269.036285284
2369;10368;3;4001269.036285284
2370;10369;1;4001269.036285284
2371;10373;4;4001269.036285284
2372;10377;4;4001269.036285284
2373;10381;4;4001269.036285284
2374;10384;3;4001269.036285284
2375;10385;1;4001269.036285284
2376;10388;3;4001269.036285284
2377;10391;3;4001269.036285284
2378;10396;5;4001269.036285284
2379;10400;4;4001269.036285284
2380;10402;2;4001269.036285284
2381;10407;5;4001269.036285284
2382;10409;2;4001269.036285284
2383;10413;4;4001269.036285284
2384;10417;4;4001269.036285284
2385;10420;3;4001269.036285284
2386;10423;3;4001269.036285284
2387;10426;3;4001269.036285284
2388;10429;3;4001269.036285284
2389;10429;0;4001269.036285284
2390;10433;4;4001269.036285284
2391;10436;3;4001269.036285284
2392;10438;2;4001269.036285284
2393;10440;2;4001269.036285284
2394;10442;2;4001269.036285284
2395;10445;3;4001269.036285284
2396;10448;3;4001269.036285284
2397;10451;3;4001269.036285284
2398;10454;3;4001269.036285284
2399;10456;2;4001269.036285284
2400;10461;5;4001269.036285284
2401;10465;4;4001269.036285284
2402;10467;2;4001269.036285284
2403;10473;6;4001269.036285284
2404;10476;3;4001269.036285284
2405;10479;3;4001269.036285284
2406;10483;4;4001269.036285284
2407;10485;2;4001269.036285284
2408;10489;4;4001269.036285284
2409;10492;3;4001269.036285284
2410;10496;4;4001269.036285284
2411;10503;7;4001269.036285284
2412;10505;2;4001269.036285284
2413;10508;3;4001269.036285284
2414;10510;2;4001269.036285284
2415;10513;3;4001269.036285284
2416;10516;3;4001269.036285284
2417;10520;4;4001269.036285284
2418;10522;2;4001269.036285284
2419;10526;4;4001269.036285284
2420;10527;1;4001269.036285284
2421;10529;2;4001269.036285284
2422;10533;4;4001269.036285284
2423;10537;4;4001268.5474632652
2424;10539;2;4001266.388007147
2425;10543;4;4001266.388007147
2426;10547;4;4001266.388007147
2427;10552;5;4001266.388007147
2428;10556;4;4001266.388007147
2429;10560;4;4001266.388007147
2430;10562;2;4001266.388007147
2431;10565;3;4001266.388007147
2432;10569;4;4001266.388007147
2433;10572;3;4001266.388007147
2434;10572;0;4001266.388007147
2435;10575;3;4001265.8588847984
2436;10577;2;4001265.8588847984
2437;10580;3;4001265.8588847984
2438;10582;2;4001265.8588847984
2439;10585;3;4001265.8588847984
2440;10588;3;4001265.8588847984
2441;10592;4;4001265.8588847984
2442;10594;2;4001265.8588847984
2443;10597;3;4001265.8588847984
2444;10598;1;4001265.8588847984
2445;10602;4;4001265.8588847984
2446;10605;3;4001265.8588847984
2447;10606;1;4001265.8588847984
2448;10609;3;4001265.8588847984
2449;10613;4;4001265.8588847984
2450;10617;4;4001265.8588847984
2451;10621;4;4001265.8588847984
2452;10622;1;4001265.8588847984
2453;10624;2;4001265.8588847984
2454;10626;2;4001265.8588847984
2455;10631;5;4001265.8588847984
2456;10635;4;4001265.8588847984
2457;10638;3;4001265.8588847984
2458;10641;3;4001265.8588847984
2459;10644;3;4001265.8588847984
2460;10644;0;4001265.8588847984
2461;10649;5;4001265.8588847984
2462;10650;1;4001265.8588847984
2463;10652;2;4001265.8588847984
2464;10655;3;4001265.8588847984
2465;10659;4;4001265.8588847984
2466;10663;4;4001265.8588847984
2467;10666;3;4001265.8588847984
2468;10667;1;4001265.8588847984
2469;10669;2;4001265.8588847984
2470;10670;1;4001265.8588847984
2471;10671;1;4001265.8588847984
2472;10673;2;4001265.8588847984
2473;10678;5;4001265.8588847984
2474;10682;4;4001265.8588847984
2475;10685;3;4001265.8588847984
2476;10688;3;4001265.8588847984
2477;10693;5;4001265.8588847984
2478;10696;3;4001265.8588847984
2479;10698;2;4001265.8588847984
2480;10701;3;4001265.8588847984
2481;10703;2;4001265.8588847984
2482;10704;1;4001265.8588847984
2483;10708;4;4001265.8588847984
2484;10712;4;4001265.8588847984
2485;10714;2;4001265.8588847984
2486;10715;1;4001265.8588847984
2487;10719;4;4001265.8588847984
2488;10721;2;4001265.8588847984
2489;10723;2;4001265.8588847984
2490;10724;1;4001265.8588847984
2491;10728;4;4001265.8588847984
2492;10729;1;4001265.8588847984
2493;10735;6;4001265.8588847984
2494;10735;0;4001265.8588847984
2495;10738;3;4001265.8588847984
2496;10743;5;4001265.8588847984
2497;10748;5;4001265.8588847984
2498;10749;1;4001265.8588847984
2499;10752;3;4001265.8588847984
2500;10752;0;4001265.8588847984
2501;10756;4;4001265.8588847984
2502;10757;1;4001265.8588847984
2503;10761;4;4001265.8588847984
2504;10763;2;4001265.8588847984
2505;10765;2;4001265.8588847984
2506;10769;4;4001265.8588847984
2507;10771;2;4001265.8588847984
2508;10775;4;4001265.8588847984
2509;10776;1;4001265.8588847984
2510;10778;2;4001265.8588847984
2511;10783;5;4001265.8588847984
2512;10786;3;4001265.8588847984
2513;10789;3;4001265.8588847984
2514;10793;4;4001265.8588847984
2515;10796;3;4001265.8588847984
2516;10800;4;4001265.8588847984
2517;10800;0;4001265.8588847984
2518;10803;3;4001265.8588847984
2519;10805;2;4001265.8588847984
2520;10806;1;4001265.8588847984
2521;10809;3;4001265.8588847984
2522;10813;4;4001265.8588847984
2523;10815;2;4001265.8588847984
2524;10818;3;4001265.8588847984
2525;10821;3;4001265.8588847984
2526;10823;2;4001265.8588847984
2527;10826;3;4001265.8588847984
2528;10828;2;4001265.8588847984
2529;10833;5;4001265.8588847984
2530;10837;4;4001265.8588847984
2531;10841;4;4001265.8588847984
2532;10844;3;4001265.8588847984
2533;10847;3;4001265.8588847984
2534;10848;1;4001265.8588847984
2535;10852;4;4001265.8588847984
2536;10855;3;4001265.8588847984
2537;10858;3;4001265.8588847984
2538;10862;4;4001265.8588847984
2539;10865;3;4001265.8588847984
2540;10867;2;4001265.8588847984
2541;10870;3;4001265.8588847984
2542;10871;1;4001265.8588847984
2543;10873;2;4001265.8588847984
2544;10875;2;4001265.8588847984
2545;10878;3;4001265.8588847984
2546;10880;2;4001265.8588847984
2547;10881;1;4001265.8588847984
2548;10882;1;4001265.8588847984
2549;10884;2;4001265.8588847984
2550;10887;3;4001265.8588847984
2551;10889;2;4001265.8588847984
2552;10891;2;4001265.8588847984
2553;10896;5;4001265.8588847984
2554;10900;4;4001265.8588847984
2555;10903;3;4001265.8588847984
2556;10907;4;4001265.8588847984
2557;10908;1;4001265.8588847984
2558;10910;2;4001265.8588847984
2559;10913;3;4001265.8588847984
2560;10918;5;4001265.8588847984
2561;10921;3;4001265.8588847984
2562;10923;2;4001265.8588847984
2563;10926;3;4001265.8588847984
2564;10928;2;4001265.8588847984
2565;10933;5;4001265.8588847984
2566;10934;1;4001265.8588847984
2567;10936;2;4001265.8588847984
2568;10938;2;4001265.8588847984
2569;10942;4;4001265.8588847984
2570;10945;3;4001265.8588847984
2571;10947;2;4001265.8588847984
2572;10951;4;4001265.8588847984
2573;10955;4;4001265.8588847984
2574;10957;2;4001265.8588847984
2575;10961;4;4001265.8588847984
2576;10964;3;4001265.8588847984
2577;10967;3;4001265.8588847984
2578;10968;1;4001265.8588847984
2579;10972;4;4001265.8588847984
2580;10974;2;4001265.8588847984
2581;10977;3;4001265.8588847984
2582;10980;3;4001265.8588847984
2583;10982;2;4001265.8588847984
2584;10985;3;4001265.8588847984
2585;10987;2;4001265.8588847984
2586;10988;1;4001265.8588847984
2587;10991;3;4001265.8588847984
2588;10994;3;4001265.8588847984
2589;10996;2;4001265.8588847984
2590;11000;4;4001265.8588847984
2591;11004;4;4001265.8588847984
2592;11007;3;4001265.8588847984
2593;11010;3;4001265.8588847984
2594;11013;3;4001265.8588847984
2595;11017;4;4001265.8588847984
2596;11020;3;4001265.8588847984
2597;11022;2;4001265.8588847984
2598;11026;4;4001265.8588847984
2599;11029;3;4001265.8588847984
2600;11029;0;4001265.8588847984
2601;11032;3;4001265.8588847984
2602;11033;1;4001265.8588847984
2603;11034;1;4001265.8588847984
2604;11037;3;4001265.8588847984
2605;11040;3;4001265.8588847984
2606;11044;4;4001265.8588847984
2607;11049;5;4001265.8588847984
2608;11049;0;4001265.8588847984
2609;11053;4;4001264.7224835847
2610;11056;3;4001264.7224835847
2611;11061;5;4001264.7224835847
2612;11064;3;4001264.7224835847
2613;11067;3;4001264.7224835847
2614;11067;0;4001264.7224835847
2615;11071;4;4001264.7224835847
2616;11075;4;4001264.7224835847
2617;11077;2;4001264.7224835847
2618;11080;3;4001264.7224835847
2619;11082;2;4001264.7224835847
2620;11083;1;4001264.7224835847
2621;11085;2;4001264.7224835847
2622;11089;4;4001264.7224835847
2623;11089;0;4001264.7224835847
2624;11092;3;4001264.7224835847
2625;11096;4;4001264.7224835847
2626;11099;3;4001264.7224835847
2627;11100;1;4001264.7224835847
2628;11103;3;4001264.7224835847
2629;11106;3;4001264.7224835847
2630;11109;3;4001264.7224835847
2631;11112;3;4001264.7224835847
2632;11114;2;4001264.7224835847
2633;11117;3;4001264.7224835847
2634;11121;4;4001264.7224835847
2635;11123;2;4001264.7224835847
2636;11126;3;4001264.7224835847
2637;11130;4;4001264.7224835847
2638;11133;3;4001264.49593715
2639;11136;3;4001264.49593715
2640;11137;1;4001264.49593715
2641;11141;4;4001264.49593715
2642;11145;4;4001264.49593715
2643;11148;3;4001264.49593715
2644;11151;3;4001264.49593715
2645;11155;4;4001264.49593715
2646;11158;3;4001264.49593715
2647;11161;3;4001264.49593715
2648;11164;3;4001264.49593715
2649;11167;3;4001264.49593715
2650;11170;3;4001264.49593715
2651;11173;3;4001264.49593715
2652;11178;5;4001264.49593715
2653;11181;3;4001264.49593715
2654;11184;3;4001264.49593715
2655;11186;2;4001264.49593715
2656;11189;3;4001264.49593715
2657;11193;4;4001264.49593715
2658;11196;3;4001264.49593715
2659;11199;3;4001264.49593715
2660;11202;3;4001264.49593715
2661;11205;3;4001264.49593715
2662;11207;2;4001264.49593715
2663;11208;1;4001264.49593715
2664;11209;1;4001264.49593715
2665;11213;4;4001264.49593715
2666;11214;1;4001264.49593715
2667;11218;4;4001264.49593715
2668;11223;5;4001264.49593715
2669;11227;4;4001264.49593715
2670;11228;1;4001264.49593715
2671;11232;4;4001264.49593715
2672;11233;1;4001264.49593715
2673;11235;2;4001264.49593715
2674;11236;1;4001264.49593715
2675;11240;4;4001264.49593715
2676;11245;5;4001264.49593715
2677;11246;1;4001264.49593715
2678;11248;2;4001264.49593715
2679;11252;4;4001264.49593715
2680;11255;3;4001264.49593715
2681;11258;3;4001264.49593715
2682;11260;2;4001264.49593715
2683;11264;4;4001264.49593715
2684;11267;3;4001264.49593715
2685;11272;5;4001264.49593715
2686;11275;3;4001264.49593715
2687;11278;3;4001264.49593715
2688;11281;3;4001264.49593715
2689;11284;3;4001264.49593715
2690;11285;1;4001264.49593715
2691;11287;2;4001264.49593715
2692;11291;4;4001264.49593715
2693;11295;4;4001264.49593715
2694;11296;1;4001264.49593715
2695;11297;1;4001264.49593715
2696;11300;3;4001264.49593715
2697;11302;2;4001264.49593715
2698;11306;4;4001264.49593715
2699;11309;3;4001264.49593715
2700;11311;2;4001264.49593715
2701;11313;2;4001264.49593715
2702;11316;3;4001264.49593715
2703;11319;3;4001264.49593715
2704;11322;3;4001264.49593715
2705;11325;3;4001264.49593715
2706;11328;3;4001264.49593715
2707;11329;1;4001264.49593715
2708;11329;0;4001264.49593715
2709;11334;5;4001264.49593715
2710;11337;3;4001264.49593715
2711;11339;2;4001264.49593715
2712;11341;2;4001264.49593715
2713;11345;4;4001264.49593715
2714;11350;5;4001264.49593715
2715;11352;2;4001264.49593715
2716;11353;1;4001264.49593715
2717;11355;2;4001264.49593715
2718;11356;1;4001264.49593715
2719;11360;4;4001264.49593715
2720;11362;2;4001264.49593715
2721;11365;3;4001264.49593715
2722;11373;8;4001264.49593715
2723;11374;1;4001264.49593715
2724;11377;3;4001264.49593715
2725;11383;6;4001264.49593715
2726;11386;3;4001264.49593715
2727;11392;6;4001264.49593715
2728;11397;5;4001264.49593715
2729;11400;3;4001264.4225361086
2730;11403;3;4001264.4225361086
2731;11406;3;4001264.4225361086
2732;11407;1;4001264.4225361086
2733;11410;3;4001264.4225361086
2734;11413;3;4001264.4225361086
2735;11413;0;4001264.4225361086
2736;11414;1;4001264.4225361086
2737;11418;4;4001264.4225361086
2738;11420;2;4001264.4225361086
2739;11423;3;4001264.4225361086
2740;11425;2;4001264.4225361086
2741;11429;4;4001264.4225361086
2742;11429;0;4001264.4225361086
2743;11430;1;4001264.4225361086
2744;11433;3;4001264.4225361086
2745;11435;2;4001264.4225361086
2746;11439;4;4001264.4225361086
2747;11442;3;4001264.4225361086
2748;11445;3;4001264.4225361086
2749;11446;1;4001264.4225361086
2750;11449;3;4001264.4225361086
2751;11452;3;4001264.4225361086
2752;11455;3;4001264.4225361086
2753;11458;3;4001264.4225361086
2754;11460;2;4001264.4225361086
2755;11462;2;4001264.4225361086
2756;11465;3;4001264.4225361086
2757;11468;3;4001264.4225361086
2758;11471;3;4001264.4225361086
2759;11474;3;4001264.4225361086
2760;11476;2;4001264.4225361086
2761;11480;4;4001264.4225361086
2762;11482;2;4001264.4225361086
2763;11487;5;4001264.4225361086
2764;11488;1;4001264.4225361086
2765;11491;3;4001264.4225361086
2766;11492;1;4001264.4225361086
2767;11493;1;4001264.4225361086
2768;11495;2;4001264.4225361086
2769;11497;2;4001264.4225361086
2770;11500;3;4001264.4225361086
2771;11503;3;4001264.4225361086
2772;11507;4;4001264.4225361086
2773;11510;3;4001264.4225361086
2774;11513;3;4001264.4225361086
2775;11517;4;4001264.4225361086
2776;11521;4;4001264.4225361086
2777;11525;4;4001264.4225361086
2778;11528;3;4001264.4225361086
2779;11531;3;4001264.4225361086
2780;11533;2;4001264.4225361086
2781;11535;2;4001264.4225361086
2782;11538;3;4001264.4225361086
2783;11541;3;4001264.4225361086
2784;11544;3;4001264.4225361086
2785;11548;4;4001264.4225361086
2786;11552;4;4001264.4225361086
2787;11556;4;4001264.4225361086
2788;11558;2;4001264.4225361086
2789;11561;3;4001264.4225361086
2790;11562;1;4001264.4225361086
2791;11565;3;4001264.4225361086
2792;11568;3;4001264.4225361086
2793;11571;3;4001264.4225361086
2794;11572;1;4001264.4225361086
2795;11576;4;4001264.4225361086
2796;11581;5;4001264.4225361086
2797;11583;2;4001264.4225361086
2798;11588;5;4001264.4225361086
2799;11589;1;4001264.4225361086
2800;11594;5;4001264.4225361086
2801;11597;3;4001264.4225361086
2802;11600;3;4001264.4225361086
2803;11601;1;4001264.4225361086
2804;11606;5;4001264.4225361086
2805;11612;6;4001264.4225361086
2806;11614;2;4001264.4225361086
2807;11619;5;4001264.4225361086
2808;11620;1;4001264.4225361086
2809;11621;1;4001264.4225361086
2810;11626;5;4001264.4225361086
2811;11627;1;4001264.4225361086
2812;11631;4;4001264.4225361086
2813;11632;1;4001264.4225361086
2814;11635;3;4001264.4225361086
2815;11639;4;4001264.4225361086
2816;11643;4;4001264.4225361086
2817;11644;1;4001264.4225361086
2818;11645;1;4001264.4225361086
2819;11648;3;4001264.4225361086
2820;11650;2;4001264.4225361086
2821;11653;3;4001264.4225361086
2822;11655;2;4001264.4225361086
2823;11656;1;4001264.4225361086
2824;11656;0;4001264.4225361086
2825;11660;4;4001264.4225361086
2826;11661;1;4001264.4225361086
2827;11664;3;4001264.4225361086
2828;11667;3;4001264.4225361086
2829;11671;4;4001264.4225361086
2830;11677;6;4001264.4225361086
2831;11681;4;4001264.4225361086
2832;11682;1;4001264.4225361086
2833;11685;3;4001264.4225361086
2834;11690;5;4001264.4225361086
2835;11695;5;4001264.4225361086
2836;11697;2;4001264.4225361086
2837;11701;4;4001264.4225361086
2838;11705;4;4001264.4225361086
2839;11709;4;4001264.4225361086
2840;11712;3;4001264.4225361086
2841;11718;6;4001264.4225361086
2842;11720;2;4001264.4225361086
2843;11721;1;4001264.4225361086
2844;11722;1;4001264.4225361086
2845;11727;5;4001264.4225361086
2846;11738;11;4001264.4225361086
2847;11743;5;4001264.4225361086
2848;11751;8;4001264.4225361086
2849;11753;2;4001264.4225361086
2850;11754;1;4001264.4225361086
2851;11757;3;4001264.4225361086
2852;11763;6;4001264.4225361086
2853;11767;4;4001264.4225361086
2854;11768;1;4001264.4225361086
2855;11773;5;4001264.4225361086
2856;11778;5;4001264.4225361086
2857;11785;7;4001264.4225361086
2858;11790;5;4001264.4225361086
2859;11793;3;4001264.4225361086
2860;11795;2;4001264.4225361086
2861;11803;8;4001264.4225361086
2862;11806;3;4001264.4225361086
2863;11809;3;4001264.4225361086
2864;11812;3;4001264.4225361086
2865;11816;4;4001264.4225361086
2866;11819;3;4001264.4225361086
2867;11821;2;4001264.4225361086
2868;11827;6;4001264.4225361086
2869;11831;4;4001264.4225361086
2870;11835;4;4001264.4225361086
2871;11838;3;4001264.4225361086
2872;11841;3;4001264.4225361086
2873;11844;3;4001264.4225361086
2874;11847;3;4001264.4225361086
2875;11849;2;4001264.4225361086
2876;11852;3;4001264.4225361086
2877;11857;5;4001264.4225361086
2878;11863;6;4001264.4225361086
2879;11866;3;4001264.4225361086
2880;11870;4;4001264.4225361086
2881;11873;3;4001264.4225361086
2882;11877;4;4001264.4225361086
2883;11878;1;4001264.4225361086
2884;11882;4;4001264.4225361086
2885;11887;5;4001264.4225361086
2886;11893;6;4001264.4225361086
2887;11897;4;4001264.4225361086
2888;11902;5;4001264.4225361086
2889;11905;3;4001264.4225361086
2890;11907;2;4001264.4225361086
2891;11912;5;4001264.4225361086
2892;11914;2;4001264.4225361086
2893;11917;3;4001264.4225361086
2894;11924;7;4001264.4225361086
2895;11926;2;4001264.4225361086
2896;11931;5;4001264.4225361086
2897;11935;4;4001264.4225361086
2898;11937;2;4001264.4225361086
2899;11939;2;4001264.4225361086
2900;11942;3;4001264.4225361086
2901;11946;4;4001264.4225361086
2902;11949;3;4001264.4225361086
2903;11951;2;4001264.4225361086
2904;11955;4;4001264.4225361086
2905;11957;2;4001264.4225361086
2906;11961;4;4001264.4225361086
2907;11964;3;4001264.4225361086
2908;11972;8;4001264.4225361086
2909;11975;3;4001264.4225361086
2910;11978;3;4001264.4225361086
2911;11980;2;4001264.4225361086
2912;11984;4;4001264.4225361086
2913;11990;6;4001264.4225361086
2914;11996;6;4001264.4225361086
2915;12002;6;4001264.4225361086
2916;12006;4;4001264.4225361086
2917;12010;4;4001264.4225361086
2918;12016;6;4001264.4225361086
2919;12017;1;4001264.4225361086
2920;12024;7;4001264.4225361086
2921;12028;4;4001264.4225361086
2922;12031;3;4001264.4225361086
2923;12038;7;4001264.4225361086
2924;12038;0;4001264.4225361086
2925;12042;4;4001264.4225361086
2926;12045;3;4001264.4225361086
2927;12050;5;4001264.4225361086
2928;12053;3;4001264.4225361086
2929;12057;4;4001264.4225361086
2930;12061;4;4001264.4225361086
2931;12065;4;4001264.4225361086
2932;12067;2;4001264.4225361086
2933;12068;1;4001264.4225361086
2934;12069;1;4001264.4225361086
2935;12072;3;4001264.4225361086
2936;12075;3;4001264.4225361086
2937;12079;4;4001264.4225361086
2938;12083;4;4001264.4225361086
2939;12088;5;4001264.4225361086
2940;12090;2;4001264.4225361086
2941;12090;0;4001264.4225361086
2942;12094;4;4001264.4225361086
2943;12097;3;4001264.4225361086
2944;12099;2;4001264.4225361086
2945;12101;2;4001264.4225361086
2946;12103;2;4001264.4225361086
2947;12107;4;4001264.4225361086
2948;12112;5;4001264.4225361086
2949;12115;3;4001264.4225361086
2950;12118;3;4001264.4225361086
2951;12122;4;4001264.4225361086
2952;12126;4;4001264.4225361086
2953;12129;3;4001264.4225361086
2954;12132;3;4001264.4225361086
2955;12135;3;4001264.4225361086
2956;12138;3;4001264.4225361086
2957;12144;6;4001264.4225361086
2958;12145;1;4001264.4225361086
2959;12152;7;4001264.4225361086
2960;12155;3;4001264.4225361086
2961;12165;10;4001264.4225361086
2962;12168;3;4001264.4225361086
2963;12172;4;4001264.4225361086
2964;12175;3;4001264.4225361086
2965;12177;2;4001264.4225361086
2966;12183;6;4001264.4225361086
2967;12189;6;4001264.4225361086
2968;12191;2;4001264.4225361086
2969;12195;4;4001264.4225361086
2970;12199;4;4001264.4225361086
2971;12204;5;4001264.4225361086
2972;12209;5;4001264.4225361086
2973;12218;9;4001264.4225361086
2974;12226;8;4001264.4225361086
2975;12229;3;4001264.4225361086
2976;12231;2;4001264.4225361086
2977;12233;2;4001264.4225361086
2978;12242;9;4001264.4225361086
2979;12243;1;4001264.4225361086
2980;12244;1;4001264.4225361086
2981;12245;1;4001264.4225361086
2982;12248;3;4001264.4225361086
2983;12250;2;4001264.4225361086
2984;12254;4;4001264.4225361086
2985;12259;5;4001264.4225361086
2986;12263;4;4001264.4225361086
2987;12267;4;4001264.4225361086
2988;12272;5;4001264.4225361086
2989;12276;4;4001264.4225361086
2990;12283;7;4001264.4225361086
2991;12290;7;4001264.4225361086
2992;12296;6;4001264.4225361086
2993;12297;1;4001264.4225361086
2994;12303;6;4001264.4225361086
2995;12308;5;4001264.4225361086
2996;12313;5;4001264.4225361086
2997;12314;1;4001264.4225361086
2998;12315;1;4001264.4225361086
2999;12320;5;4001264.4225361086
