Index;Time point [ms];Iteration length [ms];Cost
0;9;9;1.60021825466073E7
1;10;1;1.60021825466073E7
2;15;5;1.60021825466073E7
3;20;5;1.6001860753261037E7
4;25;5;1.5001874477208624E7
5;30;5;1.5001858036870023E7
6;35;5;1.5001600320982289E7
7;42;7;1.5001600320982289E7
8;45;3;1.3001467544059444E7
9;51;6;1.3001467544059444E7
10;51;0;1.3001467544059444E7
11;57;6;1.3001467544059444E7
12;60;3;1.3001467544059444E7
13;67;7;1.3001467544059444E7
14;73;6;1.3001382500601389E7
15;74;1;1.3001382500601389E7
16;79;5;1.3001382500601389E7
17;84;5;1.3001382500601389E7
18;84;0;1.3001382500601389E7
19;85;1;1.3001382500601389E7
20;91;6;1.3001382500601389E7
21;97;6;1.3001382500601389E7
22;100;3;1.3001382500601389E7
23;104;4;1.3001382500601389E7
24;109;5;1.3001382500601389E7
25;114;5;1.3001382500601389E7
26;119;5;1.3001382500601389E7
27;121;2;1.3001382500601389E7
28;122;1;1.3001382500601389E7
29;126;4;1.3001382500601389E7
30;130;4;1.3001382500601389E7
31;133;3;1.3001382500601389E7
32;137;4;1.3001382500601389E7
33;142;5;1.3001382500601389E7
34;146;4;1.3001382500601389E7
35;150;4;1.3001382500601389E7
36;153;3;1.3001382500601389E7
37;157;4;1.3001382500601389E7
38;161;4;1.3001382500601389E7
39;165;4;1.3001382500601389E7
40;168;3;1.3001382500601389E7
41;171;3;1.3001382500601389E7
42;175;4;1.3001382500601389E7
43;176;1;1.3001382500601389E7
44;180;4;1.3001382500601389E7
45;185;5;1.3001382500601389E7
46;188;3;1.3001382500601389E7
47;189;1;1.3001382500601389E7
48;190;1;1.3001382500601389E7
49;194;4;1.3001382500601389E7
50;197;3;1.3001382500601389E7
51;200;3;1.3001382500601389E7
52;204;4;1.3001382500601389E7
53;207;3;1.3001382500601389E7
54;208;1;1.3001382500601389E7
55;211;3;1.3001382500601389E7
56;214;3;1.3001382500601389E7
57;218;4;1.3001382500601389E7
58;222;4;1.3001382500601389E7
59;225;3;1.3001382500601389E7
60;229;4;1.3001382500601389E7
61;229;0;1.3001382500601389E7
62;231;2;1.3001382500601389E7
63;235;4;1.3001382500601389E7
64;240;5;1.3001382500601389E7
65;242;2;1.3001382500601389E7
66;245;3;1.3001382500601389E7
67;248;3;1.3001382500601389E7
68;250;2;1.3001382500601389E7
69;252;2;1.3001382500601389E7
70;256;4;1.3001382500601389E7
71;259;3;1.3001382500601389E7
72;262;3;1.3001382500601389E7
73;264;2;1.3001382500601389E7
74;265;1;1.3001382500601389E7
75;268;3;1.3001382500601389E7
76;271;3;1.3001382500601389E7
77;273;2;1.3001382500601389E7
78;275;2;1.3001382500601389E7
79;279;4;1.3001382500601389E7
80;282;3;1.3001382500601389E7
81;286;4;1.3001382500601389E7
82;289;3;1.3001382500601389E7
83;292;3;1.3001382500601389E7
84;292;0;1.3001382500601389E7
85;295;3;1.3001382500601389E7
86;298;3;1.3001382500601389E7
87;301;3;1.3001382500601389E7
88;304;3;1.3001382500601389E7
89;305;1;1.3001382500601389E7
90;306;1;1.3001382500601389E7
91;309;3;1.3001382500601389E7
92;312;3;1.3001382500601389E7
93;316;4;1.3001382500601389E7
94;319;3;1.3001382500601389E7
95;321;2;1.3001382500601389E7
96;324;3;1.3001382500601389E7
97;325;1;1.3001382500601389E7
98;328;3;1.3001382500601389E7
99;331;3;1.3001382500601389E7
100;334;3;1.3001382500601389E7
101;336;2;1.3001382500601389E7
102;339;3;1.3001382500601389E7
103;340;1;1.3001382500601389E7
104;343;3;1.3001382500601389E7
105;346;3;1.3001382500601389E7
106;346;0;1.3001382500601389E7
107;349;3;1.3001382500601389E7
108;352;3;1.3001382500601389E7
109;354;2;1.3001382500601389E7
110;357;3;1.3001382500601389E7
111;360;3;1.3001382500601389E7
112;363;3;1.3001382500601389E7
113;365;2;1.3001382500601389E7
114;368;3;1.3001382500601389E7
115;369;1;1.3001382500601389E7
116;370;1;1.3001382500601389E7
117;373;3;1.3001382500601389E7
118;375;2;1.3001382500601389E7
119;379;4;1.3001382500601389E7
120;383;4;1.3001382500601389E7
121;386;3;1.3001382500601389E7
122;387;1;1.3001382500601389E7
123;387;0;1.3001382500601389E7
124;390;3;1.3001382500601389E7
125;393;3;1.3001382500601389E7
126;396;3;1.3001382500601389E7
127;400;4;1.3001382500601389E7
128;403;3;1.3001382500601389E7
129;407;4;1.3001382500601389E7
130;407;0;1.3001382500601389E7
131;408;1;1.3001382500601389E7
132;412;4;1.3001382500601389E7
133;413;1;1.3001382500601389E7
134;416;3;1.3001382500601389E7
135;420;4;1.3001382500601389E7
136;424;4;1.3001382500601389E7
137;427;3;1.3001382500601389E7
138;428;1;1.3001382500601389E7
139;431;3;1.3001382500601389E7
140;434;3;1.3001382500601389E7
141;435;1;1.3001382500601389E7
142;439;4;1.3001382500601389E7
143;442;3;1.3001382500601389E7
144;443;1;1.3001382500601389E7
145;447;4;1.3001382500601389E7
146;449;2;1.3001382500601389E7
147;452;3;1.3001382500601389E7
148;455;3;1.3001382500601389E7
149;458;3;1.3001374483715825E7
150;460;2;1.3001374483715825E7
151;461;1;1.3001374483715825E7
152;463;2;1.3001374483715825E7
153;466;3;1.3001374483715825E7
154;466;0;1.3001374483715825E7
155;470;4;1.3001374483715825E7
156;473;3;1.3001374483715825E7
157;477;4;1.3001374483715825E7
158;479;2;1.3001374483715825E7
159;481;2;1.3001374483715825E7
160;483;2;1.3001374483715825E7
161;487;4;1.3001374483715825E7
162;488;1;1.3001374483715825E7
163;489;1;1.3001374483715825E7
164;492;3;1.3001374483715825E7
165;495;3;1.3001374483715825E7
166;498;3;1.3001374483715825E7
167;501;3;1.3001374483715825E7
168;501;0;1.3001374483715825E7
169;506;5;1.3001374483715825E7
170;508;2;1.3001374483715825E7
171;509;1;1.3001374483715825E7
172;512;3;1.3001374483715825E7
173;513;1;1.3001374483715825E7
174;514;1;1.3001374483715825E7
175;516;2;1.3001374483715825E7
176;518;2;1.3001374483715825E7
177;522;4;1.3001374483715825E7
178;525;3;1.3001374483715825E7
179;528;3;1.3001374483715825E7
180;531;3;1.3001374483715825E7
181;534;3;1.3001374483715825E7
182;538;4;1.3001374483715825E7
183;541;3;1.3001374483715825E7
184;543;2;1.3001374483715825E7
185;546;3;1.3001374483715825E7
186;549;3;1.3001374483715825E7
187;554;5;1.3001374483715825E7
188;559;5;1.3001374483715825E7
189;561;2;1.3001374483715825E7
190;564;3;1.3001374483715825E7
191;566;2;1.3001374483715825E7
192;569;3;1.3001374483715825E7
193;569;0;1.3001374483715825E7
194;570;1;1.3001374483715825E7
195;574;4;1.3001374483715825E7
196;576;2;1.3001374483715825E7
197;579;3;1.3001374483715825E7
198;582;3;1.3001374483715825E7
199;585;3;1.3001374483715825E7
200;585;0;1.3001374483715825E7
201;590;5;1.3001374483715825E7
202;594;4;1.3001374483715825E7
203;595;1;1.3001374483715825E7
204;599;4;1.3001374483715825E7
205;604;5;1.3001374483715825E7
206;608;4;1.3001374483715825E7
207;610;2;1.3001374483715825E7
208;614;4;1.3001374483715825E7
209;617;3;1.3001374483715825E7
210;618;1;1.3001374483715825E7
211;619;1;1.3001374483715825E7
212;622;3;1.3001374483715825E7
213;622;0;1.3001374483715825E7
214;626;4;1.3001374483715825E7
215;629;3;1.3001374483715825E7
216;630;1;1.3001374483715825E7
217;633;3;1.3001374483715825E7
218;636;3;1.3001374483715825E7
219;636;0;1.3001374483715825E7
220;637;1;1.3001374483715825E7
221;639;2;1.3001374483715825E7
222;642;3;1.3001374483715825E7
223;645;3;1.3001374483715825E7
224;647;2;1.3001374483715825E7
225;650;3;1.3001374483715825E7
226;652;2;1.3001374483715825E7
227;656;4;1.3001374483715825E7
228;659;3;1.3001374483715825E7
229;664;5;1.3001374483715825E7
230;668;4;1.3001374483715825E7
231;672;4;1.3001374483715825E7
232;675;3;1.3001374483715825E7
233;677;2;1.3001374483715825E7
234;680;3;1.3001374483715825E7
235;681;1;1.3001374483715825E7
236;684;3;1.3001374483715825E7
237;685;1;1.3001374483715825E7
238;686;1;1.3001374483715825E7
239;690;4;1.3001374483715825E7
240;693;3;1.3001374483715825E7
241;696;3;1.3001374483715825E7
242;699;3;1.3001374483715825E7
243;701;2;1.3001374483715825E7
244;703;2;1.3001374483715825E7
245;706;3;1.3001374483715825E7
246;707;1;1.3001374483715825E7
247;709;2;1.3001374483715825E7
248;712;3;1.3001374483715825E7
249;713;1;1.3001374483715825E7
250;715;2;1.3001374483715825E7
251;716;1;1.3001374483715825E7
252;719;3;1.3001374483715825E7
253;721;2;1.3001374483715825E7
254;722;1;1.3001374483715825E7
255;722;0;1.3001374483715825E7
256;727;5;1.3001346786456868E7
257;732;5;1.3001346786456868E7
258;733;1;1.3001346786456868E7
259;736;3;1.3001346786456868E7
260;739;3;1.3001346786456868E7
261;741;2;1.3001346786456868E7
262;743;2;1.3001346786456868E7
263;746;3;1.3001346786456868E7
264;750;4;1.3001346786456868E7
265;752;2;1.3001346786456868E7
266;755;3;1.3001346786456868E7
267;759;4;1.3001346786456868E7
268;760;1;1.3001346786456868E7
269;761;1;1.3001346786456868E7
270;765;4;1.3001346786456868E7
271;766;1;1.3001346786456868E7
272;769;3;1.3001346786456868E7
273;771;2;1.3001346786456868E7
274;775;4;1.3001346786456868E7
275;779;4;1.3001346786456868E7
276;783;4;1.3001346786456868E7
277;786;3;1.3001346786456868E7
278;788;2;1.3001346786456868E7
279;791;3;1.3001346786456868E7
280;794;3;1.3001346786456868E7
281;799;5;1.3001346786456868E7
282;801;2;1.3001346786456868E7
283;805;4;1.3001346786456868E7
284;808;3;1.3001346786456868E7
285;810;2;1.3001346786456868E7
286;811;1;1.3001346786456868E7
287;814;3;1.3001346786456868E7
288;817;3;1.3001346786456868E7
289;818;1;1.3001346786456868E7
290;822;4;1.3001346786456868E7
291;825;3;1.3001346786456868E7
292;828;3;1.3001346786456868E7
293;831;3;1.3001346786456868E7
294;833;2;1.3001346786456868E7
295;836;3;1.3001346786456868E7
296;838;2;1.3001346786456868E7
297;841;3;1.3001346786456868E7
298;844;3;1.3001346786456868E7
299;847;3;1.3001346786456868E7
300;849;2;1.3001346786456868E7
301;853;4;1.3001346786456868E7
302;855;2;1.3001346786456868E7
303;856;1;1.3001346786456868E7
304;857;1;1.3001346786456868E7
305;860;3;1.3001346786456868E7
306;860;0;1.3001346786456868E7
307;862;2;1.3001346786456868E7
308;865;3;1.3001346786456868E7
309;868;3;1.3001346786456868E7
310;869;1;1.3001346786456868E7
311;872;3;1.3001346786456868E7
312;875;3;1.3001346786456868E7
313;879;4;1.3001346786456868E7
314;882;3;1.3001346786456868E7
315;884;2;1.3001346786456868E7
316;887;3;1.3001346786456868E7
317;890;3;1.3001346786456868E7
318;892;2;1.3001346786456868E7
319;895;3;1.3001346786456868E7
320;897;2;1.3001346786456868E7
321;901;4;1.3001346786456868E7
322;903;2;1.3001346786456868E7
323;905;2;1.3001346786456868E7
324;908;3;1.3001346786456868E7
325;911;3;1.3001346786456868E7
326;913;2;1.3001346786456868E7
327;916;3;1.3001346786456868E7
328;918;2;1.3001346786456868E7
329;921;3;1.3001346786456868E7
330;923;2;1.3001346786456868E7
331;926;3;1.3001346786456868E7
332;929;3;1.3001346786456868E7
333;931;2;1.3001346786456868E7
334;934;3;1.3001346786456868E7
335;937;3;1.3001346786456868E7
336;941;4;1.3001346786456868E7
337;944;3;1.3001346786456868E7
338;947;3;1.3001346786456868E7
339;949;2;1.3001346786456868E7
340;950;1;1.3001346786456868E7
341;952;2;1.3001346786456868E7
342;953;1;1.3001346786456868E7
343;953;0;1.3001346786456868E7
344;955;2;1.3001346786456868E7
345;957;2;1.3001346786456868E7
346;960;3;1.3001346786456868E7
347;963;3;1.3001346786456868E7
348;966;3;1.3001346786456868E7
349;969;3;1.3001346786456868E7
350;972;3;1.3001346786456868E7
351;973;1;1.3001346786456868E7
352;977;4;1.3001346786456868E7
353;980;3;1.3001346786456868E7
354;983;3;1.3001346786456868E7
355;987;4;1.3001346786456868E7
356;988;1;1.3001346786456868E7
357;990;2;1.3001346786456868E7
358;994;4;1.3001346786456868E7
359;997;3;1.3001346786456868E7
360;998;1;1.3001346786456868E7
361;1000;2;1.3001346786456868E7
362;1003;3;1.3001346786456868E7
363;1003;0;1.3001346786456868E7
364;1005;2;1.3001346786456868E7
365;1005;0;1.3001346786456868E7
366;1008;3;1.3001346786456868E7
367;1010;2;1.3001346786456868E7
368;1013;3;1.3001346786456868E7
369;1015;2;1.3001346786456868E7
370;1018;3;1.3001346786456868E7
371;1020;2;1.3001346786456868E7
372;1023;3;1.3001346786456868E7
373;1025;2;1.3001346786456868E7
374;1028;3;1.3001346786456868E7
375;1030;2;1.3001346786456868E7
376;1034;4;1.3001346786456868E7
377;1037;3;1.3001346786456868E7
378;1038;1;1.3001346786456868E7
379;1039;1;1.3001346786456868E7
380;1041;2;1.3001346786456868E7
381;1042;1;1.3001346786456868E7
382;1045;3;1.3001346786456868E7
383;1045;0;1.3001346786456868E7
384;1048;3;1.3001346786456868E7
385;1052;4;1.3001346786456868E7
386;1055;3;1.3001346786456868E7
387;1058;3;1.3001346786456868E7
388;1061;3;1.3001346786456868E7
389;1065;4;1.3001346786456868E7
390;1066;1;1.3001346786456868E7
391;1068;2;1.3001346786456868E7
392;1070;2;1.3001346786456868E7
393;1073;3;1.3001346786456868E7
394;1076;3;1.3001346786456868E7
395;1080;4;1.3001346786456868E7
396;1081;1;1.3001346786456868E7
397;1085;4;1.3001346786456868E7
398;1087;2;1.3001346786456868E7
399;1089;2;1.3001346786456868E7
400;1093;4;1.3001346786456868E7
401;1095;2;1.3001346786456868E7
402;1098;3;1.3001346786456868E7
403;1101;3;1.3001346786456868E7
404;1102;1;1.3001346786456868E7
405;1104;2;1.3001346786456868E7
406;1106;2;1.3001346786456868E7
407;1109;3;1.3001346786456868E7
408;1112;3;1.3001346786456868E7
409;1115;3;1.3001346786456868E7
410;1117;2;1.3001346786456868E7
411;1117;0;1.3001346786456868E7
412;1121;4;1.3001346786456868E7
413;1125;4;1.3001346786456868E7
414;1127;2;1.3001346786456868E7
415;1130;3;1.3001346786456868E7
416;1133;3;1.3001346786456868E7
417;1135;2;1.3001346786456868E7
418;1137;2;1.3001346786456868E7
419;1140;3;1.3001346786456868E7
420;1142;2;1.3001346786456868E7
421;1145;3;1.3001346786456868E7
422;1148;3;1.3001346786456868E7
423;1151;3;1.3001346786456868E7
424;1154;3;1.3001346786456868E7
425;1157;3;1.3001346786456868E7
426;1160;3;1.3001346786456868E7
427;1162;2;1.3001346786456868E7
428;1164;2;1.3001346786456868E7
429;1167;3;1.3001346786456868E7
430;1169;2;1.3001346786456868E7
431;1170;1;1.3001346786456868E7
432;1172;2;1.3001346786456868E7
433;1173;1;1.3001346786456868E7
434;1173;0;1.3001346786456868E7
435;1176;3;1.3001346786456868E7
436;1178;2;1.3001346786456868E7
437;1181;3;1.3001346786456868E7
438;1185;4;1.3001346786456868E7
439;1187;2;1.3001346786456868E7
440;1190;3;1.3001346786456868E7
441;1191;1;1.3001346786456868E7
442;1192;1;1.3001346786456868E7
443;1193;1;1.3001346786456868E7
444;1197;4;1.3001346786456868E7
445;1200;3;1.3001346786456868E7
446;1202;2;1.3001346786456868E7
447;1202;0;1.3001346786456868E7
448;1204;2;1.3001346786456868E7
449;1205;1;1.3001346786456868E7
450;1208;3;1.3001346786456868E7
451;1211;3;1.3001346786456868E7
452;1220;9;1.3001346786456868E7
453;1224;4;1.3001346786456868E7
454;1225;1;1.3001346786456868E7
455;1227;2;1.3001346786456868E7
456;1228;1;1.3001346786456868E7
457;1232;4;1.3001346786456868E7
458;1234;2;1.3001346786456868E7
459;1236;2;1.3001346786456868E7
460;1239;3;1.3001346786456868E7
461;1240;1;1.3001346786456868E7
462;1241;1;1.3001346786456868E7
463;1243;2;1.3001346786456868E7
464;1246;3;1.3001346786456868E7
465;1246;0;1.3001346786456868E7
466;1249;3;1.3001346786456868E7
467;1252;3;1.3001346786456868E7
468;1255;3;1.3001346786456868E7
469;1259;4;1.3001346786456868E7
470;1262;3;1.3001346786456868E7
471;1262;0;1.3001346786456868E7
472;1265;3;1.3001346786456868E7
473;1268;3;1.3001346786456868E7
474;1270;2;1.3001346786456868E7
475;1273;3;1.3001346786456868E7
476;1275;2;1.3001346786456868E7
477;1279;4;1.3001346786456868E7
478;1279;0;1.3001346786456868E7
479;1282;3;1.3001346786456868E7
480;1284;2;1.3001346786456868E7
481;1286;2;1.3001346786456868E7
482;1289;3;1.3001346786456868E7
483;1291;2;1.3001346786456868E7
484;1294;3;1.3001346786456868E7
485;1296;2;1.3001346786456868E7
486;1297;1;1.3001346786456868E7
487;1298;1;1.3001346786456868E7
488;1299;1;1.3001346786456868E7
489;1302;3;1.3001346786456868E7
490;1304;2;1.3001346786456868E7
491;1308;4;1.3001346786456868E7
492;1309;1;1.3001346786456868E7
493;1313;4;1.3001346786456868E7
494;1314;1;1.3001346786456868E7
495;1317;3;1.3001346786456868E7
496;1320;3;1.3001346786456868E7
497;1321;1;1.3001346786456868E7
498;1322;1;1.3001346786456868E7
499;1325;3;1.3001346786456868E7
500;1328;3;1.3001346786456868E7
501;1331;3;1.3001346786456868E7
502;1334;3;1.3001346786456868E7
503;1334;0;1.3001346786456868E7
504;1337;3;1.3001346786456868E7
505;1341;4;1.3001346786456868E7
506;1342;1;1.3001346786456868E7
507;1345;3;1.3001346786456868E7
508;1348;3;1.3001346786456868E7
509;1348;0;1.3001346786456868E7
510;1351;3;1.3001346786456868E7
511;1353;2;1.3001346786456868E7
512;1355;2;1.3001346786456868E7
513;1357;2;1.3001346786456868E7
514;1360;3;1.3001346786456868E7
515;1364;4;1.3001346786456868E7
516;1366;2;1.3001346786456868E7
517;1368;2;1.3001346786456868E7
518;1371;3;1.3001346786456868E7
519;1373;2;1.3001346786456868E7
520;1374;1;1.3001346786456868E7
521;1374;0;1.3001346786456868E7
522;1378;4;1.3001346786456868E7
523;1382;4;1.3001346786456868E7
524;1384;2;1.3001346786456868E7
525;1385;1;1.3001346786456868E7
526;1388;3;1.3001346786456868E7
527;1391;3;1.3001346786456868E7
528;1393;2;1.3001346786456868E7
529;1394;1;1.3001346786456868E7
530;1397;3;1.3001346786456868E7
531;1401;4;1.3001346786456868E7
532;1406;5;1.3001346786456868E7
533;1408;2;1.3001346786456868E7
534;1410;2;1.3001346786456868E7
535;1412;2;1.3001346786456868E7
536;1415;3;1.3001346786456868E7
537;1418;3;1.3001346786456868E7
538;1422;4;1.3001346786456868E7
539;1425;3;1.3001346786456868E7
540;1428;3;1.3001346786456868E7
541;1432;4;1.3001346786456868E7
542;1437;5;1.3001346786456868E7
543;1438;1;1.3001346786456868E7
544;1440;2;1.3001346786456868E7
545;1443;3;1.3001346786456868E7
546;1446;3;1.3001346786456868E7
547;1450;4;1.3001346786456868E7
548;1452;2;1.3001346786456868E7
549;1455;3;1.3001346786456868E7
550;1458;3;1.3001346786456868E7
551;1462;4;1.3001346786456868E7
552;1463;1;1.3001346786456868E7
553;1465;2;1.3001346786456868E7
554;1466;1;1.3001346786456868E7
555;1467;1;1.3001346786456868E7
556;1468;1;1.3001346786456868E7
557;1470;2;1.3001346786456868E7
558;1473;3;1.3001346786456868E7
559;1477;4;1.3001346786456868E7
560;1480;3;1.3001346786456868E7
561;1481;1;1.3001346786456868E7
562;1482;1;1.2001504791731521E7
563;1485;3;1.2001504791731521E7
564;1487;2;1.2001504791731521E7
565;1490;3;1.2001504791731521E7
566;1491;1;1.2001503105576549E7
567;1494;3;1.2001503105576549E7
568;1495;1;1.2001502978570754E7
569;1498;3;1.2001502978570754E7
570;1502;4;1.2001502978570754E7
571;1504;2;1.2001502978570754E7
572;1506;2;1.2001502978570754E7
573;1508;2;1.2001502978570754E7
574;1511;3;1.2001502978570754E7
575;1514;3;1.2001502978570754E7
576;1517;3;1.2001502978570754E7
577;1520;3;1.2001361241718436E7
578;1523;3;1.200134238308118E7
579;1525;2;1.200134238308118E7
580;1528;3;1.2001337654192459E7
581;1533;5;1.2001337654192459E7
582;1539;6;1.2001337654192459E7
583;1543;4;1.2001337654192459E7
584;1548;5;1.2001312927478993E7
585;1552;4;1.2001312927478993E7
586;1561;9;1.2001308661044756E7
587;1566;5;1.2001308661044756E7
588;1571;5;1.2001308661044756E7
589;1575;4;1.2001308661044756E7
590;1578;3;1.2001308661044756E7
591;1581;3;1.2001308661044756E7
592;1585;4;1.2001308661044756E7
593;1590;5;1.2001308661044756E7
594;1595;5;1.2001308661044756E7
595;1598;3;1.2001308661044756E7
596;1602;4;1.2001308661044756E7
597;1608;6;1.2001308661044756E7
598;1611;3;1.2001308661044756E7
599;1614;3;1.2001308661044756E7
600;1619;5;1.2001308661044756E7
601;1624;5;1.2001308661044756E7
602;1624;0;1.2001308661044756E7
603;1628;4;1.2001308661044756E7
604;1631;3;1.2001308661044756E7
605;1635;4;1.2001308661044756E7
606;1638;3;1.2001308661044756E7
607;1644;6;1.2001308661044756E7
608;1647;3;1.2001308661044756E7
609;1650;3;1.2001308661044756E7
610;1651;1;1.2001308661044756E7
611;1654;3;1.2001308661044756E7
612;1659;5;1.2001308661044756E7
613;1660;1;1.2001308661044756E7
614;1664;4;1.2001308661044756E7
615;1668;4;1.2001308661044756E7
616;1674;6;1.2001308661044756E7
617;1678;4;1.2001308661044756E7
618;1682;4;1.2001308661044756E7
619;1683;1;1.2001308661044756E7
620;1687;4;1.2001308661044756E7
621;1692;5;1.2001308661044756E7
622;1696;4;1.2001308661044756E7
623;1700;4;1.2001308661044756E7
624;1704;4;1.2001308661044756E7
625;1707;3;1.2001308661044756E7
626;1711;4;1.2001308661044756E7
627;1715;4;1.2001308661044756E7
628;1719;4;1.2001308661044756E7
629;1722;3;1.2001308661044756E7
630;1726;4;1.2001308661044756E7
631;1728;2;1.2001308661044756E7
632;1731;3;1.2001308661044756E7
633;1731;0;1.2001308661044756E7
634;1735;4;1.2001308661044756E7
635;1738;3;1.2001308661044756E7
636;1739;1;1.2001308661044756E7
637;1742;3;1.2001308661044756E7
638;1746;4;1.2001308661044756E7
639;1747;1;1.2001308661044756E7
640;1749;2;1.2001308661044756E7
641;1751;2;1.2001308661044756E7
642;1754;3;1.2001308661044756E7
643;1756;2;1.2001308661044756E7
644;1759;3;1.2001308661044756E7
645;1762;3;1.2001308661044756E7
646;1765;3;1.2001308661044756E7
647;1767;2;1.2001308661044756E7
648;1771;4;1.2001308661044756E7
649;1774;3;1.2001308661044756E7
650;1777;3;1.2001308661044756E7
651;1779;2;1.2001308661044756E7
652;1782;3;1.2001308661044756E7
653;1785;3;1.2001308661044756E7
654;1788;3;1.2001308661044756E7
655;1791;3;1.2001308661044756E7
656;1792;1;1.2001308661044756E7
657;1794;2;1.2001308661044756E7
658;1797;3;1.2001308661044756E7
659;1801;4;1.2001308661044756E7
660;1802;1;1.2001308661044756E7
661;1805;3;1.2001308661044756E7
662;1806;1;1.2001308661044756E7
663;1809;3;1.2001308661044756E7
664;1812;3;1.2001308661044756E7
665;1815;3;1.2001308661044756E7
666;1820;5;1.2001308661044756E7
667;1824;4;1.2001308661044756E7
668;1827;3;1.2001308661044756E7
669;1830;3;1.2001308661044756E7
670;1831;1;1.2001308661044756E7
671;1834;3;1.2001308661044756E7
672;1836;2;1.2001308661044756E7
673;1840;4;1.2001308661044756E7
674;1844;4;1.2001308661044756E7
675;1850;6;1.2001308661044756E7
676;1852;2;1.2001308661044756E7
677;1855;3;1.2001308661044756E7
678;1857;2;1.2001308661044756E7
679;1859;2;1.2001308661044756E7
680;1862;3;1.2001308661044756E7
681;1865;3;1.2001308661044756E7
682;1868;3;1.2001308661044756E7
683;1868;0;1.2001308661044756E7
684;1871;3;1.2001308661044756E7
685;1871;0;1.2001308661044756E7
686;1874;3;1.2001308661044756E7
687;1876;2;1.2001308661044756E7
688;1879;3;1.2001308661044756E7
689;1881;2;1.2001308661044756E7
690;1881;0;1.2001308661044756E7
691;1885;4;1.2001308661044756E7
692;1888;3;1.2001308661044756E7
693;1889;1;1.2001308661044756E7
694;1893;4;1.2001308661044756E7
695;1893;0;1.2001308661044756E7
696;1895;2;1.2001308661044756E7
697;1897;2;1.2001308661044756E7
698;1898;1;1.2001308661044756E7
699;1900;2;1.2001308661044756E7
700;1903;3;1.2001308661044756E7
701;1906;3;1.2001308661044756E7
702;1909;3;1.2001308661044756E7
703;1912;3;1.2001308661044756E7
704;1915;3;1.2001308661044756E7
705;1916;1;1.2001308661044756E7
706;1920;4;1.2001308661044756E7
707;1922;2;1.2001308661044756E7
708;1925;3;1.2001308661044756E7
709;1928;3;1.2001308661044756E7
710;1929;1;1.2001308661044756E7
711;1932;3;1.2001308661044756E7
712;1934;2;1.2001308661044756E7
713;1937;3;1.2001308661044756E7
714;1940;3;1.2001308661044756E7
715;1943;3;1.2001308661044756E7
716;1943;0;1.2001308661044756E7
717;1947;4;1.2001308661044756E7
718;1950;3;1.2001308661044756E7
719;1954;4;1.2001308661044756E7
720;1957;3;1.2001308661044756E7
721;1958;1;1.2001308661044756E7
722;1961;3;1.2001308661044756E7
723;1963;2;1.2001308661044756E7
724;1965;2;1.2001308661044756E7
725;1967;2;1.2001308661044756E7
726;1970;3;1.2001308661044756E7
727;1973;3;1.2001308661044756E7
728;1976;3;1.2001308661044756E7
729;1979;3;1.2001308661044756E7
730;1981;2;1.2001308661044756E7
731;1981;0;1.2001308661044756E7
732;1984;3;1.2001308661044756E7
733;1986;2;1.2001308661044756E7
734;1988;2;1.2001308661044756E7
735;1992;4;1.2001308661044756E7
736;1992;0;1.2001308661044756E7
737;1994;2;1.2001308661044756E7
738;1996;2;1.2001308661044756E7
739;1999;3;1.2001308661044756E7
740;2002;3;1.2001308661044756E7
741;2005;3;1.2001308661044756E7
742;2007;2;1.2001308661044756E7
743;2010;3;1.2001308661044756E7
744;2011;1;1.2001308661044756E7
745;2011;0;1.2001308661044756E7
746;2012;1;1.2001308661044756E7
747;2014;2;1.2001308661044756E7
748;2017;3;1.2001308661044756E7
749;2019;2;1.2001308661044756E7
750;2023;4;1.2001308661044756E7
751;2027;4;1.2001308661044756E7
752;2032;5;1.2001308661044756E7
753;2036;4;1.2001308661044756E7
754;2039;3;1.2001308661044756E7
755;2043;4;1.2001308661044756E7
756;2050;7;1.2001308661044756E7
757;2062;12;1.2001308661044756E7
758;2063;1;1.2001308661044756E7
759;2066;3;1.2001308661044756E7
760;2069;3;1.2001308661044756E7
761;2072;3;1.2001308661044756E7
762;2076;4;1.2001308661044756E7
763;2081;5;1.2001308661044756E7
764;2082;1;1.2001308661044756E7
765;2089;7;1.2001308661044756E7
766;2095;6;1.2001308661044756E7
767;2100;5;1.2001308661044756E7
768;2105;5;1.2001308661044756E7
769;2106;1;1.2001308661044756E7
770;2109;3;1.2001308661044756E7
771;2112;3;1.2001308661044756E7
772;2117;5;1.2001308661044756E7
773;2122;5;1.2001308661044756E7
774;2123;1;1.2001308661044756E7
775;2124;1;1.2001308661044756E7
776;2127;3;1.2001308661044756E7
777;2134;7;1.2001308661044756E7
778;2140;6;1.2001308661044756E7
779;2145;5;1.2001293172276514E7
780;2150;5;1.2001293172276514E7
781;2159;9;1.2001293172276514E7
782;2163;4;1.2001293172276514E7
783;2167;4;1.2001293172276514E7
784;2173;6;1.2001293172276514E7
785;2177;4;1.2001293172276514E7
786;2181;4;1.2001293172276514E7
787;2186;5;1.2001293172276514E7
788;2187;1;1.2001293172276514E7
789;2193;6;1.2001293172276514E7
790;2197;4;1.2001293172276514E7
791;2200;3;1.2001293172276514E7
792;2201;1;1.2001293172276514E7
793;2203;2;1.2001293172276514E7
794;2204;1;1.2001293172276514E7
795;2208;4;1.2001293172276514E7
796;2211;3;1.2001293172276514E7
797;2214;3;1.2001293172276514E7
798;2216;2;1.2001293172276514E7
799;2217;1;1.2001293172276514E7
800;2220;3;1.2001293172276514E7
801;2221;1;1.2001293172276514E7
802;2222;1;1.2001293172276514E7
803;2222;0;1.2001293172276514E7
804;2225;3;1.2001293172276514E7
805;2226;1;1.2001293172276514E7
806;2229;3;1.2001293172276514E7
807;2232;3;1.2001293172276514E7
808;2236;4;1.2001293172276514E7
809;2237;1;1.2001293172276514E7
810;2237;0;1.2001293172276514E7
811;2240;3;1.2001293172276514E7
812;2242;2;1.2001293172276514E7
813;2246;4;1.2001293172276514E7
814;2248;2;1.2001293172276514E7
815;2250;2;1.2001293172276514E7
816;2253;3;1.2001293172276514E7
817;2256;3;1.2001293172276514E7
818;2257;1;1.2001293172276514E7
819;2259;2;1.2001293172276514E7
820;2261;2;1.2001293172276514E7
821;2263;2;1.2001293172276514E7
822;2267;4;1.2001293172276514E7
823;2267;0;1.2001293172276514E7
824;2270;3;1.2001293172276514E7
825;2272;2;1.2001293172276514E7
826;2276;4;1.2001293172276514E7
827;2277;1;1.2001293172276514E7
828;2279;2;1.2001293172276514E7
829;2280;1;1.2001293172276514E7
830;2283;3;1.2001293172276514E7
831;2284;1;1.2001293172276514E7
832;2287;3;1.2001293172276514E7
833;2289;2;1.2001293172276514E7
834;2291;2;1.2001293172276514E7
835;2292;1;1.2001293172276514E7
836;2293;1;1.2001293172276514E7
837;2295;2;1.2001293172276514E7
838;2297;2;1.2001293172276514E7
839;2300;3;1.2001293172276514E7
840;2300;0;1.2001293172276514E7
841;2301;1;1.2001293172276514E7
842;2302;1;1.2001293172276514E7
843;2305;3;1.2001293172276514E7
844;2310;5;1.2001293172276514E7
845;2312;2;1.2001293172276514E7
846;2313;1;1.2001293172276514E7
847;2315;2;1.2001293172276514E7
848;2316;1;1.2001293172276514E7
849;2319;3;1.2001293172276514E7
850;2321;2;1.2001293172276514E7
851;2324;3;1.2001293172276514E7
852;2326;2;1.2001293172276514E7
853;2328;2;1.2001293172276514E7
854;2328;0;1.2001293172276514E7
855;2330;2;1.2001293172276514E7
856;2333;3;1.2001293172276514E7
857;2339;6;1.2001293172276514E7
858;2340;1;1.2001293172276514E7
859;2340;0;1.2001293172276514E7
860;2344;4;1.2001293172276514E7
861;2345;1;1.2001293172276514E7
862;2348;3;1.2001293172276514E7
863;2351;3;1.2001293172276514E7
864;2354;3;1.2001293172276514E7
865;2356;2;1.2001293172276514E7
866;2359;3;1.2001293172276514E7
867;2360;1;1.2001293172276514E7
868;2362;2;1.2001293172276514E7
869;2365;3;1.2001293172276514E7
870;2371;6;1.2001293172276514E7
871;2374;3;1.2001293172276514E7
872;2377;3;1.2001293172276514E7
873;2379;2;1.2001293172276514E7
874;2384;5;1.2001293172276514E7
875;2387;3;1.2001293172276514E7
876;2389;2;1.2001293172276514E7
877;2392;3;1.2001293172276514E7
878;2398;6;1.2001293172276514E7
879;2399;1;1.2001293172276514E7
880;2401;2;1.2001293172276514E7
881;2405;4;1.2001293172276514E7
882;2410;5;1.2001293172276514E7
883;2414;4;1.2001293172276514E7
884;2418;4;1.2001293172276514E7
885;2423;5;1.2001293172276514E7
886;2428;5;1.2001293172276514E7
887;2431;3;1.2001293172276514E7
888;2436;5;1.2001293172276514E7
889;2439;3;1.2001293172276514E7
890;2442;3;1.2001293172276514E7
891;2446;4;1.2001293172276514E7
892;2449;3;1.2001293172276514E7
893;2451;2;1.2001293172276514E7
894;2456;5;1.2001293172276514E7
895;2461;5;1.2001293172276514E7
896;2465;4;1.2001293172276514E7
897;2471;6;1.2001293172276514E7
898;2475;4;1.2001293172276514E7
899;2476;1;1.2001293172276514E7
900;2478;2;1.2001293172276514E7
901;2483;5;1.2001293172276514E7
902;2486;3;1.2001293172276514E7
903;2491;5;1.2001293172276514E7
904;2492;1;1.2001293172276514E7
905;2495;3;1.2001293172276514E7
906;2497;2;1.2001293172276514E7
907;2504;7;1.2001293172276514E7
908;2508;4;1.2001293172276514E7
909;2521;13;1.2001293172276514E7
910;2524;3;1.2001293172276514E7
911;2527;3;1.2001293172276514E7
912;2530;3;1.2001293172276514E7
913;2535;5;1.2001293172276514E7
914;2541;6;1.2001293172276514E7
915;2546;5;1.2001293172276514E7
916;2552;6;1.2001293172276514E7
917;2556;4;1.2001293172276514E7
918;2570;14;1.2001293172276514E7
919;2574;4;1.2001293172276514E7
920;2581;7;1.2001293172276514E7
921;2586;5;1.2001293172276514E7
922;2588;2;1.2001293172276514E7
923;2593;5;1.2001293172276514E7
924;2598;5;1.2001293172276514E7
925;2603;5;1.2001293172276514E7
926;2609;6;1.2001293172276514E7
927;2614;5;1.2001293172276514E7
928;2615;1;1.2001293172276514E7
929;2622;7;1.2001293172276514E7
930;2639;17;1.2001293172276514E7
931;2646;7;1.2001293172276514E7
932;2646;0;1.2001293172276514E7
933;2649;3;1.2001293172276514E7
934;2652;3;1.2001293172276514E7
935;2655;3;1.2001293172276514E7
936;2659;4;1.2001293172276514E7
937;2660;1;1.2001293172276514E7
938;2662;2;1.2001293172276514E7
939;2668;6;1.2001293172276514E7
940;2677;9;1.2001293172276514E7
941;2684;7;1.2001293172276514E7
942;2687;3;1.2001293172276514E7
943;2692;5;1.2001293172276514E7
944;2696;4;1.2001293172276514E7
945;2701;5;1.2001293172276514E7
946;2707;6;1.2001293172276514E7
947;2712;5;1.2001293172276514E7
948;2719;7;1.2001293172276514E7
949;2723;4;1.2001293172276514E7
950;2729;6;1.2001293172276514E7
951;2734;5;1.2001293172276514E7
952;2738;4;1.2001293172276514E7
953;2739;1;1.2001293172276514E7
954;2757;18;1.2001293172276514E7
955;2760;3;1.2001293172276514E7
956;2764;4;1.2001293172276514E7
957;2767;3;1.2001293172276514E7
958;2770;3;1.2001293172276514E7
959;2774;4;1.2001293172276514E7
960;2777;3;1.2001293172276514E7
961;2778;1;1.2001293172276514E7
962;2779;1;1.2001293172276514E7
963;2783;4;1.2001293172276514E7
964;2787;4;1.2001293172276514E7
965;2789;2;1.2001293172276514E7
966;2793;4;1.2001293172276514E7
967;2793;0;1.2001293172276514E7
968;2798;5;1.2001293172276514E7
969;2803;5;1.2001293172276514E7
970;2806;3;1.2001293172276514E7
971;2808;2;1.2001293172276514E7
972;2812;4;1.2001293172276514E7
973;2814;2;1.2001293172276514E7
974;2815;1;1.2001293172276514E7
975;2819;4;1.2001293172276514E7
976;2823;4;1.2001293172276514E7
977;2826;3;1.2001293172276514E7
978;2830;4;1.2001293172276514E7
979;2834;4;1.2001293172276514E7
980;2838;4;1.2001293172276514E7
981;2841;3;1.2001293172276514E7
982;2844;3;1.2001293172276514E7
983;2845;1;1.2001293172276514E7
984;2849;4;1.2001293172276514E7
985;2851;2;1.2001293172276514E7
986;2855;4;1.2001293172276514E7
987;2859;4;1.2001293172276514E7
988;2862;3;1.2001293172276514E7
989;2866;4;1.2001293172276514E7
990;2868;2;1.2001293172276514E7
991;2873;5;1.2001293172276514E7
992;2876;3;1.2001293172276514E7
993;2879;3;1.2001293172276514E7
994;2882;3;1.2001293172276514E7
995;2886;4;1.2001293172276514E7
996;2889;3;1.2001293172276514E7
997;2891;2;1.2001293172276514E7
998;2894;3;1.2001293172276514E7
999;2896;2;1.2001293172276514E7
1000;2899;3;1.2001293172276514E7
1001;2905;6;1.2001293172276514E7
1002;2909;4;1.2001293172276514E7
1003;2914;5;1.2001293172276514E7
1004;2918;4;1.2001293172276514E7
1005;2923;5;1.2001293172276514E7
1006;2925;2;1.2001293172276514E7
1007;2928;3;1.2001293172276514E7
1008;2930;2;1.2001293172276514E7
1009;2933;3;1.2001293172276514E7
1010;2936;3;1.2001293172276514E7
1011;2939;3;1.2001293172276514E7
1012;2942;3;1.2001293172276514E7
1013;2944;2;1.2001293172276514E7
1014;2945;1;1.2001293172276514E7
1015;2946;1;1.2001293172276514E7
1016;2948;2;1.2001293172276514E7
1017;2951;3;1.2001293172276514E7
1018;2953;2;1.2001293172276514E7
1019;2954;1;1.2001293172276514E7
1020;2956;2;1.2001293172276514E7
1021;2958;2;1.2001293172276514E7
1022;2958;0;1.2001293172276514E7
1023;2962;4;1.2001293172276514E7
1024;2965;3;1.2001293172276514E7
1025;2967;2;1.2001293172276514E7
1026;2970;3;1.2001293172276514E7
1027;2972;2;1.2001293172276514E7
1028;2975;3;1.2001293172276514E7
1029;2978;3;1.2001293172276514E7
1030;2981;3;1.2001293172276514E7
1031;2984;3;1.2001293172276514E7
1032;2985;1;1.2001293172276514E7
1033;2987;2;1.2001293172276514E7
1034;2992;5;1.2001293172276514E7
1035;2995;3;1.2001293172276514E7
1036;2998;3;1.2001293172276514E7
1037;3000;2;1.2001293172276514E7
1038;3004;4;1.2001293172276514E7
1039;3007;3;1.2001293172276514E7
1040;3008;1;1.2001293172276514E7
1041;3011;3;1.2001293172276514E7
1042;3014;3;1.2001293172276514E7
1043;3016;2;1.2001293172276514E7
1044;3019;3;1.2001293172276514E7
1045;3022;3;1.2001293172276514E7
1046;3025;3;1.2001293172276514E7
1047;3028;3;1.2001293172276514E7
1048;3031;3;1.2001293172276514E7
1049;3031;0;1.2001293172276514E7
1050;3034;3;1.2001293172276514E7
1051;3036;2;1.2001293172276514E7
1052;3040;4;1.2001293172276514E7
1053;3042;2;1.2001293172276514E7
1054;3043;1;1.2001293172276514E7
1055;3045;2;1.2001293172276514E7
1056;3048;3;1.2001293172276514E7
1057;3052;4;1.2001293172276514E7
1058;3055;3;1.2001293172276514E7
1059;3059;4;1.2001293172276514E7
1060;3063;4;1.2001293172276514E7
1061;3065;2;1.2001293172276514E7
1062;3067;2;1.2001293172276514E7
1063;3069;2;1.2001293172276514E7
1064;3072;3;1.2001293172276514E7
1065;3073;1;1.2001293172276514E7
1066;3073;0;1.2001293172276514E7
1067;3076;3;1.2001293172276514E7
1068;3079;3;1.2001293172276514E7
1069;3083;4;1.2001293172276514E7
1070;3085;2;1.2001293172276514E7
1071;3087;2;1.2001293172276514E7
1072;3090;3;1.2001293172276514E7
1073;3092;2;1.2001293172276514E7
1074;3095;3;1.2001293172276514E7
1075;3098;3;1.2001293172276514E7
1076;3100;2;1.2001293172276514E7
1077;3102;2;1.2001293172276514E7
1078;3105;3;1.2001293172276514E7
1079;3108;3;1.2001293172276514E7
1080;3110;2;1.2001293172276514E7
1081;3112;2;1.2001293172276514E7
1082;3115;3;1.2001293172276514E7
1083;3117;2;1.2001293172276514E7
1084;3118;1;1.2001293172276514E7
1085;3121;3;1.2001293172276514E7
1086;3123;2;1.2001293172276514E7
1087;3124;1;1.2001293172276514E7
1088;3126;2;1.2001293172276514E7
1089;3128;2;1.2001293172276514E7
1090;3131;3;1.2001293172276514E7
1091;3133;2;1.2001293172276514E7
1092;3135;2;1.2001293172276514E7
1093;3138;3;1.2001293172276514E7
1094;3140;2;1.2001293172276514E7
1095;3143;3;1.2001293172276514E7
1096;3145;2;1.2001293172276514E7
1097;3147;2;1.2001293172276514E7
1098;3148;1;1.2001293172276514E7
1099;3148;0;1.2001293172276514E7
1100;3150;2;1.2001293172276514E7
1101;3152;2;1.2001293172276514E7
1102;3154;2;1.2001293172276514E7
1103;3154;0;1.2001293172276514E7
1104;3155;1;1.2001293172276514E7
1105;3157;2;1.2001293172276514E7
1106;3160;3;1.2001293172276514E7
1107;3160;0;1.2001293172276514E7
1108;3163;3;1.2001293172276514E7
1109;3165;2;1.2001293172276514E7
1110;3167;2;1.2001293172276514E7
1111;3168;1;1.2001293172276514E7
1112;3169;1;1.2001293172276514E7
1113;3172;3;1.2001293172276514E7
1114;3175;3;1.2001293172276514E7
1115;3176;1;1.2001293172276514E7
1116;3177;1;1.2001293172276514E7
1117;3179;2;1.2001293172276514E7
1118;3181;2;1.2001293172276514E7
1119;3184;3;1.2001293172276514E7
1120;3186;2;1.2001293172276514E7
1121;3189;3;1.2001293172276514E7
1122;3191;2;1.2001293172276514E7
1123;3193;2;1.2001293172276514E7
1124;3195;2;1.2001293172276514E7
1125;3196;1;1.2001293172276514E7
1126;3199;3;1.2001293172276514E7
1127;3202;3;1.2001293172276514E7
1128;3204;2;1.2001293172276514E7
1129;3205;1;1.2001293172276514E7
1130;3207;2;1.2001293172276514E7
1131;3210;3;1.2001293172276514E7
1132;3211;1;1.2001293172276514E7
1133;3214;3;1.2001293172276514E7
1134;3214;0;1.2001293172276514E7
1135;3216;2;1.2001293172276514E7
1136;3218;2;1.2001293172276514E7
1137;3220;2;1.2001293172276514E7
1138;3223;3;1.2001293172276514E7
1139;3225;2;1.2001293172276514E7
1140;3228;3;1.2001293172276514E7
1141;3231;3;1.2001293172276514E7
1142;3232;1;1.2001293172276514E7
1143;3232;0;1.2001293172276514E7
1144;3237;5;1.2001293172276514E7
1145;3240;3;1.2001293172276514E7
1146;3241;1;1.2001293172276514E7
1147;3243;2;1.2001293172276514E7
1148;3246;3;1.2001293172276514E7
1149;3249;3;1.2001293172276514E7
1150;3249;0;1.2001293172276514E7
1151;3250;1;1.2001293172276514E7
1152;3252;2;1.2001293172276514E7
1153;3253;1;1.2001293172276514E7
1154;3254;1;1.2001293172276514E7
1155;3257;3;1.2001293172276514E7
1156;3259;2;1.2001293172276514E7
1157;3262;3;1.2001293172276514E7
1158;3263;1;1.2001293172276514E7
1159;3266;3;1.2001293172276514E7
1160;3269;3;1.2001293172276514E7
1161;3274;5;1.2001293172276514E7
1162;3279;5;1.2001293172276514E7
1163;3283;4;1.2001293172276514E7
1164;3285;2;1.2001293172276514E7
1165;3289;4;1.2001293172276514E7
1166;3292;3;1.2001293172276514E7
1167;3292;0;1.2001293172276514E7
1168;3295;3;1.2001293172276514E7
1169;3298;3;1.2001293172276514E7
1170;3300;2;1.2001293172276514E7
1171;3303;3;1.2001293172276514E7
1172;3304;1;1.2001293172276514E7
1173;3306;2;1.2001293172276514E7
1174;3307;1;1.2001293172276514E7
1175;3309;2;1.2001293172276514E7
1176;3311;2;1.2001293172276514E7
1177;3314;3;1.2001293172276514E7
1178;3317;3;1.2001293172276514E7
1179;3319;2;1.2001293172276514E7
1180;3322;3;1.2001293172276514E7
1181;3325;3;1.2001293172276514E7
1182;3328;3;1.2001293172276514E7
1183;3331;3;1.2001293172276514E7
1184;3335;4;1.2001293172276514E7
1185;3338;3;1.2001293172276514E7
1186;3341;3;1.2001293172276514E7
1187;3345;4;1.2001293172276514E7
1188;3348;3;1.2001293172276514E7
1189;3352;4;1.2001293172276514E7
1190;3355;3;1.2001293172276514E7
1191;3357;2;1.2001293172276514E7
1192;3358;1;1.2001293172276514E7
1193;3360;2;1.2001275735613547E7
1194;3363;3;1.2001275735613547E7
1195;3367;4;1.2001275735613547E7
1196;3371;4;1.2001275735613547E7
1197;3375;4;1.2001275735613547E7
1198;3382;7;1.2001275735613547E7
1199;3385;3;1.2001275735613547E7
1200;3386;1;1.2001275735613547E7
1201;3387;1;1.2001275735613547E7
1202;3390;3;1.2001275735613547E7
1203;3395;5;1.2001275735613547E7
1204;3395;0;1.2001275735613547E7
1205;3396;1;1.2001275735613547E7
1206;3400;4;1.2001275735613547E7
1207;3405;5;1.2001275735613547E7
1208;3411;6;1.2001275735613547E7
1209;3415;4;1.2001275735613547E7
1210;3419;4;1.2001275735613547E7
1211;3421;2;1.2001275735613547E7
1212;3424;3;1.2001275735613547E7
1213;3427;3;1.2001275735613547E7
1214;3428;1;1.2001275735613547E7
1215;3430;2;1.2001275735613547E7
1216;3431;1;1.2001275735613547E7
1217;3435;4;1.2001275735613547E7
1218;3437;2;1.2001275735613547E7
1219;3442;5;1.2001275735613547E7
1220;3446;4;1.2001275735613547E7
1221;3451;5;1.2001275735613547E7
1222;3455;4;1.2001275735613547E7
1223;3456;1;1.2001275735613547E7
1224;3457;1;1.2001275735613547E7
1225;3459;2;1.2001275735613547E7
1226;3461;2;1.2001275735613547E7
1227;3461;0;1.2001275735613547E7
1228;3463;2;1.2001275735613547E7
1229;3465;2;1.2001275735613547E7
1230;3468;3;1.2001275735613547E7
1231;3470;2;1.2001275735613547E7
1232;3471;1;1.2001275735613547E7
1233;3475;4;1.2001275735613547E7
1234;3477;2;1.2001275735613547E7
1235;3479;2;1.2001275735613547E7
1236;3480;1;1.2001275735613547E7
1237;3482;2;1.2001275735613547E7
1238;3482;0;1.2001275735613547E7
1239;3484;2;1.2001275735613547E7
1240;3486;2;1.2001275735613547E7
1241;3487;1;1.2001275735613547E7
1242;3488;1;1.2001275735613547E7
1243;3490;2;1.2001275735613547E7
1244;3493;3;1.2001275735613547E7
1245;3494;1;1.2001275735613547E7
1246;3497;3;1.2001275735613547E7
1247;3499;2;1.2001275735613547E7
1248;3504;5;1.2001275735613547E7
1249;3504;0;1.2001275735613547E7
1250;3506;2;1.2001275735613547E7
1251;3508;2;1.2001275735613547E7
1252;3510;2;1.2001275735613547E7
1253;3511;1;1.2001275735613547E7
1254;3514;3;1.2001275735613547E7
1255;3516;2;1.2001275735613547E7
1256;3518;2;1.2001275735613547E7
1257;3521;3;1.2001275735613547E7
1258;3523;2;1.2001275735613547E7
1259;3526;3;1.2001275735613547E7
1260;3530;4;1.2001275735613547E7
1261;3533;3;1.2001275735613547E7
1262;3535;2;1.2001275735613547E7
1263;3537;2;1.2001275735613547E7
1264;3540;3;1.2001275735613547E7
1265;3542;2;1.2001275735613547E7
1266;3544;2;1.2001275735613547E7
1267;3547;3;1.2001275735613547E7
1268;3548;1;1.2001275735613547E7
1269;3551;3;1.2001275735613547E7
1270;3553;2;1.2001275735613547E7
1271;3554;1;1.2001275735613547E7
1272;3557;3;1.2001275735613547E7
1273;3562;5;1.2001275735613547E7
1274;3565;3;1.2001275735613547E7
1275;3569;4;1.2001275735613547E7
1276;3571;2;1.2001275735613547E7
1277;3572;1;1.2001275735613547E7
1278;3573;1;1.2001275735613547E7
1279;3576;3;1.2001275735613547E7
1280;3579;3;1.2001275735613547E7
1281;3579;0;1.2001275735613547E7
1282;3582;3;1.2001275735613547E7
1283;3582;0;1.2001275735613547E7
1284;3585;3;1.2001275735613547E7
1285;3587;2;1.2001275735613547E7
1286;3590;3;1.2001275735613547E7
1287;3593;3;1.2001275735613547E7
1288;3594;1;1.2001275735613547E7
1289;3597;3;1.2001275735613547E7
1290;3599;2;1.2001275735613547E7
1291;3602;3;1.2001275735613547E7
1292;3604;2;1.2001275735613547E7
1293;3605;1;1.2001275735613547E7
1294;3608;3;1.2001275735613547E7
1295;3612;4;1.2001275735613547E7
1296;3614;2;1.2001275735613547E7
1297;3615;1;1.2001275735613547E7
1298;3618;3;1.2001275735613547E7
1299;3620;2;1.2001275735613547E7
1300;3624;4;1.2001275735613547E7
1301;3626;2;1.2001275735613547E7
1302;3629;3;1.2001275735613547E7
1303;3632;3;1.2001275735613547E7
1304;3634;2;1.2001275735613547E7
1305;3636;2;1.2001275735613547E7
1306;3638;2;1.2001275735613547E7
1307;3641;3;1.2001275735613547E7
1308;3644;3;1.2001275735613547E7
1309;3647;3;1.2001275735613547E7
1310;3650;3;1.2001275735613547E7
1311;3652;2;1.2001275735613547E7
1312;3655;3;1.2001275735613547E7
1313;3656;1;1.2001275735613547E7
1314;3657;1;1.2001275735613547E7
1315;3659;2;1.2001275735613547E7
1316;3661;2;1.2001275735613547E7
1317;3666;5;1.2001275735613547E7
1318;3669;3;1.2001275735613547E7
1319;3672;3;1.2001275735613547E7
1320;3675;3;1.2001275735613547E7
1321;3678;3;1.2001275735613547E7
1322;3679;1;1.2001275735613547E7
1323;3681;2;1.2001275735613547E7
1324;3683;2;1.2001275735613547E7
1325;3685;2;1.2001275735613547E7
1326;3687;2;1.2001275735613547E7
1327;3691;4;1.2001275735613547E7
1328;3693;2;1.2001275735613547E7
1329;3695;2;1.2001275735613547E7
1330;3695;0;1.2001275735613547E7
1331;3696;1;1.2001275735613547E7
1332;3699;3;1.2001275735613547E7
1333;3702;3;1.2001275735613547E7
1334;3706;4;1.2001275735613547E7
1335;3708;2;1.2001275735613547E7
1336;3711;3;1.2001275735613547E7
1337;3712;1;1.2001275735613547E7
1338;3714;2;1.2001275735613547E7
1339;3716;2;1.2001275735613547E7
1340;3717;1;1.2001275735613547E7
1341;3720;3;1.2001275735613547E7
1342;3724;4;1.2001275735613547E7
1343;3728;4;1.2001275735613547E7
1344;3729;1;1.2001275735613547E7
1345;3731;2;1.2001275735613547E7
1346;3734;3;1.2001275735613547E7
1347;3735;1;1.2001275735613547E7
1348;3737;2;1.2001275735613547E7
1349;3739;2;1.2001275735613547E7
1350;3742;3;1.2001275735613547E7
1351;3743;1;1.2001275735613547E7
1352;3747;4;1.2001275735613547E7
1353;3749;2;1.2001275735613547E7
1354;3752;3;1.2001275735613547E7
1355;3755;3;1.2001275735613547E7
1356;3757;2;1.2001275735613547E7
1357;3759;2;1.2001275735613547E7
1358;3762;3;1.2001275735613547E7
1359;3763;1;1.2001275735613547E7
1360;3763;0;1.2001275735613547E7
1361;3766;3;1.2001275735613547E7
1362;3769;3;1.2001275735613547E7
1363;3772;3;1.2001275735613547E7
1364;3775;3;1.2001275735613547E7
1365;3778;3;1.2001275735613547E7
1366;3780;2;1.2001275735613547E7
1367;3783;3;1.2001275735613547E7
1368;3786;3;1.2001275735613547E7
1369;3790;4;1.2001275735613547E7
1370;3792;2;1.2001275735613547E7
1371;3793;1;1.2001275735613547E7
1372;3797;4;1.2001275735613547E7
1373;3799;2;1.2001275735613547E7
1374;3802;3;1.2001275735613547E7
1375;3804;2;1.2001275735613547E7
1376;3806;2;1.2001275735613547E7
1377;3808;2;1.2001275735613547E7
1378;3810;2;1.2001275735613547E7
1379;3813;3;1.2001275735613547E7
1380;3818;5;1.2001275735613547E7
1381;3820;2;1.2001275735613547E7
1382;3821;1;1.2001275735613547E7
1383;3824;3;1.2001275735613547E7
1384;3827;3;1.2001275735613547E7
1385;3830;3;1.2001275735613547E7
1386;3832;2;1.2001275735613547E7
1387;3833;1;1.2001275735613547E7
1388;3836;3;1.2001275735613547E7
1389;3840;4;1.2001275735613547E7
1390;3841;1;1.2001275735613547E7
1391;3844;3;1.2001275735613547E7
1392;3845;1;1.2001275735613547E7
1393;3847;2;1.2001275735613547E7
1394;3850;3;1.2001275735613547E7
1395;3853;3;1.2001275735613547E7
1396;3855;2;1.2001275735613547E7
1397;3857;2;1.2001275735613547E7
1398;3860;3;1.2001242715514937E7
1399;3864;4;1.2001242715514937E7
1400;3866;2;1.2001242057925848E7
1401;3869;3;1.2001242057925848E7
1402;3872;3;1.2001242057925848E7
1403;3875;3;1.2001242057925848E7
1404;3876;1;1.2001242057925848E7
1405;3880;4;1.2001242057925848E7
1406;3881;1;1.2001242057925848E7
1407;3885;4;1.2001242057925848E7
1408;3887;2;1.2001242057925848E7
1409;3889;2;1.2001242057925848E7
1410;3891;2;1.2001242057925848E7
1411;3893;2;1.2001242057925848E7
1412;3894;1;1.2001242057925848E7
1413;3897;3;1.2001242057925848E7
1414;3901;4;1.2001242057925848E7
1415;3905;4;1.2001242057925848E7
1416;3908;3;1.2001242057925848E7
1417;3911;3;1.2001242057925848E7
1418;3912;1;1.2001242057925848E7
1419;3912;0;1.2001242057925848E7
1420;3913;1;1.2001242057925848E7
1421;3916;3;1.2001242057925848E7
1422;3918;2;1.2001242057925848E7
1423;3922;4;1.2001242057925848E7
1424;3926;4;1.2001242057925848E7
1425;3931;5;1.2001242057925848E7
1426;3932;1;1.2001242057925848E7
1427;3934;2;1.2001242057925848E7
1428;3937;3;1.2001242057925848E7
1429;3942;5;1.2001242057925848E7
1430;3946;4;1.2001242057925848E7
1431;3954;8;1.2001242057925848E7
1432;3958;4;1.2001242057925848E7
1433;3962;4;1.2001242057925848E7
1434;3963;1;1.2001242057925848E7
1435;3967;4;1.2001242057925848E7
1436;3971;4;1.2001242057925848E7
1437;3974;3;1.2001242057925848E7
1438;3976;2;1.2001242057925848E7
1439;3980;4;1.2001242057925848E7
1440;3984;4;1.2001242057925848E7
1441;3984;0;1.2001242057925848E7
1442;3985;1;1.2001242057925848E7
1443;3990;5;1.2001242057925848E7
1444;3996;6;1.2001242057925848E7
1445;4000;4;1.2001242057925848E7
1446;4005;5;1.2001242057925848E7
1447;4010;5;1.2001242057925848E7
1448;4015;5;1.2001242057925848E7
1449;4018;3;1.2001242057925848E7
1450;4019;1;1.2001242057925848E7
1451;4023;4;1.2001242057925848E7
1452;4026;3;1.2001242057925848E7
1453;4027;1;1.2001242057925848E7
1454;4031;4;1.2001242057925848E7
1455;4034;3;1.2001242057925848E7
1456;4039;5;1.2001242057925848E7
1457;4041;2;1.2001242057925848E7
1458;4042;1;1.2001242057925848E7
1459;4048;6;1.2001242057925848E7
1460;4053;5;1.2001242057925848E7
1461;4058;5;1.2001242057925848E7
1462;4061;3;1.2001242057925848E7
1463;4067;6;1.2001242057925848E7
1464;4070;3;1.2001242057925848E7
1465;4073;3;1.2001242057925848E7
1466;4077;4;1.2001242057925848E7
1467;4081;4;1.2001242057925848E7
1468;4089;8;1.2001242057925848E7
1469;4098;9;1.2001242057925848E7
1470;4104;6;1.2001242057925848E7
1471;4107;3;1.2001242057925848E7
1472;4111;4;1.2001242057925848E7
1473;4115;4;1.2001242057925848E7
1474;4118;3;1.2001242057925848E7
1475;4122;4;1.2001242057925848E7
1476;4124;2;1.2001242057925848E7
1477;4127;3;1.2001242057925848E7
1478;4130;3;1.2001242057925848E7
1479;4132;2;1.2001242057925848E7
1480;4134;2;1.2001242057925848E7
1481;4137;3;1.2001242057925848E7
1482;4139;2;1.2001242057925848E7
1483;4144;5;1.2001242057925848E7
1484;4147;3;1.2001242057925848E7
1485;4149;2;1.2001242057925848E7
1486;4151;2;1.2001242057925848E7
1487;4153;2;1.2001242057925848E7
1488;4158;5;1.2001242057925848E7
1489;4161;3;1.2001242057925848E7
1490;4164;3;1.2001242057925848E7
1491;4165;1;1.2001242057925848E7
1492;4168;3;1.2001242057925848E7
1493;4170;2;1.2001242057925848E7
1494;4172;2;1.2001242057925848E7
1495;4173;1;1.2001242057925848E7
1496;4174;1;1.2001242057925848E7
1497;4175;1;1.2001242057925848E7
1498;4178;3;1.2001242057925848E7
1499;4179;1;1.2001242057925848E7
1500;4181;2;1.2001242057925848E7
1501;4184;3;1.2001242057925848E7
1502;4184;0;1.2001242057925848E7
1503;4185;1;1.2001242057925848E7
1504;4188;3;1.2001242057925848E7
1505;4191;3;1.2001242057925848E7
1506;4194;3;1.2001242057925848E7
1507;4196;2;1.2001242057925848E7
1508;4197;1;1.2001242057925848E7
1509;4199;2;1.2001242057925848E7
1510;4202;3;1.2001242057925848E7
1511;4203;1;1.2001242057925848E7
1512;4204;1;1.2001242057925848E7
1513;4205;1;1.2001242057925848E7
1514;4206;1;1.2001242057925848E7
1515;4208;2;1.2001242057925848E7
1516;4209;1;1.2001242057925848E7
1517;4211;2;1.2001242057925848E7
1518;4215;4;1.2001242057925848E7
1519;4217;2;1.2001242057925848E7
1520;4219;2;1.2001242057925848E7
1521;4222;3;1.2001242057925848E7
1522;4226;4;1.2001242057925848E7
1523;4226;0;1.2001242057925848E7
1524;4229;3;1.2001242057925848E7
1525;4232;3;1.2001242057925848E7
1526;4234;2;1.2001242057925848E7
1527;4238;4;1.2001242057925848E7
1528;4239;1;1.2001242057925848E7
1529;4242;3;1.2001242057925848E7
1530;4249;7;1.2001242057925848E7
1531;4250;1;1.2001242057925848E7
1532;4255;5;1.2001242057925848E7
1533;4259;4;1.2001242057925848E7
1534;4265;6;1.2001242057925848E7
1535;4271;6;1.2001242057925848E7
1536;4275;4;1.2001242057925848E7
1537;4279;4;1.2001242057925848E7
1538;4285;6;1.2001242057925848E7
1539;4287;2;1.2001242057925848E7
1540;4291;4;1.2001242057925848E7
1541;4296;5;1.2001242057925848E7
1542;4298;2;1.2001242057925848E7
1543;4317;19;1.2001242057925848E7
1544;4321;4;1.2001242057925848E7
1545;4326;5;1.2001242057925848E7
1546;4332;6;1.2001242057925848E7
1547;4337;5;1.2001242057925848E7
1548;4339;2;1.2001242057925848E7
1549;4343;4;1.2001242057925848E7
1550;4346;3;1.2001242057925848E7
1551;4348;2;1.2001242057925848E7
1552;4350;2;1.2001242057925848E7
1553;4352;2;1.2001242057925848E7
1554;4354;2;1.2001242057925848E7
1555;4355;1;1.2001242057925848E7
1556;4358;3;1.2001242057925848E7
1557;4363;5;1.2001242057925848E7
1558;4366;3;1.2001242057925848E7
1559;4367;1;1.2001242057925848E7
1560;4369;2;1.2001242057925848E7
1561;4371;2;1.2001242057925848E7
1562;4372;1;1.2001242057925848E7
1563;4373;1;1.2001242057925848E7
1564;4375;2;1.2001242057925848E7
1565;4378;3;1.2001242057925848E7
1566;4380;2;1.2001242057925848E7
1567;4383;3;1.2001242057925848E7
1568;4383;0;1.2001242057925848E7
1569;4384;1;1.2001242057925848E7
1570;4386;2;1.2001242057925848E7
1571;4388;2;1.2001242057925848E7
1572;4390;2;1.2001242057925848E7
1573;4391;1;1.2001242057925848E7
1574;4393;2;1.2001242057925848E7
1575;4397;4;1.2001242057925848E7
1576;4401;4;1.2001242057925848E7
1577;4406;5;1.2001242057925848E7
1578;4408;2;1.2001242057925848E7
1579;4409;1;1.2001242057925848E7
1580;4412;3;1.2001242057925848E7
1581;4416;4;1.2001242057925848E7
1582;4421;5;1.2001242057925848E7
1583;4425;4;1.2001242057925848E7
1584;4431;6;1.2001242057925848E7
1585;4436;5;1.2001242057925848E7
1586;4437;1;1.2001242057925848E7
1587;4441;4;1.2001242057925848E7
1588;4445;4;1.2001242057925848E7
1589;4449;4;1.2001242057925848E7
1590;4450;1;1.2001242057925848E7
1591;4451;1;1.2001242057925848E7
1592;4454;3;1.2001242057925848E7
1593;4460;6;1.2001242057925848E7
1594;4463;3;1.2001242057925848E7
1595;4463;0;1.2001242057925848E7
1596;4467;4;1.2001242057925848E7
1597;4470;3;1.2001242057925848E7
1598;4471;1;1.2001242057925848E7
1599;4474;3;1.2001242057925848E7
1600;4476;2;1.2001242057925848E7
1601;4477;1;1.2001242057925848E7
1602;4478;1;1.2001242057925848E7
1603;4481;3;1.2001242057925848E7
1604;4483;2;1.2001242057925848E7
1605;4486;3;1.2001242057925848E7
1606;4488;2;1.2001242057925848E7
1607;4491;3;1.2001242057925848E7
1608;4493;2;1.2001242057925848E7
1609;4496;3;1.2001242057925848E7
1610;4499;3;1.2001242057925848E7
1611;4502;3;1.2001242057925848E7
1612;4505;3;1.2001242057925848E7
1613;4505;0;1.2001242057925848E7
1614;4508;3;1.2001242057925848E7
1615;4512;4;1.2001242057925848E7
1616;4515;3;1.2001242057925848E7
1617;4518;3;1.2001242057925848E7
1618;4520;2;1.2001242057925848E7
1619;4522;2;1.2001242057925848E7
1620;4524;2;1.2001242057925848E7
1621;4525;1;1.2001242057925848E7
1622;4529;4;1.2001242057925848E7
1623;4533;4;1.2001242057925848E7
1624;4536;3;1.2001242057925848E7
1625;4538;2;1.2001242057925848E7
1626;4539;1;1.2001242057925848E7
1627;4542;3;1.2001242057925848E7
1628;4542;0;1.2001242057925848E7
1629;4547;5;1.2001242057925848E7
1630;4550;3;1.2001242057925848E7
1631;4552;2;1.2001242057925848E7
1632;4555;3;1.2001242057925848E7
1633;4557;2;1.2001242057925848E7
1634;4560;3;1.2001242057925848E7
1635;4562;2;1.2001242057925848E7
1636;4564;2;1.2001242057925848E7
1637;4566;2;1.2001242057925848E7
1638;4569;3;1.2001242057925848E7
1639;4571;2;1.2001242057925848E7
1640;4572;1;1.2001242057925848E7
1641;4574;2;1.2001242057925848E7
1642;4574;0;1.2001242057925848E7
1643;4574;0;1.2001242057925848E7
1644;4577;3;1.2001242057925848E7
1645;4579;2;1.2001242057925848E7
1646;4581;2;1.2001242057925848E7
1647;4583;2;1.2001242057925848E7
1648;4584;1;1.2001242057925848E7
1649;4588;4;1.2001242057925848E7
1650;4591;3;1.2001242057925848E7
1651;4593;2;1.2001242057925848E7
1652;4595;2;1.2001242057925848E7
1653;4598;3;1.2001242057925848E7
1654;4601;3;1.2001242057925848E7
1655;4602;1;1.2001242057925848E7
1656;4605;3;1.2001242057925848E7
1657;4607;2;1.2001242057925848E7
1658;4610;3;1.2001242057925848E7
1659;4615;5;1.2001242057925848E7
1660;4617;2;1.2001242057925848E7
1661;4619;2;1.2001242057925848E7
1662;4619;0;1.2001242057925848E7
1663;4620;1;1.2001242057925848E7
1664;4622;2;1.2001242057925848E7
1665;4625;3;1.2001242057925848E7
1666;4627;2;1.2001242057925848E7
1667;4630;3;1.2001242057925848E7
1668;4632;2;1.2001242057925848E7
1669;4635;3;1.2001242057925848E7
1670;4635;0;1.2001242057925848E7
1671;4637;2;1.2001242057925848E7
1672;4639;2;1.2001242057925848E7
1673;4642;3;1.2001242057925848E7
1674;4644;2;1.2001242057925848E7
1675;4645;1;1.2001242057925848E7
1676;4647;2;1.2001242057925848E7
1677;4649;2;1.2001242057925848E7
1678;4649;0;1.2001242057925848E7
1679;4651;2;1.2001242057925848E7
1680;4653;2;1.2001242057925848E7
1681;4654;1;1.2001242057925848E7
1682;4656;2;1.2001242057925848E7
1683;4656;0;1.2001242057925848E7
1684;4657;1;1.2001242057925848E7
1685;4660;3;1.2001242057925848E7
1686;4664;4;1.2001242057925848E7
1687;4666;2;1.2001242057925848E7
1688;4669;3;1.2001242057925848E7
1689;4670;1;1.2001242057925848E7
1690;4672;2;1.2001242057925848E7
1691;4674;2;1.2001242057925848E7
1692;4676;2;1.2001242057925848E7
1693;4678;2;1.2001242057925848E7
1694;4681;3;1.2001242057925848E7
1695;4683;2;1.2001242057925848E7
1696;4686;3;1.2001242057925848E7
1697;4688;2;1.2001242057925848E7
1698;4689;1;1.2001242057925848E7
1699;4691;2;1.2001242057925848E7
1700;4694;3;1.2001242057925848E7
1701;4696;2;1.2001242057925848E7
1702;4699;3;1.2001242057925848E7
1703;4699;0;1.2001242057925848E7
1704;4702;3;1.2001242057925848E7
1705;4705;3;1.2001242057925848E7
1706;4706;1;1.2001242057925848E7
1707;4707;1;1.2001242057925848E7
1708;4711;4;1.2001242057925848E7
1709;4712;1;1.2001242057925848E7
1710;4715;3;1.2001242057925848E7
1711;4718;3;1.2001242057925848E7
1712;4722;4;1.2001242057925848E7
1713;4725;3;1.2001242057925848E7
1714;4728;3;1.2001242057925848E7
1715;4729;1;1.2001242057925848E7
1716;4733;4;1.2001242057925848E7
1717;4736;3;1.2001242057925848E7
1718;4739;3;1.2001242057925848E7
1719;4744;5;1.2001242057925848E7
1720;4747;3;1.2001242057925848E7
1721;4751;4;1.2001242057925848E7
1722;4755;4;1.2001242057925848E7
1723;4759;4;1.2001242057925848E7
1724;4760;1;1.2001242057925848E7
1725;4763;3;1.2001242057925848E7
1726;4765;2;1.2001242057925848E7
1727;4769;4;1.2001242057925848E7
1728;4773;4;1.2001242057925848E7
1729;4778;5;1.2001242057925848E7
1730;4781;3;1.2001242057925848E7
1731;4782;1;1.2001242057925848E7
1732;4786;4;1.2001242057925848E7
1733;4791;5;1.2001242057925848E7
1734;4792;1;1.2001242057925848E7
1735;4797;5;1.2001242057925848E7
1736;4801;4;1.2001242057925848E7
1737;4806;5;1.2001242057925848E7
1738;4811;5;1.2001242057925848E7
1739;4814;3;1.2001242057925848E7
1740;4820;6;1.2001242057925848E7
1741;4823;3;1.2001242057925848E7
1742;4826;3;1.2001242057925848E7
1743;4828;2;1.2001242057925848E7
1744;4830;2;1.2001242057925848E7
1745;4832;2;1.2001242057925848E7
1746;4834;2;1.2001242057925848E7
1747;4836;2;1.2001242057925848E7
1748;4839;3;1.2001242057925848E7
1749;4839;0;1.2001242057925848E7
1750;4841;2;1.2001242057925848E7
1751;4842;1;1.2001242057925848E7
1752;4845;3;1.2001242057925848E7
1753;4848;3;1.2001242057925848E7
1754;4850;2;1.2001242057925848E7
1755;4852;2;1.2001242057925848E7
1756;4855;3;1.2001242057925848E7
1757;4858;3;1.2001242057925848E7
1758;4862;4;1.2001242057925848E7
1759;4865;3;1.2001242057925848E7
1760;4866;1;1.2001242057925848E7
1761;4869;3;1.2001242057925848E7
1762;4873;4;1.2001242057925848E7
1763;4875;2;1.2001242057925848E7
1764;4879;4;1.2001242057925848E7
1765;4880;1;1.2001242057925848E7
1766;4884;4;1.2001242057925848E7
1767;4885;1;1.2001242057925848E7
1768;4887;2;1.2001242057925848E7
1769;4890;3;1.2001242057925848E7
1770;4894;4;1.2001242057925848E7
1771;4896;2;1.2001242057925848E7
1772;4900;4;1.2001242057925848E7
1773;4903;3;1.2001242057925848E7
1774;4905;2;1.2001242057925848E7
1775;4909;4;1.2001242057925848E7
1776;4913;4;1.2001242057925848E7
1777;4917;4;1.2001242057925848E7
1778;4919;2;1.2001242057925848E7
1779;4921;2;1.2001242057925848E7
1780;4925;4;1.2001242057925848E7
1781;4927;2;1.2001242057925848E7
1782;4930;3;1.2001242057925848E7
1783;4932;2;1.2001242057925848E7
1784;4934;2;1.2001242057925848E7
1785;4936;2;1.2001242057925848E7
1786;4939;3;1.2001242057925848E7
1787;4941;2;1.2001242057925848E7
1788;4944;3;1.2001242057925848E7
1789;4945;1;1.2001242057925848E7
1790;4952;7;1.2001242057925848E7
1791;4956;4;1.2001242057925848E7
1792;4960;4;1.2001242057925848E7
1793;4962;2;1.2001242057925848E7
1794;4965;3;1.2001242057925848E7
1795;4967;2;1.2001242057925848E7
1796;4968;1;1.2001242057925848E7
1797;4970;2;1.2001242057925848E7
1798;4973;3;1.2001242057925848E7
1799;4975;2;1.2001242057925848E7
1800;4979;4;1.2001242057925848E7
1801;4981;2;1.2001242057925848E7
1802;4984;3;1.2001242057925848E7
1803;4986;2;1.2001242057925848E7
1804;4988;2;1.2001242057925848E7
1805;4990;2;1.2001242057925848E7
1806;4991;1;1.2001242057925848E7
1807;4995;4;1.2001242057925848E7
1808;4997;2;1.2001242057925848E7
1809;4999;2;1.2001242057925848E7
1810;5005;6;1.2001242057925848E7
1811;5007;2;1.2001242057925848E7
1812;5011;4;1.2001242057925848E7
1813;5012;1;1.2001242057925848E7
1814;5016;4;1.2001242057925848E7
1815;5019;3;1.2001242057925848E7
1816;5023;4;1.2001242057925848E7
1817;5024;1;1.2001242057925848E7
1818;5029;5;1.2001242057925848E7
1819;5032;3;1.2001242057925848E7
1820;5034;2;1.2001242057925848E7
1821;5035;1;1.2001242057925848E7
1822;5038;3;1.2001242057925848E7
1823;5041;3;1.2001242057925848E7
1824;5044;3;1.2001242057925848E7
1825;5047;3;1.2001242057925848E7
1826;5052;5;1.2001242057925848E7
1827;5057;5;1.2001242057925848E7
1828;5059;2;1.2001242057925848E7
1829;5061;2;1.2001242057925848E7
1830;5064;3;1.2001242057925848E7
1831;5068;4;1.2001242057925848E7
1832;5071;3;1.2001242057925848E7
1833;5073;2;1.2001242057925848E7
1834;5075;2;1.2001242057925848E7
1835;5079;4;1.2001242057925848E7
1836;5081;2;1.2001242057925848E7
1837;5083;2;1.2001242057925848E7
1838;5088;5;1.2001242057925848E7
1839;5092;4;1.2001242057925848E7
1840;5093;1;1.2001242057925848E7
1841;5098;5;1.2001242057925848E7
1842;5100;2;1.2001242057925848E7
1843;5103;3;1.2001242057925848E7
1844;5106;3;1.2001242057925848E7
1845;5109;3;1.2001242057925848E7
1846;5114;5;1.2001242057925848E7
1847;5122;8;1.2001242057925848E7
1848;5126;4;1.2001242057925848E7
1849;5127;1;1.2001242057925848E7
1850;5131;4;1.2001242057925848E7
1851;5134;3;1.2001242057925848E7
1852;5137;3;1.2001242057925848E7
1853;5140;3;1.2001242057925848E7
1854;5141;1;1.2001242057925848E7
1855;5144;3;1.2001242057925848E7
1856;5149;5;1.2001242057925848E7
1857;5154;5;1.2001242057925848E7
1858;5157;3;1.2001242057925848E7
1859;5163;6;1.2001242057925848E7
1860;5167;4;1.2001242057925848E7
1861;5170;3;1.2001242057925848E7
1862;5172;2;1.2001242057925848E7
1863;5175;3;1.2001242057925848E7
1864;5177;2;1.2001242057925848E7
1865;5182;5;1.2001242057925848E7
1866;5184;2;1.2001242057925848E7
1867;5186;2;1.2001242057925848E7
1868;5187;1;1.2001242057925848E7
1869;5190;3;1.2001242057925848E7
1870;5193;3;1.2001242057925848E7
1871;5195;2;1.2001242057925848E7
1872;5195;0;1.2001242057925848E7
1873;5198;3;1.2001242057925848E7
1874;5199;1;1.2001242057925848E7
1875;5202;3;1.2001242057925848E7
1876;5204;2;1.2001242057925848E7
1877;5204;0;1.2001242057925848E7
1878;5207;3;1.2001242057925848E7
1879;5210;3;1.2001242057925848E7
1880;5211;1;1.2001242057925848E7
1881;5214;3;1.2001242057925848E7
1882;5214;0;1.2001242057925848E7
1883;5216;2;1.2001242057925848E7
1884;5217;1;1.2001242057925848E7
1885;5221;4;1.2001242057925848E7
1886;5222;1;1.2001242057925848E7
1887;5224;2;1.2001242057925848E7
1888;5227;3;1.2001242057925848E7
1889;5229;2;1.2001242057925848E7
1890;5232;3;1.2001242057925848E7
1891;5235;3;1.2001242057925848E7
1892;5241;6;1.2001242057925848E7
1893;5245;4;1.2001242057925848E7
1894;5249;4;1.2001242057925848E7
1895;5253;4;1.2001242057925848E7
1896;5254;1;1.2001242057925848E7
1897;5256;2;1.2001242057925848E7
1898;5258;2;1.2001242057925848E7
1899;5260;2;1.2001242057925848E7
1900;5262;2;1.2001242057925848E7
1901;5265;3;1.2001242057925848E7
1902;5266;1;1.2001242057925848E7
1903;5268;2;1.2001242057925848E7
1904;5271;3;1.2001242057925848E7
1905;5276;5;1.2001242057925848E7
1906;5278;2;1.2001242057925848E7
1907;5283;5;1.2001242057925848E7
1908;5286;3;1.2001242057925848E7
1909;5291;5;1.2001242057925848E7
1910;5294;3;1.2001242057925848E7
1911;5298;4;1.2001242057925848E7
1912;5301;3;1.2001242057925848E7
1913;5304;3;1.2001242057925848E7
1914;5307;3;1.2001242057925848E7
1915;5309;2;1.2001242057925848E7
1916;5309;0;1.2001242057925848E7
1917;5311;2;1.2001242057925848E7
1918;5312;1;1.2001242057925848E7
1919;5315;3;1.2001242057925848E7
1920;5319;4;1.2001242057925848E7
1921;5321;2;1.2001242057925848E7
1922;5321;0;1.2001242057925848E7
1923;5324;3;1.1001289523035351E7
1924;5326;2;1.1001289523035351E7
1925;5329;3;1.1001289523035351E7
1926;5333;4;1.1001289523035351E7
1927;5335;2;1.1001289523035351E7
1928;5340;5;1.1001289523035351E7
1929;5343;3;1.1001289523035351E7
1930;5346;3;1.1001289523035351E7
1931;5348;2;1.1001289523035351E7
1932;5349;1;1.1001289523035351E7
1933;5352;3;1.1001289523035351E7
1934;5353;1;1.1001289523035351E7
1935;5355;2;1.1001289523035351E7
1936;5355;0;1.1001289523035351E7
1937;5356;1;1.1001289523035351E7
1938;5358;2;1.1001289523035351E7
1939;5359;1;1.1001289523035351E7
1940;5361;2;1.1001289523035351E7
1941;5363;2;1.1001289523035351E7
1942;5366;3;1.1001289523035351E7
1943;5369;3;1.1001289523035351E7
1944;5375;6;1.1001289523035351E7
1945;5376;1;1.1001289523035351E7
1946;5383;7;1.1001289523035351E7
1947;5386;3;1.1001289523035351E7
1948;5392;6;1.1001289523035351E7
1949;5395;3;1.1001289523035351E7
1950;5399;4;1.1001289523035351E7
1951;5402;3;1.1001289523035351E7
1952;5404;2;1.1001289523035351E7
1953;5408;4;1.1001289523035351E7
1954;5415;7;1.1001289523035351E7
1955;5416;1;1.1001289523035351E7
1956;5419;3;1.1001289523035351E7
1957;5420;1;1.1001289523035351E7
1958;5421;1;1.1001289523035351E7
1959;5428;7;1.1001289523035351E7
1960;5429;1;1.1001289523035351E7
1961;5431;2;1.1001289523035351E7
1962;5434;3;1.1001289523035351E7
1963;5437;3;1.1001289523035351E7
1964;5438;1;1.1001289523035351E7
1965;5441;3;1.1001289523035351E7
1966;5442;1;1.1001289523035351E7
1967;5444;2;1.1001289523035351E7
1968;5447;3;1.1001289523035351E7
1969;5448;1;1.1001289523035351E7
1970;5450;2;1.1001289523035351E7
1971;5453;3;1.1001289523035351E7
1972;5456;3;1.1001289523035351E7
1973;5458;2;1.1001289523035351E7
1974;5461;3;1.1001289523035351E7
1975;5462;1;1.1001289523035351E7
1976;5465;3;1.1001289523035351E7
1977;5467;2;1.1001289523035351E7
1978;5469;2;1.1001289523035351E7
1979;5472;3;1.1001289523035351E7
1980;5473;1;1.1001289523035351E7
1981;5474;1;1.1001289523035351E7
1982;5474;0;1.1001289523035351E7
1983;5476;2;1.1001289523035351E7
1984;5479;3;1.1001289523035351E7
1985;5481;2;1.1001289523035351E7
1986;5482;1;1.1001289523035351E7
1987;5485;3;1.1001289523035351E7
1988;5486;1;1.1001289523035351E7
1989;5489;3;1.1001289523035351E7
1990;5490;1;1.1001289523035351E7
1991;5492;2;1.1001289523035351E7
1992;5496;4;1.1001289523035351E7
1993;5501;5;1.1001289523035351E7
1994;5504;3;1.1001289523035351E7
1995;5505;1;1.1001289523035351E7
1996;5508;3;1.1001289523035351E7
1997;5512;4;1.1001289523035351E7
1998;5515;3;1.1001289523035351E7
1999;5517;2;1.1001289523035351E7
2000;5518;1;1.1001289523035351E7
2001;5520;2;1.1001289523035351E7
2002;5522;2;1.1001289523035351E7
2003;5525;3;1.1001289523035351E7
2004;5527;2;1.1001289523035351E7
2005;5531;4;1.1001289523035351E7
2006;5536;5;1.1001289523035351E7
2007;5539;3;1.1001289523035351E7
2008;5542;3;1.1001289523035351E7
2009;5545;3;1.1001289523035351E7
2010;5550;5;1.1001289523035351E7
2011;5552;2;1.1001289523035351E7
2012;5554;2;1.1001289523035351E7
2013;5558;4;1.1001289523035351E7
2014;5561;3;1.1001289523035351E7
2015;5564;3;1.1001289523035351E7
2016;5566;2;1.1001289523035351E7
2017;5569;3;1.1001289523035351E7
2018;5572;3;1.1001289523035351E7
2019;5575;3;1.1001289523035351E7
2020;5576;1;1.1001289523035351E7
2021;5579;3;1.1001289523035351E7
2022;5581;2;1.1001289523035351E7
2023;5582;1;1.1001289523035351E7
2024;5585;3;1.1001289523035351E7
2025;5589;4;1.1001289523035351E7
2026;5590;1;1.1001289523035351E7
2027;5592;2;1.1001289523035351E7
2028;5593;1;1.1001289523035351E7
2029;5599;6;1.1001289523035351E7
2030;5602;3;1.1001289523035351E7
2031;5602;0;1.1001289523035351E7
2032;5605;3;1.1001289523035351E7
2033;5608;3;1.1001289523035351E7
2034;5610;2;1.1001289523035351E7
2035;5612;2;1.1001289523035351E7
2036;5612;0;1.1001289523035351E7
2037;5614;2;1.1001289523035351E7
2038;5616;2;1.1001289523035351E7
2039;5617;1;1.1001289523035351E7
2040;5617;0;1.1001289523035351E7
2041;5619;2;1.1001289523035351E7
2042;5622;3;1.1001289523035351E7
2043;5624;2;1.1001289523035351E7
2044;5626;2;1.1001289523035351E7
2045;5628;2;1.1001289523035351E7
2046;5629;1;1.1001289523035351E7
2047;5635;6;1.1001289523035351E7
2048;5636;1;1.1001289523035351E7
2049;5637;1;1.1001289523035351E7
2050;5639;2;1.1001289523035351E7
2051;5640;1;1.1001289523035351E7
2052;5642;2;1.1001289523035351E7
2053;5644;2;1.1001289523035351E7
2054;5647;3;1.1001289523035351E7
2055;5648;1;1.1001289523035351E7
2056;5651;3;1.1001289523035351E7
2057;5653;2;1.1001289523035351E7
2058;5653;0;1.1001289523035351E7
2059;5655;2;1.1001289523035351E7
2060;5657;2;1.1001289523035351E7
2061;5657;0;1.1001289523035351E7
2062;5660;3;1.1001289523035351E7
2063;5664;4;1.1001289523035351E7
2064;5666;2;1.1001289523035351E7
2065;5667;1;1.1001289523035351E7
2066;5668;1;1.1001289523035351E7
2067;5670;2;1.1001289523035351E7
2068;5674;4;1.1001289523035351E7
2069;5676;2;1.1001289523035351E7
2070;5678;2;1.1001289523035351E7
2071;5681;3;1.1001289523035351E7
2072;5682;1;1.1001289523035351E7
2073;5685;3;1.1001289523035351E7
2074;5687;2;1.1001289523035351E7
2075;5688;1;1.1001289523035351E7
2076;5690;2;1.1001289523035351E7
2077;5692;2;1.1001289523035351E7
2078;5695;3;1.1001289523035351E7
2079;5698;3;1.1001289523035351E7
2080;5702;4;1.1001289523035351E7
2081;5705;3;1.1001289523035351E7
2082;5707;2;1.1001289523035351E7
2083;5709;2;1.1001289523035351E7
2084;5712;3;1.1001289523035351E7
2085;5714;2;1.1001289523035351E7
2086;5715;1;1.1001289523035351E7
2087;5715;0;1.1001289523035351E7
2088;5718;3;1.1001289523035351E7
2089;5720;2;1.1001289523035351E7
2090;5723;3;1.1001289523035351E7
2091;5725;2;1.1001289523035351E7
2092;5726;1;1.1001289523035351E7
2093;5730;4;1.1001289523035351E7
2094;5731;1;1.1001289523035351E7
2095;5733;2;1.1001289523035351E7
2096;5736;3;1.1001289523035351E7
2097;5736;0;1.1001289523035351E7
2098;5737;1;1.1001289523035351E7
2099;5739;2;1.1001289523035351E7
2100;5744;5;1.1001289523035351E7
2101;5745;1;1.1001289523035351E7
2102;5748;3;1.1001289523035351E7
2103;5752;4;1.1001289523035351E7
2104;5753;1;1.1001289523035351E7
2105;5754;1;1.1001289523035351E7
2106;5757;3;1.1001289523035351E7
2107;5760;3;1.1001289523035351E7
2108;5765;5;1.1001289523035351E7
2109;5769;4;1.1001289523035351E7
2110;5772;3;1.1001289523035351E7
2111;5775;3;1.1001289523035351E7
2112;5777;2;1.1001289523035351E7
2113;5780;3;1.1001289523035351E7
2114;5781;1;1.1001289523035351E7
2115;5783;2;1.1001289523035351E7
2116;5786;3;1.1001289523035351E7
2117;5790;4;1.1001289523035351E7
2118;5791;1;1.1001289523035351E7
2119;5797;6;1.1001289523035351E7
2120;5802;5;1.1001289523035351E7
2121;5805;3;1.1001289523035351E7
2122;5808;3;1.1001289523035351E7
2123;5809;1;1.1001289523035351E7
2124;5812;3;1.1001289523035351E7
2125;5816;4;1.1001289523035351E7
2126;5817;1;1.1001289523035351E7
2127;5820;3;1.1001289523035351E7
2128;5823;3;1.1001289523035351E7
2129;5825;2;1.1001289523035351E7
2130;5826;1;1.1001289523035351E7
2131;5830;4;1.1001289523035351E7
2132;5832;2;1.1001289523035351E7
2133;5834;2;1.1001289523035351E7
2134;5837;3;1.1001289523035351E7
2135;5838;1;1.1001289523035351E7
2136;5842;4;1.1001289523035351E7
2137;5844;2;1.1001289523035351E7
2138;5845;1;1.1001289523035351E7
2139;5847;2;1.1001289523035351E7
2140;5849;2;1.1001289523035351E7
2141;5851;2;1.1001289523035351E7
2142;5853;2;1.1001289523035351E7
2143;5855;2;1.1001289523035351E7
2144;5856;1;1.1001289523035351E7
2145;5857;1;1.1001289523035351E7
2146;5860;3;1.1001289523035351E7
2147;5862;2;1.1001289523035351E7
2148;5864;2;1.1001289523035351E7
2149;5865;1;1.1001289523035351E7
2150;5867;2;1.1001289523035351E7
2151;5868;1;1.1001289523035351E7
2152;5870;2;1.1001289523035351E7
2153;5873;3;1.1001289523035351E7
2154;5876;3;1.1001289523035351E7
2155;5878;2;1.1001289523035351E7
2156;5882;4;1.1001289523035351E7
2157;5885;3;1.1001289523035351E7
2158;5888;3;1.1001289523035351E7
2159;5890;2;1.1001289523035351E7
2160;5890;0;1.1001289523035351E7
2161;5892;2;1.1001289523035351E7
2162;5894;2;1.1001289523035351E7
2163;5899;5;1.1001289523035351E7
2164;5900;1;1.1001289523035351E7
2165;5901;1;1.1001289523035351E7
2166;5903;2;1.1001289523035351E7
2167;5904;1;1.1001289523035351E7
2168;5906;2;1.1001289523035351E7
2169;5909;3;1.1001289523035351E7
2170;5912;3;1.1001289523035351E7
2171;5914;2;1.1001289523035351E7
2172;5917;3;1.1001289523035351E7
2173;5919;2;1.1001289523035351E7
2174;5922;3;1.1001289523035351E7
2175;5924;2;1.1001289523035351E7
2176;5925;1;1.1001289523035351E7
2177;5929;4;1.1001289523035351E7
2178;5932;3;1.1001289523035351E7
2179;5933;1;1.1001289523035351E7
2180;5937;4;1.1001289523035351E7
2181;5941;4;1.1001289523035351E7
2182;5943;2;1.1001289523035351E7
2183;5946;3;1.1001289523035351E7
2184;5949;3;1.1001289523035351E7
2185;5954;5;1.1001289523035351E7
2186;5956;2;1.1001289523035351E7
2187;5959;3;1.1001289523035351E7
2188;5963;4;1.1001289523035351E7
2189;5969;6;1.1001289523035351E7
2190;5969;0;1.1001289523035351E7
2191;5971;2;1.1001289523035351E7
2192;5973;2;1.1001289523035351E7
2193;5975;2;1.1001289523035351E7
2194;5978;3;1.1001289523035351E7
2195;5980;2;1.1001289523035351E7
2196;5982;2;1.1001289523035351E7
2197;5984;2;1.1001289523035351E7
2198;5986;2;1.1001289523035351E7
2199;5987;1;1.1001289523035351E7
2200;5990;3;1.1001289523035351E7
2201;5990;0;1.1001289523035351E7
2202;5993;3;1.1001289523035351E7
2203;5995;2;1.1001289523035351E7
2204;5998;3;1.1001289523035351E7
2205;6000;2;1.1001289523035351E7
2206;6000;0;1.1001289523035351E7
2207;6002;2;1.1001289523035351E7
2208;6004;2;1.1001289523035351E7
2209;6007;3;1.1001289523035351E7
2210;6013;6;1.1001289523035351E7
2211;6016;3;1.1001289523035351E7
2212;6019;3;1.1001289523035351E7
2213;6019;0;1.1001289523035351E7
2214;6020;1;1.1001289523035351E7
2215;6022;2;1.1001289523035351E7
2216;6026;4;1.1001289523035351E7
2217;6027;1;1.1001289523035351E7
2218;6030;3;1.1001289523035351E7
2219;6033;3;1.1001289523035351E7
2220;6033;0;1.1001289523035351E7
2221;6034;1;1.1001289523035351E7
2222;6036;2;1.1001289523035351E7
2223;6038;2;1.1001289523035351E7
2224;6040;2;1.1001289523035351E7
2225;6041;1;1.1001289523035351E7
2226;6044;3;1.1001289523035351E7
2227;6048;4;1.1001289523035351E7
2228;6052;4;1.1001289523035351E7
2229;6054;2;1.1001289523035351E7
2230;6055;1;1.1001289523035351E7
2231;6056;1;1.1001289523035351E7
2232;6058;2;1.1001289523035351E7
2233;6058;0;1.1001289523035351E7
2234;6060;2;1.1001289523035351E7
2235;6061;1;1.1001289523035351E7
2236;6063;2;1.1001289523035351E7
2237;6066;3;1.1001289523035351E7
2238;6067;1;1.1001289523035351E7
2239;6069;2;1.1001289523035351E7
2240;6071;2;1.1001289523035351E7
2241;6073;2;1.1001289523035351E7
2242;6075;2;1.1001289523035351E7
2243;6078;3;1.1001289523035351E7
2244;6080;2;1.1001289523035351E7
2245;6081;1;1.1001289523035351E7
2246;6084;3;1.1001289523035351E7
2247;6089;5;1.1001289523035351E7
2248;6093;4;1.1001289523035351E7
2249;6096;3;1.1001289523035351E7
2250;6099;3;1.1001289523035351E7
2251;6100;1;1.1001289523035351E7
2252;6103;3;1.1001289523035351E7
2253;6107;4;1.1001289523035351E7
2254;6110;3;1.1001289523035351E7
2255;6112;2;1.1001289523035351E7
2256;6113;1;1.1001289523035351E7
2257;6116;3;1.1001289523035351E7
2258;6118;2;1.1001289523035351E7
2259;6118;0;1.1001289523035351E7
2260;6119;1;1.1001289523035351E7
2261;6123;4;1.1001289523035351E7
2262;6127;4;1.1001289523035351E7
2263;6132;5;1.1001289523035351E7
2264;6135;3;1.1001289523035351E7
2265;6135;0;1.1001289523035351E7
2266;6137;2;1.1001289523035351E7
2267;6139;2;1.1001289523035351E7
2268;6142;3;1.1001289523035351E7
2269;6146;4;1.1001289523035351E7
2270;6149;3;1.1001289523035351E7
2271;6150;1;1.1001289523035351E7
2272;6151;1;1.1001289523035351E7
2273;6155;4;1.1001289523035351E7
2274;6158;3;1.1001289523035351E7
2275;6159;1;1.1001289523035351E7
2276;6161;2;1.1001289523035351E7
2277;6164;3;1.1001289523035351E7
2278;6166;2;1.1001289523035351E7
2279;6168;2;1.1001289523035351E7
2280;6170;2;1.1001289523035351E7
2281;6170;0;1.1001289523035351E7
2282;6173;3;1.1001289523035351E7
2283;6174;1;1.1001289523035351E7
2284;6175;1;1.1001289523035351E7
2285;6176;1;1.1001289523035351E7
2286;6180;4;1.1001289523035351E7
2287;6184;4;1.1001289523035351E7
2288;6186;2;1.1001266658997139E7
2289;6188;2;1.1001266658997139E7
2290;6190;2;1.1001266658997139E7
2291;6191;1;1.1001266658997139E7
2292;6193;2;1.1001266658997139E7
2293;6195;2;1.1001266658997139E7
2294;6199;4;1.1001266658997139E7
2295;6202;3;1.1001266658997139E7
2296;6205;3;1.1001256427980525E7
2297;6208;3;1.1001256427980525E7
2298;6210;2;1.1001256427980525E7
2299;6210;0;1.1001256427980525E7
2300;6213;3;1.1001256427980525E7
2301;6216;3;1.1001256427980525E7
2302;6219;3;1.1001256427980525E7
2303;6220;1;1.1001253464577291E7
2304;6224;4;1.1001253464577291E7
2305;6226;2;1.1001251010149889E7
2306;6229;3;1.1001237862711854E7
2307;6233;4;1.1001237862711854E7
2308;6237;4;1.1001237862711854E7
2309;6238;1;1.1001237862711854E7
2310;6241;3;1.1001237862711854E7
2311;6242;1;1.1001237862711854E7
2312;6244;2;1.1001237862711854E7
2313;6246;2;1.1001237862711854E7
2314;6250;4;1.1001237862711854E7
2315;6252;2;1.1001237862711854E7
2316;6256;4;1.1001237862711854E7
2317;6259;3;1.1001237862711854E7
2318;6262;3;1.1001237862711854E7
2319;6264;2;1.1001237862711854E7
2320;6268;4;1.1001237862711854E7
2321;6269;1;1.1001237862711854E7
2322;6270;1;1.1001237862711854E7
2323;6271;1;1.1001237862711854E7
2324;6275;4;1.1001237862711854E7
2325;6278;3;1.1001237862711854E7
2326;6286;8;1.1001237862711854E7
2327;6289;3;1.1001237862711854E7
2328;6289;0;1.1001237862711854E7
2329;6291;2;1.1001237862711854E7
2330;6293;2;1.1001237862711854E7
2331;6293;0;1.1001237862711854E7
2332;6295;2;1.1001237862711854E7
2333;6297;2;1.1001237862711854E7
2334;6299;2;1.1001237862711854E7
2335;6301;2;1.1001237862711854E7
2336;6303;2;1.1001237862711854E7
2337;6305;2;1.1001237862711854E7
2338;6306;1;1.1001237862711854E7
2339;6308;2;1.1001237862711854E7
2340;6309;1;1.1001237862711854E7
2341;6311;2;1.1001237862711854E7
2342;6312;1;1.1001237862711854E7
2343;6312;0;1.1001237862711854E7
2344;6314;2;1.1001237862711854E7
2345;6317;3;1.1001237862711854E7
2346;6320;3;1.1001237862711854E7
2347;6325;5;1.1001237862711854E7
2348;6328;3;1.1001237862711854E7
2349;6331;3;1.1001237862711854E7
2350;6333;2;1.1001237862711854E7
2351;6335;2;1.1001237862711854E7
2352;6337;2;1.1001237862711854E7
2353;6338;1;1.1001237862711854E7
2354;6341;3;1.1001237862711854E7
2355;6343;2;1.1001237862711854E7
2356;6347;4;1.1001237862711854E7
2357;6347;0;1.1001237862711854E7
2358;6350;3;1.1001237862711854E7
2359;6352;2;1.1001237862711854E7
2360;6354;2;1.1001237862711854E7
2361;6356;2;1.1001237862711854E7
2362;6358;2;1.1001237862711854E7
2363;6360;2;1.1001237862711854E7
2364;6361;1;1.1001237862711854E7
2365;6362;1;1.1001237862711854E7
2366;6364;2;1.1001237862711854E7
2367;6366;2;1.1001237862711854E7
2368;6368;2;1.1001237862711854E7
2369;6369;1;1.1001237862711854E7
2370;6370;1;1.1001237862711854E7
2371;6371;1;1.1001237862711854E7
2372;6373;2;1.1001237862711854E7
2373;6375;2;1.1001237862711854E7
2374;6376;1;1.1001237862711854E7
2375;6377;1;1.1001237862711854E7
2376;6379;2;1.1001237862711854E7
2377;6381;2;1.1001237862711854E7
2378;6383;2;1.1001237862711854E7
2379;6385;2;1.1001237862711854E7
2380;6387;2;1.1001237862711854E7
2381;6389;2;1.1001237862711854E7
2382;6391;2;1.1001237862711854E7
2383;6393;2;1.1001237862711854E7
2384;6396;3;1.1001237862711854E7
2385;6399;3;1.1001237862711854E7
2386;6401;2;1.1001237862711854E7
2387;6402;1;1.1001237862711854E7
2388;6404;2;1.1001237862711854E7
2389;6408;4;1.1001237862711854E7
2390;6410;2;1.1001237862711854E7
2391;6411;1;1.1001237862711854E7
2392;6412;1;1.1001237862711854E7
2393;6414;2;1.1001237862711854E7
2394;6416;2;1.1001237862711854E7
2395;6418;2;1.1001237862711854E7
2396;6420;2;1.1001237862711854E7
2397;6422;2;1.1001237862711854E7
2398;6426;4;1.1001237862711854E7
2399;6432;6;1.1001237862711854E7
2400;6434;2;1.1001237862711854E7
2401;6438;4;1.1001237862711854E7
2402;6439;1;1.1001237862711854E7
2403;6442;3;1.1001237862711854E7
2404;6446;4;1.1001237862711854E7
2405;6448;2;1.1001237862711854E7
2406;6451;3;1.1001237862711854E7
2407;6453;2;1.1001237862711854E7
2408;6456;3;1.1001237862711854E7
2409;6460;4;1.1001237862711854E7
2410;6462;2;1.1001237862711854E7
2411;6465;3;1.1001237862711854E7
2412;6467;2;1.1001237862711854E7
2413;6468;1;1.1001237862711854E7
2414;6470;2;1.1001237862711854E7
2415;6473;3;1.1001237862711854E7
2416;6474;1;1.1001237862711854E7
2417;6476;2;1.1001237862711854E7
2418;6478;2;1.1001237862711854E7
2419;6480;2;1.1001237862711854E7
2420;6481;1;1.1001237862711854E7
2421;6482;1;1.1001237862711854E7
2422;6485;3;1.1001237862711854E7
2423;6485;0;1.1001237862711854E7
2424;6487;2;1.1001237862711854E7
2425;6490;3;1.1001237862711854E7
2426;6495;5;1.1001237862711854E7
2427;6499;4;1.1001237862711854E7
2428;6502;3;1.1001237862711854E7
2429;6505;3;1.1001237862711854E7
2430;6506;1;1.1001237862711854E7
2431;6506;0;1.1001237862711854E7
2432;6508;2;1.1001237862711854E7
2433;6510;2;1.1001237862711854E7
2434;6512;2;1.1001237862711854E7
2435;6516;4;1.1001237862711854E7
2436;6519;3;1.1001237862711854E7
2437;6522;3;1.1001237862711854E7
2438;6523;1;1.1001237862711854E7
2439;6525;2;1.1001237862711854E7
2440;6527;2;1.1001237862711854E7
2441;6530;3;1.1001237862711854E7
2442;6534;4;1.1001237862711854E7
2443;6537;3;1.1001237862711854E7
2444;6540;3;1.1001237862711854E7
2445;6544;4;1.1001237862711854E7
2446;6547;3;1.1001237862711854E7
2447;6551;4;1.1001237862711854E7
2448;6555;4;1.1001237862711854E7
2449;6557;2;1.1001237862711854E7
2450;6558;1;1.1001237862711854E7
2451;6561;3;1.1001237862711854E7
2452;6563;2;1.1001237862711854E7
2453;6566;3;1.1001237862711854E7
2454;6568;2;1.1001237862711854E7
2455;6571;3;1.1001237862711854E7
2456;6572;1;1.1001237862711854E7
2457;6574;2;1.1001237862711854E7
2458;6577;3;1.1001237862711854E7
2459;6579;2;1.1001237862711854E7
2460;6582;3;1.1001237862711854E7
2461;6585;3;1.1001237862711854E7
2462;6585;0;1.1001237862711854E7
2463;6586;1;1.1001237862711854E7
2464;6589;3;1.1001237862711854E7
2465;6591;2;1.1001237862711854E7
2466;6593;2;1.1001237862711854E7
2467;6596;3;1.1001237862711854E7
2468;6599;3;1.1001237862711854E7
2469;6600;1;1.1001237862711854E7
2470;6602;2;1.1001237862711854E7
2471;6604;2;1.1001237862711854E7
2472;6606;2;1.1001237862711854E7
2473;6606;0;1.1001237862711854E7
2474;6608;2;1.1001237862711854E7
2475;6610;2;1.1001237862711854E7
2476;6612;2;1.1001237862711854E7
2477;6615;3;1.1001237862711854E7
2478;6616;1;1.1001237862711854E7
2479;6618;2;1.1001237862711854E7
2480;6620;2;1.1001237862711854E7
2481;6623;3;1.1001237862711854E7
2482;6625;2;1.1001237862711854E7
2483;6627;2;1.1001237862711854E7
2484;6629;2;1.1001237862711854E7
2485;6632;3;1.1001237862711854E7
2486;6634;2;1.1001237862711854E7
2487;6636;2;1.1001237862711854E7
2488;6638;2;1.1001237862711854E7
2489;6639;1;1.1001237862711854E7
2490;6640;1;1.1001237862711854E7
2491;6641;1;1.1001237862711854E7
2492;6643;2;1.1001237862711854E7
2493;6645;2;1.1001237862711854E7
2494;6647;2;1.1001237862711854E7
2495;6648;1;1.1001237862711854E7
2496;6649;1;1.1001237862711854E7
2497;6652;3;1.1001237862711854E7
2498;6653;1;1.1001237862711854E7
2499;6655;2;1.1001237862711854E7
2500;6657;2;1.1001237862711854E7
2501;6660;3;1.1001237862711854E7
2502;6660;0;1.1001237862711854E7
2503;6662;2;1.1001237862711854E7
2504;6665;3;1.1001237862711854E7
2505;6668;3;1.1001237862711854E7
2506;6670;2;1.1001237862711854E7
2507;6673;3;1.1001237862711854E7
2508;6675;2;1.1001237862711854E7
2509;6677;2;1.1001237862711854E7
2510;6680;3;1.1001237862711854E7
2511;6682;2;1.1001237862711854E7
2512;6685;3;1.1001237862711854E7
2513;6686;1;1.1001237862711854E7
2514;6689;3;1.1001237862711854E7
2515;6692;3;1.1001237862711854E7
2516;6694;2;1.1001237862711854E7
2517;6696;2;1.1001237862711854E7
2518;6699;3;1.1001237862711854E7
2519;6700;1;1.1001237862711854E7
2520;6701;1;1.1001237862711854E7
2521;6703;2;1.1001237862711854E7
2522;6706;3;1.1001237862711854E7
2523;6709;3;1.1001237862711854E7
2524;6712;3;1.1001237862711854E7
2525;6715;3;1.1001237862711854E7
2526;6717;2;1.1001237862711854E7
2527;6718;1;1.1001237862711854E7
2528;6721;3;1.1001237862711854E7
2529;6723;2;1.1001237862711854E7
2530;6723;0;1.1001237862711854E7
2531;6725;2;1.1001237862711854E7
2532;6728;3;1.1001237862711854E7
2533;6730;2;1.1001237862711854E7
2534;6732;2;1.1001237862711854E7
2535;6736;4;1.1001237862711854E7
2536;6737;1;1.1001237862711854E7
2537;6738;1;1.1001237862711854E7
2538;6738;0;1.1001237862711854E7
2539;6740;2;1.1001237862711854E7
2540;6742;2;1.1001237862711854E7
2541;6745;3;1.1001237862711854E7
2542;6748;3;1.1001237862711854E7
2543;6751;3;1.1001237862711854E7
2544;6752;1;1.1001237862711854E7
2545;6754;2;1.1001237862711854E7
2546;6756;2;1.1001237862711854E7
2547;6757;1;1.1001237862711854E7
2548;6759;2;1.1001237862711854E7
2549;6761;2;1.1001237862711854E7
2550;6762;1;1.1001237862711854E7
2551;6764;2;1.1001237862711854E7
2552;6765;1;1.1001237862711854E7
2553;6766;1;1.1001237862711854E7
2554;6768;2;1.1001237862711854E7
2555;6772;4;1.1001237862711854E7
2556;6775;3;1.1001237862711854E7
2557;6775;0;1.1001237308926305E7
2558;6777;2;1.1001237308926305E7
2559;6779;2;1.1001237308926305E7
2560;6783;4;1.1001237308926305E7
2561;6785;2;1.1001237308926305E7
2562;6786;1;1.1001237308926305E7
2563;6788;2;1.1001237308926305E7
2564;6791;3;1.1001237308926305E7
2565;6794;3;1.1001235583190674E7
2566;6796;2;1.1001235583190674E7
2567;6798;2;1.1001235583190674E7
2568;6800;2;1.1001235583190674E7
2569;6802;2;1.1001235583190674E7
2570;6803;1;1.1001235583190674E7
2571;6805;2;1.1001235583190674E7
2572;6806;1;1.1001235583190674E7
2573;6808;2;1.1001235583190674E7
2574;6811;3;1.1001235583190674E7
2575;6812;1;1.1001235583190674E7
2576;6818;6;1.1001235583190674E7
2577;6820;2;1.1001235583190674E7
2578;6822;2;1.1001235583190674E7
2579;6824;2;1.1001235583190674E7
2580;6827;3;1.1001235583190674E7
2581;6831;4;1.1001235583190674E7
2582;6834;3;1.1001235583190674E7
2583;6836;2;1.1001235583190674E7
2584;6839;3;1.1001235583190674E7
2585;6842;3;1.1001235583190674E7
2586;6845;3;1.1001235583190674E7
2587;6848;3;1.1001235583190674E7
2588;6850;2;1.1001235583190674E7
2589;6851;1;1.1001235583190674E7
2590;6851;0;1.1001235583190674E7
2591;6853;2;1.1001221566876812E7
2592;6856;3;1.1001221566876812E7
2593;6857;1;1.1001221566876812E7
2594;6859;2;1.1001221566876812E7
2595;6862;3;1.1001221566876812E7
2596;6865;3;1.1001221566876812E7
2597;6867;2;1.1001212928368727E7
2598;6869;2;1.1001212928368727E7
2599;6871;2;1.1001212928368727E7
2600;6873;2;1.1001212928368727E7
2601;6876;3;1.1001212928368727E7
2602;6878;2;1.1001212928368727E7
2603;6880;2;1.1001212928368727E7
2604;6882;2;1.1001212928368727E7
2605;6884;2;1.1001212928368727E7
2606;6887;3;1.1001212928368727E7
2607;6889;2;1.1001212928368727E7
2608;6892;3;1.1001212928368727E7
2609;6894;2;1.1001212928368727E7
2610;6895;1;1.1001212928368727E7
2611;6897;2;1.1001212928368727E7
2612;6899;2;1.1001212928368727E7
2613;6900;1;1.1001212928368727E7
2614;6903;3;1.1001212928368727E7
2615;6906;3;1.1001212928368727E7
2616;6908;2;1.1001212928368727E7
2617;6910;2;1.1001212928368727E7
2618;6912;2;1.1001212928368727E7
2619;6913;1;1.1001212928368727E7
2620;6916;3;1.1001212928368727E7
2621;6916;0;1.1001212928368727E7
2622;6918;2;1.1001212928368727E7
2623;6920;2;1.1001212928368727E7
2624;6921;1;1.1001212928368727E7
2625;6922;1;1.1001212928368727E7
2626;6923;1;1.1001212928368727E7
2627;6925;2;1.1001212928368727E7
2628;6927;2;1.1001212928368727E7
2629;6929;2;1.1001212928368727E7
2630;6930;1;1.1001212928368727E7
2631;6933;3;1.1001212928368727E7
2632;6935;2;1.1001212928368727E7
2633;6937;2;1.1001212928368727E7
2634;6939;2;1.1001212928368727E7
2635;6941;2;1.1001212928368727E7
2636;6946;5;1.1001212928368727E7
2637;6949;3;1.1001212928368727E7
2638;6951;2;1.1001212928368727E7
2639;6952;1;1.1001212928368727E7
2640;6953;1;1.1001212928368727E7
2641;6955;2;1.1001212928368727E7
2642;6957;2;1.1001212928368727E7
2643;6958;1;1.1001212928368727E7
2644;6960;2;1.1001212928368727E7
2645;6962;2;1.1001212928368727E7
2646;6965;3;1.1001212928368727E7
2647;6968;3;1.1001212928368727E7
2648;6969;1;1.1001212928368727E7
2649;6971;2;1.1001212928368727E7
2650;6971;0;1.1001212928368727E7
2651;6972;1;1.1001212928368727E7
2652;6972;0;1.1001212928368727E7
2653;6975;3;1.1001212928368727E7
2654;6977;2;1.1001212928368727E7
2655;6980;3;1.1001212928368727E7
2656;6982;2;1.1001212928368727E7
2657;6983;1;1.1001212928368727E7
2658;6985;2;1.1001212928368727E7
2659;6989;4;1.1001212928368727E7
2660;6990;1;1.1001212928368727E7
2661;6996;6;1.1001212928368727E7
2662;6996;0;1.1001212928368727E7
2663;6998;2;1.1001212928368727E7
2664;7000;2;1.1001212928368727E7
2665;7003;3;1.1001212928368727E7
2666;7005;2;1.1001212928368727E7
2667;7006;1;1.1001212928368727E7
2668;7008;2;1.1001212928368727E7
2669;7010;2;1.1001212928368727E7
2670;7013;3;1.1001212928368727E7
2671;7013;0;1.1001212928368727E7
2672;7015;2;1.1001212928368727E7
2673;7017;2;1.1001212928368727E7
2674;7019;2;1.1001212928368727E7
2675;7020;1;1.1001212928368727E7
2676;7023;3;1.1001212928368727E7
2677;7024;1;1.1001212928368727E7
2678;7026;2;1.1001212928368727E7
2679;7030;4;1.1001212928368727E7
2680;7036;6;1.1001212928368727E7
2681;7039;3;1.1001212928368727E7
2682;7039;0;1.1001212928368727E7
2683;7041;2;1.1001212928368727E7
2684;7044;3;1.1001212928368727E7
2685;7046;2;1.1001212928368727E7
2686;7047;1;1.1001212928368727E7
2687;7050;3;1.1001212928368727E7
2688;7051;1;1.1001212928368727E7
2689;7053;2;1.1001212928368727E7
2690;7054;1;1.1001212928368727E7
2691;7056;2;1.1001212928368727E7
2692;7057;1;1.1001212928368727E7
2693;7059;2;1.1001212928368727E7
2694;7060;1;1.1001212928368727E7
2695;7060;0;1.1001212928368727E7
2696;7063;3;1.1001212928368727E7
2697;7066;3;1.1001212928368727E7
2698;7068;2;1.1001212928368727E7
2699;7069;1;1.1001212928368727E7
2700;7071;2;1.1001212928368727E7
2701;7073;2;1.1001212928368727E7
2702;7075;2;1.1001212928368727E7
2703;7077;2;1.1001212928368727E7
2704;7082;5;1.1001212928368727E7
2705;7085;3;1.1001212928368727E7
2706;7087;2;1.1001212928368727E7
2707;7088;1;1.1001212928368727E7
2708;7090;2;1.1001212928368727E7
2709;7091;1;1.1001212928368727E7
2710;7094;3;1.1001212928368727E7
2711;7096;2;1.1001212928368727E7
2712;7098;2;1.1001212928368727E7
2713;7101;3;1.1001212928368727E7
2714;7104;3;1.1001212928368727E7
2715;7106;2;1.1001212928368727E7
2716;7107;1;1.1001212928368727E7
2717;7108;1;1.1001212928368727E7
2718;7111;3;1.1001212928368727E7
2719;7114;3;1.1001212928368727E7
2720;7118;4;1.1001212928368727E7
2721;7119;1;1.1001212928368727E7
2722;7121;2;1.1001212928368727E7
2723;7122;1;1.1001212928368727E7
2724;7125;3;1.1001212928368727E7
2725;7127;2;1.1001212928368727E7
2726;7130;3;1.1001212928368727E7
2727;7132;2;1.1001212928368727E7
2728;7135;3;1.1001212928368727E7
2729;7137;2;1.1001212928368727E7
2730;7140;3;1.1001212928368727E7
2731;7142;2;1.1001212928368727E7
2732;7143;1;1.1001212928368727E7
2733;7146;3;1.1001212928368727E7
2734;7147;1;1.1001212928368727E7
2735;7150;3;1.1001212928368727E7
2736;7150;0;1.1001212928368727E7
2737;7152;2;1.1001212928368727E7
2738;7154;2;1.1001212928368727E7
2739;7156;2;1.1001212928368727E7
2740;7157;1;1.1001212928368727E7
2741;7159;2;1.1001212928368727E7
2742;7162;3;1.1001212928368727E7
2743;7163;1;1.1001212928368727E7
2744;7166;3;1.1001212928368727E7
2745;7168;2;1.1001212928368727E7
2746;7169;1;1.1001212928368727E7
2747;7171;2;1.1001212928368727E7
2748;7173;2;1.1001212928368727E7
2749;7175;2;1.1001212928368727E7
2750;7177;2;1.1001212928368727E7
2751;7179;2;1.1001212928368727E7
2752;7179;0;1.1001212928368727E7
2753;7181;2;1.1001212928368727E7
2754;7182;1;1.1001212928368727E7
2755;7183;1;1.1001212928368727E7
2756;7185;2;1.1001212928368727E7
2757;7187;2;1.1001212928368727E7
2758;7188;1;1.1001212928368727E7
2759;7189;1;1.1001212928368727E7
2760;7190;1;1.1001212928368727E7
2761;7192;2;1.1001212928368727E7
2762;7192;0;1.1001212928368727E7
2763;7194;2;1.1001212928368727E7
2764;7196;2;1.1001212928368727E7
2765;7198;2;1.1001212928368727E7
2766;7200;2;1.1001212928368727E7
2767;7201;1;1.1001212928368727E7
2768;7203;2;1.1001212928368727E7
2769;7207;4;1.1001212928368727E7
2770;7208;1;1.1001212928368727E7
2771;7210;2;1.1001212928368727E7
2772;7211;1;1.1001212928368727E7
2773;7213;2;1.1001212928368727E7
2774;7215;2;1.1001212928368727E7
2775;7217;2;1.1001212928368727E7
2776;7219;2;1.1001212928368727E7
2777;7221;2;1.1001212928368727E7
2778;7223;2;1.1001212928368727E7
2779;7226;3;1.1001212928368727E7
2780;7228;2;1.1001212928368727E7
2781;7230;2;1.1001212928368727E7
2782;7232;2;1.1001212928368727E7
2783;7235;3;1.1001212928368727E7
2784;7236;1;1.1001212928368727E7
2785;7237;1;1.1001212928368727E7
2786;7239;2;1.1001212928368727E7
2787;7240;1;1.1001212928368727E7
2788;7245;5;1.1001212928368727E7
2789;7247;2;1.1001212928368727E7
2790;7249;2;1.1001212928368727E7
2791;7251;2;1.1001212928368727E7
2792;7253;2;1.1001212928368727E7
2793;7266;13;1.1001212928368727E7
2794;7267;1;1.1001212928368727E7
2795;7271;4;1.1001212928368727E7
2796;7273;2;1.1001212928368727E7
2797;7273;0;1.1001212928368727E7
2798;7276;3;1.1001212928368727E7
2799;7278;2;1.1001212928368727E7
2800;7280;2;1.1001212928368727E7
2801;7283;3;1.1001212928368727E7
2802;7287;4;1.1001212928368727E7
2803;7290;3;1.1001212928368727E7
2804;7294;4;1.1001212928368727E7
2805;7299;5;1.1001212928368727E7
2806;7303;4;1.1001212928368727E7
2807;7307;4;1.1001212928368727E7
2808;7309;2;1.1001212928368727E7
2809;7312;3;1.1001212928368727E7
2810;7315;3;1.1001212928368727E7
2811;7316;1;1.1001212928368727E7
2812;7321;5;1.1001212928368727E7
2813;7324;3;1.1001212928368727E7
2814;7325;1;1.1001212928368727E7
2815;7328;3;1.1001212928368727E7
2816;7333;5;1.1001212928368727E7
2817;7336;3;1.1001212928368727E7
2818;7338;2;1.1001212928368727E7
2819;7339;1;1.1001212928368727E7
2820;7342;3;1.1001212928368727E7
2821;7344;2;1.1001212928368727E7
2822;7346;2;1.1001212928368727E7
2823;7349;3;1.1001212928368727E7
2824;7350;1;1.1001212928368727E7
2825;7351;1;1.1001212928368727E7
2826;7351;0;1.1001212928368727E7
2827;7353;2;1.1001212928368727E7
2828;7356;3;1.1001212928368727E7
2829;7358;2;1.1001212928368727E7
2830;7360;2;1.1001212928368727E7
2831;7361;1;1.1001212928368727E7
2832;7365;4;1.1001212928368727E7
2833;7368;3;1.1001212928368727E7
2834;7371;3;1.1001212928368727E7
2835;7373;2;1.1001212928368727E7
2836;7375;2;1.1001212928368727E7
2837;7376;1;1.1001212928368727E7
2838;7377;1;1.1001212928368727E7
2839;7379;2;1.1001212928368727E7
2840;7380;1;1.1001212928368727E7
2841;7382;2;1.1001212928368727E7
2842;7383;1;1.1001212928368727E7
2843;7386;3;1.1001212928368727E7
2844;7388;2;1.1001212928368727E7
2845;7388;0;1.1001212928368727E7
2846;7390;2;1.1001212928368727E7
2847;7392;2;1.1001212928368727E7
2848;7393;1;1.1001212928368727E7
2849;7395;2;1.1001212928368727E7
2850;7398;3;1.1001212928368727E7
2851;7401;3;1.1001212928368727E7
2852;7405;4;1.1001212928368727E7
2853;7406;1;1.1001212928368727E7
2854;7406;0;1.1001212928368727E7
2855;7409;3;1.1001212928368727E7
2856;7412;3;1.1001212928368727E7
2857;7413;1;1.1001212928368727E7
2858;7415;2;1.1001212928368727E7
2859;7417;2;1.1001212928368727E7
2860;7419;2;1.1001212928368727E7
2861;7420;1;1.1001212928368727E7
2862;7422;2;1.1001212928368727E7
2863;7426;4;1.1001212928368727E7
2864;7428;2;1.1001212928368727E7
2865;7431;3;1.1001212928368727E7
2866;7431;0;1.1001212928368727E7
2867;7433;2;1.1001212928368727E7
2868;7433;0;1.1001212928368727E7
2869;7434;1;1.1001212928368727E7
2870;7436;2;1.1001212928368727E7
2871;7437;1;1.1001212928368727E7
2872;7438;1;1.1001212928368727E7
2873;7441;3;1.1001212928368727E7
2874;7442;1;1.1001212928368727E7
2875;7446;4;1.1001212928368727E7
2876;7450;4;1.1001212928368727E7
2877;7452;2;1.1001212928368727E7
2878;7457;5;1.1001212928368727E7
2879;7463;6;1.1001212928368727E7
2880;7467;4;1.1001212928368727E7
2881;7468;1;1.1001212928368727E7
2882;7473;5;1.1001212928368727E7
2883;7477;4;1.1001212928368727E7
2884;7484;7;1.1001212928368727E7
2885;7489;5;1.1001212928368727E7
2886;7492;3;1.1001212928368727E7
2887;7493;1;1.1001212928368727E7
2888;7499;6;1.1001212928368727E7
2889;7503;4;1.1001212928368727E7
2890;7505;2;1.1001212928368727E7
2891;7510;5;1.1001212928368727E7
2892;7515;5;1.1001209672504338E7
2893;7517;2;1.1001209672504338E7
2894;7523;6;1.1001209672504338E7
2895;7527;4;1.1001209672504338E7
2896;7533;6;1.100120395926017E7
2897;7537;4;1.100120395926017E7
2898;7542;5;1.100120395926017E7
2899;7544;2;1.100120395926017E7
2900;7549;5;1.100120299242663E7
2901;7553;4;1.100120299242663E7
2902;7558;5;1.100120299242663E7
2903;7559;1;1.100120299242663E7
2904;7561;2;1.100120299242663E7
2905;7567;6;1.100120299242663E7
2906;7571;4;1.100120299242663E7
2907;7574;3;1.100120299242663E7
2908;7576;2;1.100120299242663E7
2909;7578;2;1.100120299242663E7
2910;7580;2;1.100120299242663E7
2911;7585;5;1.100120299242663E7
2912;7588;3;1.100120299242663E7
2913;7592;4;1.100120299242663E7
2914;7596;4;1.100119588557279E7
2915;7597;1;1.100119588557279E7
2916;7601;4;1.1001195252959857E7
2917;7603;2;1.1001195252959857E7
2918;7607;4;1.1001195252959857E7
2919;7615;8;1.1001195252959857E7
2920;7617;2;1.1001195252959857E7
2921;7618;1;1.1001195252959857E7
2922;7620;2;1.1001195252959857E7
2923;7621;1;1.1001195252959857E7
2924;7623;2;1.1001195252959857E7
2925;7629;6;1.1001195252959857E7
2926;7630;1;1.1001195252959857E7
2927;7633;3;1.1001195252959857E7
2928;7639;6;1.1001195252959857E7
2929;7640;1;1.1001195252959857E7
2930;7645;5;1.1001195252959857E7
2931;7647;2;1.1001193433097614E7
2932;7648;1;1.1001193433097614E7
2933;7650;2;1.1001193433097614E7
2934;7652;2;1.1001193433097614E7
2935;7654;2;1.1001193433097614E7
2936;7655;1;1.1001193433097614E7
2937;7657;2;1.1001193433097614E7
2938;7661;4;1.1001193433097614E7
2939;7664;3;1.1001193433097614E7
2940;7666;2;1.1001192317428142E7
2941;7666;0;1.1001192317428142E7
2942;7668;2;1.1001192317428142E7
2943;7670;2;1.1001192317428142E7
2944;7672;2;1.1001192317428142E7
2945;7673;1;1.1001192317428142E7
2946;7673;0;1.1001192317428142E7
2947;7676;3;1.1001192317428142E7
2948;7679;3;1.1001192317428142E7
2949;7681;2;1.1001192317428142E7
2950;7682;1;1.1001192317428142E7
2951;7685;3;1.1001192317428142E7
2952;7687;2;1.1001192317428142E7
2953;7687;0;1.1001192317428142E7
2954;7688;1;1.100118466955964E7
2955;7690;2;1.100118466955964E7
2956;7692;2;1.100118466955964E7
2957;7696;4;1.100118466955964E7
2958;7699;3;1.100118466955964E7
2959;7699;0;1.100118466955964E7
2960;7702;3;1.100118466955964E7
2961;7703;1;1.100118466955964E7
2962;7705;2;1.100118466955964E7
2963;7707;2;1.100118466955964E7
2964;7709;2;1.100118466955964E7
2965;7712;3;1.100118466955964E7
2966;7713;1;1.100118466955964E7
2967;7715;2;1.100118466955964E7
2968;7716;1;1.100118466955964E7
2969;7718;2;1.100118466955964E7
2970;7720;2;1.100118466955964E7
2971;7722;2;1.100118466955964E7
2972;7723;1;1.100118466955964E7
2973;7725;2;1.100118466955964E7
2974;7728;3;1.1001183789403608E7
2975;7729;1;1.1001183789403608E7
2976;7730;1;1.1001183789403608E7
2977;7731;1;1.1001183789403608E7
2978;7733;2;1.1001183789403608E7
2979;7735;2;1.1001183789403608E7
2980;7737;2;1.1001183789403608E7
2981;7740;3;1.1001183789403608E7
2982;7744;4;1.1001183789403608E7
2983;7747;3;1.1001183789403608E7
2984;7748;1;1.1001183789403608E7
2985;7751;3;1.1001183789403608E7
2986;7753;2;1.1001183789403608E7
2987;7756;3;1.1001183226915954E7
2988;7757;1;1.1001183226915954E7
2989;7757;0;1.1001183226915954E7
2990;7761;4;1.1001183226915954E7
2991;7763;2;1.1001183226915954E7
2992;7763;0;1.1001183226915954E7
2993;7764;1;1.1001183226915954E7
2994;7766;2;1.1001183226915954E7
2995;7768;2;1.1001183226915954E7
2996;7770;2;1.1001183226915954E7
2997;7771;1;1.1001183226915954E7
2998;7773;2;1.1001183226915954E7
2999;7775;2;1.1001183226915954E7
