Index;Time point [ms];Iteration length [ms];Cost
0;8;8;4002309.880531352
1;14;6;4002223.654600879
2;18;4;4002223.654600879
3;24;6;4001955.514451283
4;28;4;4001753.9901850177
5;32;4;4001515.685793431
6;35;3;4001515.685793431
7;39;4;4001515.685793431
8;40;1;4001515.685793431
9;44;4;4001515.685793431
10;48;4;4001515.685793431
11;51;3;4001515.685793431
12;56;5;4001279.9079732653
13;61;5;4001279.9079732653
14;66;5;4001279.9079732653
15;68;2;4001279.9079732653
16;68;0;4001279.9079732653
17;72;4;4001279.9079732653
18;76;4;4001279.9079732653
19;81;5;4001279.9079732653
20;86;5;4001279.9079732653
21;92;6;4001279.9079732653
22;96;4;4001279.9079732653
23;100;4;4001279.9079732653
24;102;2;4001279.9079732653
25;103;1;4001279.9079732653
26;103;0;4001279.9079732653
27;108;5;4001216.0112445685
28;113;5;4001141.543400133
29;119;6;4001141.543400133
30;123;4;4001141.543400133
31;127;4;4001141.543400133
32;131;4;4001141.543400133
33;136;5;4001141.543400133
34;136;0;4001141.543400133
35;143;7;4001141.543400133
36;148;5;4001141.543400133
37;148;0;4001141.543400133
38;150;2;4001141.543400133
39;157;7;4001141.543400133
40;161;4;4001141.543400133
41;166;5;4001141.543400133
42;167;1;4001141.543400133
43;171;4;4001141.543400133
44;176;5;4001141.543400133
45;180;4;4001141.543400133
46;187;7;4001106.0496422416
47;193;6;4001019.2540128236
48;198;5;4001006.493087991
49;201;3;4000909.0854521664
50;208;7;4000909.0854521664
51;212;4;4000909.0854521664
52;219;7;4000909.0854521664
53;226;7;4000909.0854521664
54;232;6;4000909.0854521664
55;242;10;4000909.0854521664
56;251;9;4000909.0854521664
57;264;13;4000909.0854521664
58;275;11;4000816.3917556074
59;281;6;4000816.3917556074
60;283;2;4000797.667692383
61;296;13;4000797.667692383
62;299;3;4000797.667692383
63;309;10;4000797.667692383
64;315;6;4000797.667692383
65;319;4;4000797.667692383
66;326;7;4000797.667692383
67;327;1;4000797.667692383
68;331;4;4000797.667692383
69;332;1;4000797.667692383
70;339;7;4000797.667692383
71;344;5;4000797.667692383
72;351;7;4000797.667692383
73;358;7;4000797.667692383
74;366;8;4000797.667692383
75;375;9;4000797.667692383
76;382;7;4000797.667692383
77;388;6;4000797.667692383
78;396;8;4000797.667692383
79;401;5;4000797.667692383
80;402;1;4000797.667692383
81;405;3;4000797.667692383
82;407;2;4000797.667692383
83;408;1;4000797.667692383
84;414;6;4000797.667692383
85;418;4;4000797.667692383
86;419;1;4000797.667692383
87;425;6;4000797.667692383
88;432;7;4000797.667692383
89;439;7;4000797.667692383
90;445;6;4000797.667692383
91;452;7;4000797.667692383
92;459;7;4000797.667692383
93;463;4;4000797.667692383
94;466;3;4000797.667692383
95;471;5;4000797.667692383
96;478;7;4000797.667692383
97;482;4;4000797.667692383
98;488;6;4000797.667692383
99;490;2;4000797.667692383
100;493;3;4000797.667692383
101;498;5;4000797.667692383
102;498;0;4000797.667692383
103;503;5;4000797.667692383
104;507;4;4000797.667692383
105;511;4;4000797.667692383
106;515;4;4000797.667692383
107;521;6;4000797.667692383
108;524;3;4000797.667692383
109;530;6;4000797.667692383
110;531;1;4000797.667692383
111;533;2;4000797.667692383
112;537;4;4000797.667692383
113;541;4;4000797.667692383
114;544;3;4000797.667692383
115;551;7;4000797.667692383
116;551;0;4000797.667692383
117;554;3;4000797.667692383
118;559;5;4000797.667692383
119;566;7;4000797.667692383
120;571;5;4000797.667692383
121;579;8;4000797.667692383
122;584;5;4000797.667692383
123;593;9;4000797.667692383
124;596;3;4000797.667692383
125;601;5;4000797.667692383
126;602;1;4000797.667692383
127;611;9;4000797.667692383
128;615;4;4000797.667692383
129;620;5;4000797.667692383
130;628;8;4000797.667692383
131;634;6;4000797.667692383
132;639;5;4000797.667692383
133;640;1;4000797.667692383
134;641;1;4000797.667692383
135;648;7;4000797.667692383
136;650;2;4000797.667692383
137;656;6;4000797.667692383
138;661;5;4000797.667692383
139;662;1;4000797.667692383
140;668;6;4000797.667692383
141;672;4;4000797.667692383
142;677;5;4000797.667692383
143;683;6;4000797.667692383
144;684;1;4000797.667692383
145;689;5;4000797.667692383
146;692;3;4000797.667692383
147;696;4;4000797.667692383
148;702;6;4000797.667692383
149;704;2;4000797.667692383
150;705;1;4000797.667692383
151;706;1;4000797.667692383
152;712;6;4000797.667692383
153;713;1;4000797.667692383
154;720;7;4000797.667692383
155;726;6;4000797.667692383
156;729;3;4000797.667692383
157;732;3;4000797.667692383
158;737;5;4000797.667692383
159;741;4;4000797.667692383
160;746;5;4000797.667692383
161;746;0;4000797.667692383
162;751;5;4000797.667692383
163;755;4;4000797.667692383
164;762;7;4000797.667692383
165;763;1;4000797.667692383
166;769;6;4000797.667692383
167;770;1;4000797.667692383
168;777;7;4000797.667692383
169;782;5;4000797.667692383
170;786;4;4000797.667692383
171;791;5;4000797.667692383
172;796;5;4000797.667692383
173;803;7;4000797.667692383
174;808;5;4000797.667692383
175;808;0;4000797.667692383
176;812;4;4000797.667692383
177;815;3;4000797.667692383
178;822;7;4000797.667692383
179;827;5;4000797.667692383
180;833;6;4000797.667692383
181;834;1;4000797.667692383
182;837;3;4000797.667692383
183;838;1;4000797.667692383
184;844;6;4000797.667692383
185;849;5;4000797.667692383
186;854;5;4000797.667692383
187;861;7;4000797.667692383
188;864;3;4000797.667692383
189;868;4;4000797.667692383
190;872;4;4000797.667692383
191;880;8;4000797.667692383
192;882;2;4000797.667692383
193;885;3;4000797.667692383
194;889;4;4000797.667692383
195;897;8;4000797.667692383
196;898;1;4000797.667692383
197;905;7;4000797.667692383
198;913;8;4000797.667692383
199;915;2;4000797.667692383
200;922;7;4000797.667692383
201;931;9;4000797.667692383
202;937;6;4000797.667692383
203;940;3;4000797.667692383
204;948;8;4000797.667692383
205;953;5;4000797.667692383
206;953;0;4000797.667692383
207;960;7;4000797.667692383
208;961;1;4000797.667692383
209;967;6;4000797.667692383
210;973;6;4000797.667692383
211;974;1;4000797.667692383
212;984;10;4000797.667692383
213;992;8;4000797.667692383
214;1000;8;4000797.667692383
215;1003;3;4000797.667692383
216;1012;9;4000797.667692383
217;1019;7;4000797.667692383
218;1023;4;4000797.667692383
219;1033;10;4000797.667692383
220;1034;1;4000797.667692383
221;1036;2;4000797.667692383
222;1043;7;4000797.667692383
223;1052;9;4000797.667692383
224;1055;3;4000797.667692383
225;1061;6;4000797.667692383
226;1068;7;4000797.667692383
227;1077;9;4000797.667692383
228;1086;9;4000797.667692383
229;1093;7;4000797.667692383
230;1097;4;4000797.667692383
231;1101;4;4000797.667692383
232;1104;3;4000797.667692383
233;1113;9;4000797.667692383
234;1118;5;4000797.667692383
235;1125;7;4000797.667692383
236;1127;2;4000797.667692383
237;1131;4;4000797.667692383
238;1135;4;4000797.667692383
239;1136;1;4000797.667692383
240;1140;4;4000797.667692383
241;1151;11;4000797.667692383
242;1158;7;4000797.667692383
243;1164;6;4000797.667692383
244;1170;6;4000797.667692383
245;1176;6;4000797.667692383
246;1180;4;4000797.667692383
247;1183;3;4000797.667692383
248;1189;6;4000797.667692383
249;1194;5;4000797.667692383
250;1199;5;4000797.667692383
251;1206;7;4000797.667692383
252;1208;2;4000797.667692383
253;1214;6;4000797.667692383
254;1215;1;4000797.667692383
255;1219;4;4000797.667692383
256;1224;5;4000797.667692383
257;1229;5;4000797.667692383
258;1232;3;4000797.667692383
259;1237;5;4000797.667692383
260;1241;4;4000797.667692383
261;1247;6;4000797.667692383
262;1250;3;4000797.667692383
263;1254;4;4000797.667692383
264;1260;6;4000797.667692383
265;1266;6;4000797.667692383
266;1270;4;4000797.667692383
267;1275;5;4000797.667692383
268;1278;3;4000797.667692383
269;1285;7;4000797.667692383
270;1290;5;4000797.667692383
271;1293;3;4000797.667692383
272;1296;3;4000797.667692383
273;1297;1;4000797.667692383
274;1303;6;4000797.667692383
275;1310;7;4000797.667692383
276;1315;5;4000797.667692383
277;1320;5;4000797.667692383
278;1324;4;4000797.667692383
279;1330;6;4000797.667692383
280;1336;6;4000797.667692383
281;1341;5;4000797.667692383
282;1342;1;4000797.667692383
283;1345;3;4000797.667692383
284;1351;6;4000797.667692383
285;1355;4;4000797.667692383
286;1359;4;4000797.667692383
287;1364;5;4000797.667692383
288;1369;5;4000797.667692383
289;1376;7;4000797.667692383
290;1380;4;4000797.667692383
291;1380;0;4000797.667692383
292;1384;4;4000797.667692383
293;1388;4;4000797.667692383
294;1391;3;4000797.667692383
295;1391;0;4000797.667692383
296;1395;4;4000797.667692383
297;1395;0;4000797.667692383
298;1396;1;4000797.667692383
299;1403;7;4000797.667692383
300;1406;3;4000797.667692383
301;1411;5;4000797.667692383
302;1414;3;4000797.667692383
303;1418;4;4000797.667692383
304;1420;2;4000797.667692383
305;1425;5;4000797.667692383
306;1429;4;4000797.667692383
307;1434;5;4000797.667692383
308;1440;6;4000797.667692383
309;1444;4;4000797.667692383
310;1446;2;4000797.667692383
311;1449;3;4000797.667692383
312;1455;6;4000797.667692383
313;1459;4;4000797.667692383
314;1463;4;4000797.667692383
315;1467;4;4000797.667692383
316;1467;0;4000797.667692383
317;1470;3;4000797.667692383
318;1475;5;4000797.667692383
319;1479;4;4000797.667692383
320;1483;4;4000797.667692383
321;1489;6;4000797.667692383
322;1494;5;4000797.667692383
323;1497;3;4000797.667692383
324;1503;6;4000797.667692383
325;1512;9;4000797.667692383
326;1516;4;4000797.667692383
327;1519;3;4000797.667692383
328;1522;3;4000797.667692383
329;1530;8;4000797.667692383
330;1532;2;4000797.667692383
331;1538;6;4000797.667692383
332;1542;4;4000797.667692383
333;1546;4;4000797.667692383
334;1551;5;4000797.667692383
335;1557;6;4000797.667692383
336;1560;3;4000797.667692383
337;1566;6;4000797.667692383
338;1569;3;4000748.4875552813
339;1575;6;4000748.4875552813
340;1578;3;4000739.0315743526
341;1582;4;4000739.0315743526
342;1586;4;4000739.0315743526
343;1591;5;4000739.0315743526
344;1594;3;4000739.0315743526
345;1597;3;4000739.0315743526
346;1605;8;4000739.0315743526
347;1608;3;4000739.0315743526
348;1612;4;4000739.0315743526
349;1612;0;4000739.0315743526
350;1617;5;4000739.0315743526
351;1623;6;4000739.0315743526
352;1629;6;4000739.0315743526
353;1632;3;4000739.0315743526
354;1641;9;4000739.0315743526
355;1645;4;4000739.0315743526
356;1653;8;4000739.0315743526
357;1657;4;4000739.0315743526
358;1663;6;4000739.0315743526
359;1668;5;4000739.0315743526
360;1675;7;4000739.0315743526
361;1679;4;4000739.0315743526
362;1684;5;4000739.0315743526
363;1690;6;4000739.0315743526
364;1696;6;4000739.0315743526
365;1703;7;4000739.0315743526
366;1707;4;4000739.0315743526
367;1711;4;4000695.941078875
368;1714;3;4000683.0637525767
369;1715;1;4000683.0637525767
370;1719;4;4000683.0637525767
371;1721;2;4000683.0637525767
372;1726;5;4000683.0637525767
373;1730;4;4000683.0637525767
374;1731;1;4000683.0637525767
375;1734;3;4000683.0637525767
376;1735;1;4000683.0637525767
377;1737;2;4000683.0637525767
378;1741;4;4000683.0637525767
379;1745;4;4000683.0637525767
380;1746;1;4000683.0637525767
381;1749;3;4000683.0637525767
382;1754;5;4000683.0637525767
383;1759;5;4000683.0637525767
384;1765;6;4000683.0637525767
385;1769;4;4000683.0637525767
386;1779;10;4000683.0637525767
387;1781;2;4000683.0637525767
388;1784;3;4000683.0637525767
389;1787;3;4000683.0637525767
390;1788;1;4000683.0637525767
391;1793;5;4000683.0637525767
392;1800;7;4000683.0637525767
393;1805;5;4000683.0637525767
394;1805;0;4000683.0637525767
395;1810;5;4000683.0637525767
396;1813;3;4000683.0637525767
397;1816;3;4000683.0637525767
398;1820;4;4000683.0637525767
399;1823;3;4000683.0637525767
400;1824;1;4000683.0637525767
401;1829;5;4000683.0637525767
402;1830;1;4000683.0637525767
403;1834;4;4000683.0637525767
404;1835;1;4000683.0637525767
405;1841;6;4000683.0637525767
406;1844;3;4000683.0637525767
407;1850;6;4000683.0637525767
408;1856;6;4000683.0637525767
409;1862;6;4000683.0637525767
410;1868;6;4000683.0637525767
411;1874;6;4000683.0637525767
412;1876;2;4000683.0637525767
413;1883;7;4000683.0637525767
414;1889;6;4000683.0637525767
415;1893;4;4000683.0637525767
416;1901;8;4000683.0637525767
417;1930;29;4000683.0637525767
418;1936;6;4000683.0637525767
419;1941;5;4000683.0637525767
420;1951;10;4000683.0637525767
421;1957;6;4000683.0637525767
422;1960;3;4000683.0637525767
423;1971;11;4000683.0637525767
424;1972;1;4000683.0637525767
425;1975;3;4000683.0637525767
426;1982;7;4000683.0637525767
427;1985;3;4000683.0637525767
428;1986;1;4000683.0637525767
429;1990;4;4000683.0637525767
430;1994;4;4000683.0637525767
431;2002;8;4000683.0637525767
432;2005;3;4000683.0637525767
433;2010;5;4000683.0637525767
434;2010;0;4000683.0637525767
435;2016;6;4000683.0637525767
436;2019;3;4000683.0637525767
437;2024;5;4000683.0637525767
438;2028;4;4000683.0637525767
439;2029;1;4000683.0637525767
440;2035;6;4000683.0637525767
441;2039;4;4000683.0637525767
442;2044;5;4000683.0637525767
443;2050;6;4000683.0637525767
444;2053;3;4000683.0637525767
445;2059;6;4000683.0637525767
446;2063;4;4000683.0637525767
447;2065;2;4000683.0637525767
448;2071;6;4000683.0637525767
449;2077;6;4000683.0637525767
450;2081;4;4000683.0637525767
451;2084;3;4000683.0637525767
452;2089;5;4000683.0637525767
453;2093;4;4000683.0637525767
454;2096;3;4000683.0637525767
455;2097;1;4000683.0637525767
456;2101;4;4000683.0637525767
457;2101;0;4000683.0637525767
458;2106;5;4000683.0637525767
459;2109;3;4000683.0637525767
460;2115;6;4000683.0637525767
461;2121;6;4000683.0637525767
462;2127;6;4000683.0637525767
463;2130;3;4000683.0637525767
464;2131;1;4000683.0637525767
465;2138;7;4000683.0637525767
466;2145;7;4000683.0637525767
467;2151;6;4000683.0637525767
468;2154;3;4000683.0637525767
469;2157;3;4000683.0637525767
470;2160;3;4000683.0637525767
471;2164;4;4000683.0637525767
472;2169;5;4000683.0637525767
473;2173;4;4000683.0637525767
474;2177;4;4000683.0637525767
475;2183;6;4000683.0637525767
476;2189;6;4000683.0637525767
477;2194;5;4000683.0637525767
478;2201;7;4000683.0637525767
479;2202;1;4000683.0637525767
480;2208;6;4000683.0637525767
481;2214;6;4000683.0637525767
482;2221;7;4000683.0637525767
483;2226;5;4000683.0637525767
484;2231;5;4000683.0637525767
485;2236;5;4000683.0637525767
486;2240;4;4000683.0637525767
487;2246;6;4000683.0637525767
488;2252;6;4000683.0637525767
489;2252;0;4000683.0637525767
490;2256;4;4000683.0637525767
491;2261;5;4000683.0637525767
492;2266;5;4000683.0637525767
493;2273;7;4000683.0637525767
494;2273;0;4000683.0637525767
495;2279;6;4000683.0637525767
496;2285;6;4000683.0637525767
497;2289;4;4000683.0637525767
498;2293;4;4000683.0637525767
499;2298;5;4000683.0637525767
500;2303;5;4000683.0637525767
501;2307;4;4000683.0637525767
502;2312;5;4000683.0637525767
503;2316;4;4000683.0637525767
504;2317;1;4000683.0637525767
505;2322;5;4000683.0637525767
506;2327;5;4000683.0637525767
507;2331;4;4000683.0637525767
508;2337;6;4000683.0637525767
509;2340;3;4000683.0637525767
510;2347;7;4000683.0637525767
511;2353;6;4000683.0637525767
512;2357;4;4000683.0637525767
513;2358;1;4000683.0637525767
514;2362;4;4000683.0637525767
515;2369;7;4000683.0637525767
516;2374;5;4000683.0637525767
517;2375;1;4000683.0637525767
518;2381;6;4000683.0637525767
519;2385;4;4000683.0637525767
520;2389;4;4000683.0637525767
521;2395;6;4000683.0637525767
522;2403;8;4000683.0637525767
523;2408;5;4000683.0637525767
524;2408;0;4000683.0637525767
525;2413;5;4000683.0637525767
526;2413;0;4000683.0637525767
527;2419;6;4000683.0637525767
528;2423;4;4000683.0637525767
529;2427;4;4000683.0637525767
530;2429;2;4000683.0637525767
531;2435;6;4000683.0637525767
532;2440;5;4000683.0637525767
533;2445;5;4000683.0637525767
534;2451;6;4000683.0637525767
535;2452;1;4000683.0637525767
536;2457;5;4000683.0637525767
537;2464;7;4000683.0637525767
538;2470;6;4000683.0637525767
539;2474;4;4000683.0637525767
540;2478;4;4000683.0637525767
541;2485;7;4000683.0637525767
542;2492;7;4000683.0637525767
543;2498;6;4000683.0637525767
544;2500;2;4000683.0637525767
545;2500;0;4000683.0637525767
546;2504;4;4000683.0637525767
547;2507;3;4000683.0637525767
548;2509;2;4000683.0637525767
549;2515;6;4000683.0637525767
550;2519;4;4000683.0637525767
551;2522;3;4000683.0637525767
552;2526;4;4000683.0637525767
553;2527;1;4000683.0637525767
554;2530;3;4000683.0637525767
555;2534;4;4000683.0637525767
556;2537;3;4000683.0637525767
557;2541;4;4000683.0637525767
558;2542;1;4000683.0637525767
559;2546;4;4000683.0637525767
560;2551;5;4000683.0637525767
561;2558;7;4000683.0637525767
562;2558;0;4000683.0637525767
563;2561;3;4000683.0637525767
564;2562;1;4000683.0637525767
565;2565;3;4000683.0637525767
566;2570;5;4000683.0637525767
567;2576;6;4000683.0637525767
568;2579;3;4000683.0637525767
569;2583;4;4000683.0637525767
570;2589;6;4000683.0637525767
571;2594;5;4000683.0637525767
572;2595;1;4000683.0637525767
573;2598;3;4000683.0637525767
574;2603;5;4000683.0637525767
575;2608;5;4000683.0637525767
576;2610;2;4000683.0637525767
577;2617;7;4000683.0637525767
578;2621;4;4000683.0637525767
579;2624;3;4000683.0637525767
580;2627;3;4000683.0637525767
581;2632;5;4000683.0637525767
582;2632;0;4000683.0637525767
583;2633;1;4000683.0637525767
584;2638;5;4000683.0637525767
585;2638;0;4000683.0637525767
586;2642;4;4000683.0637525767
587;2648;6;4000683.0637525767
588;2652;4;4000683.0637525767
589;2658;6;4000683.0637525767
590;2663;5;4000683.0637525767
591;2667;4;4000683.0637525767
592;2672;5;4000683.0637525767
593;2675;3;4000683.0637525767
594;2679;4;4000683.0637525767
595;2683;4;4000683.0637525767
596;2686;3;4000683.0637525767
597;2690;4;4000683.0637525767
598;2691;1;4000683.0637525767
599;2694;3;4000683.0637525767
600;2697;3;4000683.0637525767
601;2699;2;4000683.0637525767
602;2702;3;4000683.0637525767
603;2704;2;4000683.0637525767
604;2708;4;4000683.0637525767
605;2713;5;4000683.0637525767
606;2719;6;4000683.0637525767
607;2724;5;4000683.0637525767
608;2727;3;4000683.0637525767
609;2732;5;4000683.0637525767
610;2738;6;4000683.0637525767
611;2744;6;4000683.0637525767
612;2745;1;4000683.0637525767
613;2748;3;4000683.0637525767
614;2752;4;4000683.0637525767
615;2755;3;4000683.0637525767
616;2758;3;4000683.0637525767
617;2764;6;4000683.0637525767
618;2768;4;4000683.0637525767
619;2777;9;4000683.0637525767
620;2782;5;4000683.0637525767
621;2785;3;4000683.0637525767
622;2789;4;4000683.0637525767
623;2795;6;4000683.0637525767
624;2801;6;4000683.0637525767
625;2804;3;4000683.0637525767
626;2807;3;4000683.0637525767
627;2810;3;4000683.0637525767
628;2812;2;4000683.0637525767
629;2817;5;4000683.0637525767
630;2817;0;4000683.0637525767
631;2821;4;4000683.0637525767
632;2825;4;4000683.0637525767
633;2830;5;4000683.0637525767
634;2834;4;4000683.0637525767
635;2838;4;4000683.0637525767
636;2843;5;4000683.0637525767
637;2849;6;4000683.0637525767
638;2853;4;4000683.0637525767
639;2857;4;4000683.0637525767
640;2863;6;4000683.0637525767
641;2864;1;4000683.0637525767
642;2866;2;4000683.0637525767
643;2871;5;4000683.0637525767
644;2876;5;4000683.0637525767
645;2879;3;4000683.0637525767
646;2885;6;4000683.0637525767
647;2890;5;4000683.0637525767
648;2895;5;4000683.0637525767
649;2899;4;4000683.0637525767
650;2908;9;4000683.0637525767
651;2913;5;4000683.0637525767
652;2918;5;4000683.0637525767
653;2931;13;4000683.0637525767
654;2939;8;4000683.0637525767
655;2948;9;4000683.0637525767
656;2951;3;4000683.0637525767
657;2953;2;4000683.0637525767
658;2963;10;4000683.0637525767
659;2966;3;4000683.0637525767
660;2970;4;4000683.0637525767
661;2972;2;4000683.0637525767
662;2975;3;4000683.0637525767
663;2981;6;4000683.0637525767
664;2986;5;4000683.0637525767
665;2989;3;4000683.0637525767
666;2994;5;4000683.0637525767
667;3003;9;4000683.0637525767
668;3007;4;4000683.0637525767
669;3017;10;4000683.0637525767
670;3029;12;4000683.0637525767
671;3035;6;4000683.0637525767
672;3042;7;4000683.0637525767
673;3047;5;4000683.0637525767
674;3052;5;4000683.0637525767
675;3060;8;4000683.0637525767
676;3063;3;4000683.0637525767
677;3073;10;4000683.0637525767
678;3077;4;4000683.0637525767
679;3081;4;4000683.0637525767
680;3086;5;4000683.0637525767
681;3089;3;4000683.0637525767
682;3095;6;4000683.0637525767
683;3101;6;4000683.0637525767
684;3109;8;4000683.0637525767
685;3110;1;4000683.0637525767
686;3120;10;4000683.0637525767
687;3130;10;4000683.0637525767
688;3137;7;4000683.0637525767
689;3141;4;4000683.0637525767
690;3148;7;4000683.0637525767
691;3156;8;4000683.0637525767
692;3161;5;4000683.0637525767
693;3169;8;4000683.0637525767
694;3171;2;4000683.0637525767
695;3176;5;4000683.0637525767
696;3185;9;4000683.0637525767
697;3191;6;4000683.0637525767
698;3193;2;4000683.0637525767
699;3198;5;4000683.0637525767
700;3202;4;4000683.0637525767
701;3206;4;4000683.0637525767
702;3211;5;4000683.0637525767
703;3216;5;4000683.0637525767
704;3222;6;4000683.0637525767
705;3225;3;4000683.0637525767
706;3229;4;4000683.0637525767
707;3236;7;4000683.0637525767
708;3239;3;4000683.0637525767
709;3245;6;4000683.0637525767
710;3252;7;4000683.0637525767
711;3256;4;4000683.0637525767
712;3257;1;4000683.0637525767
713;3261;4;4000683.0637525767
714;3269;8;4000683.0637525767
715;3272;3;4000683.0637525767
716;3276;4;4000683.0637525767
717;3282;6;4000683.0637525767
718;3287;5;4000683.0637525767
719;3288;1;4000683.0637525767
720;3293;5;4000683.0637525767
721;3299;6;4000683.0637525767
722;3300;1;4000683.0637525767
723;3305;5;4000683.0637525767
724;3309;4;4000683.0637525767
725;3316;7;4000683.0637525767
726;3320;4;4000683.0637525767
727;3325;5;4000683.0637525767
728;3332;7;4000683.0637525767
729;3339;7;4000683.0637525767
730;3343;4;4000683.0637525767
731;3347;4;4000683.0637525767
732;3353;6;4000683.0637525767
733;3358;5;4000683.0637525767
734;3361;3;4000683.0637525767
735;3362;1;4000683.0637525767
736;3366;4;4000683.0637525767
737;3370;4;4000683.0637525767
738;3376;6;4000683.0637525767
739;3379;3;4000683.0637525767
740;3383;4;4000683.0637525767
741;3384;1;4000683.0637525767
742;3390;6;4000683.0637525767
743;3396;6;4000683.0637525767
744;3397;1;4000683.0637525767
745;3402;5;4000683.0637525767
746;3407;5;4000683.0637525767
747;3408;1;4000683.0637525767
748;3413;5;4000683.0637525767
749;3418;5;4000683.0637525767
750;3424;6;4000683.0637525767
751;3428;4;4000683.0637525767
752;3434;6;4000683.0637525767
753;3437;3;4000683.0637525767
754;3441;4;4000683.0637525767
755;3445;4;4000683.0637525767
756;3448;3;4000683.0637525767
757;3452;4;4000683.0637525767
758;3453;1;4000683.0637525767
759;3459;6;4000683.0637525767
760;3463;4;4000683.0637525767
761;3468;5;4000683.0637525767
762;3473;5;4000683.0637525767
763;3476;3;4000683.0637525767
764;3482;6;4000683.0637525767
765;3489;7;4000683.0637525767
766;3496;7;4000683.0637525767
767;3501;5;4000683.0637525767
768;3506;5;4000683.0637525767
769;3507;1;4000683.0637525767
770;3514;7;4000683.0637525767
771;3515;1;4000683.0637525767
772;3518;3;4000683.0637525767
773;3521;3;4000683.0637525767
774;3522;1;4000683.0637525767
775;3528;6;4000683.0637525767
776;3531;3;4000683.0637525767
777;3539;8;4000683.0637525767
778;3548;9;4000683.0637525767
779;3558;10;4000683.0637525767
780;3564;6;4000683.0637525767
781;3564;0;4000683.0637525767
782;3568;4;4000683.0637525767
783;3573;5;4000683.0637525767
784;3575;2;4000683.0637525767
785;3580;5;4000683.0637525767
786;3583;3;4000683.0637525767
787;3586;3;4000683.0637525767
788;3587;1;4000683.0637525767
789;3593;6;4000683.0637525767
790;3596;3;4000683.0637525767
791;3599;3;4000683.0637525767
792;3603;4;4000683.0637525767
793;3606;3;4000683.0637525767
794;3612;6;4000683.0637525767
795;3616;4;4000683.0637525767
796;3617;1;4000683.0637525767
797;3617;0;4000683.0637525767
798;3621;4;4000683.0637525767
799;3629;8;4000683.0637525767
800;3638;9;4000683.0637525767
801;3643;5;4000683.0637525767
802;3648;5;4000683.0637525767
803;3654;6;4000683.0637525767
804;3659;5;4000683.0637525767
805;3666;7;4000683.0637525767
806;3674;8;4000683.0637525767
807;3675;1;4000683.0637525767
808;3684;9;4000683.0637525767
809;3688;4;4000683.0637525767
810;3696;8;4000683.0637525767
811;3702;6;4000683.0637525767
812;3708;6;4000683.0637525767
813;3714;6;4000683.0637525767
814;3723;9;4000683.0637525767
815;3730;7;4000683.0637525767
816;3736;6;4000683.0637525767
817;3737;1;4000683.0637525767
818;3738;1;4000683.0637525767
819;3749;11;4000672.5231738524
820;3755;6;4000672.5231738524
821;3762;7;4000672.5231738524
822;3767;5;4000672.5231738524
823;3775;8;4000672.5231738524
824;3780;5;4000672.5231738524
825;3786;6;4000672.5231738524
826;3792;6;4000672.5231738524
827;3798;6;4000672.5231738524
828;3800;2;4000672.5231738524
829;3804;4;4000672.5231738524
830;3814;10;4000672.5231738524
831;3815;1;4000672.5231738524
832;3820;5;4000672.5231738524
833;3823;3;4000672.5231738524
834;3827;4;4000672.5231738524
835;3832;5;4000672.5231738524
836;3833;1;4000672.5231738524
837;3833;0;4000672.5231738524
838;3835;2;4000672.5231738524
839;3844;9;4000672.5231738524
840;3845;1;4000672.5231738524
841;3850;5;4000672.5231738524
842;3861;11;4000672.5231738524
843;3862;1;4000672.5231738524
844;3866;4;4000672.5231738524
845;3872;6;4000672.5231738524
846;3874;2;4000672.5231738524
847;3879;5;4000672.5231738524
848;3879;0;4000672.5231738524
849;3883;4;4000672.5231738524
850;3887;4;4000672.5231738524
851;3888;1;4000672.5231738524
852;3892;4;4000672.5231738524
853;3897;5;4000672.5231738524
854;3902;5;4000672.5231738524
855;3911;9;4000672.5231738524
856;3916;5;4000672.5231738524
857;3922;6;4000672.5231738524
858;3930;8;4000672.5231738524
859;3933;3;4000672.5231738524
860;3934;1;4000672.5231738524
861;3935;1;4000672.5231738524
862;3936;1;4000672.5231738524
863;3940;4;4000672.5231738524
864;3945;5;4000672.5231738524
865;3951;6;4000672.5231738524
866;3956;5;4000672.5231738524
867;3962;6;4000672.5231738524
868;3971;9;4000672.5231738524
869;3990;19;4000672.5231738524
870;4002;12;4000672.5231738524
871;4007;5;4000672.5231738524
872;4016;9;4000672.5231738524
873;4021;5;4000672.5231738524
874;4028;7;4000672.5231738524
875;4034;6;4000672.5231738524
876;4042;8;4000672.5231738524
877;4044;2;4000672.5231738524
878;4049;5;4000672.5231738524
879;4053;4;4000672.5231738524
880;4054;1;4000672.5231738524
881;4058;4;4000672.5231738524
882;4065;7;4000672.5231738524
883;4070;5;4000672.5231738524
884;4075;5;4000672.5231738524
885;4082;7;4000672.5231738524
886;4089;7;4000672.5231738524
887;4090;1;4000672.5231738524
888;4098;8;4000672.5231738524
889;4102;4;4000672.5231738524
890;4109;7;4000672.5231738524
891;4110;1;4000672.5231738524
892;4119;9;4000672.5231738524
893;4127;8;4000672.5231738524
894;4133;6;4000672.5231738524
895;4141;8;4000672.5231738524
896;4144;3;4000672.5231738524
897;4152;8;4000672.5231738524
898;4153;1;4000672.5231738524
899;4156;3;4000672.5231738524
900;4168;12;4000672.5231738524
901;4169;1;4000672.5231738524
902;4176;7;4000672.5231738524
903;4179;3;4000672.5231738524
904;4184;5;4000672.5231738524
905;4189;5;4000672.5231738524
906;4193;4;4000672.5231738524
907;4199;6;4000672.5231738524
908;4200;1;4000672.5231738524
909;4207;7;4000672.5231738524
910;4211;4;4000672.5231738524
911;4217;6;4000672.5231738524
912;4223;6;4000672.5231738524
913;4224;1;4000672.5231738524
914;4225;1;4000672.5231738524
915;4226;1;4000672.5231738524
916;4229;3;4000672.5231738524
917;4232;3;4000672.5231738524
918;4235;3;4000672.5231738524
919;4238;3;4000672.5231738524
920;4242;4;4000672.5231738524
921;4244;2;4000672.5231738524
922;4248;4;4000672.5231738524
923;4253;5;4000672.5231738524
924;4254;1;4000672.5231738524
925;4261;7;4000672.5231738524
926;4264;3;4000672.5231738524
927;4269;5;4000672.5231738524
928;4274;5;4000672.5231738524
929;4276;2;4000672.5231738524
930;4279;3;4000672.5231738524
931;4283;4;4000672.5231738524
932;4287;4;4000672.5231738524
933;4291;4;4000672.5231738524
934;4298;7;4000672.5231738524
935;4306;8;4000672.5231738524
936;4310;4;4000672.5231738524
937;4320;10;4000672.5231738524
938;4327;7;4000672.5231738524
939;4332;5;4000672.5231738524
940;4336;4;4000672.5231738524
941;4347;11;4000672.5231738524
942;4355;8;4000672.5231738524
943;4362;7;4000672.5231738524
944;4366;4;4000672.5231738524
945;4371;5;4000672.5231738524
946;4374;3;4000672.5231738524
947;4380;6;4000672.5231738524
948;4384;4;4000672.5231738524
949;4389;5;4000672.5231738524
950;4394;5;4000672.5231738524
951;4397;3;4000672.5231738524
952;4401;4;4000672.5231738524
953;4405;4;4000672.5231738524
954;4411;6;4000672.5231738524
955;4413;2;4000672.5231738524
956;4417;4;4000672.5231738524
957;4417;0;4000672.5231738524
958;4421;4;4000672.5231738524
959;4425;4;4000672.5231738524
960;4430;5;4000672.5231738524
961;4437;7;4000672.5231738524
962;4446;9;4000672.5231738524
963;4456;10;4000672.5231738524
964;4457;1;4000672.5231738524
965;4464;7;4000672.5231738524
966;4468;4;4000672.5231738524
967;4469;1;4000672.5231738524
968;4477;8;4000672.5231738524
969;4481;4;4000672.5231738524
970;4489;8;4000672.5231738524
971;4497;8;4000672.5231738524
972;4503;6;4000672.5231738524
973;4508;5;4000672.5231738524
974;4517;9;4000672.5231738524
975;4522;5;4000672.5231738524
976;4529;7;4000672.5231738524
977;4538;9;4000672.5231738524
978;4544;6;4000672.5231738524
979;4549;5;4000672.5231738524
980;4554;5;4000672.5231738524
981;4555;1;4000672.5231738524
982;4561;6;4000672.5231738524
983;4566;5;4000672.5231738524
984;4566;0;4000672.5231738524
985;4571;5;4000672.5231738524
986;4572;1;4000672.5231738524
987;4579;7;4000672.5231738524
988;4583;4;4000672.5231738524
989;4584;1;4000672.5231738524
990;4587;3;4000672.5231738524
991;4590;3;4000672.5231738524
992;4596;6;4000672.5231738524
993;4598;2;4000672.5231738524
994;4602;4;4000672.5231738524
995;4606;4;4000672.5231738524
996;4612;6;4000672.5231738524
997;4614;2;4000672.5231738524
998;4620;6;4000672.5231738524
999;4624;4;4000672.5231738524
1000;4626;2;4000672.5231738524
1001;4631;5;4000672.5231738524
1002;4637;6;4000672.5231738524
1003;4640;3;4000672.5231738524
1004;4644;4;4000672.5231738524
1005;4646;2;4000672.5231738524
1006;4651;5;4000672.5231738524
1007;4657;6;4000672.5231738524
1008;4662;5;4000672.5231738524
1009;4666;4;4000672.5231738524
1010;4669;3;4000672.5231738524
1011;4672;3;4000672.5231738524
1012;4672;0;4000672.5231738524
1013;4673;1;4000672.5231738524
1014;4673;0;4000672.5231738524
1015;4679;6;4000672.5231738524
1016;4682;3;4000672.5231738524
1017;4683;1;4000672.5231738524
1018;4689;6;4000672.5231738524
1019;4692;3;4000672.5231738524
1020;4695;3;4000672.5231738524
1021;4696;1;4000672.5231738524
1022;4700;4;4000672.5231738524
1023;4700;0;4000672.5231738524
1024;4701;1;4000672.5231738524
1025;4704;3;4000672.5231738524
1026;4709;5;4000672.5231738524
1027;4710;1;4000672.5231738524
1028;4713;3;4000672.5231738524
1029;4719;6;4000672.5231738524
1030;4724;5;4000672.5231738524
1031;4726;2;4000672.5231738524
1032;4730;4;4000672.5231738524
1033;4734;4;4000672.5231738524
1034;4739;5;4000672.5231738524
1035;4747;8;4000672.5231738524
1036;4748;1;4000672.5231738524
1037;4750;2;4000672.5231738524
1038;4757;7;4000672.5231738524
1039;4762;5;4000670.899618234
1040;4766;4;4000670.899618234
1041;4770;4;4000670.899618234
1042;4770;0;4000670.899618234
1043;4772;2;4000670.899618234
1044;4776;4;4000670.899618234
1045;4779;3;4000670.899618234
1046;4780;1;4000670.899618234
1047;4781;1;4000670.899618234
1048;4782;1;4000670.899618234
1049;4782;0;4000670.899618234
1050;4787;5;4000670.899618234
1051;4791;4;4000670.899618234
1052;4794;3;4000670.899618234
1053;4799;5;4000670.899618234
1054;4803;4;4000670.899618234
1055;4808;5;4000670.899618234
1056;4809;1;4000670.899618234
1057;4812;3;4000670.899618234
1058;4816;4;4000670.899618234
1059;4820;4;4000670.899618234
1060;4825;5;4000670.899618234
1061;4830;5;4000670.899618234
1062;4830;0;4000670.899618234
1063;4834;4;4000670.899618234
1064;4835;1;4000670.899618234
1065;4841;6;4000670.899618234
1066;4844;3;4000670.899618234
1067;4846;2;4000670.899618234
1068;4852;6;4000670.899618234
1069;4855;3;4000670.899618234
1070;4856;1;4000670.899618234
1071;4864;8;4000670.899618234
1072;4865;1;4000670.899618234
1073;4870;5;4000670.899618234
1074;4871;1;4000670.899618234
1075;4879;8;4000670.899618234
1076;4885;6;4000670.899618234
1077;4891;6;4000670.899618234
1078;4896;5;4000670.899618234
1079;4906;10;4000670.899618234
1080;4914;8;4000670.899618234
1081;4922;8;4000670.899618234
1082;4923;1;4000670.899618234
1083;4924;1;4000670.899618234
1084;4933;9;4000670.899618234
1085;4940;7;4000670.899618234
1086;4945;5;4000670.899618234
1087;4950;5;4000670.899618234
1088;4957;7;4000670.899618234
1089;4962;5;4000670.899618234
1090;4966;4;4000670.899618234
1091;4971;5;4000670.899618234
1092;4972;1;4000670.899618234
1093;4982;10;4000670.899618234
1094;4986;4;4000670.899618234
1095;4990;4;4000670.899618234
1096;4995;5;4000670.899618234
1097;5004;9;4000670.899618234
1098;5009;5;4000670.899618234
1099;5016;7;4000670.899618234
1100;5026;10;4000670.899618234
1101;5027;1;4000670.899618234
1102;5035;8;4000670.899618234
1103;5042;7;4000670.899618234
1104;5048;6;4000670.899618234
1105;5057;9;4000670.899618234
1106;5062;5;4000670.899618234
1107;5064;2;4000670.899618234
1108;5067;3;4000670.899618234
1109;5075;8;4000670.899618234
1110;5082;7;4000670.899618234
1111;5088;6;4000670.899618234
1112;5097;9;4000670.899618234
1113;5098;1;4000670.899618234
1114;5107;9;4000670.899618234
1115;5115;8;4000670.899618234
1116;5122;7;4000670.899618234
1117;5126;4;4000670.899618234
1118;5132;6;4000670.899618234
1119;5139;7;4000670.899618234
1120;5140;1;4000670.899618234
1121;5146;6;4000670.899618234
1122;5154;8;4000670.899618234
1123;5161;7;4000670.899618234
1124;5167;6;4000670.899618234
1125;5175;8;4000670.899618234
1126;5182;7;4000670.899618234
1127;5193;11;4000670.899618234
1128;5201;8;4000670.899618234
1129;5203;2;4000670.899618234
1130;5204;1;4000670.899618234
1131;5209;5;4000670.899618234
1132;5217;8;4000670.899618234
1133;5229;12;4000670.899618234
1134;5230;1;4000670.899618234
1135;5238;8;4000670.899618234
1136;5245;7;4000670.899618234
1137;5256;11;4000670.899618234
1138;5266;10;4000670.899618234
1139;5276;10;4000670.899618234
1140;5282;6;4000670.899618234
1141;5290;8;4000670.899618234
1142;5294;4;4000670.899618234
1143;5299;5;4000670.899618234
1144;5305;6;4000670.899618234
1145;5306;1;4000670.899618234
1146;5312;6;4000670.899618234
1147;5316;4;4000670.899618234
1148;5321;5;4000670.899618234
1149;5328;7;4000670.899618234
1150;5334;6;4000670.899618234
1151;5341;7;4000670.899618234
1152;5347;6;4000670.899618234
1153;5348;1;4000670.899618234
1154;5351;3;4000670.899618234
1155;5356;5;4000670.899618234
1156;5364;8;4000670.899618234
1157;5371;7;4000670.899618234
1158;5380;9;4000670.899618234
1159;5383;3;4000670.899618234
1160;5384;1;4000670.899618234
1161;5385;1;4000670.899618234
1162;5394;9;4000670.899618234
1163;5400;6;4000670.899618234
1164;5409;9;4000670.899618234
1165;5415;6;4000670.899618234
1166;5422;7;4000670.899618234
1167;5432;10;4000670.899618234
1168;5435;3;4000670.899618234
1169;5442;7;4000670.899618234
1170;5444;2;4000670.899618234
1171;5445;1;4000670.899618234
1172;5451;6;4000670.899618234
1173;5458;7;4000670.899618234
1174;5464;6;4000670.899618234
1175;5471;7;4000670.899618234
1176;5475;4;4000670.899618234
1177;5480;5;4000670.899618234
1178;5485;5;4000670.899618234
1179;5489;4;4000670.899618234
1180;5493;4;4000670.899618234
1181;5498;5;4000670.899618234
1182;5503;5;4000670.899618234
1183;5505;2;4000670.899618234
1184;5509;4;4000670.899618234
1185;5513;4;4000670.899618234
1186;5517;4;4000670.899618234
1187;5521;4;4000670.899618234
1188;5530;9;4000670.899618234
1189;5531;1;4000670.899618234
1190;5540;9;4000670.899618234
1191;5542;2;4000670.899618234
1192;5546;4;4000670.899618234
1193;5552;6;4000670.899618234
1194;5556;4;4000670.899618234
1195;5563;7;4000670.899618234
1196;5569;6;4000670.899618234
1197;5570;1;4000670.899618234
1198;5571;1;4000670.899618234
1199;5579;8;4000670.899618234
1200;5584;5;4000670.899618234
1201;5587;3;4000670.899618234
1202;5594;7;4000670.899618234
1203;5594;0;4000670.899618234
1204;5598;4;4000670.899618234
1205;5605;7;4000670.899618234
1206;5608;3;4000670.899618234
1207;5615;7;4000670.899618234
1208;5617;2;4000670.899618234
1209;5623;6;4000670.899618234
1210;5631;8;4000670.899618234
1211;5634;3;4000670.899618234
1212;5638;4;4000670.899618234
1213;5645;7;4000670.899618234
1214;5647;2;4000670.899618234
1215;5648;1;4000670.899618234
1216;5653;5;4000670.899618234
1217;5653;0;4000670.899618234
1218;5658;5;4000670.899618234
1219;5661;3;4000670.899618234
1220;5665;4;4000670.899618234
1221;5667;2;4000670.899618234
1222;5671;4;4000670.899618234
1223;5673;2;4000670.899618234
1224;5678;5;4000670.899618234
1225;5682;4;4000670.899618234
1226;5685;3;4000670.899618234
1227;5686;1;4000670.899618234
1228;5692;6;4000670.899618234
1229;5693;1;4000670.899618234
1230;5696;3;4000670.899618234
1231;5699;3;4000670.899618234
1232;5704;5;4000670.899618234
1233;5707;3;4000670.899618234
1234;5710;3;4000670.899618234
1235;5715;5;4000670.899618234
1236;5720;5;4000670.899618234
1237;5724;4;4000670.899618234
1238;5727;3;4000670.899618234
1239;5731;4;4000670.899618234
1240;5735;4;4000670.899618234
1241;5739;4;4000670.899618234
1242;5740;1;4000670.899618234
1243;5741;1;4000670.899618234
1244;5745;4;4000670.899618234
1245;5747;2;4000670.899618234
1246;5748;1;4000670.899618234
1247;5751;3;4000670.899618234
1248;5756;5;4000670.899618234
1249;5762;6;4000670.899618234
1250;5767;5;4000670.899618234
1251;5773;6;4000670.899618234
1252;5781;8;4000670.899618234
1253;5782;1;4000670.899618234
1254;5785;3;4000670.899618234
1255;5786;1;4000670.899618234
1256;5792;6;4000670.899618234
1257;5796;4;4000670.899618234
1258;5798;2;4000670.899618234
1259;5802;4;4000670.899618234
1260;5807;5;4000670.899618234
1261;5812;5;4000670.899618234
1262;5814;2;4000670.899618234
1263;5817;3;4000670.899618234
1264;5824;7;4000670.899618234
1265;5828;4;4000670.899618234
1266;5831;3;4000670.899618234
1267;5831;0;4000670.899618234
1268;5832;1;4000670.899618234
1269;5835;3;4000670.899618234
1270;5838;3;4000670.899618234
1271;5843;5;4000670.899618234
1272;5846;3;4000670.899618234
1273;5850;4;4000670.899618234
1274;5855;5;4000670.899618234
1275;5856;1;4000670.899618234
1276;5859;3;4000670.899618234
1277;5861;2;4000670.899618234
1278;5867;6;4000670.899618234
1279;5873;6;4000670.899618234
1280;5878;5;4000670.899618234
1281;5881;3;4000670.899618234
1282;5888;7;4000670.899618234
1283;5892;4;4000670.899618234
1284;5901;9;4000670.899618234
1285;5902;1;4000670.899618234
1286;5914;12;4000670.899618234
1287;5915;1;4000670.899618234
1288;5922;7;4000670.899618234
1289;5925;3;4000670.899618234
1290;5938;13;4000670.899618234
1291;5945;7;4000670.899618234
1292;5947;2;4000670.899618234
1293;5951;4;4000670.899618234
1294;5955;4;4000670.899618234
1295;5961;6;4000670.899618234
1296;5970;9;4000670.899618234
1297;5977;7;4000670.899618234
1298;5985;8;4000670.899618234
1299;5992;7;4000670.899618234
1300;6001;9;4000670.899618234
1301;6005;4;4000670.899618234
1302;6010;5;4000670.899618234
1303;6011;1;4000670.899618234
1304;6017;6;4000670.899618234
1305;6017;0;4000670.899618234
1306;6021;4;4000670.899618234
1307;6021;0;4000670.899618234
1308;6026;5;4000670.899618234
1309;6032;6;4000670.899618234
1310;6035;3;4000670.899618234
1311;6037;2;4000670.899618234
1312;6042;5;4000670.899618234
1313;6046;4;4000670.899618234
1314;6051;5;4000670.899618234
1315;6052;1;4000670.899618234
1316;6056;4;4000670.899618234
1317;6061;5;4000670.899618234
1318;6064;3;4000670.899618234
1319;6067;3;4000670.899618234
1320;6068;1;4000670.899618234
1321;6071;3;4000670.899618234
1322;6075;4;4000670.899618234
1323;6079;4;4000670.899618234
1324;6086;7;4000670.899618234
1325;6093;7;4000670.899618234
1326;6100;7;4000670.899618234
1327;6106;6;4000670.899618234
1328;6113;7;4000670.899618234
1329;6114;1;4000670.899618234
1330;6119;5;4000670.899618234
1331;6123;4;4000670.899618234
1332;6126;3;4000670.899618234
1333;6129;3;4000670.899618234
1334;6132;3;4000670.899618234
1335;6135;3;4000670.899618234
1336;6138;3;4000670.899618234
1337;6141;3;4000670.899618234
1338;6148;7;4000670.899618234
1339;6152;4;4000670.899618234
1340;6154;2;4000670.899618234
1341;6155;1;4000670.899618234
1342;6158;3;4000670.899618234
1343;6161;3;4000670.899618234
1344;6166;5;4000670.899618234
1345;6173;7;4000670.899618234
1346;6180;7;4000670.899618234
1347;6181;1;4000670.899618234
1348;6187;6;4000670.899618234
1349;6192;5;4000670.899618234
1350;6196;4;4000670.899618234
1351;6197;1;4000670.899618234
1352;6199;2;4000670.899618234
1353;6202;3;4000670.899618234
1354;6210;8;4000670.899618234
1355;6219;9;4000670.899618234
1356;6224;5;4000670.899618234
1357;6225;1;4000670.899618234
1358;6231;6;4000670.899618234
1359;6240;9;4000670.899618234
1360;6245;5;4000670.899618234
1361;6251;6;4000670.899618234
1362;6255;4;4000670.899618234
1363;6260;5;4000670.899618234
1364;6265;5;4000670.899618234
1365;6273;8;4000670.899618234
1366;6278;5;4000670.899618234
1367;6284;6;4000670.899618234
1368;6287;3;4000670.899618234
1369;6293;6;4000670.899618234
1370;6294;1;4000670.899618234
1371;6297;3;4000670.899618234
1372;6302;5;4000670.899618234
1373;6307;5;4000670.899618234
1374;6316;9;4000670.899618234
1375;6320;4;4000670.899618234
1376;6327;7;4000670.899618234
1377;6332;5;4000670.899618234
1378;6336;4;4000670.899618234
1379;6336;0;4000670.899618234
1380;6341;5;4000670.899618234
1381;6345;4;4000670.899618234
1382;6348;3;4000670.899618234
1383;6354;6;4000670.899618234
1384;6357;3;4000670.899618234
1385;6362;5;4000670.899618234
1386;6366;4;4000670.899618234
1387;6370;4;4000670.899618234
1388;6374;4;4000670.899618234
1389;6377;3;4000670.899618234
1390;6383;6;4000670.899618234
1391;6390;7;4000670.899618234
1392;6393;3;4000670.899618234
1393;6396;3;4000670.899618234
1394;6398;2;4000670.899618234
1395;6398;0;4000670.899618234
1396;6401;3;4000670.899618234
1397;6405;4;4000670.899618234
1398;6406;1;4000670.899618234
1399;6410;4;4000670.899618234
1400;6413;3;4000670.899618234
1401;6414;1;4000670.899618234
1402;6419;5;4000670.899618234
1403;6422;3;4000670.899618234
1404;6425;3;4000670.899618234
1405;6429;4;4000670.899618234
1406;6435;6;4000670.899618234
1407;6441;6;4000670.899618234
1408;6444;3;4000670.899618234
1409;6448;4;4000670.899618234
1410;6452;4;4000670.899618234
1411;6455;3;4000670.899618234
1412;6458;3;4000670.899618234
1413;6464;6;4000670.899618234
1414;6469;5;4000670.899618234
1415;6472;3;4000670.899618234
1416;6476;4;4000670.899618234
1417;6479;3;4000670.899618234
1418;6483;4;4000670.899618234
1419;6487;4;4000670.899618234
1420;6494;7;4000670.899618234
1421;6495;1;4000670.899618234
1422;6497;2;4000670.899618234
1423;6501;4;4000670.899618234
1424;6501;0;4000670.899618234
1425;6505;4;4000670.899618234
1426;6508;3;4000670.899618234
1427;6513;5;4000670.899618234
1428;6518;5;4000670.899618234
1429;6525;7;4000670.899618234
1430;6525;0;4000670.899618234
1431;6533;8;4000670.899618234
1432;6534;1;4000670.899618234
1433;6539;5;4000670.899618234
1434;6543;4;4000670.899618234
1435;6546;3;4000670.899618234
1436;6547;1;4000670.899618234
1437;6552;5;4000670.899618234
1438;6555;3;4000670.899618234
1439;6561;6;4000670.899618234
1440;6566;5;4000670.899618234
1441;6570;4;4000670.899618234
1442;6576;6;4000670.899618234
1443;6584;8;4000670.899618234
1444;6592;8;4000670.899618234
1445;6595;3;4000670.899618234
1446;6601;6;4000670.899618234
1447;6602;1;4000670.899618234
1448;6604;2;4000670.899618234
1449;6616;12;4000670.899618234
1450;6620;4;4000670.899618234
1451;6625;5;4000670.899618234
1452;6632;7;4000670.899618234
1453;6638;6;4000670.899618234
1454;6639;1;4000670.899618234
1455;6643;4;4000670.899618234
1456;6650;7;4000670.899618234
1457;6653;3;4000670.899618234
1458;6658;5;4000670.899618234
1459;6659;1;4000670.899618234
1460;6664;5;4000670.899618234
1461;6669;5;4000670.899618234
1462;6672;3;4000670.899618234
1463;6674;2;4000670.899618234
1464;6678;4;4000670.899618234
1465;6683;5;4000670.899618234
1466;6688;5;4000670.899618234
1467;6691;3;4000670.899618234
1468;6695;4;4000670.899618234
1469;6700;5;4000670.899618234
1470;6705;5;4000670.899618234
1471;6708;3;4000670.899618234
1472;6713;5;4000670.899618234
1473;6714;1;4000670.899618234
1474;6714;0;4000670.899618234
1475;6719;5;4000670.899618234
1476;6726;7;4000670.899618234
1477;6728;2;4000670.899618234
1478;6733;5;4000670.899618234
1479;6736;3;4000670.899618234
1480;6743;7;4000670.899618234
1481;6746;3;4000670.899618234
1482;6747;1;4000670.899618234
1483;6751;4;4000670.899618234
1484;6757;6;4000670.899618234
1485;6762;5;4000670.899618234
1486;6767;5;4000670.899618234
1487;6772;5;4000670.899618234
1488;6779;7;4000670.899618234
1489;6780;1;4000670.899618234
1490;6788;8;4000670.899618234
1491;6801;13;4000670.899618234
1492;6808;7;4000670.899618234
1493;6809;1;4000670.899618234
1494;6818;9;4000670.899618234
1495;6824;6;4000670.899618234
1496;6828;4;4000670.899618234
1497;6831;3;4000670.899618234
1498;6835;4;4000670.899618234
1499;6839;4;4000670.899618234
1500;6848;9;4000670.899618234
1501;6856;8;4000670.899618234
1502;6863;7;4000670.899618234
1503;6864;1;4000670.899618234
1504;6867;3;4000670.899618234
1505;6869;2;4000670.899618234
1506;6873;4;4000670.899618234
1507;6877;4;4000670.899618234
1508;6882;5;4000670.899618234
1509;6884;2;4000670.899618234
1510;6885;1;4000670.899618234
1511;6893;8;4000670.899618234
1512;6901;8;4000670.899618234
1513;6907;6;4000670.899618234
1514;6909;2;4000670.899618234
1515;6915;6;4000670.899618234
1516;6921;6;4000670.899618234
1517;6922;1;4000670.899618234
1518;6931;9;4000670.899618234
1519;6939;8;4000670.899618234
1520;6940;1;4000670.899618234
1521;6946;6;4000670.899618234
1522;6947;1;4000670.899618234
1523;6950;3;4000670.899618234
1524;6951;1;4000670.899618234
1525;6957;6;4000670.899618234
1526;6959;2;4000670.899618234
1527;6966;7;4000670.899618234
1528;6975;9;4000670.899618234
1529;6979;4;4000670.899618234
1530;6983;4;4000670.899618234
1531;6984;1;4000670.899618234
1532;6987;3;4000670.899618234
1533;6995;8;4000670.899618234
1534;7002;7;4000670.899618234
1535;7010;8;4000670.899618234
1536;7016;6;4000670.899618234
1537;7017;1;4000670.899618234
1538;7021;4;4000670.899618234
1539;7026;5;4000670.899618234
1540;7034;8;4000670.899618234
1541;7038;4;4000670.899618234
1542;7042;4;4000670.899618234
1543;7045;3;4000670.899618234
1544;7049;4;4000670.899618234
1545;7050;1;4000670.899618234
1546;7053;3;4000670.899618234
1547;7056;3;4000670.899618234
1548;7060;4;4000670.899618234
1549;7065;5;4000670.899618234
1550;7068;3;4000670.899618234
1551;7073;5;4000670.899618234
1552;7074;1;4000670.899618234
1553;7077;3;4000670.899618234
1554;7080;3;4000670.899618234
1555;7086;6;4000670.899618234
1556;7094;8;4000670.899618234
1557;7099;5;4000670.899618234
1558;7105;6;4000670.899618234
1559;7111;6;4000670.899618234
1560;7117;6;4000670.899618234
1561;7121;4;4000670.899618234
1562;7124;3;4000670.899618234
1563;7128;4;4000670.899618234
1564;7134;6;4000670.899618234
1565;7140;6;4000670.899618234
1566;7145;5;4000670.899618234
1567;7146;1;4000670.899618234
1568;7149;3;4000670.899618234
1569;7150;1;4000670.899618234
1570;7155;5;4000670.899618234
1571;7162;7;4000670.899618234
1572;7168;6;4000670.899618234
1573;7175;7;4000670.899618234
1574;7181;6;4000670.899618234
1575;7184;3;4000670.899618234
1576;7188;4;4000670.899618234
1577;7193;5;4000670.899618234
1578;7196;3;4000670.899618234
1579;7201;5;4000670.899618234
1580;7205;4;4000670.899618234
1581;7212;7;4000670.899618234
1582;7217;5;4000670.899618234
1583;7221;4;4000670.899618234
1584;7224;3;4000670.899618234
1585;7227;3;4000670.899618234
1586;7232;5;4000670.899618234
1587;7236;4;4000670.899618234
1588;7238;2;4000670.899618234
1589;7238;0;4000670.899618234
1590;7244;6;4000670.899618234
1591;7252;8;4000670.899618234
1592;7271;19;4000670.899618234
1593;7282;11;4000670.899618234
1594;7288;6;4000670.899618234
1595;7294;6;4000670.899618234
1596;7314;20;4000670.899618234
1597;7317;3;4000670.899618234
1598;7325;8;4000670.899618234
1599;7329;4;4000670.899618234
1600;7336;7;4000670.899618234
1601;7341;5;4000670.899618234
1602;7349;8;4000670.899618234
1603;7353;4;4000670.899618234
1604;7354;1;4000670.899618234
1605;7355;1;4000670.899618234
1606;7361;6;4000670.899618234
1607;7367;6;4000670.899618234
1608;7371;4;4000670.899618234
1609;7372;1;4000670.899618234
1610;7375;3;4000670.899618234
1611;7380;5;4000670.899618234
1612;7386;6;4000670.899618234
1613;7387;1;4000670.899618234
1614;7389;2;4000670.899618234
1615;7391;2;4000670.899618234
1616;7394;3;4000670.899618234
1617;7397;3;4000670.899618234
1618;7400;3;4000670.899618234
1619;7405;5;4000670.899618234
1620;7412;7;4000670.899618234
1621;7413;1;4000670.899618234
1622;7417;4;4000670.899618234
1623;7423;6;4000670.899618234
1624;7426;3;4000670.899618234
1625;7430;4;4000670.899618234
1626;7431;1;4000670.899618234
1627;7435;4;4000670.899618234
1628;7436;1;4000670.899618234
1629;7441;5;4000670.899618234
1630;7442;1;4000670.899618234
1631;7444;2;4000670.899618234
1632;7447;3;4000670.899618234
1633;7450;3;4000670.899618234
1634;7454;4;4000670.899618234
1635;7458;4;4000670.899618234
1636;7464;6;4000670.899618234
1637;7468;4;4000670.899618234
1638;7472;4;4000670.899618234
1639;7477;5;4000670.899618234
1640;7481;4;4000670.899618234
1641;7482;1;4000670.899618234
1642;7488;6;4000670.899618234
1643;7494;6;4000670.899618234
1644;7496;2;4000670.899618234
1645;7500;4;4000670.899618234
1646;7504;4;4000670.899618234
1647;7507;3;4000670.899618234
1648;7511;4;4000670.899618234
1649;7518;7;3000774.19098356
1650;7525;7;3000774.19098356
1651;7529;4;3000770.287378529
1652;7535;6;3000770.287378529
1653;7539;4;3000770.287378529
1654;7543;4;3000770.287378529
1655;7548;5;3000770.287378529
1656;7549;1;3000770.287378529
1657;7553;4;3000754.208853166
1658;7557;4;3000754.208853166
1659;7562;5;3000754.208853166
1660;7566;4;3000753.8271532515
1661;7572;6;3000753.8271532515
1662;7575;3;3000753.8271532515
1663;7579;4;3000753.8271532515
1664;7583;4;3000737.12548652
1665;7585;2;3000737.12548652
1666;7589;4;3000737.12548652
1667;7590;1;3000737.12548652
1668;7593;3;3000737.12548652
1669;7595;2;3000737.12548652
1670;7599;4;3000737.12548652
1671;7601;2;3000737.12548652
1672;7616;15;3000737.12548652
1673;7627;11;3000737.12548652
1674;7632;5;3000737.12548652
1675;7635;3;3000732.597701968
1676;7640;5;3000684.0372290635
1677;7641;1;3000684.0372290635
1678;7643;2;3000684.0372290635
1679;7648;5;3000684.0372290635
1680;7668;20;3000684.0372290635
1681;7669;1;3000684.0372290635
1682;7685;16;3000664.576088823
1683;7699;14;3000664.576088823
1684;7700;1;3000664.576088823
1685;7708;8;3000664.576088823
1686;7715;7;3000664.576088823
1687;7721;6;3000664.576088823
1688;7724;3;3000664.576088823
1689;7727;3;3000664.576088823
1690;7734;7;3000664.576088823
1691;7738;4;3000664.576088823
1692;7743;5;3000661.930066356
1693;7751;8;3000636.8706250256
1694;7752;1;3000636.8706250256
1695;7756;4;3000635.392413333
1696;7759;3;3000635.392413333
1697;7768;9;3000635.392413333
1698;7775;7;3000635.392413333
1699;7783;8;3000635.392413333
1700;7792;9;3000634.2805461027
1701;7802;10;3000634.2805461027
1702;7803;1;3000634.2805461027
1703;7809;6;3000634.2805461027
1704;7813;4;3000634.2805461027
1705;7824;11;3000634.2805461027
1706;7832;8;3000634.2805461027
1707;7841;9;3000634.2805461027
1708;7847;6;3000634.2805461027
1709;7853;6;3000634.2805461027
1710;7855;2;3000634.2805461027
1711;7860;5;3000634.2805461027
1712;7864;4;3000634.2805461027
1713;7867;3;3000634.2805461027
1714;7871;4;3000634.2805461027
1715;7873;2;3000634.2805461027
1716;7877;4;3000634.2805461027
1717;7886;9;3000632.4905022113
1718;7890;4;3000625.606560179
1719;7899;9;3000625.606560179
1720;7910;11;3000625.606560179
1721;7916;6;3000625.606560179
1722;7917;1;3000625.606560179
1723;7922;5;3000625.606560179
1724;7928;6;3000625.1845747996
1725;7931;3;3000623.1463705357
1726;7935;4;3000623.1463705357
1727;7939;4;3000623.1463705357
1728;7941;2;3000623.1463705357
1729;7946;5;3000623.1463705357
1730;7949;3;3000623.1463705357
1731;7955;6;3000623.1463705357
1732;7957;2;3000623.1463705357
1733;7961;4;3000623.1463705357
1734;7964;3;3000623.1463705357
1735;7970;6;3000623.1463705357
1736;7973;3;3000623.1463705357
1737;7980;7;3000623.1463705357
1738;7984;4;3000623.1463705357
1739;7988;4;3000623.1463705357
1740;7992;4;3000623.1463705357
1741;7996;4;3000623.1463705357
1742;8002;6;3000623.1463705357
1743;8004;2;3000623.1463705357
1744;8007;3;3000623.1463705357
1745;8011;4;3000623.1463705357
1746;8016;5;3000623.1463705357
1747;8025;9;3000623.1463705357
1748;8035;10;3000623.1463705357
1749;8041;6;3000623.1463705357
1750;8046;5;3000623.1463705357
1751;8057;11;3000623.1463705357
1752;8060;3;3000623.1463705357
1753;8064;4;3000623.1463705357
1754;8071;7;3000623.1463705357
1755;8082;11;3000623.1463705357
1756;8083;1;3000623.1463705357
1757;8084;1;3000623.1463705357
1758;8091;7;3000623.1463705357
1759;8097;6;3000623.1463705357
1760;8098;1;3000623.1463705357
1761;8101;3;3000623.1463705357
1762;8106;5;3000623.1463705357
1763;8111;5;3000623.1463705357
1764;8117;6;3000623.1463705357
1765;8118;1;3000623.1463705357
1766;8122;4;3000623.1463705357
1767;8125;3;3000623.1463705357
1768;8126;1;3000623.1463705357
1769;8127;1;3000623.1463705357
1770;8133;6;3000623.1463705357
1771;8140;7;3000623.1463705357
1772;8150;10;3000623.1463705357
1773;8155;5;3000623.1463705357
1774;8164;9;3000623.1463705357
1775;8172;8;3000623.1463705357
1776;8177;5;3000623.1463705357
1777;8186;9;3000623.1463705357
1778;8187;1;3000623.1463705357
1779;8190;3;3000623.1463705357
1780;8193;3;3000623.1463705357
1781;8199;6;3000623.1463705357
1782;8203;4;3000623.1463705357
1783;8207;4;3000623.1463705357
1784;8212;5;3000623.1463705357
1785;8217;5;3000623.1463705357
1786;8223;6;3000623.1463705357
1787;8233;10;3000623.1463705357
1788;8241;8;3000623.1463705357
1789;8241;0;3000623.1463705357
1790;8245;4;3000623.1463705357
1791;8250;5;3000623.1463705357
1792;8253;3;3000620.2375249756
1793;8260;7;3000620.2375249756
1794;8264;4;3000620.2375249756
1795;8269;5;3000620.2375249756
1796;8274;5;3000620.2375249756
1797;8275;1;3000620.2375249756
1798;8279;4;3000620.2375249756
1799;8285;6;3000620.2375249756
1800;8289;4;3000620.2375249756
1801;8293;4;3000620.2375249756
1802;8297;4;3000620.2375249756
1803;8301;4;3000620.2375249756
1804;8304;3;3000620.2375249756
1805;8309;5;3000620.2375249756
1806;8320;11;3000620.2375249756
1807;8327;7;3000620.2375249756
1808;8337;10;3000620.2375249756
1809;8342;5;3000620.2375249756
1810;8349;7;3000620.2375249756
1811;8360;11;3000620.2375249756
1812;8366;6;3000620.2375249756
1813;8372;6;3000620.2375249756
1814;8376;4;3000620.2375249756
1815;8380;4;3000620.2375249756
1816;8387;7;3000620.2375249756
1817;8392;5;3000620.2375249756
1818;8398;6;3000620.2375249756
1819;8407;9;3000620.2375249756
1820;8416;9;3000620.2375249756
1821;8422;6;3000620.2375249756
1822;8429;7;3000620.2375249756
1823;8431;2;3000620.2375249756
1824;8432;1;3000620.2375249756
1825;8438;6;3000620.2375249756
1826;8445;7;3000620.2375249756
1827;8451;6;3000620.2375249756
1828;8458;7;3000620.2375249756
1829;8465;7;3000620.2375249756
1830;8469;4;3000620.2375249756
1831;8474;5;3000620.2375249756
1832;8479;5;3000620.2375249756
1833;8486;7;3000620.2375249756
1834;8493;7;3000620.2375249756
1835;8499;6;3000620.2375249756
1836;8505;6;3000620.2375249756
1837;8511;6;3000620.2375249756
1838;8524;13;3000620.2375249756
1839;8538;14;3000620.2375249756
1840;8546;8;3000620.2375249756
1841;8553;7;3000620.2375249756
1842;8559;6;3000620.2375249756
1843;8566;7;3000620.2375249756
1844;8572;6;3000620.2375249756
1845;8581;9;3000620.2375249756
1846;8587;6;3000620.2375249756
1847;8591;4;3000620.2375249756
1848;8599;8;3000620.2375249756
1849;8605;6;3000620.2375249756
1850;8606;1;3000620.2375249756
1851;8613;7;3000620.2375249756
1852;8618;5;3000620.2375249756
1853;8624;6;3000620.2375249756
1854;8631;7;3000620.2375249756
1855;8635;4;3000620.2375249756
1856;8647;12;3000620.2375249756
1857;8653;6;3000620.2375249756
1858;8655;2;3000620.2375249756
1859;8661;6;3000620.2375249756
1860;8673;12;3000620.2375249756
1861;8682;9;3000620.2375249756
1862;8683;1;3000620.2375249756
1863;8694;11;3000620.2375249756
1864;8700;6;3000620.2375249756
1865;8702;2;3000620.2375249756
1866;8708;6;3000620.2375249756
1867;8714;6;3000620.2375249756
1868;8720;6;3000620.2375249756
1869;8725;5;3000620.2375249756
1870;8732;7;3000620.2375249756
1871;8743;11;3000620.2375249756
1872;8746;3;3000620.2375249756
1873;8757;11;3000620.2375249756
1874;8767;10;3000620.2375249756
1875;8781;14;3000620.2375249756
1876;8783;2;3000620.2375249756
1877;8785;2;3000620.2375249756
1878;8794;9;3000620.2375249756
1879;8801;7;3000620.2375249756
1880;8808;7;3000620.2375249756
1881;8815;7;3000620.2375249756
1882;8825;10;3000620.2375249756
1883;8829;4;3000620.2375249756
1884;8835;6;3000620.2375249756
1885;8844;9;3000620.2375249756
1886;8855;11;3000620.2375249756
1887;8876;21;3000620.2375249756
1888;8882;6;3000620.2375249756
1889;8887;5;3000620.2375249756
1890;8891;4;3000620.2375249756
1891;8900;9;3000620.2375249756
1892;8917;17;3000620.2375249756
1893;8923;6;3000620.2375249756
1894;8925;2;3000620.2375249756
1895;8932;7;3000620.2375249756
1896;8937;5;3000620.2375249756
1897;8943;6;3000620.2375249756
1898;8949;6;3000620.2375249756
1899;8965;16;3000620.2375249756
1900;8982;17;3000620.2375249756
1901;8991;9;3000620.2375249756
1902;8993;2;3000620.2375249756
1903;9006;13;3000620.2375249756
1904;9016;10;3000620.2375249756
1905;9021;5;3000620.2375249756
1906;9029;8;3000620.2375249756
1907;9035;6;3000620.2375249756
1908;9046;11;3000620.2375249756
1909;9048;2;3000620.2375249756
1910;9053;5;3000620.2375249756
1911;9054;1;3000620.2375249756
1912;9070;16;3000620.2375249756
1913;9078;8;3000620.2375249756
1914;9079;1;3000620.2375249756
1915;9087;8;3000620.2375249756
1916;9113;26;3000620.2375249756
1917;9120;7;3000620.2375249756
1918;9125;5;3000620.2375249756
1919;9130;5;3000620.2375249756
1920;9136;6;3000620.2375249756
1921;9137;1;3000620.2375249756
1922;9139;2;3000620.2375249756
1923;9163;24;3000620.2375249756
1924;9174;11;3000620.2375249756
1925;9190;16;3000620.2375249756
1926;9207;17;3000620.2375249756
1927;9223;16;3000620.2375249756
1928;9234;11;3000620.2375249756
1929;9249;15;3000620.2375249756
1930;9261;12;3000620.2375249756
1931;9283;22;3000620.2375249756
1932;9290;7;3000620.2375249756
1933;9305;15;3000620.2375249756
1934;9316;11;3000620.2375249756
1935;9323;7;3000620.2375249756
1936;9331;8;3000620.2375249756
1937;9334;3;3000620.2375249756
1938;9353;19;3000620.2375249756
1939;9367;14;3000620.2375249756
1940;9388;21;3000620.2375249756
1941;9409;21;3000620.2375249756
1942;9414;5;3000620.2375249756
1943;9416;2;3000620.2375249756
1944;9424;8;3000620.2375249756
1945;9428;4;3000620.2375249756
1946;9431;3;3000620.2375249756
1947;9436;5;3000620.2375249756
1948;9442;6;3000620.2375249756
1949;9446;4;3000620.2375249756
1950;9450;4;3000620.2375249756
1951;9451;1;3000620.2375249756
1952;9456;5;3000620.2375249756
1953;9464;8;3000620.2375249756
1954;9473;9;3000620.2375249756
1955;9475;2;3000620.2375249756
1956;9478;3;3000620.2375249756
1957;9484;6;3000620.2375249756
1958;9485;1;3000620.2375249756
1959;9487;2;3000620.2375249756
1960;9489;2;3000620.2375249756
1961;9495;6;3000620.2375249756
1962;9502;7;3000620.2375249756
1963;9504;2;3000620.2375249756
1964;9512;8;3000620.2375249756
1965;9520;8;3000620.2375249756
1966;9525;5;3000620.2375249756
1967;9526;1;3000620.2375249756
1968;9533;7;3000620.2375249756
1969;9539;6;3000620.2375249756
1970;9543;4;3000620.2375249756
1971;9544;1;3000620.2375249756
1972;9549;5;3000620.2375249756
1973;9553;4;3000620.2375249756
1974;9560;7;3000620.2375249756
1975;9564;4;3000620.2375249756
1976;9568;4;3000620.2375249756
1977;9572;4;3000620.2375249756
1978;9573;1;3000620.2375249756
1979;9575;2;3000620.2375249756
1980;9576;1;3000620.2375249756
1981;9577;1;3000620.2375249756
1982;9581;4;3000620.2375249756
1983;9585;4;3000620.2375249756
1984;9586;1;3000620.2375249756
1985;9589;3;3000620.2375249756
1986;9594;5;3000620.2375249756
1987;9597;3;3000620.2375249756
1988;9601;4;3000620.2375249756
1989;9606;5;3000620.2375249756
1990;9612;6;3000620.2375249756
1991;9616;4;3000620.2375249756
1992;9619;3;3000620.2375249756
1993;9621;2;3000620.2375249756
1994;9626;5;3000620.2375249756
1995;9630;4;3000620.2375249756
1996;9632;2;3000604.228586491
1997;9636;4;3000604.228586491
1998;9641;5;3000604.228586491
1999;9641;0;3000604.228586491
2000;9645;4;3000604.228586491
2001;9648;3;3000604.228586491
2002;9655;7;3000604.228586491
2003;9657;2;3000604.228586491
2004;9662;5;3000596.5226136204
2005;9666;4;3000596.5226136204
2006;9669;3;3000596.5226136204
2007;9675;6;3000596.5226136204
2008;9679;4;3000596.5226136204
2009;9683;4;3000596.5226136204
2010;9687;4;3000591.1734427805
2011;9690;3;3000591.1734427805
2012;9692;2;3000591.1734427805
2013;9697;5;3000591.1734427805
2014;9698;1;3000591.1734427805
2015;9699;1;3000591.1734427805
2016;9700;1;3000591.1734427805
2017;9704;4;3000591.1734427805
2018;9719;15;3000591.1734427805
2019;9722;3;3000591.1734427805
2020;9726;4;3000591.1734427805
2021;9727;1;3000591.1734427805
2022;9731;4;3000591.1734427805
2023;9739;8;3000591.1734427805
2024;9742;3;3000591.1734427805
2025;9743;1;3000591.1734427805
2026;9744;1;3000591.1734427805
2027;9749;5;3000591.1734427805
2028;9754;5;3000591.1734427805
2029;9760;6;3000591.1734427805
2030;9769;9;3000591.1734427805
2031;9777;8;3000591.1734427805
2032;9781;4;3000591.1734427805
2033;9788;7;3000591.1734427805
2034;9794;6;3000591.1734427805
2035;9804;10;3000591.1734427805
2036;9808;4;3000591.1734427805
2037;9809;1;3000591.1734427805
2038;9817;8;3000591.1734427805
2039;9827;10;3000591.1734427805
2040;9834;7;3000591.1734427805
2041;9837;3;3000591.1734427805
2042;9843;6;3000591.1734427805
2043;9844;1;3000591.1734427805
2044;9850;6;3000591.1734427805
2045;9860;10;3000591.1734427805
2046;9863;3;3000591.1734427805
2047;9874;11;3000591.1734427805
2048;9878;4;3000591.1734427805
2049;9887;9;3000591.1734427805
2050;9888;1;3000591.1734427805
2051;9895;7;3000591.1734427805
2052;9901;6;3000591.1734427805
2053;9907;6;3000591.1734427805
2054;9920;13;3000591.1734427805
2055;9929;9;3000591.1734427805
2056;9935;6;3000591.1734427805
2057;9942;7;3000591.1734427805
2058;9943;1;3000591.1734427805
2059;9949;6;3000591.1734427805
2060;9957;8;3000591.1734427805
2061;9958;1;3000591.1734427805
2062;9960;2;3000591.1734427805
2063;9968;8;3000591.1734427805
2064;9974;6;3000591.1734427805
2065;9985;11;3000591.1734427805
2066;9994;9;3000591.1734427805
2067;10010;16;3000591.1734427805
2068;10017;7;3000591.1734427805
2069;10020;3;3000591.1734427805
2070;10034;14;3000591.1734427805
2071;10042;8;3000591.1734427805
2072;10076;34;3000591.1734427805
2073;10083;7;3000591.1734427805
2074;10096;13;3000591.1734427805
2075;10116;20;3000591.1734427805
2076;10118;2;3000591.1734427805
2077;10133;15;3000591.1734427805
2078;10140;7;3000591.1734427805
2079;10152;12;3000591.1734427805
2080;10156;4;3000591.1734427805
2081;10158;2;3000591.1734427805
2082;10159;1;3000591.1734427805
2083;10160;1;3000591.1734427805
2084;10161;1;3000591.1734427805
2085;10169;8;3000591.1734427805
2086;10173;4;3000591.1734427805
2087;10187;14;3000591.1734427805
2088;10191;4;3000591.1734427805
2089;10199;8;3000591.1734427805
2090;10205;6;3000591.1734427805
2091;10209;4;3000591.1734427805
2092;10218;9;3000591.1734427805
2093;10223;5;3000591.1734427805
2094;10230;7;3000591.1734427805
2095;10235;5;3000591.1734427805
2096;10236;1;3000591.1734427805
2097;10241;5;3000591.1734427805
2098;10245;4;3000591.1734427805
2099;10253;8;3000591.1734427805
2100;10256;3;3000591.1734427805
2101;10263;7;3000591.1734427805
2102;10271;8;3000591.1734427805
2103;10277;6;3000591.1734427805
2104;10281;4;3000591.1734427805
2105;10286;5;3000591.1734427805
2106;10288;2;3000591.1734427805
2107;10292;4;3000591.1734427805
2108;10296;4;3000591.1734427805
2109;10301;5;3000591.1734427805
2110;10304;3;3000591.1734427805
2111;10307;3;3000591.1734427805
2112;10312;5;3000591.1734427805
2113;10316;4;3000591.1734427805
2114;10319;3;3000591.1734427805
2115;10323;4;3000591.1734427805
2116;10326;3;3000591.1734427805
2117;10332;6;3000591.1734427805
2118;10337;5;3000591.1734427805
2119;10341;4;3000591.1734427805
2120;10341;0;3000591.1734427805
2121;10346;5;3000591.1734427805
2122;10351;5;3000591.1734427805
2123;10357;6;3000591.1734427805
2124;10362;5;3000591.1734427805
2125;10363;1;3000591.1734427805
2126;10368;5;3000591.1734427805
2127;10371;3;3000591.1734427805
2128;10373;2;3000591.1734427805
2129;10374;1;3000591.1734427805
2130;10379;5;3000591.1734427805
2131;10387;8;3000591.1734427805
2132;10393;6;3000591.1734427805
2133;10400;7;3000591.1734427805
2134;10405;5;3000591.1734427805
2135;10407;2;3000591.1734427805
2136;10417;10;3000591.1734427805
2137;10423;6;3000591.1734427805
2138;10434;11;3000591.1734427805
2139;10441;7;3000591.1734427805
2140;10445;4;3000591.1734427805
2141;10448;3;3000591.1734427805
2142;10452;4;3000591.1734427805
2143;10452;0;3000591.1734427805
2144;10457;5;3000591.1734427805
2145;10461;4;3000591.1734427805
2146;10466;5;3000591.1734427805
2147;10470;4;3000591.1734427805
2148;10473;3;3000591.1734427805
2149;10479;6;3000591.1734427805
2150;10482;3;3000591.1734427805
2151;10485;3;3000591.1734427805
2152;10490;5;3000591.1734427805
2153;10492;2;3000591.1734427805
2154;10495;3;3000591.1734427805
2155;10498;3;3000591.1734427805
2156;10501;3;3000591.1734427805
2157;10507;6;3000591.1734427805
2158;10512;5;3000591.1734427805
2159;10516;4;3000591.1734427805
2160;10520;4;3000591.1734427805
2161;10523;3;3000591.1734427805
2162;10530;7;3000591.1734427805
2163;10533;3;3000591.1734427805
2164;10537;4;3000591.1734427805
2165;10538;1;3000591.1734427805
2166;10539;1;3000591.1734427805
2167;10539;0;3000591.1734427805
2168;10543;4;3000591.1734427805
2169;10546;3;3000591.1734427805
2170;10550;4;3000591.1734427805
2171;10554;4;3000591.1734427805
2172;10557;3;3000591.1734427805
2173;10559;2;3000591.1734427805
2174;10560;1;3000591.1734427805
2175;10564;4;3000591.1734427805
2176;10567;3;3000591.1734427805
2177;10570;3;3000591.1734427805
2178;10571;1;3000591.1734427805
2179;10575;4;3000591.1734427805
2180;10578;3;3000591.1734427805
2181;10583;5;3000591.1734427805
2182;10588;5;3000591.1734427805
2183;10589;1;3000591.1734427805
2184;10593;4;3000591.1734427805
2185;10596;3;3000591.1734427805
2186;10602;6;3000591.1734427805
2187;10606;4;3000591.1734427805
2188;10610;4;3000591.1734427805
2189;10615;5;3000591.1734427805
2190;10615;0;3000591.1734427805
2191;10621;6;3000591.1734427805
2192;10628;7;3000591.1734427805
2193;10634;6;3000591.1734427805
2194;10642;8;3000591.1734427805
2195;10650;8;3000591.1734427805
2196;10654;4;3000591.1734427805
2197;10655;1;3000591.1734427805
2198;10657;2;3000591.1734427805
2199;10661;4;3000591.1734427805
2200;10666;5;3000591.1734427805
2201;10671;5;3000591.1734427805
2202;10676;5;3000591.1734427805
2203;10680;4;3000591.1734427805
2204;10684;4;3000591.1734427805
2205;10688;4;3000591.1734427805
2206;10692;4;3000591.1734427805
2207;10695;3;3000591.1734427805
2208;10695;0;3000591.1734427805
2209;10700;5;3000591.1734427805
2210;10705;5;3000591.1734427805
2211;10705;0;3000591.1734427805
2212;10708;3;3000591.1734427805
2213;10712;4;3000591.1734427805
2214;10717;5;3000591.1734427805
2215;10722;5;3000591.1734427805
2216;10725;3;3000591.1734427805
2217;10730;5;3000591.1734427805
2218;10735;5;3000591.1734427805
2219;10737;2;3000591.1734427805
2220;10738;1;3000591.1734427805
2221;10743;5;3000591.1734427805
2222;10748;5;3000591.1734427805
2223;10751;3;3000591.1734427805
2224;10754;3;3000591.1734427805
2225;10754;0;3000591.1734427805
2226;10757;3;3000591.1734427805
2227;10763;6;3000591.1734427805
2228;10766;3;3000591.1734427805
2229;10769;3;3000591.1734427805
2230;10777;8;3000591.1734427805
2231;10778;1;3000591.1734427805
2232;10783;5;3000591.1734427805
2233;10788;5;3000591.1734427805
2234;10789;1;3000591.1734427805
2235;10790;1;3000591.1734427805
2236;10794;4;3000591.1734427805
2237;10797;3;3000591.1734427805
2238;10798;1;3000591.1734427805
2239;10802;4;3000591.1734427805
2240;10806;4;3000591.1734427805
2241;10809;3;3000591.1734427805
2242;10813;4;3000591.1734427805
2243;10817;4;3000591.1734427805
2244;10820;3;3000591.1734427805
2245;10822;2;3000591.1734427805
2246;10826;4;3000591.1734427805
2247;10831;5;3000591.1734427805
2248;10834;3;3000591.1734427805
2249;10840;6;3000591.1734427805
2250;10846;6;3000591.1734427805
2251;10855;9;3000591.1734427805
2252;10861;6;3000591.1734427805
2253;10867;6;3000591.1734427805
2254;10872;5;3000591.1734427805
2255;10873;1;3000591.1734427805
2256;10880;7;3000591.1734427805
2257;10883;3;3000591.1734427805
2258;10887;4;3000591.1734427805
2259;10889;2;3000591.1734427805
2260;10889;0;3000591.1734427805
2261;10894;5;3000591.1734427805
2262;10894;0;3000591.1734427805
2263;10899;5;3000591.1734427805
2264;10900;1;3000591.1734427805
2265;10904;4;3000591.1734427805
2266;10907;3;3000591.1734427805
2267;10911;4;3000591.1734427805
2268;10916;5;3000591.1734427805
2269;10916;0;3000591.1734427805
2270;10920;4;3000591.1734427805
2271;10924;4;3000591.1734427805
2272;10931;7;3000591.1734427805
2273;10932;1;3000591.1734427805
2274;10935;3;3000591.1734427805
2275;10939;4;3000591.1734427805
2276;10941;2;3000591.1734427805
2277;10945;4;3000591.1734427805
2278;10948;3;3000591.1734427805
2279;10950;2;3000591.1734427805
2280;10954;4;3000591.1734427805
2281;10958;4;3000591.1734427805
2282;10965;7;3000591.1734427805
2283;10967;2;3000591.1734427805
2284;10971;4;3000591.1734427805
2285;10976;5;3000591.1734427805
2286;10982;6;3000591.1734427805
2287;10983;1;3000591.1734427805
2288;10990;7;3000591.1734427805
2289;10992;2;3000591.1734427805
2290;10993;1;3000591.1734427805
2291;10994;1;3000591.1734427805
2292;10997;3;3000591.1734427805
2293;11001;4;3000591.1734427805
2294;11004;3;3000591.1734427805
2295;11005;1;3000591.1734427805
2296;11008;3;3000591.1734427805
2297;11014;6;3000591.1734427805
2298;11018;4;3000591.1734427805
2299;11021;3;3000591.1734427805
2300;11024;3;3000591.1734427805
2301;11028;4;3000591.1734427805
2302;11032;4;3000591.1734427805
2303;11035;3;3000591.1734427805
2304;11039;4;3000591.1734427805
2305;11042;3;3000591.1734427805
2306;11046;4;3000591.1734427805
2307;11051;5;3000591.1734427805
2308;11056;5;3000591.1734427805
2309;11060;4;3000591.1734427805
2310;11067;7;3000591.1734427805
2311;11073;6;3000591.1734427805
2312;11074;1;3000591.1734427805
2313;11079;5;3000591.1734427805
2314;11081;2;3000591.1734427805
2315;11085;4;3000591.1734427805
2316;11088;3;3000591.1734427805
2317;11095;7;3000591.1734427805
2318;11096;1;3000591.1734427805
2319;11101;5;3000591.1734427805
2320;11104;3;3000591.1734427805
2321;11110;6;3000591.1734427805
2322;11114;4;3000591.1734427805
2323;11118;4;3000591.1734427805
2324;11124;6;3000591.1734427805
2325;11128;4;3000591.1734427805
2326;11131;3;3000591.1734427805
2327;11132;1;3000591.1734427805
2328;11135;3;3000591.1734427805
2329;11139;4;3000591.1734427805
2330;11145;6;3000591.1734427805
2331;11149;4;3000591.1734427805
2332;11153;4;3000591.1734427805
2333;11159;6;3000591.1734427805
2334;11164;5;3000591.1734427805
2335;11170;6;3000591.1734427805
2336;11176;6;3000591.1734427805
2337;11179;3;3000591.1734427805
2338;11185;6;3000591.1734427805
2339;11190;5;3000591.1734427805
2340;11194;4;3000591.1734427805
2341;11199;5;3000591.1734427805
2342;11208;9;3000591.1734427805
2343;11217;9;3000591.1734427805
2344;11221;4;3000591.1734427805
2345;11229;8;3000591.1734427805
2346;11233;4;3000591.1734427805
2347;11239;6;3000591.1734427805
2348;11242;3;3000591.1734427805
2349;11250;8;3000591.1734427805
2350;11255;5;3000591.1734427805
2351;11262;7;3000591.1734427805
2352;11265;3;3000591.1734427805
2353;11271;6;3000591.1734427805
2354;11281;10;3000591.1734427805
2355;11283;2;3000591.1734427805
2356;11284;1;3000591.1734427805
2357;11286;2;3000591.1734427805
2358;11292;6;3000591.1734427805
2359;11297;5;3000591.1734427805
2360;11303;6;3000591.1734427805
2361;11310;7;3000591.1734427805
2362;11317;7;3000591.1734427805
2363;11317;0;3000591.1734427805
2364;11320;3;3000591.1734427805
2365;11321;1;3000591.1734427805
2366;11325;4;3000591.1734427805
2367;11329;4;3000591.1734427805
2368;11333;4;3000591.1734427805
2369;11335;2;3000591.1734427805
2370;11339;4;3000591.1734427805
2371;11344;5;3000591.1734427805
2372;11344;0;3000591.1734427805
2373;11352;8;3000591.1734427805
2374;11359;7;3000591.1734427805
2375;11360;1;3000591.1734427805
2376;11361;1;3000591.1734427805
2377;11367;6;3000591.1734427805
2378;11373;6;3000591.1734427805
2379;11374;1;3000591.1734427805
2380;11379;5;3000591.1734427805
2381;11385;6;3000591.1734427805
2382;11392;7;3000591.1734427805
2383;11401;9;3000591.1734427805
2384;11411;10;3000591.1734427805
2385;11420;9;3000591.1734427805
2386;11421;1;3000591.1734427805
2387;11428;7;3000591.1734427805
2388;11430;2;3000591.1734427805
2389;11436;6;3000591.1734427805
2390;11444;8;3000591.1734427805
2391;11451;7;3000591.1734427805
2392;11453;2;3000591.1734427805
2393;11455;2;3000591.1734427805
2394;11466;11;3000591.1734427805
2395;11474;8;3000591.1734427805
2396;11477;3;3000591.1734427805
2397;11483;6;3000591.1734427805
2398;11489;6;3000591.1734427805
2399;11495;6;3000591.1734427805
2400;11505;10;3000591.1734427805
2401;11515;10;3000591.1734427805
2402;11533;18;3000591.1734427805
2403;11535;2;3000591.1734427805
2404;11540;5;3000591.1734427805
2405;11547;7;3000591.1734427805
2406;11551;4;3000591.1734427805
2407;11557;6;3000591.1734427805
2408;11574;17;3000591.1734427805
2409;11579;5;3000591.1734427805
2410;11580;1;3000591.1734427805
2411;11583;3;3000591.1734427805
2412;11585;2;3000591.1734427805
2413;11586;1;3000591.1734427805
2414;11588;2;3000591.1734427805
2415;11595;7;3000591.1734427805
2416;11603;8;3000591.1734427805
2417;11606;3;3000591.1734427805
2418;11613;7;3000591.1734427805
2419;11622;9;3000591.1734427805
2420;11629;7;3000591.1734427805
2421;11640;11;3000591.1734427805
2422;11644;4;3000591.1734427805
2423;11653;9;3000591.1734427805
2424;11659;6;3000591.1734427805
2425;11660;1;3000591.1734427805
2426;11669;9;3000591.1734427805
2427;11676;7;3000591.1734427805
2428;11677;1;3000591.1734427805
2429;11695;18;3000591.1734427805
2430;11720;25;3000591.1734427805
2431;11721;1;3000591.1734427805
2432;11727;6;3000591.1734427805
2433;11744;17;3000591.1734427805
2434;11755;11;3000591.1734427805
2435;11765;10;3000591.1734427805
2436;11770;5;3000591.1734427805
2437;11779;9;3000591.1734427805
2438;11788;9;3000591.1734427805
2439;11796;8;3000591.1734427805
2440;11802;6;3000591.1734427805
2441;11825;23;3000591.1734427805
2442;11835;10;3000591.1734427805
2443;11841;6;3000591.1734427805
2444;11850;9;3000591.1734427805
2445;11858;8;3000591.1734427805
2446;11867;9;3000591.1734427805
2447;11873;6;3000591.1734427805
2448;11877;4;3000591.1734427805
2449;11880;3;3000591.1734427805
2450;11883;3;3000591.1734427805
2451;11890;7;3000591.1734427805
2452;11898;8;3000591.1734427805
2453;11901;3;3000591.1734427805
2454;11907;6;3000591.1734427805
2455;11910;3;3000591.1734427805
2456;11914;4;3000591.1734427805
2457;11925;11;3000591.1734427805
2458;11932;7;3000591.1734427805
2459;11938;6;3000591.1734427805
2460;11941;3;3000591.1734427805
2461;11943;2;3000591.1734427805
2462;11946;3;3000591.1734427805
2463;11950;4;3000591.1734427805
2464;11953;3;3000591.1734427805
2465;11962;9;3000591.1734427805
2466;11968;6;3000591.1734427805
2467;11971;3;3000591.1734427805
2468;11975;4;3000591.1734427805
2469;11977;2;3000591.1734427805
2470;11981;4;3000591.1734427805
2471;11987;6;3000591.1734427805
2472;11995;8;3000591.1734427805
2473;11996;1;3000591.1734427805
2474;12003;7;3000591.1734427805
2475;12009;6;3000591.1734427805
2476;12018;9;3000591.1734427805
2477;12022;4;3000591.1734427805
2478;12029;7;3000591.1734427805
2479;12035;6;3000591.1734427805
2480;12043;8;3000591.1734427805
2481;12049;6;3000591.1734427805
2482;12055;6;3000591.1734427805
2483;12063;8;3000591.1734427805
2484;12064;1;3000591.1734427805
2485;12066;2;3000591.1734427805
2486;12070;4;3000591.1734427805
2487;12071;1;3000591.1734427805
2488;12076;5;3000591.1734427805
2489;12079;3;3000591.1734427805
2490;12080;1;3000591.1734427805
2491;12083;3;3000591.1734427805
2492;12086;3;3000591.1734427805
2493;12089;3;3000591.1734427805
2494;12091;2;3000591.1734427805
2495;12095;4;3000591.1734427805
2496;12096;1;3000591.1734427805
2497;12101;5;3000591.1734427805
2498;12105;4;3000591.1734427805
2499;12109;4;3000591.1734427805
2500;12110;1;3000591.1734427805
2501;12115;5;3000591.1734427805
2502;12119;4;3000591.1734427805
2503;12126;7;3000591.1734427805
2504;12127;1;3000591.1734427805
2505;12137;10;3000591.1734427805
2506;12144;7;3000591.1734427805
2507;12152;8;3000591.1734427805
2508;12159;7;3000591.1734427805
2509;12163;4;3000591.1734427805
2510;12169;6;3000591.1734427805
2511;12173;4;3000591.1734427805
2512;12175;2;3000591.1734427805
2513;12180;5;3000591.1734427805
2514;12181;1;3000591.1734427805
2515;12185;4;3000591.1734427805
2516;12189;4;3000591.1734427805
2517;12195;6;3000591.1734427805
2518;12200;5;3000591.1734427805
2519;12205;5;3000591.1734427805
2520;12207;2;3000591.1734427805
2521;12213;6;3000591.1734427805
2522;12215;2;3000591.1734427805
2523;12216;1;3000591.1734427805
2524;12220;4;3000591.1734427805
2525;12224;4;3000591.1734427805
2526;12230;6;3000591.1734427805
2527;12236;6;3000591.1734427805
2528;12242;6;3000591.1734427805
2529;12247;5;3000591.1734427805
2530;12252;5;3000591.1734427805
2531;12255;3;3000591.1734427805
2532;12258;3;3000591.1734427805
2533;12259;1;3000591.1734427805
2534;12264;5;3000591.1734427805
2535;12269;5;3000591.1734427805
2536;12272;3;3000591.1734427805
2537;12277;5;3000591.1734427805
2538;12281;4;3000591.1734427805
2539;12284;3;3000591.1734427805
2540;12288;4;3000591.1734427805
2541;12289;1;3000591.1734427805
2542;12292;3;3000591.1734427805
2543;12298;6;3000591.1734427805
2544;12303;5;3000591.1734427805
2545;12308;5;3000591.1734427805
2546;12311;3;3000591.1734427805
2547;12315;4;3000591.1734427805
2548;12321;6;3000591.1734427805
2549;12328;7;3000591.1734427805
2550;12332;4;3000591.1734427805
2551;12339;7;3000591.1734427805
2552;12345;6;3000591.1734427805
2553;12348;3;3000591.1734427805
2554;12350;2;3000591.1734427805
2555;12351;1;3000591.1734427805
2556;12355;4;3000591.1734427805
2557;12359;4;3000591.1734427805
2558;12361;2;3000591.1734427805
2559;12363;2;3000591.1734427805
2560;12367;4;3000591.1734427805
2561;12372;5;3000591.1734427805
2562;12376;4;3000591.1734427805
2563;12379;3;3000591.1734427805
2564;12382;3;3000591.1734427805
2565;12389;7;3000591.1734427805
2566;12393;4;3000591.1734427805
2567;12394;1;3000591.1734427805
2568;12398;4;3000591.1734427805
2569;12402;4;3000591.1734427805
2570;12406;4;3000591.1734427805
2571;12407;1;3000591.1734427805
2572;12408;1;3000591.1734427805
2573;12411;3;3000591.1734427805
2574;12416;5;3000591.1734427805
2575;12417;1;3000591.1734427805
2576;12420;3;3000591.1734427805
2577;12424;4;3000591.1734427805
2578;12425;1;3000591.1734427805
2579;12430;5;3000591.1734427805
2580;12433;3;3000591.1734427805
2581;12434;1;3000591.1734427805
2582;12437;3;3000591.1734427805
2583;12439;2;3000591.1734427805
2584;12442;3;3000591.1734427805
2585;12445;3;3000591.1734427805
2586;12450;5;3000591.1734427805
2587;12453;3;3000591.1734427805
2588;12458;5;3000591.1734427805
2589;12463;5;3000591.1734427805
2590;12467;4;3000591.1734427805
2591;12470;3;3000591.1734427805
2592;12473;3;3000591.1734427805
2593;12477;4;3000591.1734427805
2594;12480;3;3000591.1734427805
2595;12484;4;3000591.1734427805
2596;12489;5;3000591.1734427805
2597;12493;4;3000591.1734427805
2598;12496;3;3000591.1734427805
2599;12500;4;3000591.1734427805
2600;12503;3;3000591.1734427805
2601;12504;1;3000591.1734427805
2602;12506;2;3000591.1734427805
2603;12509;3;3000591.1734427805
2604;12513;4;3000591.1734427805
2605;12518;5;3000591.1734427805
2606;12518;0;3000591.1734427805
2607;12522;4;3000591.1734427805
2608;12527;5;3000591.1734427805
2609;12531;4;3000591.1734427805
2610;12535;4;3000591.1734427805
2611;12541;6;3000591.1734427805
2612;12545;4;3000591.1734427805
2613;12549;4;3000591.1734427805
2614;12554;5;3000591.1734427805
2615;12555;1;3000591.1734427805
2616;12558;3;3000591.1734427805
2617;12562;4;3000591.1734427805
2618;12567;5;3000591.1734427805
2619;12568;1;3000591.1734427805
2620;12569;1;3000591.1734427805
2621;12573;4;3000591.1734427805
2622;12577;4;3000591.1734427805
2623;12580;3;3000591.1734427805
2624;12584;4;3000591.1734427805
2625;12587;3;3000591.1734427805
2626;12589;2;3000591.1734427805
2627;12592;3;3000591.1734427805
2628;12596;4;3000591.1734427805
2629;12600;4;3000591.1734427805
2630;12607;7;3000591.1734427805
2631;12611;4;3000591.1734427805
2632;12615;4;3000591.1734427805
2633;12619;4;3000591.1734427805
2634;12622;3;3000591.1734427805
2635;12626;4;3000591.1734427805
2636;12627;1;3000591.1734427805
2637;12632;5;3000591.1734427805
2638;12636;4;3000591.1734427805
2639;12640;4;3000591.1734427805
2640;12645;5;3000591.1734427805
2641;12647;2;3000591.1734427805
2642;12651;4;3000591.1734427805
2643;12654;3;3000591.1734427805
2644;12657;3;3000591.1734427805
2645;12658;1;3000591.1734427805
2646;12659;1;3000591.1734427805
2647;12660;1;3000591.1734427805
2648;12661;1;3000591.1734427805
2649;12662;1;3000591.1734427805
2650;12666;4;3000591.1734427805
2651;12669;3;3000591.1734427805
2652;12673;4;3000591.1734427805
2653;12677;4;3000591.1734427805
2654;12681;4;3000591.1734427805
2655;12684;3;3000591.1734427805
2656;12689;5;3000591.1734427805
2657;12690;1;3000591.1734427805
2658;12695;5;3000591.1734427805
2659;12699;4;3000591.1734427805
2660;12700;1;3000591.1734427805
2661;12701;1;3000591.1734427805
2662;12705;4;3000591.1734427805
2663;12710;5;3000591.1734427805
2664;12710;0;3000591.1734427805
2665;12714;4;3000591.1734427805
2666;12716;2;3000591.1734427805
2667;12719;3;3000591.1734427805
2668;12723;4;3000591.1734427805
2669;12726;3;3000591.1734427805
2670;12729;3;3000591.1734427805
2671;12733;4;3000591.1734427805
2672;12738;5;3000591.1734427805
2673;12741;3;3000591.1734427805
2674;12745;4;3000591.1734427805
2675;12750;5;3000591.1734427805
2676;12753;3;3000591.1734427805
2677;12759;6;3000591.1734427805
2678;12760;1;3000591.1734427805
2679;12768;8;3000591.1734427805
2680;12774;6;3000591.1734427805
2681;12783;9;3000591.1734427805
2682;12784;1;3000591.1734427805
2683;12793;9;3000591.1734427805
2684;12797;4;3000591.1734427805
2685;12804;7;3000591.1734427805
2686;12807;3;3000591.1734427805
2687;12808;1;3000591.1734427805
2688;12812;4;3000591.1734427805
2689;12815;3;3000591.1734427805
2690;12820;5;3000591.1734427805
2691;12823;3;3000591.1734427805
2692;12827;4;3000591.1734427805
2693;12827;0;3000591.1734427805
2694;12830;3;3000591.1734427805
2695;12831;1;3000591.1734427805
2696;12836;5;3000591.1734427805
2697;12840;4;3000591.1734427805
2698;12845;5;3000591.1734427805
2699;12848;3;3000591.1734427805
2700;12858;10;3000591.1734427805
2701;12859;1;3000591.1734427805
2702;12866;7;3000591.1734427805
2703;12872;6;3000591.1734427805
2704;12875;3;3000591.1734427805
2705;12882;7;3000591.1734427805
2706;12891;9;3000591.1734427805
2707;12899;8;3000591.1734427805
2708;12900;1;3000591.1734427805
2709;12908;8;3000591.1734427805
2710;12912;4;3000591.1734427805
2711;12915;3;3000591.1734427805
2712;12920;5;3000591.1734427805
2713;12926;6;3000591.1734427805
2714;12927;1;3000591.1734427805
2715;12934;7;3000591.1734427805
2716;12939;5;3000591.1734427805
2717;12948;9;3000591.1734427805
2718;12956;8;3000591.1734427805
2719;12977;21;3000591.1734427805
2720;12983;6;3000591.1734427805
2721;12985;2;3000591.1734427805
2722;12996;11;3000591.1734427805
2723;13003;7;3000591.1734427805
2724;13010;7;3000591.1734427805
2725;13015;5;3000591.1734427805
2726;13021;6;3000591.1734427805
2727;13024;3;3000591.1734427805
2728;13031;7;3000591.1734427805
2729;13035;4;3000591.1734427805
2730;13038;3;3000591.1734427805
2731;13049;11;3000591.1734427805
2732;13050;1;3000591.1734427805
2733;13056;6;3000591.1734427805
2734;13057;1;3000591.1734427805
2735;13059;2;3000591.1734427805
2736;13063;4;3000591.1734427805
2737;13081;18;3000591.1734427805
2738;13083;2;3000591.1734427805
2739;13089;6;3000591.1734427805
2740;13093;4;3000591.1734427805
2741;13095;2;3000591.1734427805
2742;13101;6;3000591.1734427805
2743;13104;3;3000591.1734427805
2744;13109;5;3000591.1734427805
2745;13114;5;3000591.1734427805
2746;13119;5;3000591.1734427805
2747;13124;5;3000591.1734427805
2748;13127;3;3000591.1734427805
2749;13131;4;3000591.1734427805
2750;13135;4;3000591.1734427805
2751;13138;3;3000591.1734427805
2752;13139;1;3000591.1734427805
2753;13144;5;3000591.1734427805
2754;13146;2;3000591.1734427805
2755;13152;6;3000591.1734427805
2756;13156;4;3000591.1734427805
2757;13159;3;3000591.1734427805
2758;13162;3;3000591.1734427805
2759;13163;1;3000591.1734427805
2760;13167;4;3000591.1734427805
2761;13170;3;3000591.1734427805
2762;13174;4;3000591.1734427805
2763;13182;8;3000591.1734427805
2764;13190;8;3000591.1734427805
2765;13196;6;3000591.1734427805
2766;13202;6;3000591.1734427805
2767;13209;7;3000591.1734427805
2768;13213;4;3000591.1734427805
2769;13215;2;3000591.1734427805
2770;13219;4;3000591.1734427805
2771;13222;3;3000591.1734427805
2772;13226;4;3000591.1734427805
2773;13227;1;3000591.1734427805
2774;13230;3;3000591.1734427805
2775;13231;1;3000591.1734427805
2776;13236;5;3000591.1734427805
2777;13239;3;3000591.1734427805
2778;13242;3;3000591.1734427805
2779;13246;4;3000591.1734427805
2780;13252;6;3000591.1734427805
2781;13259;7;3000591.1734427805
2782;13264;5;3000591.1734427805
2783;13269;5;3000591.1734427805
2784;13272;3;3000591.1734427805
2785;13276;4;3000591.1734427805
2786;13280;4;3000591.1734427805
2787;13285;5;3000591.1734427805
2788;13287;2;3000591.1734427805
2789;13289;2;3000591.1734427805
2790;13292;3;3000591.1734427805
2791;13295;3;3000591.1734427805
2792;13300;5;3000591.1734427805
2793;13306;6;3000591.1734427805
2794;13306;0;3000591.1734427805
2795;13310;4;3000591.1734427805
2796;13311;1;3000591.1734427805
2797;13314;3;3000591.1734427805
2798;13318;4;3000591.1734427805
2799;13321;3;3000591.1734427805
2800;13323;2;3000591.1734427805
2801;13327;4;3000591.1734427805
2802;13331;4;3000591.1734427805
2803;13333;2;3000591.1734427805
2804;13338;5;3000591.1734427805
2805;13346;8;3000591.1734427805
2806;13347;1;3000591.1734427805
2807;13348;1;3000591.1734427805
2808;13354;6;3000591.1734427805
2809;13355;1;3000591.1734427805
2810;13361;6;3000591.1734427805
2811;13362;1;3000591.1734427805
2812;13367;5;3000591.1734427805
2813;13372;5;3000591.1734427805
2814;13380;8;3000591.1734427805
2815;13384;4;3000591.1734427805
2816;13388;4;3000591.1734427805
2817;13394;6;3000591.1734427805
2818;13396;2;3000591.1734427805
2819;13403;7;3000591.1734427805
2820;13410;7;3000591.1734427805
2821;13411;1;3000591.1734427805
2822;13420;9;3000591.1734427805
2823;13426;6;3000591.1734427805
2824;13433;7;3000591.1734427805
2825;13440;7;3000591.1734427805
2826;13449;9;3000591.1734427805
2827;13453;4;3000591.1734427805
2828;13472;19;3000591.1734427805
2829;13476;4;3000591.1734427805
2830;13480;4;3000591.1734427805
2831;13481;1;3000591.1734427805
2832;13488;7;3000591.1734427805
2833;13493;5;3000591.1734427805
2834;13501;8;3000591.1734427805
2835;13507;6;3000591.1734427805
2836;13509;2;3000591.1734427805
2837;13514;5;3000591.1734427805
2838;13520;6;3000591.1734427805
2839;13527;7;3000591.1734427805
2840;13534;7;3000591.1734427805
2841;13540;6;3000591.1734427805
2842;13548;8;3000591.1734427805
2843;13553;5;3000591.1734427805
2844;13556;3;3000591.1734427805
2845;13562;6;3000591.1734427805
2846;13569;7;3000591.1734427805
2847;13573;4;3000591.1734427805
2848;13579;6;3000591.1734427805
2849;13583;4;3000591.1734427805
2850;13585;2;3000591.1734427805
2851;13592;7;3000591.1734427805
2852;13595;3;3000591.1734427805
2853;13598;3;3000591.1734427805
2854;13604;6;3000591.1734427805
2855;13608;4;3000591.1734427805
2856;13610;2;3000591.1734427805
2857;13611;1;3000591.1734427805
2858;13613;2;3000591.1734427805
2859;13614;1;3000591.1734427805
2860;13616;2;3000591.1734427805
2861;13618;2;3000591.1734427805
2862;13622;4;3000591.1734427805
2863;13626;4;3000591.1734427805
2864;13628;2;3000591.1734427805
2865;13629;1;3000591.1734427805
2866;13632;3;3000591.1734427805
2867;13636;4;3000591.1734427805
2868;13637;1;3000591.1734427805
2869;13637;0;3000591.1734427805
2870;13638;1;3000591.1734427805
2871;13642;4;3000591.1734427805
2872;13647;5;3000591.1734427805
2873;13657;10;3000591.1734427805
2874;13661;4;3000591.1734427805
2875;13666;5;3000591.1734427805
2876;13672;6;3000591.1734427805
2877;13673;1;3000591.1734427805
2878;13678;5;3000591.1734427805
2879;13684;6;3000591.1734427805
2880;13685;1;3000591.1734427805
2881;13690;5;3000591.1734427805
2882;13691;1;3000591.1734427805
2883;13697;6;3000591.1734427805
2884;13701;4;3000591.1734427805
2885;13704;3;3000591.1734427805
2886;13708;4;3000591.1734427805
2887;13713;5;3000591.1734427805
2888;13719;6;3000591.1734427805
2889;13719;0;3000591.1734427805
2890;13723;4;3000591.1734427805
2891;13726;3;3000591.1734427805
2892;13729;3;3000591.1734427805
2893;13734;5;3000591.1734427805
2894;13736;2;3000591.1734427805
2895;13740;4;3000591.1734427805
2896;13744;4;3000591.1734427805
2897;13748;4;3000591.1734427805
2898;13755;7;3000591.1734427805
2899;13763;8;3000591.1734427805
2900;13767;4;3000591.1734427805
2901;13773;6;3000591.1734427805
2902;13784;11;3000591.1734427805
2903;13790;6;3000591.1734427805
2904;13801;11;3000591.1734427805
2905;13807;6;3000591.1734427805
2906;13809;2;3000591.1734427805
2907;13815;6;3000591.1734427805
2908;13823;8;3000591.1734427805
2909;13830;7;3000591.1734427805
2910;13835;5;3000591.1734427805
2911;13845;10;3000591.1734427805
2912;13852;7;3000591.1734427805
2913;13860;8;3000591.1734427805
2914;13863;3;3000591.1734427805
2915;13872;9;3000591.1734427805
2916;13877;5;3000591.1734427805
2917;13883;6;3000591.1734427805
2918;13889;6;3000591.1734427805
2919;13898;9;3000591.1734427805
2920;13910;12;3000591.1734427805
2921;13920;10;3000591.1734427805
2922;13924;4;3000591.1734427805
2923;13930;6;3000591.1734427805
2924;13941;11;3000591.1734427805
2925;13947;6;3000591.1734427805
2926;13952;5;3000591.1734427805
2927;13959;7;3000591.1734427805
2928;13968;9;3000591.1734427805
2929;13970;2;3000591.1734427805
2930;13974;4;3000591.1734427805
2931;13984;10;3000591.1734427805
2932;13994;10;3000591.1734427805
2933;14002;8;3000591.1734427805
2934;14004;2;3000591.1734427805
2935;14011;7;3000591.1734427805
2936;14017;6;3000591.1734427805
2937;14037;20;3000591.1734427805
2938;14047;10;3000591.1734427805
2939;14052;5;3000591.1734427805
2940;14058;6;3000591.1734427805
2941;14067;9;3000591.1734427805
2942;14070;3;3000591.1734427805
2943;14085;15;3000591.1734427805
2944;14094;9;3000591.1734427805
2945;14100;6;3000591.1734427805
2946;14106;6;3000591.1734427805
2947;14111;5;3000591.1734427805
2948;14118;7;3000591.1734427805
2949;14124;6;3000591.1734427805
2950;14130;6;3000591.1734427805
2951;14136;6;3000591.1734427805
2952;14141;5;3000591.1734427805
2953;14147;6;3000591.1734427805
2954;14148;1;3000591.1734427805
2955;14149;1;3000591.1734427805
2956;14158;9;3000591.1734427805
2957;14162;4;3000591.1734427805
2958;14165;3;3000591.1734427805
2959;14167;2;3000591.1734427805
2960;14174;7;3000591.1734427805
2961;14175;1;3000591.1734427805
2962;14176;1;3000591.1734427805
2963;14182;6;3000591.1734427805
2964;14186;4;3000591.1734427805
2965;14191;5;3000591.1734427805
2966;14192;1;3000591.1734427805
2967;14193;1;3000591.1734427805
2968;14200;7;3000591.1734427805
2969;14206;6;3000591.1734427805
2970;14211;5;3000591.1734427805
2971;14214;3;3000591.1734427805
2972;14217;3;3000591.1734427805
2973;14219;2;3000591.1734427805
2974;14225;6;3000591.1734427805
2975;14231;6;3000591.1734427805
2976;14237;6;3000591.1734427805
2977;14241;4;3000591.1734427805
2978;14243;2;3000591.1734427805
2979;14244;1;3000591.1734427805
2980;14249;5;3000591.1734427805
2981;14250;1;3000591.1734427805
2982;14255;5;3000591.1734427805
2983;14258;3;3000591.1734427805
2984;14262;4;3000591.1734427805
2985;14269;7;3000591.1734427805
2986;14270;1;3000591.1734427805
2987;14272;2;3000591.1734427805
2988;14276;4;3000591.1734427805
2989;14280;4;3000591.1734427805
2990;14281;1;3000591.1734427805
2991;14282;1;3000591.1734427805
2992;14286;4;3000591.1734427805
2993;14289;3;3000591.1734427805
2994;14290;1;3000591.1734427805
2995;14294;4;3000591.1734427805
2996;14298;4;3000591.1734427805
2997;14303;5;3000591.1734427805
2998;14308;5;3000591.1734427805
2999;14312;4;3000591.1734427805
