Index;Time point [ms];Iteration length [ms];Cost
0;6;6;7002732.822433372
1;10;4;7002194.678378133
2;11;1;7002144.813785041
3;15;4;5002154.994184773
4;19;4;5002025.983212681
5;23;4;5001935.358540097
6;27;4;5001935.358540097
7;32;5;5001935.358540097
8;36;4;5001935.358540097
9;40;4;5001935.358540097
10;41;1;5001935.358540097
11;46;5;5001935.358540097
12;49;3;5001935.358540097
13;53;4;5001935.358540097
14;59;6;5001935.358540097
15;65;6;5001935.358540097
16;67;2;5001935.358540097
17;71;4;5001935.358540097
18;74;3;5001935.358540097
19;75;1;5001935.358540097
20;77;2;5001935.358540097
21;80;3;5001935.22789248
22;80;0;5001935.22789248
23;84;4;5001935.22789248
24;87;3;5001935.22789248
25;92;5;5001935.22789248
26;97;5;5001935.22789248
27;103;6;5001871.300663279
28;104;1;5001871.300663279
29;108;4;5001871.300663279
30;112;4;5001871.300663279
31;113;1;5001871.300663279
32;117;4;5001821.33866082
33;120;3;5001821.33866082
34;121;1;5001821.33866082
35;121;0;5001821.33866082
36;126;5;5001821.33866082
37;127;1;5001821.33866082
38;131;4;5001821.33866082
39;133;2;5001821.33866082
40;136;3;5001821.33866082
41;142;6;5001792.789592328
42;149;7;5001792.789592328
43;153;4;5001792.789592328
44;158;5;5001792.789592328
45;162;4;5001792.789592328
46;166;4;5001792.789592328
47;172;6;5001792.789592328
48;177;5;5001792.789592328
49;181;4;5001792.789592328
50;187;6;5001792.789592328
51;189;2;5001792.789592328
52;191;2;5001792.789592328
53;196;5;5001792.789592328
54;204;8;5001792.789592328
55;207;3;5001792.789592328
56;212;5;5001792.789592328
57;216;4;5001792.789592328
58;221;5;5001792.789592328
59;225;4;5001792.789592328
60;232;7;5001792.789592328
61;237;5;5001792.789592328
62;242;5;5001792.789592328
63;243;1;5001792.789592328
64;247;4;5001792.789592328
65;252;5;5001792.789592328
66;257;5;5001792.789592328
67;260;3;5001792.789592328
68;266;6;5001792.789592328
69;271;5;5001792.789592328
70;276;5;5001792.789592328
71;281;5;5001792.789592328
72;284;3;5001792.789592328
73;289;5;5001792.789592328
74;293;4;5001792.789592328
75;299;6;5001792.789592328
76;300;1;5001792.789592328
77;303;3;5001792.789592328
78;307;4;5001792.789592328
79;310;3;5001792.789592328
80;314;4;5001792.789592328
81;318;4;5001792.789592328
82;323;5;5001792.789592328
83;331;8;5001792.789592328
84;336;5;5001792.789592328
85;344;8;5001792.789592328
86;351;7;5001792.789592328
87;358;7;5001792.789592328
88;359;1;5001792.789592328
89;367;8;5001792.789592328
90;372;5;5001792.789592328
91;375;3;5001792.789592328
92;381;6;5001792.789592328
93;386;5;5001792.789592328
94;390;4;5001792.789592328
95;393;3;5001792.789592328
96;398;5;5001792.789592328
97;401;3;5001792.789592328
98;404;3;5001792.789592328
99;408;4;5001792.789592328
100;413;5;5001792.789592328
101;419;6;5001792.789592328
102;422;3;5001792.789592328
103;423;1;5001792.789592328
104;428;5;5001792.789592328
105;432;4;5001792.789592328
106;437;5;5001792.789592328
107;439;2;5001792.789592328
108;443;4;5001792.789592328
109;448;5;5001792.789592328
110;451;3;5001792.789592328
111;455;4;5001792.789592328
112;456;1;5001792.789592328
113;460;4;5001792.789592328
114;466;6;5001792.789592328
115;471;5;5001792.789592328
116;477;6;5001792.789592328
117;481;4;5001792.789592328
118;482;1;5001792.789592328
119;488;6;5001792.789592328
120;496;8;5001792.789592328
121;502;6;5001792.789592328
122;507;5;5001792.789592328
123;513;6;5001792.789592328
124;521;8;5001792.789592328
125;527;6;5001792.789592328
126;532;5;5001792.789592328
127;536;4;5001792.789592328
128;546;10;5001792.789592328
129;547;1;5001792.789592328
130;552;5;5001792.789592328
131;555;3;5001792.789592328
132;556;1;5001792.789592328
133;558;2;5001792.789592328
134;559;1;5001792.789592328
135;559;0;5001792.789592328
136;562;3;5001792.789592328
137;566;4;5001792.789592328
138;569;3;5001792.789592328
139;572;3;5001792.789592328
140;574;2;5001792.789592328
141;578;4;5001792.789592328
142;584;6;5001792.789592328
143;591;7;5001792.789592328
144;592;1;5001792.789592328
145;596;4;5001792.789592328
146;600;4;5001792.789592328
147;602;2;5001792.789592328
148;606;4;5001792.789592328
149;606;0;5001792.789592328
150;611;5;5001792.789592328
151;613;2;5001792.789592328
152;614;1;5001792.789592328
153;614;0;5001792.789592328
154;619;5;5001792.789592328
155;625;6;5001776.505098846
156;626;1;5001776.505098846
157;631;5;5001649.598744506
158;639;8;5001649.598744506
159;644;5;5001649.598744506
160;649;5;5001649.598744506
161;657;8;5001649.598744506
162;658;1;5001649.598744506
163;668;10;5001649.598744506
164;675;7;5001649.598744506
165;676;1;5001649.598744506
166;691;15;5001649.598744506
167;704;13;5001649.598744506
168;715;11;5001649.598744506
169;717;2;5001649.598744506
170;722;5;5001649.598744506
171;725;3;5001649.598744506
172;735;10;5001649.598744506
173;740;5;5001649.598744506
174;743;3;5001649.598744506
175;752;9;5001649.598744506
176;769;17;5001649.598744506
177;771;2;5001649.598744506
178;782;11;5001649.598744506
179;801;19;5001649.598744506
180;802;1;5001649.598744506
181;803;1;5001649.598744506
182;809;6;5001649.598744506
183;814;5;5001649.598744506
184;815;1;5001649.598744506
185;827;12;5001649.598744506
186;832;5;5001649.598744506
187;839;7;5001649.598744506
188;844;5;5001649.598744506
189;851;7;5001649.598744506
190;862;11;5001649.598744506
191;864;2;5001649.598744506
192;869;5;5001649.598744506
193;872;3;5001649.598744506
194;882;10;5001649.598744506
195;885;3;5001649.598744506
196;892;7;5001649.598744506
197;894;2;5001649.598744506
198;900;6;5001649.598744506
199;903;3;5001649.598744506
200;906;3;5001649.598744506
201;910;4;5001649.598744506
202;919;9;5001649.598744506
203;920;1;5001649.598744506
204;921;1;5001649.598744506
205;929;8;5001649.598744506
206;937;8;5001649.598744506
207;946;9;5001649.598744506
208;951;5;5001649.598744506
209;956;5;5001649.598744506
210;963;7;5001649.598744506
211;973;10;5001649.598744506
212;981;8;5001649.598744506
213;982;1;5001649.598744506
214;992;10;5001649.598744506
215;1000;8;5001649.598744506
216;1009;9;5001649.598744506
217;1014;5;5001649.598744506
218;1020;6;5001649.598744506
219;1024;4;5001649.598744506
220;1029;5;5001649.598744506
221;1036;7;5001649.598744506
222;1042;6;5001649.598744506
223;1048;6;5001649.598744506
224;1053;5;5001649.598744506
225;1057;4;5001649.598744506
226;1064;7;5001649.598744506
227;1072;8;5001649.598744506
228;1076;4;5001649.598744506
229;1085;9;5001649.598744506
230;1088;3;5001649.598744506
231;1093;5;5001649.598744506
232;1100;7;5001649.598744506
233;1104;4;5001649.598744506
234;1112;8;5001649.598744506
235;1117;5;5001649.598744506
236;1120;3;5001649.598744506
237;1125;5;5001649.598744506
238;1133;8;5001649.598744506
239;1139;6;5001649.598744506
240;1145;6;5001649.598744506
241;1151;6;5001649.598744506
242;1156;5;5001649.598744506
243;1164;8;5001649.598744506
244;1173;9;5001603.548320404
245;1179;6;5001601.625529081
246;1188;9;5001601.625529081
247;1193;5;5001601.625529081
248;1199;6;5001601.625529081
249;1206;7;5001552.986526258
250;1211;5;5001522.327199217
251;1212;1;5001522.327199217
252;1219;7;5001506.317456075
253;1219;0;5001506.317456075
254;1223;4;5001506.317456075
255;1227;4;5001506.317456075
256;1231;4;5001506.317456075
257;1235;4;5001506.317456075
258;1242;7;5001506.317456075
259;1245;3;5001506.317456075
260;1249;4;5001506.317456075
261;1254;5;5001506.317456075
262;1255;1;5001506.317456075
263;1259;4;5001506.317456075
264;1263;4;5001506.317456075
265;1267;4;5001506.317456075
266;1269;2;5001506.317456075
267;1273;4;5001506.317456075
268;1277;4;5001506.317456075
269;1277;0;5001506.317456075
270;1280;3;5001506.317456075
271;1280;0;5001506.317456075
272;1285;5;5001506.317456075
273;1288;3;5001506.317456075
274;1292;4;5001506.317456075
275;1295;3;5001506.317456075
276;1300;5;5001506.317456075
277;1301;1;5001506.317456075
278;1305;4;5001506.317456075
279;1307;2;5001506.317456075
280;1309;2;5001506.317456075
281;1313;4;5001506.317456075
282;1316;3;5001506.317456075
283;1319;3;5001506.317456075
284;1323;4;5001506.317456075
285;1325;2;5001506.317456075
286;1329;4;5001506.317456075
287;1330;1;5001506.317456075
288;1335;5;5001506.317456075
289;1337;2;5001506.317456075
290;1342;5;5001506.317456075
291;1345;3;5001506.317456075
292;1346;1;5001506.317456075
293;1349;3;5001506.317456075
294;1354;5;5001506.317456075
295;1357;3;5001506.317456075
296;1362;5;5001506.317456075
297;1364;2;5001506.317456075
298;1365;1;5001506.317456075
299;1366;1;5001506.317456075
300;1372;6;5001506.317456075
301;1375;3;5001506.317456075
302;1381;6;5001506.317456075
303;1382;1;5001506.317456075
304;1389;7;5001506.317456075
305;1393;4;5001506.317456075
306;1396;3;5001506.317456075
307;1401;5;5001506.317456075
308;1406;5;5001506.317456075
309;1409;3;5001506.317456075
310;1414;5;5001506.317456075
311;1414;0;5001506.317456075
312;1420;6;5001506.317456075
313;1424;4;5001506.317456075
314;1428;4;5001506.317456075
315;1433;5;5001506.317456075
316;1437;4;5001506.317456075
317;1440;3;5001506.317456075
318;1445;5;5001506.317456075
319;1449;4;5001506.317456075
320;1451;2;5001506.317456075
321;1458;7;5001506.317456075
322;1461;3;5001506.317456075
323;1462;1;5001506.317456075
324;1468;6;5001506.317456075
325;1471;3;5001506.317456075
326;1475;4;5001506.317456075
327;1480;5;5001506.317456075
328;1481;1;5001506.317456075
329;1485;4;5001506.317456075
330;1489;4;5001506.317456075
331;1492;3;5001506.317456075
332;1497;5;5001506.317456075
333;1502;5;5001506.317456075
334;1508;6;5001506.317456075
335;1511;3;5001506.317456075
336;1512;1;5001506.317456075
337;1517;5;5001506.317456075
338;1520;3;5001506.317456075
339;1523;3;5001506.317456075
340;1528;5;5001506.317456075
341;1532;4;5001506.317456075
342;1537;5;5001506.317456075
343;1540;3;5001506.317456075
344;1541;1;5001506.317456075
345;1545;4;5001506.317456075
346;1546;1;5001506.317456075
347;1549;3;5001506.317456075
348;1556;7;5001506.317456075
349;1559;3;5001506.317456075
350;1563;4;5001506.317456075
351;1566;3;5001506.317456075
352;1572;6;5001506.317456075
353;1577;5;5001506.317456075
354;1582;5;5001506.317456075
355;1585;3;5001506.317456075
356;1592;7;5001506.317456075
357;1597;5;5001506.317456075
358;1602;5;5001506.317456075
359;1606;4;5001506.317456075
360;1610;4;5001506.317456075
361;1615;5;5001506.317456075
362;1618;3;5001506.317456075
363;1620;2;5001506.317456075
364;1624;4;5001506.317456075
365;1627;3;5001506.317456075
366;1633;6;5001506.317456075
367;1633;0;5001506.317456075
368;1638;5;5001506.317456075
369;1644;6;5001506.317456075
370;1647;3;5001506.317456075
371;1648;1;5001506.317456075
372;1652;4;5001506.317456075
373;1657;5;5001506.317456075
374;1662;5;5001506.317456075
375;1664;2;5001506.317456075
376;1666;2;5001506.317456075
377;1670;4;5001506.317456075
378;1675;5;5001506.317456075
379;1680;5;5001506.317456075
380;1685;5;5001506.317456075
381;1689;4;5001506.317456075
382;1694;5;5001506.317456075
383;1699;5;5001506.317456075
384;1701;2;5001506.317456075
385;1705;4;5001506.317456075
386;1709;4;5001506.317456075
387;1717;8;5001506.317456075
388;1720;3;5001506.317456075
389;1723;3;5001506.317456075
390;1726;3;5001506.317456075
391;1730;4;5001506.317456075
392;1734;4;5001506.317456075
393;1739;5;5001506.317456075
394;1742;3;5001506.317456075
395;1742;0;5001506.317456075
396;1748;6;5001506.317456075
397;1753;5;5001506.317456075
398;1755;2;5001506.317456075
399;1759;4;5001506.317456075
400;1759;0;5001506.317456075
401;1763;4;5001506.317456075
402;1766;3;5001506.317456075
403;1771;5;5001506.317456075
404;1772;1;5001506.317456075
405;1775;3;5001506.317456075
406;1778;3;5001506.317456075
407;1780;2;5001506.317456075
408;1781;1;5001506.317456075
409;1782;1;5001506.317456075
410;1786;4;5001506.317456075
411;1789;3;5001506.317456075
412;1791;2;5001506.317456075
413;1792;1;5001506.317456075
414;1793;1;5001506.317456075
415;1794;1;5001506.317456075
416;1798;4;5001506.317456075
417;1803;5;5001506.317456075
418;1805;2;5001506.317456075
419;1810;5;5001506.317456075
420;1813;3;5001506.317456075
421;1813;0;5001506.317456075
422;1816;3;5001506.317456075
423;1817;1;5001506.317456075
424;1820;3;5001506.317456075
425;1823;3;5001506.317456075
426;1827;4;5001506.317456075
427;1831;4;5001506.317456075
428;1836;5;5001506.317456075
429;1836;0;5001506.317456075
430;1837;1;5001506.317456075
431;1840;3;5001506.317456075
432;1845;5;5001506.317456075
433;1851;6;5001506.317456075
434;1855;4;5001506.317456075
435;1857;2;5001506.317456075
436;1863;6;5001506.317456075
437;1868;5;5001506.317456075
438;1872;4;5001506.317456075
439;1874;2;5001506.317456075
440;1878;4;5001506.317456075
441;1880;2;5001506.317456075
442;1883;3;5001506.317456075
443;1884;1;5001506.317456075
444;1885;1;5001506.317456075
445;1889;4;5001506.317456075
446;1895;6;5001506.317456075
447;1899;4;5001506.317456075
448;1902;3;5001506.317456075
449;1902;0;5001506.317456075
450;1907;5;5001506.317456075
451;1912;5;5001506.317456075
452;1917;5;5001506.317456075
453;1921;4;5001506.317456075
454;1922;1;5001506.317456075
455;1924;2;5001506.317456075
456;1926;2;5001506.317456075
457;1931;5;5001506.317456075
458;1934;3;5001506.317456075
459;1938;4;5001506.317456075
460;1939;1;5001506.317456075
461;1941;2;5001506.317456075
462;1944;3;5001506.317456075
463;1948;4;5001506.317456075
464;1953;5;5001506.317456075
465;1954;1;5001506.317456075
466;1959;5;5001506.317456075
467;1963;4;5001506.317456075
468;1966;3;5001506.317456075
469;1972;6;5001506.317456075
470;1975;3;5001506.317456075
471;1978;3;5001506.317456075
472;1982;4;5001506.317456075
473;1986;4;5001506.317456075
474;1990;4;5001506.317456075
475;1993;3;5001506.317456075
476;1996;3;5001506.317456075
477;1998;2;5001506.317456075
478;2003;5;5001506.317456075
479;2008;5;5001506.317456075
480;2010;2;5001506.317456075
481;2013;3;5001506.317456075
482;2017;4;5001506.317456075
483;2017;0;5001506.317456075
484;2020;3;5001506.317456075
485;2020;0;5001506.317456075
486;2024;4;5001506.317456075
487;2027;3;5001506.317456075
488;2027;0;5001506.317456075
489;2028;1;5001506.317456075
490;2032;4;5001506.317456075
491;2035;3;5001506.317456075
492;2038;3;5001506.317456075
493;2041;3;5001506.317456075
494;2042;1;5001506.317456075
495;2047;5;5001506.317456075
496;2052;5;5001506.317456075
497;2055;3;5001506.317456075
498;2056;1;5001506.317456075
499;2062;6;5001506.317456075
500;2066;4;5001506.317456075
501;2068;2;5001506.317456075
502;2072;4;5001506.317456075
503;2073;1;5001506.317456075
504;2073;0;5001506.317456075
505;2078;5;5001506.317456075
506;2081;3;5001506.317456075
507;2085;4;5001506.317456075
508;2091;6;5001506.317456075
509;2096;5;5001506.317456075
510;2101;5;5001506.317456075
511;2104;3;5001506.317456075
512;2109;5;5001506.317456075
513;2114;5;5001506.317456075
514;2119;5;5001506.317456075
515;2121;2;5001506.317456075
516;2122;1;5001506.317456075
517;2125;3;5001506.317456075
518;2129;4;5001506.317456075
519;2134;5;5001506.317456075
520;2134;0;5001506.317456075
521;2139;5;5001506.317456075
522;2143;4;5001506.317456075
523;2143;0;5001506.317456075
524;2149;6;5001506.317456075
525;2153;4;5001506.317456075
526;2157;4;5001506.317456075
527;2161;4;5001506.317456075
528;2163;2;5001506.317456075
529;2166;3;5001506.317456075
530;2169;3;5001506.317456075
531;2173;4;5001506.317456075
532;2177;4;5001506.317456075
533;2180;3;5001506.317456075
534;2181;1;5001506.317456075
535;2185;4;5001506.317456075
536;2188;3;5001506.317456075
537;2188;0;5001506.317456075
538;2192;4;5001506.317456075
539;2198;6;5001506.317456075
540;2201;3;5001506.317456075
541;2206;5;5001506.317456075
542;2207;1;5001506.317456075
543;2211;4;5001506.317456075
544;2215;4;5001506.317456075
545;2218;3;5001506.317456075
546;2222;4;5001506.317456075
547;2223;1;5001506.317456075
548;2226;3;5001506.317456075
549;2232;6;5001506.317456075
550;2237;5;5001506.317456075
551;2241;4;5001506.317456075
552;2245;4;5001506.317456075
553;2250;5;5001506.317456075
554;2254;4;5001506.317456075
555;2258;4;5001506.317456075
556;2263;5;5001506.317456075
557;2264;1;5001506.317456075
558;2269;5;5001506.317456075
559;2271;2;5001506.317456075
560;2275;4;5001506.317456075
561;2279;4;5001506.317456075
562;2282;3;5001506.317456075
563;2285;3;5001506.317456075
564;2288;3;5001506.317456075
565;2288;0;5001506.317456075
566;2293;5;5001506.317456075
567;2296;3;5001506.317456075
568;2297;1;5001506.317456075
569;2300;3;5001506.317456075
570;2306;6;5001506.317456075
571;2310;4;5001506.317456075
572;2314;4;5001506.317456075
573;2315;1;5001506.317456075
574;2318;3;5001506.317456075
575;2319;1;5001506.317456075
576;2324;5;5001506.317456075
577;2326;2;5001506.317456075
578;2331;5;5001506.317456075
579;2332;1;5001506.317456075
580;2338;6;5001506.317456075
581;2342;4;5001506.317456075
582;2346;4;5001506.317456075
583;2349;3;5001506.317456075
584;2353;4;5001506.317456075
585;2355;2;5001506.317456075
586;2360;5;5001506.317456075
587;2364;4;5001506.317456075
588;2367;3;5001506.317456075
589;2370;3;5001506.317456075
590;2373;3;5001506.317456075
591;2374;1;5001506.317456075
592;2377;3;5001506.317456075
593;2380;3;5001506.317456075
594;2385;5;5001506.317456075
595;2390;5;5001506.317456075
596;2391;1;5001506.317456075
597;2396;5;5001506.317456075
598;2402;6;5001506.317456075
599;2406;4;5001506.317456075
600;2410;4;5001503.286622633
601;2412;2;5001476.596687043
602;2416;4;5001463.466077997
603;2420;4;5001463.466077997
604;2420;0;5001463.466077997
605;2423;3;5001463.466077997
606;2424;1;5001463.466077997
607;2428;4;5001463.466077997
608;2433;5;5001463.466077997
609;2439;6;5001463.466077997
610;2444;5;5001463.466077997
611;2449;5;5001463.466077997
612;2452;3;5001463.466077997
613;2458;6;5001463.466077997
614;2459;1;5001463.466077997
615;2463;4;5001463.466077997
616;2465;2;5001463.466077997
617;2471;6;5001463.466077997
618;2474;3;5001463.466077997
619;2477;3;5001463.466077997
620;2480;3;5001463.466077997
621;2487;7;5001463.466077997
622;2488;1;5001463.466077997
623;2492;4;5001463.466077997
624;2495;3;5001463.466077997
625;2498;3;5001463.466077997
626;2501;3;5001463.466077997
627;2506;5;5001463.466077997
628;2510;4;5001463.466077997
629;2514;4;5001463.466077997
630;2514;0;5001463.466077997
631;2515;1;5001463.466077997
632;2516;1;5001463.466077997
633;2519;3;5001463.466077997
634;2526;7;5001463.466077997
635;2530;4;5001463.466077997
636;2535;5;5001463.466077997
637;2540;5;5001463.466077997
638;2543;3;5001463.466077997
639;2544;1;5001463.466077997
640;2549;5;5001463.466077997
641;2550;1;5001463.466077997
642;2551;1;5001463.466077997
643;2554;3;5001463.466077997
644;2558;4;5001463.466077997
645;2561;3;5001463.466077997
646;2563;2;5001463.466077997
647;2564;1;5001463.466077997
648;2566;2;5001463.466077997
649;2569;3;5001463.466077997
650;2574;5;5001463.466077997
651;2574;0;5001463.466077997
652;2580;6;5001463.466077997
653;2582;2;5001463.466077997
654;2587;5;5001463.466077997
655;2592;5;5001463.466077997
656;2595;3;5001463.466077997
657;2600;5;5001463.466077997
658;2606;6;5001463.466077997
659;2610;4;5001463.466077997
660;2612;2;5001463.466077997
661;2612;0;5001463.466077997
662;2617;5;5001463.466077997
663;2617;0;5001463.466077997
664;2621;4;5001463.466077997
665;2624;3;5001463.466077997
666;2627;3;5001463.466077997
667;2627;0;5001463.466077997
668;2628;1;5001463.466077997
669;2635;7;5001463.466077997
670;2638;3;5001463.466077997
671;2642;4;5001463.466077997
672;2645;3;5001463.466077997
673;2648;3;5001463.466077997
674;2649;1;5001463.466077997
675;2653;4;5001463.466077997
676;2657;4;5001463.466077997
677;2661;4;5001463.466077997
678;2664;3;5001463.466077997
679;2669;5;5001463.466077997
680;2673;4;5001463.466077997
681;2675;2;5001463.466077997
682;2680;5;5001463.466077997
683;2681;1;5001463.466077997
684;2682;1;5001463.466077997
685;2686;4;5001463.466077997
686;2691;5;5001463.466077997
687;2695;4;5001463.466077997
688;2696;1;5001463.466077997
689;2699;3;5001463.466077997
690;2700;1;5001463.466077997
691;2702;2;5001463.466077997
692;2708;6;5001463.466077997
693;2709;1;5001463.466077997
694;2712;3;5001463.466077997
695;2715;3;5001463.466077997
696;2716;1;5001463.466077997
697;2719;3;5001463.466077997
698;2722;3;5001463.466077997
699;2726;4;5001463.466077997
700;2730;4;5001463.466077997
701;2732;2;5001463.466077997
702;2735;3;5001463.466077997
703;2739;4;5001463.466077997
704;2743;4;5001463.466077997
705;2746;3;5001463.466077997
706;2749;3;5001463.466077997
707;2751;2;5001463.466077997
708;2754;3;5001463.466077997
709;2759;5;5001463.466077997
710;2762;3;5001463.466077997
711;2766;4;5001463.466077997
712;2771;5;5001463.466077997
713;2774;3;5001463.466077997
714;2783;9;5001463.466077997
715;2790;7;5001463.466077997
716;2795;5;5001463.466077997
717;2799;4;5001463.466077997
718;2804;5;5001463.466077997
719;2809;5;5001463.466077997
720;2814;5;5001463.466077997
721;2819;5;5001463.466077997
722;2826;7;5001463.466077997
723;2832;6;5001463.466077997
724;2838;6;5001463.466077997
725;2843;5;5001463.466077997
726;2849;6;5001463.466077997
727;2849;0;5001463.466077997
728;2853;4;5001463.466077997
729;2860;7;5001463.466077997
730;2866;6;5001463.466077997
731;2867;1;5001463.466077997
732;2877;10;5001463.466077997
733;2882;5;5001463.466077997
734;2889;7;5001463.466077997
735;2897;8;5001463.466077997
736;2903;6;5001463.466077997
737;2909;6;5001463.466077997
738;2914;5;5001463.466077997
739;2921;7;5001463.466077997
740;2922;1;5001463.466077997
741;2929;7;5001463.466077997
742;2938;9;5001463.466077997
743;2945;7;5001463.466077997
744;2953;8;5001463.466077997
745;2957;4;5001463.466077997
746;2960;3;5001463.466077997
747;2963;3;5001463.466077997
748;2969;6;5001463.466077997
749;2973;4;5001463.466077997
750;2978;5;5001463.466077997
751;2984;6;5001463.466077997
752;2989;5;5001463.466077997
753;2996;7;5001463.466077997
754;3003;7;5001463.466077997
755;3007;4;5001463.466077997
756;3015;8;5001463.466077997
757;3024;9;5001463.466077997
758;3031;7;5001463.466077997
759;3031;0;5001463.466077997
760;3036;5;5001463.466077997
761;3040;4;5001463.466077997
762;3043;3;5001463.466077997
763;3044;1;5001463.466077997
764;3049;5;5001463.466077997
765;3052;3;5001463.466077997
766;3053;1;5001463.466077997
767;3055;2;5001463.466077997
768;3059;4;5001463.466077997
769;3067;8;5001463.466077997
770;3072;5;5001463.466077997
771;3075;3;5001463.466077997
772;3085;10;5001463.466077997
773;3090;5;5001463.466077997
774;3095;5;5001463.466077997
775;3096;1;5001463.466077997
776;3098;2;5001463.466077997
777;3103;5;5001463.466077997
778;3106;3;5001463.466077997
779;3110;4;5001463.466077997
780;3115;5;5001463.466077997
781;3119;4;5001463.466077997
782;3126;7;5001463.466077997
783;3128;2;5001463.466077997
784;3129;1;5001463.466077997
785;3135;6;5001463.466077997
786;3135;0;5001463.466077997
787;3136;1;5001463.466077997
788;3138;2;5001463.466077997
789;3143;5;5001463.466077997
790;3146;3;5001463.466077997
791;3148;2;5001463.466077997
792;3149;1;5001463.466077997
793;3151;2;5001463.466077997
794;3154;3;5001463.466077997
795;3159;5;5001463.466077997
796;3159;0;5001463.466077997
797;3162;3;5001463.466077997
798;3168;6;5001463.466077997
799;3173;5;5001463.466077997
800;3174;1;5001463.466077997
801;3176;2;5001463.466077997
802;3180;4;5001463.466077997
803;3184;4;5001463.466077997
804;3189;5;5001463.466077997
805;3192;3;5001463.466077997
806;3197;5;5001463.466077997
807;3201;4;5001463.466077997
808;3203;2;5001463.466077997
809;3207;4;5001463.466077997
810;3211;4;5001463.466077997
811;3214;3;5001463.466077997
812;3217;3;5001463.466077997
813;3221;4;5001463.466077997
814;3228;7;5001463.466077997
815;3232;4;5001463.466077997
816;3233;1;5001463.466077997
817;3235;2;5001463.466077997
818;3239;4;5001463.466077997
819;3243;4;5001463.466077997
820;3246;3;5001463.466077997
821;3246;0;5001463.466077997
822;3250;4;5001463.466077997
823;3252;2;5001463.466077997
824;3256;4;5001463.466077997
825;3258;2;5001463.466077997
826;3262;4;5001463.466077997
827;3266;4;5001463.466077997
828;3267;1;5001463.466077997
829;3273;6;5001463.466077997
830;3277;4;5001463.466077997
831;3281;4;5001463.466077997
832;3285;4;5001463.466077997
833;3288;3;5001463.466077997
834;3292;4;5001463.466077997
835;3294;2;5001463.466077997
836;3300;6;5001463.466077997
837;3303;3;5001463.466077997
838;3307;4;5001463.466077997
839;3311;4;5001463.466077997
840;3315;4;5001463.466077997
841;3318;3;5001463.466077997
842;3319;1;5001463.466077997
843;3320;1;5001463.466077997
844;3324;4;5001463.466077997
845;3327;3;5001463.466077997
846;3329;2;5001463.466077997
847;3329;0;5001463.466077997
848;3331;2;5001463.466077997
849;3333;2;5001463.466077997
850;3338;5;5001463.466077997
851;3343;5;5001463.466077997
852;3347;4;5001463.466077997
853;3349;2;5001463.466077997
854;3350;1;5001463.466077997
855;3355;5;5001463.466077997
856;3355;0;5001463.466077997
857;3358;3;5001463.466077997
858;3362;4;5001463.466077997
859;3364;2;5001463.466077997
860;3369;5;5001463.466077997
861;3375;6;5001463.466077997
862;3379;4;5001463.466077997
863;3383;4;5001463.466077997
864;3386;3;5001463.466077997
865;3387;1;5001463.466077997
866;3393;6;5001463.466077997
867;3399;6;5001463.466077997
868;3406;7;5001463.466077997
869;3410;4;5001463.466077997
870;3413;3;5001463.466077997
871;3418;5;5001463.466077997
872;3421;3;5001463.466077997
873;3424;3;5001463.466077997
874;3429;5;5001463.466077997
875;3432;3;5001463.466077997
876;3437;5;5001463.466077997
877;3440;3;5001463.466077997
878;3442;2;5001463.466077997
879;3442;0;5001463.466077997
880;3446;4;5001463.466077997
881;3450;4;5001463.466077997
882;3451;1;5001463.466077997
883;3457;6;5001463.466077997
884;3461;4;5001463.466077997
885;3461;0;5001463.466077997
886;3466;5;5001463.466077997
887;3467;1;5001463.466077997
888;3472;5;5001463.466077997
889;3474;2;5001463.466077997
890;3479;5;5001463.466077997
891;3482;3;5001463.466077997
892;3485;3;5001463.466077997
893;3490;5;5001463.466077997
894;3494;4;5001463.466077997
895;3498;4;5001463.466077997
896;3502;4;5001463.466077997
897;3506;4;5001463.466077997
898;3509;3;5001463.466077997
899;3515;6;5001463.466077997
900;3521;6;5001463.466077997
901;3527;6;5001463.466077997
902;3531;4;5001463.466077997
903;3535;4;5001463.466077997
904;3539;4;5001463.466077997
905;3544;5;5001463.466077997
906;3548;4;5001463.466077997
907;3551;3;5001463.466077997
908;3555;4;5001463.466077997
909;3560;5;5001463.466077997
910;3560;0;5001463.466077997
911;3565;5;5001463.466077997
912;3569;4;5001463.466077997
913;3570;1;5001463.466077997
914;3574;4;5001463.466077997
915;3577;3;5001463.466077997
916;3583;6;5001463.466077997
917;3588;5;5001463.466077997
918;3590;2;5001463.466077997
919;3596;6;5001463.466077997
920;3600;4;5001463.466077997
921;3603;3;5001463.466077997
922;3605;2;5001463.466077997
923;3611;6;5001463.466077997
924;3615;4;5001463.466077997
925;3623;8;5001463.466077997
926;3625;2;5001463.466077997
927;3630;5;5001463.466077997
928;3634;4;5001463.466077997
929;3637;3;5001463.466077997
930;3642;5;5001463.466077997
931;3646;4;5001463.466077997
932;3650;4;5001463.466077997
933;3655;5;5001463.466077997
934;3655;0;5001463.466077997
935;3659;4;5001463.466077997
936;3664;5;5001463.466077997
937;3667;3;5001463.466077997
938;3669;2;5001463.466077997
939;3672;3;5001463.466077997
940;3676;4;5001463.466077997
941;3679;3;5001463.466077997
942;3683;4;5001463.466077997
943;3685;2;5001463.466077997
944;3689;4;5001463.466077997
945;3694;5;5001463.466077997
946;3698;4;5001463.466077997
947;3701;3;5001463.466077997
948;3705;4;5001463.466077997
949;3707;2;5001463.466077997
950;3711;4;5001463.466077997
951;3715;4;5001463.466077997
952;3719;4;5001463.466077997
953;3721;2;5001463.466077997
954;3721;0;5001463.466077997
955;3725;4;5001463.466077997
956;3726;1;5001463.466077997
957;3727;1;5001463.466077997
958;3730;3;5001463.466077997
959;3732;2;5001463.466077997
960;3736;4;5001463.466077997
961;3740;4;5001463.466077997
962;3745;5;5001463.466077997
963;3749;4;5001463.466077997
964;3754;5;5001463.466077997
965;3757;3;5001463.466077997
966;3761;4;5001463.466077997
967;3767;6;5001463.466077997
968;3770;3;5001463.466077997
969;3773;3;5001463.466077997
970;3777;4;5001463.466077997
971;3779;2;5001463.466077997
972;3784;5;5001463.466077997
973;3786;2;5001463.466077997
974;3789;3;5001463.466077997
975;3792;3;5001463.466077997
976;3796;4;5001463.466077997
977;3797;1;5001463.466077997
978;3802;5;5001463.466077997
979;3807;5;5001463.466077997
980;3813;6;5001463.466077997
981;3817;4;5001463.466077997
982;3817;0;5001463.466077997
983;3822;5;5001463.466077997
984;3826;4;5001463.466077997
985;3828;2;5001463.466077997
986;3833;5;5001463.466077997
987;3839;6;5001463.466077997
988;3844;5;5001463.466077997
989;3849;5;5001463.466077997
990;3850;1;5001463.466077997
991;3855;5;5001463.466077997
992;3857;2;5001463.466077997
993;3861;4;5001463.466077997
994;3864;3;5001463.466077997
995;3868;4;5001463.466077997
996;3872;4;5001463.466077997
997;3879;7;5001463.466077997
998;3888;9;5001463.466077997
999;3892;4;5001463.466077997
1000;3893;1;5001463.466077997
1001;3896;3;5001463.466077997
1002;3899;3;5001463.466077997
1003;3903;4;5001463.466077997
1004;3906;3;5001463.466077997
1005;3910;4;5001463.466077997
1006;3912;2;5001463.466077997
1007;3916;4;5001463.466077997
1008;3920;4;5001463.466077997
1009;3921;1;5001463.466077997
1010;3929;8;5001463.466077997
1011;3934;5;5001463.466077997
1012;3935;1;5001463.466077997
1013;3937;2;5001463.466077997
1014;3943;6;5001463.466077997
1015;3950;7;5001463.466077997
1016;3951;1;5001463.466077997
1017;3956;5;5001463.466077997
1018;3958;2;5001463.466077997
1019;3962;4;5001463.466077997
1020;3965;3;5001463.466077997
1021;3965;0;5001463.466077997
1022;3966;1;5001463.466077997
1023;3969;3;5001463.466077997
1024;3969;0;5001463.466077997
1025;3973;4;5001463.466077997
1026;3978;5;5001463.466077997
1027;3982;4;5001463.466077997
1028;3985;3;5001463.466077997
1029;3988;3;5001463.466077997
1030;3992;4;5001463.466077997
1031;3995;3;5001463.466077997
1032;3999;4;5001463.466077997
1033;4002;3;5001463.466077997
1034;4005;3;5001463.466077997
1035;4008;3;5001463.466077997
1036;4011;3;5001463.466077997
1037;4016;5;5001463.466077997
1038;4017;1;5001463.466077997
1039;4025;8;5001463.466077997
1040;4030;5;5001463.466077997
1041;4031;1;5001463.466077997
1042;4033;2;5001463.466077997
1043;4036;3;5001463.466077997
1044;4045;9;5001463.466077997
1045;4046;1;5001463.466077997
1046;4052;6;5001463.466077997
1047;4053;1;5001463.466077997
1048;4055;2;5001463.466077997
1049;4055;0;5001463.466077997
1050;4060;5;5001463.466077997
1051;4065;5;5001463.466077997
1052;4067;2;5001463.466077997
1053;4068;1;5001463.466077997
1054;4071;3;5001463.466077997
1055;4072;1;5001463.466077997
1056;4078;6;5001463.466077997
1057;4081;3;5001463.466077997
1058;4083;2;5001463.466077997
1059;4086;3;5001463.466077997
1060;4089;3;5001463.466077997
1061;4091;2;5001463.466077997
1062;4096;5;5001463.466077997
1063;4099;3;5001463.466077997
1064;4102;3;5001463.466077997
1065;4105;3;5001463.466077997
1066;4109;4;5001463.466077997
1067;4110;1;5001463.466077997
1068;4113;3;5001463.466077997
1069;4113;0;5001463.466077997
1070;4117;4;5001463.466077997
1071;4119;2;5001463.466077997
1072;4122;3;5001463.466077997
1073;4125;3;5001463.466077997
1074;4128;3;5001463.466077997
1075;4133;5;5001463.466077997
1076;4136;3;5001463.466077997
1077;4136;0;5001463.466077997
1078;4141;5;5001463.466077997
1079;4142;1;5001463.466077997
1080;4151;9;5001463.466077997
1081;4157;6;5001463.466077997
1082;4159;2;5001463.466077997
1083;4169;10;5001463.466077997
1084;4175;6;5001463.466077997
1085;4179;4;5001463.466077997
1086;4182;3;5001463.466077997
1087;4184;2;5001463.466077997
1088;4187;3;5001463.466077997
1089;4190;3;5001463.466077997
1090;4194;4;5001463.466077997
1091;4201;7;5001463.466077997
1092;4203;2;5001463.466077997
1093;4208;5;5001463.466077997
1094;4213;5;5001463.466077997
1095;4216;3;5001463.466077997
1096;4219;3;5001463.466077997
1097;4222;3;5001463.466077997
1098;4226;4;5001463.466077997
1099;4234;8;5001463.466077997
1100;4239;5;5001463.466077997
1101;4246;7;5001463.466077997
1102;4255;9;5001463.466077997
1103;4272;17;5001463.466077997
1104;4279;7;5001463.466077997
1105;4286;7;5001463.466077997
1106;4289;3;5001463.466077997
1107;4290;1;5001463.466077997
1108;4291;1;5001463.466077997
1109;4298;7;5001463.466077997
1110;4306;8;5001463.466077997
1111;4312;6;5001463.466077997
1112;4316;4;5001463.466077997
1113;4320;4;5001463.466077997
1114;4327;7;5001463.466077997
1115;4330;3;5001463.466077997
1116;4335;5;5001463.466077997
1117;4341;6;5001463.466077997
1118;4347;6;5001463.466077997
1119;4356;9;5001463.466077997
1120;4363;7;5001463.466077997
1121;4368;5;5001463.466077997
1122;4372;4;5001463.466077997
1123;4379;7;5001463.466077997
1124;4389;10;5001463.466077997
1125;4399;10;5001463.466077997
1126;4407;8;5001463.466077997
1127;4413;6;5001463.466077997
1128;4418;5;5001463.466077997
1129;4427;9;5001463.466077997
1130;4433;6;5001463.466077997
1131;4439;6;5001463.466077997
1132;4443;4;5001463.466077997
1133;4447;4;5001463.466077997
1134;4453;6;5001463.466077997
1135;4462;9;5001463.466077997
1136;4466;4;5001463.466077997
1137;4467;1;5001463.466077997
1138;4476;9;5001463.466077997
1139;4483;7;5001463.466077997
1140;4486;3;5001463.466077997
1141;4489;3;5001463.466077997
1142;4494;5;5001463.466077997
1143;4498;4;5001463.466077997
1144;4504;6;5001463.466077997
1145;4509;5;5001463.466077997
1146;4515;6;5001463.466077997
1147;4518;3;5001463.466077997
1148;4525;7;5001463.466077997
1149;4531;6;5001463.466077997
1150;4539;8;5001463.466077997
1151;4543;4;5001463.466077997
1152;4548;5;5001463.466077997
1153;4554;6;5001463.466077997
1154;4559;5;5001463.466077997
1155;4566;7;5001463.466077997
1156;4574;8;5001463.466077997
1157;4579;5;5001463.466077997
1158;4585;6;5001463.466077997
1159;4591;6;5001463.466077997
1160;4595;4;5001463.466077997
1161;4601;6;5001463.466077997
1162;4608;7;5001463.466077997
1163;4614;6;5001463.466077997
1164;4618;4;5001463.466077997
1165;4620;2;5001463.466077997
1166;4623;3;5001463.466077997
1167;4630;7;5001463.466077997
1168;4631;1;5001463.466077997
1169;4636;5;5001463.466077997
1170;4642;6;5001463.466077997
1171;4649;7;5001463.466077997
1172;4654;5;5001463.466077997
1173;4658;4;5001463.466077997
1174;4663;5;5001463.466077997
1175;4666;3;5001463.466077997
1176;4673;7;5001463.466077997
1177;4678;5;5001463.466077997
1178;4683;5;5001463.466077997
1179;4688;5;5001463.466077997
1180;4695;7;5001463.466077997
1181;4706;11;5001463.466077997
1182;4714;8;5001463.466077997
1183;4719;5;5001463.466077997
1184;4726;7;5001463.466077997
1185;4733;7;5001463.466077997
1186;4742;9;5001463.466077997
1187;4744;2;5001463.466077997
1188;4760;16;5001463.466077997
1189;4761;1;5001463.466077997
1190;4782;21;5001463.466077997
1191;4787;5;5001463.466077997
1192;4797;10;5001463.466077997
1193;4811;14;5001463.466077997
1194;4823;12;5001463.466077997
1195;4829;6;5001463.466077997
1196;4836;7;5001463.466077997
1197;4841;5;5001463.466077997
1198;4853;12;5001463.466077997
1199;4857;4;5001463.466077997
1200;4868;11;5001463.466077997
1201;4869;1;5001463.466077997
1202;4875;6;5001463.466077997
1203;4887;12;5001463.466077997
1204;4895;8;5001463.466077997
1205;4898;3;5001463.466077997
1206;4904;6;5001463.466077997
1207;4910;6;5001463.466077997
1208;4918;8;5001463.466077997
1209;4924;6;5001463.466077997
1210;4934;10;5001463.466077997
1211;4935;1;5001463.466077997
1212;4941;6;5001463.466077997
1213;4948;7;5001463.466077997
1214;4954;6;5001463.466077997
1215;4960;6;5001463.466077997
1216;4968;8;5001463.466077997
1217;4969;1;5001463.466077997
1218;4972;3;5001463.466077997
1219;4975;3;5001463.466077997
1220;4980;5;5001463.466077997
1221;4986;6;5001463.466077997
1222;4987;1;5001463.466077997
1223;4992;5;5001463.466077997
1224;5002;10;5001463.466077997
1225;5006;4;5001463.466077997
1226;5011;5;5001463.466077997
1227;5015;4;5001463.466077997
1228;5016;1;5001463.466077997
1229;5022;6;5001463.466077997
1230;5027;5;5001463.466077997
1231;5032;5;5001463.466077997
1232;5038;6;5001463.466077997
1233;5043;5;5001463.466077997
1234;5056;13;5001463.466077997
1235;5057;1;5001463.466077997
1236;5064;7;5001463.466077997
1237;5073;9;5001463.466077997
1238;5078;5;5001463.466077997
1239;5081;3;5001463.466077997
1240;5089;8;5001463.466077997
1241;5094;5;5001463.466077997
1242;5095;1;5001463.466077997
1243;5103;8;5001463.466077997
1244;5110;7;5001463.466077997
1245;5116;6;5001463.466077997
1246;5123;7;5001463.466077997
1247;5128;5;5001463.466077997
1248;5132;4;5001463.466077997
1249;5137;5;5001463.466077997
1250;5145;8;5001463.466077997
1251;5150;5;5001463.466077997
1252;5154;4;5001463.466077997
1253;5160;6;5001463.466077997
1254;5166;6;5001463.466077997
1255;5178;12;5001463.466077997
1256;5189;11;5001463.466077997
1257;5197;8;5001463.466077997
1258;5202;5;5001463.466077997
1259;5210;8;5001463.466077997
1260;5218;8;5001463.466077997
1261;5219;1;5001463.466077997
1262;5224;5;5001463.466077997
1263;5230;6;5001463.466077997
1264;5232;2;5001463.466077997
1265;5237;5;5001463.466077997
1266;5261;24;5001463.466077997
1267;5265;4;5001463.466077997
1268;5275;10;5001463.466077997
1269;5292;17;5001463.466077997
1270;5300;8;5001463.466077997
1271;5307;7;5001463.466077997
1272;5312;5;5001463.466077997
1273;5313;1;5001463.466077997
1274;5325;12;5001463.466077997
1275;5326;1;5001463.466077997
1276;5335;9;5001463.466077997
1277;5346;11;5001463.466077997
1278;5351;5;5001463.466077997
1279;5357;6;5001463.466077997
1280;5365;8;5001463.466077997
1281;5370;5;5001463.466077997
1282;5371;1;5001463.466077997
1283;5378;7;5001463.466077997
1284;5378;0;5001463.466077997
1285;5383;5;5001463.466077997
1286;5385;2;5001463.466077997
1287;5387;2;5001463.466077997
1288;5391;4;5001463.466077997
1289;5391;0;5001463.466077997
1290;5394;3;5001463.466077997
1291;5394;0;5001463.466077997
1292;5397;3;5001463.466077997
1293;5400;3;5001463.466077997
1294;5403;3;5001463.466077997
1295;5406;3;5001463.466077997
1296;5409;3;5001463.466077997
1297;5411;2;5001463.466077997
1298;5415;4;5001463.466077997
1299;5418;3;5001463.466077997
1300;5421;3;5001463.466077997
1301;5425;4;5001463.466077997
1302;5427;2;5001463.466077997
1303;5431;4;5001463.466077997
1304;5433;2;5001463.466077997
1305;5434;1;5001463.466077997
1306;5438;4;5001463.466077997
1307;5440;2;5001463.466077997
1308;5444;4;5001463.466077997
1309;5446;2;5001463.466077997
1310;5450;4;5001463.466077997
1311;5454;4;5001463.466077997
1312;5458;4;5001463.466077997
1313;5461;3;5001463.466077997
1314;5465;4;5001463.466077997
1315;5471;6;5001463.466077997
1316;5475;4;5001463.466077997
1317;5479;4;5001463.466077997
1318;5484;5;5001463.466077997
1319;5491;7;5001463.466077997
1320;5497;6;5001463.466077997
1321;5497;0;5001463.466077997
1322;5501;4;5001463.466077997
1323;5506;5;5001463.466077997
1324;5507;1;5001463.466077997
1325;5511;4;4001978.4835384414
1326;5515;4;4001978.4835384414
1327;5519;4;4001978.4835384414
1328;5524;5;4001978.4835384414
1329;5530;6;4001978.4835384414
1330;5533;3;4001978.4835384414
1331;5537;4;4001978.4835384414
1332;5543;6;4001978.4835384414
1333;5548;5;4001889.1215501186
1334;5551;3;4001889.1215501186
1335;5554;3;4001883.5324128014
1336;5558;4;4001883.5324128014
1337;5563;5;4001883.5324128014
1338;5567;4;4001883.5324128014
1339;5571;4;4001883.5324128014
1340;5576;5;4001883.5324128014
1341;5577;1;4001883.5324128014
1342;5578;1;4001883.5324128014
1343;5581;3;4001883.5324128014
1344;5582;1;4001883.5324128014
1345;5585;3;4001883.5324128014
1346;5591;6;4001883.5324128014
1347;5594;3;4001883.5324128014
1348;5598;4;4001883.5324128014
1349;5601;3;4001883.5324128014
1350;5606;5;4001883.5324128014
1351;5607;1;4001883.5324128014
1352;5610;3;4001883.5324128014
1353;5614;4;4001883.5324128014
1354;5619;5;4001883.5324128014
1355;5623;4;4001883.5324128014
1356;5628;5;4001883.5324128014
1357;5629;1;4001883.5324128014
1358;5629;0;4001883.5324128014
1359;5632;3;4001883.5324128014
1360;5636;4;4001883.5324128014
1361;5639;3;4001883.5324128014
1362;5647;8;4001883.5324128014
1363;5650;3;4001883.5324128014
1364;5656;6;4001883.5324128014
1365;5665;9;4001863.4413732523
1366;5666;1;4001861.7090966087
1367;5677;11;4001861.7090966087
1368;5687;10;4001861.7090966087
1369;5693;6;4001861.7090966087
1370;5699;6;4001861.7090966087
1371;5705;6;4001861.7090966087
1372;5711;6;4001861.7090966087
1373;5719;8;4001861.7090966087
1374;5725;6;4001861.7090966087
1375;5729;4;4001861.022412949
1376;5739;10;4001861.022412949
1377;5740;1;4001858.2629137295
1378;5747;7;4001858.2629137295
1379;5758;11;4001792.3848909372
1380;5781;23;4001792.3848909372
1381;5792;11;4001792.3848909372
1382;5796;4;4001792.3848909372
1383;5804;8;4001792.3848909372
1384;5813;9;4001792.3848909372
1385;5823;10;4001792.3848909372
1386;5828;5;4001786.3497550925
1387;5832;4;4001786.3497550925
1388;5837;5;4001786.3497550925
1389;5850;13;4001786.3497550925
1390;5851;1;4001786.3497550925
1391;5861;10;4001786.3497550925
1392;5865;4;4001786.3497550925
1393;5873;8;4001786.3497550925
1394;5875;2;4001786.3497550925
1395;5884;9;4001786.3497550925
1396;5895;11;4001753.360655112
1397;5900;5;4001753.360655112
1398;5902;2;4001753.360655112
1399;5910;8;4001753.360655112
1400;5914;4;4001753.360655112
1401;5921;7;4001690.3276934978
1402;5927;6;4001690.3276934978
1403;5928;1;4001690.3276934978
1404;5932;4;4001690.3276934978
1405;5933;1;4001690.3276934978
1406;5937;4;4001690.3276934978
1407;5944;7;4001640.5897874767
1408;5949;5;4001640.5897874767
1409;5952;3;4001640.5897874767
1410;5957;5;4001640.5897874767
1411;5973;16;4001640.5897874767
1412;5981;8;4001640.5897874767
1413;5988;7;4001640.5897874767
1414;5993;5;4001640.5897874767
1415;5998;5;4001640.5897874767
1416;6006;8;4001640.5897874767
1417;6010;4;4001640.5897874767
1418;6015;5;4001640.5897874767
1419;6021;6;4001640.5897874767
1420;6026;5;4001640.5897874767
1421;6033;7;4001640.5897874767
1422;6034;1;4001640.5897874767
1423;6038;4;4001640.5897874767
1424;6042;4;4001640.5897874767
1425;6049;7;4001640.5897874767
1426;6050;1;4001640.5897874767
1427;6054;4;4001640.5897874767
1428;6057;3;4001639.8740153303
1429;6058;1;4001639.8740153303
1430;6058;0;4001639.8740153303
1431;6062;4;4001639.8740153303
1432;6066;4;4001639.8740153303
1433;6072;6;4001639.8740153303
1434;6076;4;4001639.8740153303
1435;6077;1;4001639.8740153303
1436;6078;1;4001639.8740153303
1437;6083;5;4001639.8740153303
1438;6087;4;4001639.8740153303
1439;6092;5;4001639.8740153303
1440;6097;5;4001639.8740153303
1441;6101;4;4001639.8740153303
1442;6103;2;4001639.8740153303
1443;6109;6;4001639.8740153303
1444;6112;3;4001639.8740153303
1445;6113;1;4001639.8740153303
1446;6118;5;4001639.8740153303
1447;6121;3;4001639.8740153303
1448;6122;1;4001639.8740153303
1449;6125;3;4001639.8740153303
1450;6128;3;4001639.8740153303
1451;6133;5;4001639.8740153303
1452;6156;23;4001639.8740153303
1453;6161;5;4001639.8740153303
1454;6163;2;4001639.8740153303
1455;6164;1;4001639.8740153303
1456;6165;1;4001639.8740153303
1457;6175;10;4001639.8740153303
1458;6181;6;4001639.8740153303
1459;6182;1;4001639.8740153303
1460;6188;6;4001639.8740153303
1461;6192;4;4001639.8740153303
1462;6194;2;4001639.8740153303
1463;6199;5;4001639.8740153303
1464;6207;8;4001639.8740153303
1465;6214;7;4001639.8740153303
1466;6221;7;4001639.8740153303
1467;6230;9;4001610.833858896
1468;6234;4;4001610.833858896
1469;6241;7;4001610.833858896
1470;6242;1;4001610.833858896
1471;6246;4;4001610.833858896
1472;6252;6;4001610.833858896
1473;6259;7;4001610.833858896
1474;6264;5;4001610.833858896
1475;6267;3;4001610.833858896
1476;6276;9;4001610.833858896
1477;6281;5;4001610.833858896
1478;6282;1;4001610.833858896
1479;6287;5;4001610.833858896
1480;6292;5;4001610.833858896
1481;6298;6;4001610.833858896
1482;6302;4;4001610.833858896
1483;6308;6;4001610.833858896
1484;6311;3;4001610.833858896
1485;6313;2;4001610.833858896
1486;6315;2;4001609.926526765
1487;6321;6;4001609.926526765
1488;6323;2;4001609.926526765
1489;6329;6;4001609.926526765
1490;6330;1;4001609.926526765
1491;6332;2;4001609.926526765
1492;6336;4;4001609.926526765
1493;6339;3;4001609.926526765
1494;6346;7;4001609.926526765
1495;6347;1;4001609.926526765
1496;6348;1;4001609.926526765
1497;6353;5;4001609.926526765
1498;6359;6;4001609.926526765
1499;6361;2;4001609.926526765
1500;6367;6;4001609.926526765
1501;6372;5;4001609.926526765
1502;6376;4;4001609.926526765
1503;6379;3;4001609.926526765
1504;6383;4;4001609.926526765
1505;6387;4;4001609.926526765
1506;6389;2;4001609.926526765
1507;6392;3;4001609.926526765
1508;6397;5;4001609.926526765
1509;6401;4;4001609.926526765
1510;6410;9;4001609.926526765
1511;6415;5;4001609.926526765
1512;6420;5;4001609.926526765
1513;6422;2;4001609.926526765
1514;6426;4;4001609.926526765
1515;6429;3;4001609.926526765
1516;6432;3;4001609.926526765
1517;6437;5;4001609.926526765
1518;6440;3;4001609.926526765
1519;6445;5;4001609.926526765
1520;6449;4;4001609.926526765
1521;6449;0;4001609.926526765
1522;6455;6;4001609.926526765
1523;6456;1;4001609.926526765
1524;6461;5;4001609.926526765
1525;6465;4;4001609.926526765
1526;6469;4;4001609.926526765
1527;6473;4;4001609.926526765
1528;6478;5;4001609.926526765
1529;6482;4;4001609.926526765
1530;6484;2;4001609.926526765
1531;6486;2;4001609.926526765
1532;6492;6;4001609.926526765
1533;6495;3;4001609.926526765
1534;6496;1;4001609.926526765
1535;6497;1;4001609.926526765
1536;6504;7;4001609.926526765
1537;6513;9;4001609.926526765
1538;6517;4;4001609.926526765
1539;6518;1;4001609.926526765
1540;6523;5;4001609.926526765
1541;6527;4;4001609.926526765
1542;6529;2;4001609.926526765
1543;6532;3;4001609.926526765
1544;6536;4;4001609.926526765
1545;6542;6;4001609.926526765
1546;6545;3;4001609.926526765
1547;6549;4;4001609.926526765
1548;6550;1;4001609.926526765
1549;6554;4;4001609.926526765
1550;6558;4;4001609.926526765
1551;6559;1;4001609.926526765
1552;6564;5;4001609.926526765
1553;6566;2;4001609.926526765
1554;6567;1;4001609.926526765
1555;6570;3;4001609.926526765
1556;6573;3;4001609.926526765
1557;6579;6;4001609.926526765
1558;6583;4;4001609.926526765
1559;6594;11;4001609.926526765
1560;6601;7;4001609.926526765
1561;6605;4;4001609.926526765
1562;6611;6;4001609.926526765
1563;6620;9;4001609.926526765
1564;6627;7;4001609.926526765
1565;6633;6;4001609.926526765
1566;6640;7;4001609.926526765
1567;6651;11;4001609.926526765
1568;6659;8;4001609.926526765
1569;6666;7;4001609.926526765
1570;6675;9;4001609.926526765
1571;6679;4;4001609.926526765
1572;6683;4;4001609.926526765
1573;6690;7;4001609.926526765
1574;6695;5;4001609.926526765
1575;6700;5;4001609.926526765
1576;6704;4;4001609.926526765
1577;6712;8;4001609.926526765
1578;6716;4;4001609.926526765
1579;6719;3;4001609.926526765
1580;6723;4;4001609.926526765
1581;6725;2;4001609.926526765
1582;6728;3;4001609.926526765
1583;6729;1;4001609.926526765
1584;6732;3;4001609.926526765
1585;6734;2;4001609.926526765
1586;6738;4;4001609.926526765
1587;6741;3;4001609.926526765
1588;6745;4;4001609.926526765
1589;6748;3;4001609.926526765
1590;6749;1;4001609.926526765
1591;6750;1;4001609.926526765
1592;6755;5;4001609.926526765
1593;6755;0;4001609.926526765
1594;6758;3;4001609.926526765
1595;6763;5;4001609.926526765
1596;6765;2;4001609.926526765
1597;6770;5;4001609.926526765
1598;6777;7;4001609.926526765
1599;6780;3;4001609.926526765
1600;6781;1;4001609.926526765
1601;6783;2;4001609.926526765
1602;6787;4;4001609.926526765
1603;6788;1;4001609.926526765
1604;6791;3;4001609.926526765
1605;6795;4;4001609.926526765
1606;6797;2;4001609.926526765
1607;6800;3;4001609.926526765
1608;6803;3;4001609.926526765
1609;6808;5;4001609.926526765
1610;6813;5;4001609.926526765
1611;6818;5;4001609.926526765
1612;6826;8;4001609.926526765
1613;6831;5;4001609.926526765
1614;6835;4;4001609.926526765
1615;6840;5;4001609.926526765
1616;6846;6;4001609.926526765
1617;6850;4;4001609.926526765
1618;6854;4;4001609.926526765
1619;6862;8;4001609.926526765
1620;6868;6;4001609.926526765
1621;6876;8;4001609.926526765
1622;6882;6;4001609.926526765
1623;6887;5;4001609.926526765
1624;6889;2;4001609.926526765
1625;6893;4;4001609.926526765
1626;6894;1;4001609.926526765
1627;6898;4;4001609.926526765
1628;6904;6;4001609.926526765
1629;6904;0;4001609.926526765
1630;6909;5;4001609.926526765
1631;6913;4;4001609.926526765
1632;6919;6;4001609.926526765
1633;6928;9;4001609.926526765
1634;6934;6;4001609.926526765
1635;6939;5;4001609.926526765
1636;6940;1;4001609.926526765
1637;6949;9;4001609.926526765
1638;6961;12;4001609.926526765
1639;6967;6;4001609.926526765
1640;6972;5;4001609.926526765
1641;6979;7;4001609.926526765
1642;6986;7;4001609.926526765
1643;6997;11;4001609.926526765
1644;7001;4;4001609.926526765
1645;7007;6;4001609.926526765
1646;7013;6;4001609.926526765
1647;7022;9;4001609.926526765
1648;7028;6;4001609.926526765
1649;7036;8;4001609.926526765
1650;7042;6;4001609.926526765
1651;7049;7;4001609.926526765
1652;7050;1;4001609.926526765
1653;7055;5;4001609.926526765
1654;7059;4;4001609.926526765
1655;7063;4;4001609.926526765
1656;7064;1;4001609.926526765
1657;7065;1;4001609.926526765
1658;7071;6;4001609.926526765
1659;7077;6;4001609.926526765
1660;7082;5;4001609.926526765
1661;7089;7;4001609.926526765
1662;7097;8;4001609.926526765
1663;7102;5;4001609.926526765
1664;7107;5;4001609.926526765
1665;7113;6;4001609.926526765
1666;7125;12;4001609.926526765
1667;7126;1;4001609.926526765
1668;7139;13;4001609.926526765
1669;7140;1;4001609.926526765
1670;7148;8;4001609.926526765
1671;7152;4;4001609.926526765
1672;7153;1;4001609.926526765
1673;7162;9;4001609.926526765
1674;7170;8;4001609.926526765
1675;7176;6;4001609.926526765
1676;7179;3;4001609.926526765
1677;7184;5;4001609.926526765
1678;7195;11;4001609.926526765
1679;7200;5;4001609.926526765
1680;7206;6;4001609.926526765
1681;7213;7;4001609.926526765
1682;7216;3;4001609.926526765
1683;7223;7;4001609.926526765
1684;7228;5;4001609.926526765
1685;7229;1;4001609.926526765
1686;7233;4;4001609.926526765
1687;7241;8;4001609.926526765
1688;7248;7;4001609.926526765
1689;7255;7;4001609.926526765
1690;7260;5;4001609.926526765
1691;7267;7;4001609.926526765
1692;7268;1;4001609.926526765
1693;7270;2;4001609.926526765
1694;7275;5;4001609.926526765
1695;7277;2;4001609.926526765
1696;7279;2;4001609.926526765
1697;7283;4;4001609.926526765
1698;7284;1;4001609.926526765
1699;7289;5;4001560.0351959798
1700;7300;11;4001560.0351959798
1701;7313;13;4001560.0351959798
1702;7329;16;4001560.0351959798
1703;7334;5;4001560.0351959798
1704;7341;7;4001560.0351959798
1705;7345;4;4001560.0351959798
1706;7349;4;4001560.0351959798
1707;7350;1;4001560.0351959798
1708;7355;5;4001560.0351959798
1709;7373;18;4001560.0351959798
1710;7391;18;4001560.0351959798
1711;7398;7;4001560.0351959798
1712;7405;7;4001560.0351959798
1713;7413;8;4001560.0351959798
1714;7420;7;4001560.0351959798
1715;7436;16;4001560.0351959798
1716;7443;7;4001560.0351959798
1717;7444;1;4001560.0351959798
1718;7450;6;4001560.0351959798
1719;7457;7;4001560.0351959798
1720;7462;5;4001560.0351959798
1721;7470;8;4001560.0351959798
1722;7474;4;4001560.0351959798
1723;7490;16;4001560.0351959798
1724;7494;4;4001560.0351959798
1725;7503;9;4001555.204749194
1726;7510;7;4001555.204749194
1727;7513;3;4001552.464715815
1728;7519;6;4001551.292034195
1729;7527;8;4001551.292034195
1730;7529;2;4001549.198765567
1731;7537;8;4001549.198765567
1732;7542;5;4001549.198765567
1733;7549;7;4001546.880629866
1734;7554;5;4001537.8841818734
1735;7558;4;4001537.8841818734
1736;7563;5;4001537.8841818734
1737;7566;3;4001537.8841818734
1738;7571;5;4001537.8841818734
1739;7576;5;4001537.8841818734
1740;7581;5;4001537.8841818734
1741;7586;5;4001537.8841818734
1742;7591;5;4001530.3218747703
1743;7593;2;4001530.3218747703
1744;7596;3;4001530.3218747703
1745;7602;6;4001530.3218747703
1746;7605;3;4001530.3218747703
1747;7606;1;4001530.3218747703
1748;7611;5;4001530.3218747703
1749;7613;2;4001530.3218747703
1750;7617;4;4001530.3218747703
1751;7617;0;4001530.3218747703
1752;7619;2;4001530.3218747703
1753;7624;5;4001530.3218747703
1754;7628;4;4001530.3218747703
1755;7628;0;4001530.3218747703
1756;7629;1;4001530.3218747703
1757;7632;3;4001530.3218747703
1758;7635;3;4001530.3218747703
1759;7640;5;4001530.3218747703
1760;7640;0;4001530.3218747703
1761;7643;3;4001530.3218747703
1762;7644;1;4001530.3218747703
1763;7646;2;4001530.3218747703
1764;7651;5;4001530.3218747703
1765;7652;1;4001530.3218747703
1766;7654;2;4001530.3218747703
1767;7658;4;4001530.3218747703
1768;7662;4;4001530.3218747703
1769;7666;4;4001530.3218747703
1770;7669;3;4001530.3218747703
1771;7671;2;4001530.3218747703
1772;7676;5;4001530.3218747703
1773;7680;4;4001530.3218747703
1774;7683;3;4001530.3218747703
1775;7687;4;4001530.3218747703
1776;7691;4;4001530.3218747703
1777;7695;4;4001530.3218747703
1778;7697;2;4001530.3218747703
1779;7698;1;4001530.3218747703
1780;7703;5;4001530.3218747703
1781;7708;5;4001530.3218747703
1782;7712;4;4001530.3218747703
1783;7714;2;4001530.3218747703
1784;7718;4;4001530.3218747703
1785;7723;5;4001530.3218747703
1786;7727;4;4001530.3218747703
1787;7729;2;4001530.3218747703
1788;7734;5;4001530.3218747703
1789;7735;1;4001530.3218747703
1790;7735;0;4001530.3218747703
1791;7738;3;4001530.3218747703
1792;7746;8;4001530.3218747703
1793;7749;3;4001530.3218747703
1794;7754;5;4001530.3218747703
1795;7758;4;4001530.3218747703
1796;7760;2;4001530.3218747703
1797;7766;6;4001530.3218747703
1798;7768;2;4001530.3218747703
1799;7771;3;4001530.3218747703
1800;7775;4;4001530.3218747703
1801;7776;1;4001530.3218747703
1802;7782;6;4001530.3218747703
1803;7785;3;4001530.3218747703
1804;7787;2;4001530.3218747703
1805;7791;4;4001530.3218747703
1806;7793;2;4001530.3218747703
1807;7796;3;4001530.3218747703
1808;7797;1;4001530.3218747703
1809;7798;1;4001530.3218747703
1810;7801;3;4001530.3218747703
1811;7801;0;4001530.3218747703
1812;7804;3;4001530.3218747703
1813;7808;4;4001530.3218747703
1814;7812;4;4001530.3218747703
1815;7814;2;4001530.3218747703
1816;7817;3;4001530.3218747703
1817;7818;1;4001530.3218747703
1818;7819;1;4001530.3218747703
1819;7826;7;4001530.3218747703
1820;7831;5;4001530.3218747703
1821;7836;5;4001530.3218747703
1822;7845;9;4001530.3218747703
1823;7846;1;4001530.3218747703
1824;7856;10;4001530.3218747703
1825;7863;7;4001530.3218747703
1826;7868;5;4001530.3218747703
1827;7877;9;4001530.3218747703
1828;7882;5;4001530.3218747703
1829;7887;5;4001530.3218747703
1830;7897;10;4001530.3218747703
1831;7905;8;4001530.3218747703
1832;7908;3;4001530.3218747703
1833;7917;9;4001530.3218747703
1834;7920;3;4001530.3218747703
1835;7926;6;4001530.3218747703
1836;7930;4;4001530.3218747703
1837;7936;6;4001530.3218747703
1838;7937;1;4001530.3218747703
1839;7945;8;4001530.3218747703
1840;7952;7;4001530.3218747703
1841;7956;4;4001530.3218747703
1842;7963;7;4001530.3218747703
1843;7967;4;4001530.3218747703
1844;7971;4;4001530.3218747703
1845;7973;2;4001530.3218747703
1846;7978;5;4001530.3218747703
1847;7985;7;4001530.3218747703
1848;7991;6;4001530.3218747703
1849;7994;3;4001530.3218747703
1850;7995;1;4001530.3218747703
1851;8002;7;4001530.3218747703
1852;8006;4;4001530.3218747703
1853;8009;3;4001530.3218747703
1854;8017;8;4001530.3218747703
1855;8020;3;4001530.3218747703
1856;8024;4;4001530.3218747703
1857;8031;7;4001530.3218747703
1858;8036;5;4001530.3218747703
1859;8039;3;4001530.3218747703
1860;8043;4;4001530.3218747703
1861;8049;6;4001530.3218747703
1862;8051;2;4001530.3218747703
1863;8058;7;4001530.3218747703
1864;8061;3;4001530.3218747703
1865;8066;5;4001530.3218747703
1866;8072;6;4001530.3218747703
1867;8076;4;4001530.3218747703
1868;8084;8;4001530.3218747703
1869;8087;3;4001530.3218747703
1870;8092;5;4001530.3218747703
1871;8098;6;4001530.3218747703
1872;8099;1;4001530.3218747703
1873;8106;7;4001530.3218747703
1874;8108;2;4001530.3218747703
1875;8114;6;4001530.3218747703
1876;8122;8;4001530.3218747703
1877;8126;4;4001530.3218747703
1878;8130;4;4001530.3218747703
1879;8150;20;4001530.3218747703
1880;8160;10;4001530.3218747703
1881;8164;4;4001530.3218747703
1882;8170;6;4001530.3218747703
1883;8172;2;4001530.3218747703
1884;8177;5;4001530.3218747703
1885;8184;7;4001530.3218747703
1886;8187;3;4001530.3218747703
1887;8194;7;4001530.3218747703
1888;8197;3;4001530.3218747703
1889;8201;4;4001530.3218747703
1890;8205;4;4001530.3218747703
1891;8210;5;4001530.3218747703
1892;8214;4;4001530.3218747703
1893;8215;1;4001530.3218747703
1894;8221;6;4001530.3218747703
1895;8223;2;4001530.3218747703
1896;8232;9;4001530.3218747703
1897;8237;5;4001530.3218747703
1898;8243;6;4001530.3218747703
1899;8248;5;4001530.3218747703
1900;8250;2;4001530.3218747703
1901;8255;5;4001530.3218747703
1902;8261;6;4001530.3218747703
1903;8265;4;4001530.3218747703
1904;8268;3;4001530.3218747703
1905;8272;4;4001530.3218747703
1906;8276;4;4001530.3218747703
1907;8279;3;4001530.3218747703
1908;8280;1;4001530.3218747703
1909;8282;2;4001530.3218747703
1910;8285;3;4001530.3218747703
1911;8289;4;4001530.3218747703
1912;8292;3;4001530.3218747703
1913;8294;2;4001530.3218747703
1914;8299;5;4001530.3218747703
1915;8303;4;4001530.3218747703
1916;8303;0;4001530.3218747703
1917;8307;4;4001530.3218747703
1918;8312;5;4001530.3218747703
1919;8315;3;4001530.3218747703
1920;8318;3;4001530.3218747703
1921;8323;5;4001530.3218747703
1922;8326;3;4001530.3218747703
1923;8327;1;4001530.3218747703
1924;8328;1;4001530.3218747703
1925;8332;4;4001530.3218747703
1926;8336;4;4001530.3218747703
1927;8346;10;4001530.3218747703
1928;8353;7;4001530.3218747703
1929;8356;3;4001530.3218747703
1930;8360;4;4001530.3218747703
1931;8363;3;4001518.052385156
1932;8367;4;4001518.052385156
1933;8371;4;4001518.052385156
1934;8372;1;4001514.9468146684
1935;8375;3;4001514.9468146684
1936;8380;5;4001514.9468146684
1937;8384;4;4001455.26502986
1938;8387;3;4001455.26502986
1939;8387;0;4001455.26502986
1940;8391;4;4001455.26502986
1941;8394;3;4001455.26502986
1942;8394;0;4001455.26502986
1943;8399;5;4001455.26502986
1944;8403;4;4001455.26502986
1945;8407;4;4001455.26502986
1946;8411;4;4001455.26502986
1947;8415;4;4001455.26502986
1948;8422;7;4001455.26502986
1949;8424;2;4001455.26502986
1950;8427;3;4001455.26502986
1951;8429;2;4001455.26502986
1952;8435;6;4001455.26502986
1953;8438;3;4001455.26502986
1954;8442;4;4001455.26502986
1955;8445;3;4001455.26502986
1956;8449;4;4001455.26502986
1957;8452;3;4001455.26502986
1958;8459;7;4001455.26502986
1959;8463;4;4001455.26502986
1960;8467;4;4001455.26502986
1961;8472;5;4001455.26502986
1962;8478;6;4001455.26502986
1963;8480;2;4001421.4997261995
1964;8481;1;4001421.4997261995
1965;8484;3;4001421.4997261995
1966;8488;4;4001421.4997261995
1967;8491;3;4001421.4997261995
1968;8495;4;4001421.4997261995
1969;8497;2;4001421.4997261995
1970;8500;3;4001421.4997261995
1971;8504;4;4001421.4997261995
1972;8508;4;4001421.4997261995
1973;8508;0;4001421.4997261995
1974;8510;2;4001421.4997261995
1975;8512;2;4001421.4997261995
1976;8517;5;4001421.4997261995
1977;8525;8;4001421.4997261995
1978;8534;9;4001421.4997261995
1979;8540;6;4001421.4997261995
1980;8546;6;4001421.4997261995
1981;8558;12;4001421.4997261995
1982;8565;7;4001421.4997261995
1983;8574;9;4001421.4997261995
1984;8580;6;4001421.4997261995
1985;8587;7;4001421.4997261995
1986;8600;13;4001421.4997261995
1987;8601;1;4001421.4997261995
1988;8606;5;4001421.4997261995
1989;8613;7;4001421.4997261995
1990;8614;1;4001421.4997261995
1991;8626;12;4001421.4997261995
1992;8631;5;4001421.4997261995
1993;8635;4;4001421.4997261995
1994;8637;2;4001421.4997261995
1995;8647;10;4001421.4997261995
1996;8663;16;4001421.4997261995
1997;8672;9;4001421.4997261995
1998;8680;8;4001421.4997261995
1999;8684;4;4001421.4997261995
2000;8691;7;4001421.4997261995
2001;8692;1;4001421.4997261995
2002;8694;2;4001421.4997261995
2003;8697;3;4001421.4997261995
2004;8699;2;4001421.4997261995
2005;8700;1;4001421.4997261995
2006;8709;9;4001421.4997261995
2007;8715;6;4001421.4997261995
2008;8722;7;4001421.4997261995
2009;8728;6;4001421.4997261995
2010;8733;5;4001421.4997261995
2011;8749;16;4001421.4997261995
2012;8750;1;4001421.4997261995
2013;8757;7;4001421.4997261995
2014;8761;4;4001421.4997261995
2015;8765;4;4001421.4997261995
2016;8773;8;4001421.4997261995
2017;8779;6;4001421.4997261995
2018;8783;4;4001421.4997261995
2019;8784;1;4001421.4997261995
2020;8790;6;4001421.4997261995
2021;8794;4;4001421.4997261995
2022;8800;6;4001421.4997261995
2023;8810;10;4001421.4997261995
2024;8811;1;4001421.4997261995
2025;8813;2;4001421.4997261995
2026;8818;5;4001421.4997261995
2027;8822;4;4001421.4997261995
2028;8829;7;4001421.4997261995
2029;8846;17;4001421.4997261995
2030;8861;15;4001421.4997261995
2031;8871;10;4001421.4997261995
2032;8877;6;4001421.4997261995
2033;8881;4;4001421.4997261995
2034;8886;5;4001421.4997261995
2035;8889;3;4001421.4997261995
2036;8891;2;4001421.4997261995
2037;8894;3;4001421.4997261995
2038;8897;3;4001421.4997261995
2039;8903;6;4001421.4997261995
2040;8911;8;4001421.4997261995
2041;8915;4;4001421.4997261995
2042;8920;5;4001421.4997261995
2043;8928;8;4001421.4997261995
2044;8934;6;4001421.4997261995
2045;8940;6;4001421.4997261995
2046;8945;5;4001421.4997261995
2047;8948;3;4001421.4997261995
2048;8954;6;4001420.1456439323
2049;8958;4;4001420.1456439323
2050;8965;7;4001420.1456439323
2051;8966;1;4001420.1456439323
2052;8971;5;4001420.1456439323
2053;8972;1;4001420.1456439323
2054;8975;3;4001420.1456439323
2055;8977;2;4001420.1456439323
2056;8980;3;4001403.856111542
2057;8981;1;4001403.856111542
2058;8982;1;4001403.856111542
2059;8983;1;4001403.856111542
2060;8987;4;4001403.856111542
2061;8992;5;4001403.856111542
2062;8994;2;4001403.856111542
2063;8997;3;4001398.6485158014
2064;8999;2;4001398.6485158014
2065;9002;3;4001398.6485158014
2066;9003;1;4001398.6485158014
2067;9006;3;4001398.6485158014
2068;9006;0;4001398.6485158014
2069;9010;4;4001398.6485158014
2070;9011;1;4001398.6485158014
2071;9014;3;4001398.6485158014
2072;9018;4;4001398.6485158014
2073;9021;3;4001398.6485158014
2074;9029;8;4001398.6485158014
2075;9034;5;4001398.6485158014
2076;9037;3;4001398.6485158014
2077;9039;2;4001398.4688927345
2078;9043;4;4001398.4688927345
2079;9050;7;4001398.4688927345
2080;9055;5;4001398.4688927345
2081;9058;3;4001398.4688927345
2082;9059;1;4001398.4688927345
2083;9062;3;4001398.4688927345
2084;9065;3;4001398.4688927345
2085;9067;2;4001398.4688927345
2086;9070;3;4001398.4688927345
2087;9072;2;4001398.4688927345
2088;9075;3;4001398.4688927345
2089;9080;5;4001398.4688927345
2090;9083;3;4001398.4688927345
2091;9088;5;4001398.4688927345
2092;9091;3;4001398.4688927345
2093;9094;3;4001398.4688927345
2094;9099;5;4001398.4688927345
2095;9101;2;4001398.4688927345
2096;9104;3;4001398.4688927345
2097;9107;3;4001398.4688927345
2098;9110;3;4001398.4688927345
2099;9114;4;4001398.4688927345
2100;9118;4;4001398.4688927345
2101;9119;1;4001398.4688927345
2102;9124;5;4001398.4688927345
2103;9127;3;4001398.4688927345
2104;9131;4;4001398.4688927345
2105;9135;4;4001398.4688927345
2106;9138;3;4001398.4688927345
2107;9142;4;4001398.4688927345
2108;9145;3;4001398.4688927345
2109;9150;5;4001398.4688927345
2110;9156;6;4001398.4688927345
2111;9161;5;4001398.4688927345
2112;9163;2;4001398.4688927345
2113;9166;3;4001398.4688927345
2114;9168;2;4001398.4688927345
2115;9174;6;4001398.4688927345
2116;9178;4;4001398.4688927345
2117;9179;1;4001398.4688927345
2118;9183;4;4001398.4688927345
2119;9184;1;4001398.4688927345
2120;9188;4;4001398.4688927345
2121;9194;6;4001398.4688927345
2122;9198;4;4001398.4688927345
2123;9205;7;4001388.5106141893
2124;9206;1;4001388.5106141893
2125;9207;1;4001388.5106141893
2126;9213;6;4001388.5106141893
2127;9216;3;4001388.5106141893
2128;9220;4;4001388.5106141893
2129;9228;8;4001388.5106141893
2130;9234;6;4001388.5106141893
2131;9241;7;4001388.5106141893
2132;9243;2;4001388.5106141893
2133;9250;7;4001388.5106141893
2134;9255;5;4001388.5106141893
2135;9263;8;4001388.5106141893
2136;9269;6;4001388.5106141893
2137;9270;1;4001388.5106141893
2138;9274;4;4001388.5106141893
2139;9277;3;4001388.5106141893
2140;9283;6;4001388.5106141893
2141;9287;4;4001388.5106141893
2142;9292;5;4001388.5106141893
2143;9296;4;4001388.5106141893
2144;9299;3;4001388.5106141893
2145;9303;4;4001388.5106141893
2146;9305;2;4001388.5106141893
2147;9308;3;4001388.5106141893
2148;9311;3;4001388.5106141893
2149;9312;1;4001388.5106141893
2150;9313;1;4001388.5106141893
2151;9317;4;4001388.5106141893
2152;9317;0;4001388.5106141893
2153;9321;4;4001388.5106141893
2154;9325;4;4001388.5106141893
2155;9328;3;4001388.5106141893
2156;9333;5;4001388.5106141893
2157;9336;3;4001388.5106141893
2158;9339;3;4001388.5106141893
2159;9340;1;4001388.5106141893
2160;9344;4;4001388.5106141893
2161;9347;3;4001388.5106141893
2162;9352;5;4001388.5106141893
2163;9356;4;4001388.5106141893
2164;9359;3;4001388.5106141893
2165;9362;3;4001388.5106141893
2166;9367;5;4001388.5106141893
2167;9372;5;4001388.5106141893
2168;9373;1;4001388.5106141893
2169;9375;2;4001388.5106141893
2170;9377;2;4001388.5106141893
2171;9380;3;4001388.5106141893
2172;9381;1;4001388.5106141893
2173;9386;5;4001388.5106141893
2174;9389;3;4001388.5106141893
2175;9394;5;4001388.5106141893
2176;9397;3;4001388.5106141893
2177;9402;5;4001388.5106141893
2178;9406;4;4001388.5106141893
2179;9409;3;4001388.5106141893
2180;9413;4;4001388.5106141893
2181;9416;3;4001388.5106141893
2182;9417;1;4001388.5106141893
2183;9419;2;4001388.5106141893
2184;9422;3;4001388.5106141893
2185;9425;3;4001388.5106141893
2186;9428;3;4001388.5106141893
2187;9429;1;4001388.5106141893
2188;9433;4;4001388.5106141893
2189;9438;5;4001388.5106141893
2190;9439;1;4001388.5106141893
2191;9445;6;4001388.5106141893
2192;9449;4;4001388.5106141893
2193;9454;5;4001388.5106141893
2194;9460;6;4001388.5106141893
2195;9463;3;4001388.5106141893
2196;9464;1;4001388.5106141893
2197;9467;3;4001388.5106141893
2198;9470;3;4001388.5106141893
2199;9474;4;4001388.5106141893
2200;9477;3;4001388.5106141893
2201;9479;2;4001388.5106141893
2202;9483;4;4001388.5106141893
2203;9486;3;4001388.5106141893
2204;9488;2;4001388.5106141893
2205;9491;3;4001388.5106141893
2206;9494;3;4001388.5106141893
2207;9497;3;4001388.5106141893
2208;9501;4;4001388.5106141893
2209;9501;0;4001388.5106141893
2210;9504;3;4001388.5106141893
2211;9507;3;4001388.5106141893
2212;9510;3;4001388.5106141893
2213;9512;2;4001388.5106141893
2214;9515;3;4001388.5106141893
2215;9516;1;4001388.5106141893
2216;9518;2;4001388.5106141893
2217;9520;2;4001388.5106141893
2218;9521;1;4001388.5106141893
2219;9526;5;4001388.5106141893
2220;9530;4;4001388.5106141893
2221;9534;4;4001388.5106141893
2222;9539;5;4001388.5106141893
2223;9546;7;4001388.5106141893
2224;9551;5;4001388.5106141893
2225;9553;2;4001388.5106141893
2226;9557;4;4001388.5106141893
2227;9561;4;4001388.5106141893
2228;9564;3;4001388.5106141893
2229;9565;1;4001388.5106141893
2230;9565;0;4001388.5106141893
2231;9569;4;4001388.5106141893
2232;9570;1;4001388.5106141893
2233;9572;2;4001388.5106141893
2234;9575;3;4001388.5106141893
2235;9579;4;4001388.5106141893
2236;9584;5;4001388.5106141893
2237;9588;4;4001388.5106141893
2238;9594;6;4001388.5106141893
2239;9600;6;4001388.5106141893
2240;9607;7;4001388.5106141893
2241;9616;9;4001388.5106141893
2242;9621;5;4001388.5106141893
2243;9622;1;4001388.5106141893
2244;9636;14;4001388.5106141893
2245;9646;10;4001388.5106141893
2246;9661;15;4001388.5106141893
2247;9664;3;4001388.5106141893
2248;9666;2;4001388.5106141893
2249;9667;1;4001388.5106141893
2250;9674;7;4001388.5106141893
2251;9679;5;4001388.5106141893
2252;9684;5;4001388.5106141893
2253;9687;3;4001388.5106141893
2254;9693;6;4001388.5106141893
2255;9694;1;4001388.5106141893
2256;9697;3;4001388.5106141893
2257;9700;3;4001388.5106141893
2258;9705;5;4001388.5106141893
2259;9712;7;4001388.5106141893
2260;9722;10;4001388.5106141893
2261;9728;6;4001388.5106141893
2262;9734;6;4001387.472372295
2263;9738;4;4001387.472372295
2264;9758;20;4001387.472372295
2265;9764;6;4001387.472372295
2266;9768;4;4001387.472372295
2267;9771;3;4001387.472372295
2268;9779;8;4001387.472372295
2269;9780;1;4001387.472372295
2270;9785;5;4001387.472372295
2271;9793;8;4001387.472372295
2272;9797;4;4001387.472372295
2273;9799;2;4001387.472372295
2274;9800;1;4001387.472372295
2275;9801;1;4001387.472372295
2276;9805;4;4001387.472372295
2277;9809;4;4001387.472372295
2278;9816;7;4001387.472372295
2279;9821;5;4001387.472372295
2280;9827;6;4001387.472372295
2281;9833;6;4001387.472372295
2282;9834;1;4001387.472372295
2283;9835;1;4001387.472372295
2284;9836;1;4001387.472372295
2285;9841;5;4001387.472372295
2286;9847;6;4001387.472372295
2287;9851;4;4001387.472372295
2288;9852;1;4001387.472372295
2289;9856;4;4001387.472372295
2290;9860;4;4001387.472372295
2291;9864;4;4001387.472372295
2292;9866;2;4001387.472372295
2293;9867;1;4001387.472372295
2294;9871;4;4001387.472372295
2295;9872;1;4001387.472372295
2296;9874;2;4001387.472372295
2297;9875;1;4001387.472372295
2298;9877;2;4001387.472372295
2299;9877;0;4001387.472372295
2300;9878;1;4001387.472372295
2301;9882;4;4001387.472372295
2302;9885;3;4001387.472372295
2303;9887;2;4001387.472372295
2304;9890;3;4001387.472372295
2305;9894;4;4001387.472372295
2306;9895;1;4001387.472372295
2307;9899;4;4001387.472372295
2308;9902;3;4001387.472372295
2309;9906;4;4001387.472372295
2310;9909;3;4001387.472372295
2311;9911;2;4001387.472372295
2312;9913;2;4001387.472372295
2313;9918;5;4001387.472372295
2314;9921;3;4001387.472372295
2315;9923;2;4001387.472372295
2316;9926;3;4001387.472372295
2317;9927;1;4001387.472372295
2318;9933;6;4001387.472372295
2319;9935;2;4001387.472372295
2320;9943;8;4001387.472372295
2321;9949;6;4001387.472372295
2322;9953;4;4001386.998060204
2323;9957;4;4001386.998060204
2324;9960;3;4001386.998060204
2325;9963;3;4001386.998060204
2326;9968;5;4001386.998060204
2327;9972;4;4001386.998060204
2328;9974;2;4001386.998060204
2329;9978;4;4001386.0493900534
2330;9982;4;4001386.0493900534
2331;9985;3;4001386.0493900534
2332;9989;4;4001386.0493900534
2333;9993;4;4001383.488914041
2334;9995;2;4001383.488914041
2335;9998;3;4001383.488914041
2336;10001;3;4001380.9640641
2337;10001;0;4001380.9640641
2338;10006;5;4001380.9640641
2339;10007;1;4001380.9640641
2340;10009;2;4001380.9640641
2341;10012;3;4001380.9640641
2342;10016;4;4001380.9640641
2343;10018;2;4001380.9640641
2344;10021;3;4001380.9640641
2345;10024;3;4001380.9640641
2346;10028;4;4001380.126082858
2347;10031;3;4001380.126082858
2348;10033;2;4001380.126082858
2349;10036;3;4001380.126082858
2350;10044;8;4001380.126082858
2351;10048;4;4001380.126082858
2352;10053;5;4001380.126082858
2353;10056;3;4001380.126082858
2354;10057;1;4001380.126082858
2355;10061;4;4001380.126082858
2356;10066;5;4001380.126082858
2357;10068;2;4001380.126082858
2358;10071;3;4001380.126082858
2359;10075;4;4001371.672116259
2360;10078;3;4001371.672116259
2361;10082;4;4001371.672116259
2362;10084;2;4001371.672116259
2363;10085;1;4001371.672116259
2364;10087;2;4001371.672116259
2365;10091;4;4001371.672116259
2366;10095;4;4001371.672116259
2367;10099;4;4001371.672116259
2368;10101;2;4001371.672116259
2369;10105;4;4001371.672116259
2370;10106;1;4001371.672116259
2371;10110;4;4001371.672116259
2372;10113;3;4001371.672116259
2373;10118;5;4001371.672116259
2374;10120;2;4001371.672116259
2375;10124;4;4001371.672116259
2376;10126;2;4001371.672116259
2377;10131;5;4001371.672116259
2378;10136;5;4001371.672116259
2379;10137;1;4001371.672116259
2380;10142;5;4001371.672116259
2381;10147;5;4001371.672116259
2382;10151;4;4001371.672116259
2383;10154;3;4001371.672116259
2384;10156;2;4001371.672116259
2385;10163;7;4001371.672116259
2386;10164;1;4001371.672116259
2387;10168;4;4001371.672116259
2388;10171;3;4001371.672116259
2389;10175;4;4001371.672116259
2390;10177;2;4001371.672116259
2391;10181;4;4001371.672116259
2392;10183;2;4001371.672116259
2393;10186;3;4001371.672116259
2394;10191;5;4001371.672116259
2395;10192;1;4001371.672116259
2396;10198;6;4001371.672116259
2397;10205;7;4001371.672116259
2398;10213;8;4001371.672116259
2399;10216;3;4001371.672116259
2400;10218;2;4001371.672116259
2401;10221;3;4001371.672116259
2402;10225;4;4001371.672116259
2403;10226;1;4001371.672116259
2404;10229;3;4001371.672116259
2405;10232;3;4001371.672116259
2406;10235;3;4001371.672116259
2407;10240;5;4001371.672116259
2408;10242;2;4001371.672116259
2409;10245;3;4001371.672116259
2410;10249;4;4001371.672116259
2411;10253;4;4001371.672116259
2412;10258;5;4001371.672116259
2413;10260;2;4001371.672116259
2414;10264;4;4001371.672116259
2415;10267;3;4001371.672116259
2416;10272;5;4001371.672116259
2417;10275;3;4001371.672116259
2418;10277;2;4001371.672116259
2419;10280;3;4001371.672116259
2420;10282;2;4001371.672116259
2421;10285;3;4001371.672116259
2422;10288;3;4001371.672116259
2423;10292;4;4001371.672116259
2424;10293;1;4001371.672116259
2425;10294;1;4001371.672116259
2426;10297;3;4001371.672116259
2427;10299;2;4001371.672116259
2428;10303;4;4001371.672116259
2429;10306;3;4001371.672116259
2430;10308;2;4001371.672116259
2431;10311;3;4001371.672116259
2432;10312;1;4001371.672116259
2433;10314;2;4001371.672116259
2434;10318;4;4001371.672116259
2435;10322;4;4001371.672116259
2436;10326;4;4001371.672116259
2437;10329;3;4001371.672116259
2438;10332;3;4001371.672116259
2439;10333;1;4001371.672116259
2440;10335;2;4001371.672116259
2441;10336;1;4001371.672116259
2442;10340;4;4001371.672116259
2443;10346;6;4001371.672116259
2444;10348;2;4001371.672116259
2445;10349;1;4001371.672116259
2446;10352;3;4001371.672116259
2447;10355;3;4001371.672116259
2448;10358;3;4001371.672116259
2449;10361;3;4001371.672116259
2450;10364;3;4001371.672116259
2451;10367;3;4001371.672116259
2452;10372;5;4001371.672116259
2453;10376;4;4001371.672116259
2454;10379;3;4001371.672116259
2455;10382;3;4001371.672116259
2456;10385;3;4001371.672116259
2457;10389;4;4001371.672116259
2458;10390;1;4001371.672116259
2459;10393;3;4001371.672116259
2460;10397;4;4001371.672116259
2461;10397;0;4001371.672116259
2462;10401;4;4001371.672116259
2463;10404;3;4001371.672116259
2464;10405;1;4001371.672116259
2465;10409;4;4001371.672116259
2466;10412;3;4001371.672116259
2467;10414;2;4001371.672116259
2468;10418;4;4001371.672116259
2469;10421;3;4001371.672116259
2470;10424;3;4001371.672116259
2471;10427;3;4001371.672116259
2472;10428;1;4001371.672116259
2473;10432;4;4001371.672116259
2474;10435;3;4001371.672116259
2475;10437;2;4001371.672116259
2476;10442;5;4001371.672116259
2477;10447;5;4001371.672116259
2478;10453;6;4001371.672116259
2479;10454;1;4001371.672116259
2480;10456;2;4001371.672116259
2481;10462;6;4001371.672116259
2482;10465;3;4001371.672116259
2483;10469;4;4001371.672116259
2484;10473;4;4001371.672116259
2485;10474;1;4001371.672116259
2486;10476;2;4001371.672116259
2487;10476;0;4001371.672116259
2488;10478;2;4001371.672116259
2489;10480;2;4001371.672116259
2490;10481;1;4001371.672116259
2491;10484;3;4001371.672116259
2492;10488;4;4001371.672116259
2493;10491;3;4001371.672116259
2494;10493;2;4001371.672116259
2495;10494;1;4001371.672116259
2496;10497;3;4001371.672116259
2497;10503;6;4001371.672116259
2498;10507;4;4001371.672116259
2499;10510;3;4001371.672116259
2500;10514;4;4001371.672116259
2501;10517;3;4001371.672116259
2502;10519;2;4001371.672116259
2503;10522;3;4001371.672116259
2504;10527;5;4001371.672116259
2505;10530;3;4001371.672116259
2506;10533;3;4001371.672116259
2507;10535;2;4001371.672116259
2508;10538;3;4001371.672116259
2509;10545;7;4001371.672116259
2510;10551;6;4001371.672116259
2511;10553;2;4001371.672116259
2512;10559;6;4001371.672116259
2513;10560;1;4001371.672116259
2514;10562;2;4001371.672116259
2515;10567;5;4001371.672116259
2516;10570;3;4001371.672116259
2517;10573;3;4001371.672116259
2518;10580;7;4001371.672116259
2519;10582;2;4001371.672116259
2520;10587;5;4001371.672116259
2521;10590;3;4001371.672116259
2522;10595;5;4001371.672116259
2523;10597;2;4001371.672116259
2524;10599;2;4001371.672116259
2525;10603;4;4001371.672116259
2526;10606;3;4001371.672116259
2527;10608;2;4001371.672116259
2528;10611;3;4001371.672116259
2529;10614;3;4001371.672116259
2530;10618;4;4001371.672116259
2531;10622;4;4001371.672116259
2532;10624;2;4001371.672116259
2533;10626;2;4001371.672116259
2534;10628;2;4001371.672116259
2535;10630;2;4001371.672116259
2536;10634;4;4001371.672116259
2537;10638;4;4001371.672116259
2538;10653;15;4001371.672116259
2539;10662;9;4001371.672116259
2540;10666;4;4001371.672116259
2541;10669;3;4001371.672116259
2542;10671;2;4001371.672116259
2543;10675;4;4001371.672116259
2544;10678;3;4001371.672116259
2545;10682;4;4001371.672116259
2546;10683;1;4001371.672116259
2547;10688;5;4001371.672116259
2548;10692;4;4001371.672116259
2549;10693;1;4001371.672116259
2550;10696;3;4001371.672116259
2551;10698;2;4001371.672116259
2552;10702;4;4001371.672116259
2553;10702;0;4001371.672116259
2554;10705;3;4001371.672116259
2555;10709;4;4001371.672116259
2556;10710;1;4001371.672116259
2557;10713;3;4001371.672116259
2558;10715;2;4001371.672116259
2559;10715;0;4001371.672116259
2560;10719;4;4001371.672116259
2561;10722;3;4001371.672116259
2562;10726;4;4001371.672116259
2563;10730;4;4001371.672116259
2564;10734;4;4001371.672116259
2565;10735;1;4001371.672116259
2566;10739;4;4001371.672116259
2567;10744;5;4001371.672116259
2568;10749;5;4001371.672116259
2569;10749;0;4001371.672116259
2570;10753;4;4001371.672116259
2571;10757;4;4001371.672116259
2572;10761;4;4001371.672116259
2573;10762;1;4001371.672116259
2574;10765;3;4001371.672116259
2575;10767;2;4001371.672116259
2576;10769;2;4001371.672116259
2577;10770;1;4001371.672116259
2578;10773;3;4001371.672116259
2579;10776;3;4001371.672116259
2580;10780;4;4001371.672116259
2581;10782;2;4001371.672116259
2582;10784;2;4001371.672116259
2583;10784;0;4001371.672116259
2584;10787;3;4001371.672116259
2585;10788;1;4001371.672116259
2586;10788;0;4001371.672116259
2587;10791;3;4001371.672116259
2588;10794;3;4001371.672116259
2589;10798;4;4001371.672116259
2590;10801;3;4001371.672116259
2591;10804;3;4001371.672116259
2592;10807;3;4001371.672116259
2593;10809;2;4001371.672116259
2594;10812;3;4001371.672116259
2595;10814;2;4001371.672116259
2596;10817;3;4001371.672116259
2597;10821;4;4001371.672116259
2598;10823;2;4001371.672116259
2599;10826;3;4001371.672116259
2600;10829;3;4001371.672116259
2601;10832;3;4001371.672116259
2602;10834;2;4001371.672116259
2603;10838;4;4001371.672116259
2604;10843;5;4001371.672116259
2605;10849;6;4001371.672116259
2606;10851;2;4001371.672116259
2607;10853;2;4001371.672116259
2608;10854;1;4001371.672116259
2609;10856;2;4001371.672116259
2610;10857;1;4001371.672116259
2611;10862;5;4001371.672116259
2612;10865;3;4001371.672116259
2613;10869;4;4001371.672116259
2614;10874;5;4001371.672116259
2615;10877;3;4001371.672116259
2616;10880;3;4001371.672116259
2617;10885;5;4001371.672116259
2618;10888;3;4001371.672116259
2619;10892;4;4001371.672116259
2620;10896;4;4001371.672116259
2621;10897;1;4001371.672116259
2622;10901;4;4001371.672116259
2623;10904;3;4001371.672116259
2624;10905;1;4001371.672116259
2625;10908;3;4001371.672116259
2626;10911;3;4001371.672116259
2627;10915;4;4001371.672116259
2628;10918;3;4001371.672116259
2629;10922;4;4001371.672116259
2630;10926;4;4001371.672116259
2631;10928;2;4001371.672116259
2632;10929;1;4001371.672116259
2633;10930;1;4001371.672116259
2634;10933;3;4001371.672116259
2635;10939;6;4001371.672116259
2636;10944;5;4001371.672116259
2637;10949;5;4001371.672116259
2638;10953;4;4001371.672116259
2639;10954;1;4001371.672116259
2640;10959;5;4001371.672116259
2641;10963;4;4001371.672116259
2642;10966;3;4001371.672116259
2643;10972;6;4001371.672116259
2644;10972;0;4001371.672116259
2645;10978;6;4001371.672116259
2646;10980;2;4001371.672116259
2647;10983;3;4001371.672116259
2648;10986;3;4001371.672116259
2649;10991;5;4001371.672116259
2650;10995;4;4001371.672116259
2651;11000;5;4001371.672116259
2652;11003;3;4001371.672116259
2653;11005;2;4001371.672116259
2654;11009;4;4001371.672116259
2655;11011;2;4001371.672116259
2656;11012;1;4001371.672116259
2657;11014;2;4001371.672116259
2658;11017;3;4001371.672116259
2659;11020;3;4001371.672116259
2660;11023;3;4001371.672116259
2661;11027;4;4001371.672116259
2662;11030;3;4001371.672116259
2663;11033;3;4001371.672116259
2664;11033;0;4001371.672116259
2665;11035;2;4001371.672116259
2666;11040;5;4001371.672116259
2667;11044;4;4001371.672116259
2668;11049;5;4001371.672116259
2669;11051;2;4001371.672116259
2670;11054;3;4001371.672116259
2671;11056;2;4001371.672116259
2672;11060;4;4001371.672116259
2673;11061;1;4001371.672116259
2674;11066;5;4001371.672116259
2675;11069;3;4001371.672116259
2676;11073;4;4001371.672116259
2677;11078;5;4001371.672116259
2678;11080;2;4001371.672116259
2679;11084;4;4001371.672116259
2680;11088;4;4001371.672116259
2681;11090;2;4001371.672116259
2682;11093;3;4001371.672116259
2683;11095;2;4001371.672116259
2684;11096;1;4001371.672116259
2685;11101;5;4001371.672116259
2686;11102;1;4001371.672116259
2687;11103;1;4001371.672116259
2688;11105;2;4001371.672116259
2689;11107;2;4001371.672116259
2690;11109;2;4001371.672116259
2691;11113;4;4001371.672116259
2692;11113;0;4001371.672116259
2693;11116;3;4001371.672116259
2694;11120;4;4001371.672116259
2695;11121;1;4001371.672116259
2696;11122;1;4001371.672116259
2697;11126;4;4001371.672116259
2698;11127;1;4001371.672116259
2699;11132;5;4001371.672116259
2700;11133;1;4001371.672116259
2701;11137;4;4001371.672116259
2702;11140;3;4001371.672116259
2703;11142;2;4001371.672116259
2704;11147;5;4001371.672116259
2705;11150;3;4001371.672116259
2706;11151;1;4001371.672116259
2707;11155;4;4001371.672116259
2708;11158;3;4001371.672116259
2709;11160;2;4001371.672116259
2710;11161;1;4001371.672116259
2711;11164;3;4001371.672116259
2712;11166;2;4001371.672116259
2713;11169;3;4001371.672116259
2714;11171;2;4001371.672116259
2715;11173;2;4001371.672116259
2716;11176;3;4001371.672116259
2717;11180;4;4001371.672116259
2718;11182;2;4001371.672116259
2719;11185;3;4001371.672116259
2720;11188;3;4001371.672116259
2721;11191;3;4001371.672116259
2722;11193;2;4001371.672116259
2723;11194;1;4001371.672116259
2724;11198;4;4001371.672116259
2725;11203;5;4001371.672116259
2726;11207;4;4001371.672116259
2727;11213;6;4001371.672116259
2728;11216;3;4001371.672116259
2729;11220;4;4001371.672116259
2730;11224;4;4001371.672116259
2731;11229;5;4001371.672116259
2732;11231;2;4001371.672116259
2733;11234;3;4001371.672116259
2734;11235;1;4001371.672116259
2735;11237;2;4001371.672116259
2736;11240;3;4001371.672116259
2737;11245;5;4001371.672116259
2738;11248;3;4001371.672116259
2739;11252;4;4001371.672116259
2740;11255;3;4001371.672116259
2741;11259;4;4001371.672116259
2742;11263;4;4001371.672116259
2743;11266;3;4001371.672116259
2744;11269;3;4001371.672116259
2745;11272;3;4001371.672116259
2746;11277;5;4001371.672116259
2747;11278;1;4001371.672116259
2748;11279;1;4001371.672116259
2749;11282;3;4001371.672116259
2750;11285;3;4001371.672116259
2751;11289;4;4001371.672116259
2752;11292;3;4001371.672116259
2753;11295;3;4001371.672116259
2754;11300;5;4001371.672116259
2755;11302;2;4001371.672116259
2756;11306;4;4001371.672116259
2757;11306;0;4001371.672116259
2758;11309;3;4001371.672116259
2759;11312;3;4001371.672116259
2760;11315;3;4001371.672116259
2761;11320;5;4001371.672116259
2762;11321;1;4001371.672116259
2763;11324;3;4001371.672116259
2764;11327;3;4001371.672116259
2765;11330;3;4001371.672116259
2766;11332;2;4001371.672116259
2767;11336;4;4001371.672116259
2768;11339;3;4001371.672116259
2769;11341;2;4001371.672116259
2770;11345;4;4001371.672116259
2771;11346;1;4001371.672116259
2772;11347;1;4001371.672116259
2773;11352;5;4001371.672116259
2774;11355;3;4001371.672116259
2775;11356;1;4001371.672116259
2776;11359;3;4001371.672116259
2777;11364;5;4001371.672116259
2778;11367;3;4001371.672116259
2779;11370;3;4001371.672116259
2780;11370;0;4001371.672116259
2781;11371;1;4001371.672116259
2782;11375;4;4001371.672116259
2783;11379;4;4001371.672116259
2784;11383;4;4001371.672116259
2785;11386;3;4001371.672116259
2786;11390;4;4001371.672116259
2787;11393;3;4001371.672116259
2788;11397;4;4001371.672116259
2789;11402;5;4001371.672116259
2790;11404;2;4001371.672116259
2791;11409;5;4001371.672116259
2792;11412;3;4001371.672116259
2793;11416;4;4001371.672116259
2794;11420;4;4001371.672116259
2795;11422;2;4001371.672116259
2796;11423;1;4001371.672116259
2797;11426;3;4001371.672116259
2798;11427;1;4001371.672116259
2799;11433;6;4001371.672116259
2800;11436;3;4001371.672116259
2801;11440;4;4001371.672116259
2802;11444;4;4001371.672116259
2803;11449;5;4001371.672116259
2804;11453;4;4001371.672116259
2805;11459;6;4001371.672116259
2806;11461;2;4001371.672116259
2807;11467;6;4001371.672116259
2808;11470;3;4001371.672116259
2809;11474;4;4001371.672116259
2810;11478;4;4001371.672116259
2811;11483;5;4001371.672116259
2812;11485;2;4001371.672116259
2813;11488;3;4001371.672116259
2814;11491;3;4001371.672116259
2815;11496;5;4001371.672116259
2816;11500;4;4001371.672116259
2817;11505;5;4001371.672116259
2818;11507;2;4001371.672116259
2819;11511;4;4001371.672116259
2820;11520;9;4001371.672116259
2821;11522;2;4001371.672116259
2822;11528;6;4001371.672116259
2823;11534;6;4001371.672116259
2824;11538;4;4001371.672116259
2825;11543;5;4001371.672116259
2826;11544;1;4001371.672116259
2827;11546;2;4001371.672116259
2828;11549;3;4001371.672116259
2829;11557;8;4001371.672116259
2830;11564;7;4001371.672116259
2831;11570;6;4001371.672116259
2832;11582;12;4001371.672116259
2833;11587;5;4001371.672116259
2834;11594;7;4001371.672116259
2835;11609;15;4001371.672116259
2836;11615;6;4001371.672116259
2837;11624;9;4001371.672116259
2838;11626;2;4001371.672116259
2839;11632;6;4001371.672116259
2840;11643;11;4001371.672116259
2841;11652;9;4001371.672116259
2842;11661;9;4001371.672116259
2843;11662;1;4001371.672116259
2844;11672;10;4001371.672116259
2845;11681;9;4001371.672116259
2846;11687;6;4001371.672116259
2847;11689;2;4001371.672116259
2848;11698;9;4001371.672116259
2849;11704;6;4001371.672116259
2850;11714;10;4001371.672116259
2851;11726;12;4001371.672116259
2852;11728;2;4001371.672116259
2853;11732;4;4001371.672116259
2854;11749;17;4001371.672116259
2855;11750;1;4001371.672116259
2856;11754;4;4001371.672116259
2857;11772;18;4001371.672116259
2858;11781;9;4001371.672116259
2859;11789;8;4001371.672116259
2860;11790;1;4001371.672116259
2861;11791;1;4001371.672116259
2862;11798;7;4001371.672116259
2863;11804;6;4001371.672116259
2864;11805;1;4001371.672116259
2865;11808;3;4001371.672116259
2866;11812;4;4001371.672116259
2867;11813;1;4001371.672116259
2868;11814;1;4001371.672116259
2869;11820;6;4001371.672116259
2870;11826;6;4001371.672116259
2871;11832;6;4001371.672116259
2872;11836;4;4001371.672116259
2873;11841;5;4001371.672116259
2874;11848;7;4001371.672116259
2875;11863;15;4001371.672116259
2876;11871;8;4001371.672116259
2877;11876;5;4001371.672116259
2878;11880;4;4001371.672116259
2879;11886;6;4001371.672116259
2880;11890;4;4001371.672116259
2881;11896;6;4001371.672116259
2882;11897;1;4001371.672116259
2883;11902;5;4001371.672116259
2884;11908;6;4001371.672116259
2885;11912;4;4001371.672116259
2886;11919;7;4001371.672116259
2887;11925;6;4001371.672116259
2888;11938;13;4001371.672116259
2889;11959;21;4001371.672116259
2890;11968;9;4001371.672116259
2891;11974;6;4001371.672116259
2892;11981;7;4001371.672116259
2893;11987;6;4001371.672116259
2894;11991;4;4001371.672116259
2895;11992;1;4001371.672116259
2896;11996;4;4001371.672116259
2897;12004;8;4001371.672116259
2898;12005;1;4001371.672116259
2899;12011;6;4001371.672116259
2900;12019;8;4001371.672116259
2901;12022;3;4001371.672116259
2902;12031;9;4001371.672116259
2903;12043;12;4001371.672116259
2904;12045;2;4001371.672116259
2905;12046;1;4001371.672116259
2906;12047;1;4001371.672116259
2907;12055;8;4001371.672116259
2908;12061;6;4001371.672116259
2909;12062;1;4001371.672116259
2910;12069;7;4001371.672116259
2911;12072;3;4001371.672116259
2912;12078;6;4001371.672116259
2913;12083;5;4001371.672116259
2914;12098;15;4001371.672116259
2915;12099;1;4001371.672116259
2916;12106;7;4001371.672116259
2917;12113;7;4001371.672116259
2918;12114;1;4001371.672116259
2919;12126;12;4001371.672116259
2920;12131;5;4001371.672116259
2921;12134;3;4001371.672116259
2922;12141;7;4001371.672116259
2923;12142;1;4001371.672116259
2924;12151;9;4001371.672116259
2925;12160;9;4001371.672116259
2926;12168;8;4001371.672116259
2927;12173;5;4001371.672116259
2928;12176;3;4001371.672116259
2929;12177;1;4001371.672116259
2930;12185;8;4001371.672116259
2931;12191;6;4001371.672116259
2932;12197;6;4001371.672116259
2933;12204;7;4001371.672116259
2934;12208;4;4001371.672116259
2935;12215;7;4001371.672116259
2936;12223;8;4001371.672116259
2937;12227;4;4001371.672116259
2938;12229;2;4001371.672116259
2939;12232;3;4001371.672116259
2940;12235;3;4001371.672116259
2941;12238;3;4001371.672116259
2942;12239;1;4001371.672116259
2943;12244;5;4001371.672116259
2944;12251;7;4001371.672116259
2945;12253;2;4001371.672116259
2946;12257;4;4001371.672116259
2947;12262;5;4001371.672116259
2948;12263;1;4001371.672116259
2949;12264;1;4001371.672116259
2950;12266;2;4001371.672116259
2951;12270;4;4001371.672116259
2952;12272;2;4001371.672116259
2953;12275;3;4001371.672116259
2954;12280;5;4001371.672116259
2955;12284;4;4001371.672116259
2956;12288;4;4001371.672116259
2957;12290;2;4001371.672116259
2958;12293;3;4001371.672116259
2959;12296;3;4001371.672116259
2960;12298;2;4001371.672116259
2961;12301;3;4001371.672116259
2962;12303;2;4001371.672116259
2963;12306;3;4001371.672116259
2964;12308;2;4001371.672116259
2965;12311;3;4001371.672116259
2966;12312;1;4001371.672116259
2967;12315;3;4001371.672116259
2968;12320;5;4001371.672116259
2969;12326;6;4001371.672116259
2970;12329;3;4001371.672116259
2971;12332;3;4001371.672116259
2972;12333;1;4001371.672116259
2973;12336;3;4001371.672116259
2974;12341;5;4001371.672116259
2975;12345;4;4001371.672116259
2976;12352;7;4001371.672116259
2977;12355;3;4001371.672116259
2978;12358;3;4001371.672116259
2979;12361;3;4001371.672116259
2980;12365;4;4001371.672116259
2981;12367;2;4001371.672116259
2982;12372;5;4001371.672116259
2983;12375;3;4001371.672116259
2984;12379;4;4001371.672116259
2985;12383;4;4001371.672116259
2986;12387;4;4001371.672116259
2987;12388;1;4001371.672116259
2988;12388;0;4001371.672116259
2989;12392;4;4001371.672116259
2990;12396;4;4001371.672116259
2991;12399;3;4001371.672116259
2992;12404;5;4001371.672116259
2993;12411;7;4001371.672116259
2994;12416;5;4001371.672116259
2995;12419;3;4001371.672116259
2996;12421;2;4001371.672116259
2997;12424;3;4001371.672116259
2998;12429;5;4001371.672116259
2999;12431;2;4001371.672116259
