Index;Time point [ms];Iteration length [ms];Cost
0;5;5;1.7002473781902857E7
1;6;1;1.7002473781902857E7
2;8;2;1.700224568164503E7
3;13;5;1.700176109830001E7
4;18;5;1.4001908037988855E7
5;24;6;1.400160615274068E7
6;27;3;1.400160615274068E7
7;30;3;1.400160615274068E7
8;32;2;1.400160615274068E7
9;35;3;1.400160615274068E7
10;36;1;1.400160615274068E7
11;39;3;1.400160615274068E7
12;43;4;1.400160615274068E7
13;46;3;1.400160615274068E7
14;52;6;1.4001600010877566E7
15;53;1;1.4001600010877566E7
16;57;4;1.4001600010877566E7
17;59;2;1.4001600010877566E7
18;65;6;1.4001600010877566E7
19;69;4;1.4001459327960858E7
20;73;4;1.4001443822348138E7
21;76;3;1.4001443822348138E7
22;78;2;1.4001438804664241E7
23;86;8;1.4001438804664241E7
24;88;2;1.4001438804664241E7
25;96;8;1.4001438804664241E7
26;97;1;1.4001438804664241E7
27;101;4;1.4001438804664241E7
28;102;1;1.4001438804664241E7
29;109;7;1.4001438804664241E7
30;116;7;1.4001438804664241E7
31;120;4;1.4001438804664241E7
32;123;3;1.4001438804664241E7
33;128;5;1.4001438804664241E7
34;131;3;1.4001438804664241E7
35;132;1;1.4001438804664241E7
36;136;4;1.300172097569891E7
37;139;3;1.3001681448037617E7
38;142;3;1.200147377991209E7
39;145;3;1.2001398034733582E7
40;149;4;1.2001294030168585E7
41;155;6;1.2001281309098681E7
42;158;3;1.2001281309098681E7
43;162;4;1.2001281309098681E7
44;166;4;1.2001281309098681E7
45;169;3;1.2001281309098681E7
46;173;4;1.2001281309098681E7
47;175;2;1.2001281309098681E7
48;178;3;1.2001281309098681E7
49;181;3;1.2001281309098681E7
50;185;4;1.2001281309098681E7
51;188;3;1.2001281309098681E7
52;190;2;1.2001281309098681E7
53;190;0;1.2001281309098681E7
54;194;4;1.2001281309098681E7
55;195;1;1.2001281309098681E7
56;196;1;1.2001281309098681E7
57;200;4;1.2001281309098681E7
58;207;7;1.2001281309098681E7
59;211;4;1.2001281309098681E7
60;213;2;1.2001281309098681E7
61;216;3;1.2001281309098681E7
62;217;1;1.2001281309098681E7
63;220;3;1.2001281309098681E7
64;221;1;1.2001281309098681E7
65;222;1;1.2001281309098681E7
66;225;3;1.2001281309098681E7
67;229;4;1.2001281309098681E7
68;232;3;1.2001281309098681E7
69;235;3;1.2001281309098681E7
70;237;2;1.2001281309098681E7
71;238;1;1.2001281309098681E7
72;241;3;1.2001281309098681E7
73;244;3;1.2001281309098681E7
74;247;3;1.2001281309098681E7
75;252;5;1.2001281309098681E7
76;255;3;1.2001281309098681E7
77;259;4;1.2001281309098681E7
78;265;6;1.2001281309098681E7
79;265;0;1.2001281309098681E7
80;267;2;1.2001281309098681E7
81;271;4;1.2001281309098681E7
82;276;5;1.2001281309098681E7
83;279;3;1.2001281309098681E7
84;283;4;1.2001281309098681E7
85;283;0;1.2001281309098681E7
86;284;1;1.2001281309098681E7
87;287;3;1.2001281309098681E7
88;290;3;1.2001281309098681E7
89;291;1;1.2001281309098681E7
90;294;3;1.2001281309098681E7
91;296;2;1.2001281309098681E7
92;298;2;1.2001281309098681E7
93;299;1;1.2001281309098681E7
94;303;4;1.2001281309098681E7
95;309;6;1.2001281309098681E7
96;312;3;1.2001281309098681E7
97;316;4;1.2001281309098681E7
98;319;3;1.2001281309098681E7
99;320;1;1.2001281309098681E7
100;322;2;1.2001281309098681E7
101;326;4;1.2001281309098681E7
102;328;2;1.2001281309098681E7
103;334;6;1.2001281309098681E7
104;337;3;1.2001281309098681E7
105;340;3;1.2001281309098681E7
106;344;4;1.2001281309098681E7
107;344;0;1.2001281309098681E7
108;348;4;1.2001281309098681E7
109;351;3;1.2001281309098681E7
110;353;2;1.2001281309098681E7
111;355;2;1.2001281309098681E7
112;357;2;1.2001281309098681E7
113;359;2;1.2001281309098681E7
114;362;3;1.2001281309098681E7
115;365;3;1.2001281309098681E7
116;370;5;1.2001281309098681E7
117;374;4;1.2001281309098681E7
118;377;3;1.2001281309098681E7
119;380;3;1.2001281309098681E7
120;383;3;1.2001281309098681E7
121;387;4;1.2001281309098681E7
122;390;3;1.2001281309098681E7
123;393;3;1.2001281309098681E7
124;394;1;1.2001281309098681E7
125;398;4;1.2001281309098681E7
126;404;6;1.2001281309098681E7
127;407;3;1.2001281309098681E7
128;410;3;1.2001281309098681E7
129;412;2;1.2001281309098681E7
130;417;5;1.2001281309098681E7
131;421;4;1.2001281309098681E7
132;424;3;1.2001281309098681E7
133;427;3;1.2001281309098681E7
134;431;4;1.2001281309098681E7
135;434;3;1.2001281309098681E7
136;436;2;1.2001281309098681E7
137;437;1;1.2001281309098681E7
138;440;3;1.2001281309098681E7
139;443;3;1.2001281309098681E7
140;443;0;1.2001281309098681E7
141;445;2;1.2001281309098681E7
142;448;3;1.2001281309098681E7
143;449;1;1.2001281309098681E7
144;452;3;1.2001281309098681E7
145;453;1;1.2001281309098681E7
146;456;3;1.2001281309098681E7
147;459;3;1.2001281309098681E7
148;462;3;1.2001281309098681E7
149;464;2;1.2001281309098681E7
150;464;0;1.2001281309098681E7
151;466;2;1.2001281309098681E7
152;467;1;1.2001281309098681E7
153;469;2;1.2001281309098681E7
154;471;2;1.2001281309098681E7
155;473;2;1.2001281309098681E7
156;477;4;1.2001281309098681E7
157;479;2;1.2001281309098681E7
158;482;3;1.2001281309098681E7
159;487;5;1.2001281309098681E7
160;488;1;1.2001281309098681E7
161;488;0;1.2001281309098681E7
162;490;2;1.2001281309098681E7
163;493;3;1.2001281309098681E7
164;497;4;1.2001281309098681E7
165;499;2;1.2001281309098681E7
166;504;5;1.2001281309098681E7
167;505;1;1.2001281309098681E7
168;509;4;1.2001281309098681E7
169;514;5;1.2001281309098681E7
170;519;5;1.2001281309098681E7
171;521;2;1.2001281309098681E7
172;524;3;1.2001281309098681E7
173;527;3;1.2001281309098681E7
174;531;4;1.2001281309098681E7
175;534;3;1.2001281309098681E7
176;536;2;1.2001281309098681E7
177;537;1;1.2001281309098681E7
178;539;2;1.2001281309098681E7
179;541;2;1.2001281309098681E7
180;544;3;1.2001281309098681E7
181;547;3;1.2001281309098681E7
182;549;2;1.2001281309098681E7
183;552;3;1.2001281309098681E7
184;553;1;1.2001281309098681E7
185;556;3;1.2001281309098681E7
186;558;2;1.2001281309098681E7
187;560;2;1.2001281309098681E7
188;562;2;1.2001281309098681E7
189;567;5;1.2001281309098681E7
190;569;2;1.2001281309098681E7
191;572;3;1.2001281309098681E7
192;575;3;1.2001281309098681E7
193;579;4;1.2001281309098681E7
194;583;4;1.2001281309098681E7
195;584;1;1.2001281309098681E7
196;586;2;1.2001281309098681E7
197;589;3;1.2001281309098681E7
198;592;3;1.2001281309098681E7
199;595;3;1.2001281309098681E7
200;598;3;1.2001281309098681E7
201;601;3;1.2001281309098681E7
202;609;8;1.2001281309098681E7
203;615;6;1.2001281309098681E7
204;617;2;1.2001281309098681E7
205;618;1;1.2001281309098681E7
206;618;0;1.2001281309098681E7
207;620;2;1.2001281309098681E7
208;621;1;1.2001281309098681E7
209;624;3;1.2001281309098681E7
210;627;3;1.2001281309098681E7
211;629;2;1.2001281309098681E7
212;633;4;1.2001281309098681E7
213;634;1;1.2001281309098681E7
214;638;4;1.2001281309098681E7
215;639;1;1.2001281309098681E7
216;642;3;1.2001281309098681E7
217;645;3;1.2001281309098681E7
218;648;3;1.2001281309098681E7
219;653;5;1.2001281309098681E7
220;656;3;1.2001281309098681E7
221;660;4;1.2001281309098681E7
222;663;3;1.2001281309098681E7
223;665;2;1.2001281309098681E7
224;667;2;1.2001281309098681E7
225;670;3;1.2001281309098681E7
226;673;3;1.2001281309098681E7
227;677;4;1.2001281309098681E7
228;679;2;1.2001281309098681E7
229;682;3;1.2001281309098681E7
230;683;1;1.2001281309098681E7
231;686;3;1.2001281309098681E7
232;710;24;1.2001281309098681E7
233;711;1;1.2001281309098681E7
234;717;6;1.2001281309098681E7
235;722;5;1.2001281309098681E7
236;726;4;1.2001281309098681E7
237;732;6;1.2001281309098681E7
238;739;7;1.2001281309098681E7
239;745;6;1.2001281309098681E7
240;745;0;1.2001281309098681E7
241;756;11;1.2001281309098681E7
242;762;6;1.2001281309098681E7
243;767;5;1.2001281309098681E7
244;772;5;1.2001281309098681E7
245;775;3;1.2001281309098681E7
246;778;3;1.2001281309098681E7
247;783;5;1.2001281309098681E7
248;785;2;1.2001281309098681E7
249;788;3;1.2001281309098681E7
250;793;5;1.2001281309098681E7
251;798;5;1.2001281309098681E7
252;802;4;1.2001281309098681E7
253;809;7;1.2001281309098681E7
254;810;1;1.2001281309098681E7
255;811;1;1.2001281309098681E7
256;817;6;1.2001281309098681E7
257;822;5;1.2001281309098681E7
258;829;7;1.2001281309098681E7
259;833;4;1.2001281309098681E7
260;837;4;1.2001281309098681E7
261;840;3;1.2001281309098681E7
262;844;4;1.2001281309098681E7
263;847;3;1.2001281309098681E7
264;849;2;1.2001281309098681E7
265;851;2;1.2001281309098681E7
266;855;4;1.2001281309098681E7
267;860;5;1.2001281309098681E7
268;864;4;1.2001281309098681E7
269;868;4;1.2001281309098681E7
270;872;4;1.2001281309098681E7
271;879;7;1.2001281309098681E7
272;886;7;1.2001281309098681E7
273;892;6;1.2001281309098681E7
274;898;6;1.2001281309098681E7
275;903;5;1.2001281309098681E7
276;912;9;1.2001281309098681E7
277;917;5;1.2001281309098681E7
278;921;4;1.2001281309098681E7
279;924;3;1.2001281309098681E7
280;931;7;1.2001281309098681E7
281;936;5;1.2001281309098681E7
282;940;4;1.2001281309098681E7
283;942;2;1.2001281309098681E7
284;944;2;1.2001281309098681E7
285;949;5;1.2001281309098681E7
286;952;3;1.2001281309098681E7
287;955;3;1.2001281309098681E7
288;957;2;1.2001281309098681E7
289;957;0;1.2001281309098681E7
290;959;2;1.2001281309098681E7
291;962;3;1.2001281309098681E7
292;965;3;1.2001281309098681E7
293;968;3;1.2001281309098681E7
294;970;2;1.2001281309098681E7
295;972;2;1.2001281309098681E7
296;975;3;1.2001281309098681E7
297;978;3;1.2001281309098681E7
298;979;1;1.2001281309098681E7
299;983;4;1.2001281309098681E7
300;987;4;1.2001281309098681E7
301;991;4;1.2001281309098681E7
302;996;5;1.2001281309098681E7
303;996;0;1.2001281309098681E7
304;1000;4;1.2001281309098681E7
305;1004;4;1.2001281309098681E7
306;1011;7;1.2001281309098681E7
307;1024;13;1.2001281309098681E7
308;1025;1;1.2001281309098681E7
309;1030;5;1.2001281309098681E7
310;1035;5;1.2001281309098681E7
311;1039;4;1.2001281309098681E7
312;1043;4;1.2001281309098681E7
313;1046;3;1.2001281309098681E7
314;1046;0;1.2001281309098681E7
315;1048;2;1.2001281309098681E7
316;1050;2;1.2001281309098681E7
317;1054;4;1.2001281309098681E7
318;1057;3;1.2001281309098681E7
319;1060;3;1.2001281309098681E7
320;1062;2;1.2001281309098681E7
321;1065;3;1.2001281309098681E7
322;1068;3;1.2001281309098681E7
323;1069;1;1.2001281309098681E7
324;1072;3;1.2001281309098681E7
325;1076;4;1.2001281309098681E7
326;1084;8;1.2001281309098681E7
327;1091;7;1.2001281309098681E7
328;1094;3;1.2001281309098681E7
329;1095;1;1.2001281309098681E7
330;1099;4;1.2001281309098681E7
331;1107;8;1.2001281309098681E7
332;1113;6;1.2001281309098681E7
333;1118;5;1.2001281309098681E7
334;1135;17;1.2001281309098681E7
335;1141;6;1.2001281309098681E7
336;1149;8;1.2001281309098681E7
337;1154;5;1.2001281309098681E7
338;1159;5;1.2001281309098681E7
339;1177;18;1.2001281309098681E7
340;1181;4;1.2001281309098681E7
341;1185;4;1.2001281309098681E7
342;1190;5;1.2001281309098681E7
343;1196;6;1.2001281309098681E7
344;1200;4;1.2001281309098681E7
345;1208;8;1.2001281309098681E7
346;1211;3;1.2001281309098681E7
347;1212;1;1.2001281309098681E7
348;1217;5;1.2001281309098681E7
349;1222;5;1.2001281309098681E7
350;1227;5;1.2001281309098681E7
351;1230;3;1.2001281309098681E7
352;1235;5;1.2001281309098681E7
353;1238;3;1.2001281309098681E7
354;1240;2;1.2001281309098681E7
355;1243;3;1.2001281309098681E7
356;1250;7;1.2001281309098681E7
357;1257;7;1.2001281309098681E7
358;1260;3;1.2001281309098681E7
359;1266;6;1.2001281309098681E7
360;1270;4;1.2001281309098681E7
361;1271;1;1.2001281309098681E7
362;1272;1;1.2001281309098681E7
363;1276;4;1.2001281309098681E7
364;1281;5;1.2001281309098681E7
365;1286;5;1.2001281309098681E7
366;1288;2;1.2001281309098681E7
367;1291;3;1.2001281309098681E7
368;1295;4;1.2001281309098681E7
369;1296;1;1.2001281309098681E7
370;1298;2;1.2001281309098681E7
371;1304;6;1.2001281309098681E7
372;1310;6;1.2001281309098681E7
373;1316;6;1.2001281309098681E7
374;1319;3;1.2001281309098681E7
375;1325;6;1.2001281309098681E7
376;1326;1;1.2001281309098681E7
377;1331;5;1.2001281309098681E7
378;1335;4;1.2001281309098681E7
379;1338;3;1.2001281309098681E7
380;1343;5;1.2001281309098681E7
381;1347;4;1.2001281309098681E7
382;1348;1;1.2001281309098681E7
383;1353;5;1.2001281309098681E7
384;1357;4;1.2001281309098681E7
385;1361;4;1.2001281309098681E7
386;1362;1;1.2001281309098681E7
387;1366;4;1.2001281309098681E7
388;1370;4;1.2001281309098681E7
389;1373;3;1.2001281309098681E7
390;1376;3;1.2001281309098681E7
391;1380;4;1.2001281309098681E7
392;1382;2;1.2001281309098681E7
393;1385;3;1.2001281309098681E7
394;1388;3;1.2001281309098681E7
395;1389;1;1.2001281309098681E7
396;1393;4;1.2001281309098681E7
397;1394;1;1.2001281309098681E7
398;1398;4;1.2001281309098681E7
399;1402;4;1.2001281309098681E7
400;1407;5;1.2001281309098681E7
401;1411;4;1.2001281309098681E7
402;1412;1;1.2001281309098681E7
403;1415;3;1.2001281309098681E7
404;1417;2;1.2001281309098681E7
405;1421;4;1.2001281309098681E7
406;1424;3;1.2001281309098681E7
407;1427;3;1.2001281309098681E7
408;1431;4;1.2001281309098681E7
409;1434;3;1.2001281309098681E7
410;1437;3;1.2001281309098681E7
411;1441;4;1.2001281309098681E7
412;1445;4;1.2001281309098681E7
413;1448;3;1.2001281309098681E7
414;1451;3;1.2001281309098681E7
415;1454;3;1.2001281309098681E7
416;1457;3;1.2001281309098681E7
417;1460;3;1.2001281309098681E7
418;1461;1;1.2001281309098681E7
419;1462;1;1.2001281309098681E7
420;1463;1;1.2001281309098681E7
421;1465;2;1.2001281309098681E7
422;1468;3;1.2001281309098681E7
423;1471;3;1.2001281309098681E7
424;1474;3;1.2001281309098681E7
425;1477;3;1.2001281309098681E7
426;1479;2;1.2001281309098681E7
427;1481;2;1.2001281309098681E7
428;1483;2;1.2001281309098681E7
429;1485;2;1.2001281309098681E7
430;1488;3;1.2001281309098681E7
431;1491;3;1.2001281309098681E7
432;1494;3;1.2001281309098681E7
433;1496;2;1.2001281309098681E7
434;1497;1;1.2001281309098681E7
435;1500;3;1.2001281309098681E7
436;1503;3;1.2001281309098681E7
437;1509;6;1.2001281309098681E7
438;1514;5;1.2001281309098681E7
439;1519;5;1.2001281309098681E7
440;1520;1;1.2001281309098681E7
441;1525;5;1.2001281309098681E7
442;1529;4;1.2001281309098681E7
443;1535;6;1.2001281309098681E7
444;1539;4;1.2001281309098681E7
445;1541;2;1.2001281309098681E7
446;1543;2;1.2001281309098681E7
447;1546;3;1.2001281309098681E7
448;1550;4;1.2001281309098681E7
449;1556;6;1.2001281309098681E7
450;1559;3;1.2001281309098681E7
451;1561;2;1.2001281309098681E7
452;1564;3;1.2001281309098681E7
453;1568;4;1.2001281309098681E7
454;1571;3;1.2001281309098681E7
455;1573;2;1.2001281309098681E7
456;1578;5;1.2001281309098681E7
457;1578;0;1.2001281309098681E7
458;1580;2;1.2001281309098681E7
459;1582;2;1.2001281309098681E7
460;1586;4;1.2001281309098681E7
461;1590;4;1.2001281309098681E7
462;1595;5;1.2001281309098681E7
463;1598;3;1.2001281309098681E7
464;1602;4;1.2001281309098681E7
465;1609;7;1.2001281309098681E7
466;1615;6;1.2001281309098681E7
467;1621;6;1.2001281309098681E7
468;1622;1;1.2001281309098681E7
469;1623;1;1.2001281309098681E7
470;1629;6;1.2001281309098681E7
471;1633;4;1.2001281309098681E7
472;1636;3;1.2001281309098681E7
473;1639;3;1.2001281309098681E7
474;1644;5;1.2001281309098681E7
475;1646;2;1.2001281309098681E7
476;1647;1;1.2001281309098681E7
477;1650;3;1.2001281309098681E7
478;1653;3;1.2001281309098681E7
479;1656;3;1.2001281309098681E7
480;1659;3;1.2001281309098681E7
481;1662;3;1.2001281309098681E7
482;1664;2;1.2001281309098681E7
483;1664;0;1.2001281309098681E7
484;1667;3;1.2001281309098681E7
485;1668;1;1.2001281309098681E7
486;1671;3;1.2001281309098681E7
487;1673;2;1.2001281309098681E7
488;1675;2;1.2001281309098681E7
489;1678;3;1.2001281309098681E7
490;1680;2;1.2001281309098681E7
491;1682;2;1.2001281309098681E7
492;1684;2;1.2001281309098681E7
493;1687;3;1.2001281309098681E7
494;1689;2;1.200127439779673E7
495;1689;0;1.2001260002869818E7
496;1693;4;1.2001260002869818E7
497;1698;5;1.2001260002869818E7
498;1704;6;1.2001260002869818E7
499;1710;6;1.2001260002869818E7
500;1713;3;1.2001260002869818E7
501;1718;5;1.2001260002869818E7
502;1721;3;1.2001260002869818E7
503;1725;4;1.2001260002869818E7
504;1728;3;1.2001260002869818E7
505;1731;3;1.2001260002869818E7
506;1731;0;1.2001260002869818E7
507;1734;3;1.2001260002869818E7
508;1737;3;1.2001260002869818E7
509;1741;4;1.2001260002869818E7
510;1744;3;1.2001260002869818E7
511;1747;3;1.2001260002869818E7
512;1750;3;1.2001260002869818E7
513;1752;2;1.2001260002869818E7
514;1753;1;1.2001260002869818E7
515;1757;4;1.2001260002869818E7
516;1760;3;1.2001260002869818E7
517;1763;3;1.2001260002869818E7
518;1767;4;1.2001260002869818E7
519;1769;2;1.2001260002869818E7
520;1771;2;1.2001260002869818E7
521;1775;4;1.2001260002869818E7
522;1777;2;1.2001260002869818E7
523;1780;3;1.2001260002869818E7
524;1783;3;1.2001260002869818E7
525;1786;3;1.2001260002869818E7
526;1787;1;1.2001260002869818E7
527;1790;3;1.2001260002869818E7
528;1791;1;1.2001260002869818E7
529;1794;3;1.2001260002869818E7
530;1797;3;1.2001260002869818E7
531;1800;3;1.2001260002869818E7
532;1805;5;1.2001260002869818E7
533;1810;5;1.2001260002869818E7
534;1815;5;1.2001260002869818E7
535;1818;3;1.2001260002869818E7
536;1821;3;1.2001260002869818E7
537;1825;4;1.2001260002869818E7
538;1828;3;1.2001260002869818E7
539;1831;3;1.2001260002869818E7
540;1832;1;1.2001260002869818E7
541;1837;5;1.2001260002869818E7
542;1843;6;1.2001260002869818E7
543;1849;6;1.2001260002869818E7
544;1853;4;1.2001260002869818E7
545;1859;6;1.2001260002869818E7
546;1863;4;1.2001260002869818E7
547;1866;3;1.2001260002869818E7
548;1869;3;1.2001260002869818E7
549;1874;5;1.2001260002869818E7
550;1875;1;1.2001260002869818E7
551;1878;3;1.2001260002869818E7
552;1882;4;1.2001260002869818E7
553;1886;4;1.2001260002869818E7
554;1889;3;1.2001260002869818E7
555;1892;3;1.2001260002869818E7
556;1918;26;1.2001260002869818E7
557;1919;1;1.2001260002869818E7
558;1922;3;1.2001260002869818E7
559;1923;1;1.2001260002869818E7
560;1928;5;1.2001260002869818E7
561;1934;6;1.2001260002869818E7
562;1940;6;1.2001260002869818E7
563;1949;9;1.2001260002869818E7
564;1953;4;1.2001260002869818E7
565;1956;3;1.2001260002869818E7
566;1960;4;1.2001260002869818E7
567;1965;5;1.2001260002869818E7
568;1969;4;1.2001260002869818E7
569;1975;6;1.2001260002869818E7
570;1981;6;1.2001260002869818E7
571;1984;3;1.2001260002869818E7
572;1989;5;1.2001260002869818E7
573;1995;6;1.2001260002869818E7
574;1997;2;1.2001260002869818E7
575;2017;20;1.2001260002869818E7
576;2023;6;1.2001260002869818E7
577;2028;5;1.2001260002869818E7
578;2031;3;1.2001260002869818E7
579;2048;17;1.2001260002869818E7
580;2054;6;1.2001260002869818E7
581;2057;3;1.2001260002869818E7
582;2080;23;1.2001260002869818E7
583;2085;5;1.2001260002869818E7
584;2091;6;1.2001260002869818E7
585;2096;5;1.2001260002869818E7
586;2098;2;1.2001260002869818E7
587;2115;17;1.2001260002869818E7
588;2121;6;1.2001260002869818E7
589;2125;4;1.2001260002869818E7
590;2136;11;1.2001260002869818E7
591;2139;3;1.2001260002869818E7
592;2142;3;1.2001260002869818E7
593;2147;5;1.2001260002869818E7
594;2159;12;1.2001260002869818E7
595;2161;2;1.2001260002869818E7
596;2179;18;1.2001260002869818E7
597;2184;5;1.2001260002869818E7
598;2201;17;1.2001260002869818E7
599;2220;19;1.2001260002869818E7
600;2224;4;1.2001260002869818E7
601;2227;3;1.2001260002869818E7
602;2229;2;1.2001260002869818E7
603;2233;4;1.2001260002869818E7
604;2239;6;1.2001260002869818E7
605;2244;5;1.2001260002869818E7
606;2248;4;1.2001260002869818E7
607;2253;5;1.2001260002869818E7
608;2258;5;1.2001260002869818E7
609;2264;6;1.2001260002869818E7
610;2268;4;1.2001260002869818E7
611;2271;3;1.2001260002869818E7
612;2277;6;1.2001260002869818E7
613;2281;4;1.2001260002869818E7
614;2287;6;1.2001260002869818E7
615;2291;4;1.2001260002869818E7
616;2295;4;1.2001260002869818E7
617;2297;2;1.2001260002869818E7
618;2319;22;1.2001260002869818E7
619;2323;4;1.2001260002869818E7
620;2328;5;1.2001260002869818E7
621;2334;6;1.2001260002869818E7
622;2341;7;1.2001260002869818E7
623;2344;3;1.2001260002869818E7
624;2349;5;1.2001260002869818E7
625;2352;3;1.2001260002869818E7
626;2354;2;1.2001260002869818E7
627;2361;7;1.2001260002869818E7
628;2362;1;1.2001260002869818E7
629;2368;6;1.2001260002869818E7
630;2371;3;1.2001260002869818E7
631;2372;1;1.2001260002869818E7
632;2376;4;1.2001260002869818E7
633;2379;3;1.2001260002869818E7
634;2382;3;1.2001260002869818E7
635;2384;2;1.2001260002869818E7
636;2386;2;1.2001260002869818E7
637;2387;1;1.2001260002869818E7
638;2389;2;1.2001260002869818E7
639;2391;2;1.2001260002869818E7
640;2394;3;1.2001260002869818E7
641;2395;1;1.2001260002869818E7
642;2400;5;1.2001260002869818E7
643;2412;12;1.2001260002869818E7
644;2417;5;1.2001238491965927E7
645;2421;4;1.2001238491965927E7
646;2425;4;1.2001238491965927E7
647;2427;2;1.2001238491965927E7
648;2431;4;1.2001238491965927E7
649;2435;4;1.2001238491965927E7
650;2436;1;1.2001238491965927E7
651;2439;3;1.2001238491965927E7
652;2442;3;1.2001238491965927E7
653;2446;4;1.2001238491965927E7
654;2449;3;1.2001238491965927E7
655;2450;1;1.2001238491965927E7
656;2452;2;1.2001238491965927E7
657;2453;1;1.2001238491965927E7
658;2456;3;1.2001238491965927E7
659;2460;4;1.2001238491965927E7
660;2463;3;1.2001238491965927E7
661;2466;3;1.2001238491965927E7
662;2470;4;1.2001238491965927E7
663;2473;3;1.2001238491965927E7
664;2475;2;1.2001238491965927E7
665;2478;3;1.2001238491965927E7
666;2480;2;1.2001238491965927E7
667;2481;1;1.2001238491965927E7
668;2484;3;1.2001238491965927E7
669;2487;3;1.2001238491965927E7
670;2491;4;1.2001238491965927E7
671;2494;3;1.2001238491965927E7
672;2498;4;1.2001238491965927E7
673;2501;3;1.2001238491965927E7
674;2504;3;1.2001238491965927E7
675;2508;4;1.2001238491965927E7
676;2515;7;1.2001238491965927E7
677;2517;2;1.2001238491965927E7
678;2520;3;1.2001238491965927E7
679;2524;4;1.2001238491965927E7
680;2524;0;1.2001238491965927E7
681;2527;3;1.2001238491965927E7
682;2530;3;1.2001238491965927E7
683;2532;2;1.2001238491965927E7
684;2535;3;1.2001238491965927E7
685;2538;3;1.2001238491965927E7
686;2540;2;1.2001238491965927E7
687;2543;3;1.2001238491965927E7
688;2545;2;1.2001238491965927E7
689;2547;2;1.2001238491965927E7
690;2549;2;1.2001238491965927E7
691;2551;2;1.2001238491965927E7
692;2554;3;1.2001238491965927E7
693;2557;3;1.2001238491965927E7
694;2561;4;1.2001238491965927E7
695;2567;6;1.2001238491965927E7
696;2573;6;1.2001238491965927E7
697;2574;1;1.2001238491965927E7
698;2580;6;1.2001238491965927E7
699;2583;3;1.2001238491965927E7
700;2593;10;1.2001238491965927E7
701;2604;11;1.2001238491965927E7
702;2610;6;1.2001238491965927E7
703;2615;5;1.2001238491965927E7
704;2630;15;1.2001238491965927E7
705;2636;6;1.2001238491965927E7
706;2642;6;1.2001238491965927E7
707;2645;3;1.2001238491965927E7
708;2649;4;1.2001238491965927E7
709;2653;4;1.2001238491965927E7
710;2657;4;1.2001238491965927E7
711;2661;4;1.2001238491965927E7
712;2664;3;1.2001238491965927E7
713;2666;2;1.2001238491965927E7
714;2670;4;1.2001238491965927E7
715;2673;3;1.2001238491965927E7
716;2674;1;1.2001238491965927E7
717;2678;4;1.2001238491965927E7
718;2680;2;1.2001238491965927E7
719;2683;3;1.2001238491965927E7
720;2685;2;1.2001238491965927E7
721;2688;3;1.2001238491965927E7
722;2689;1;1.2001238491965927E7
723;2691;2;1.2001238491965927E7
724;2692;1;1.2001238491965927E7
725;2695;3;1.2001238491965927E7
726;2697;2;1.2001238491965927E7
727;2698;1;1.2001238491965927E7
728;2701;3;1.2001238491965927E7
729;2703;2;1.2001238491965927E7
730;2706;3;1.2001238491965927E7
731;2709;3;1.2001238491965927E7
732;2713;4;1.2001238491965927E7
733;2716;3;1.2001238491965927E7
734;2718;2;1.2001238491965927E7
735;2720;2;1.2001238491965927E7
736;2723;3;1.2001238491965927E7
737;2726;3;1.2001238491965927E7
738;2728;2;1.2001238491965927E7
739;2732;4;1.2001238491965927E7
740;2734;2;1.2001238491965927E7
741;2736;2;1.2001238491965927E7
742;2737;1;1.2001238491965927E7
743;2741;4;1.2001238491965927E7
744;2744;3;1.2001238491965927E7
745;2746;2;1.2001238491965927E7
746;2747;1;1.2001238491965927E7
747;2750;3;1.2001238491965927E7
748;2752;2;1.2001238491965927E7
749;2753;1;1.2001238491965927E7
750;2754;1;1.2001238491965927E7
751;2756;2;1.2001238491965927E7
752;2758;2;1.2001238491965927E7
753;2760;2;1.2001238491965927E7
754;2761;1;1.2001238491965927E7
755;2763;2;1.2001238491965927E7
756;2766;3;1.2001238491965927E7
757;2769;3;1.2001238491965927E7
758;2772;3;1.2001238491965927E7
759;2774;2;1.2001238491965927E7
760;2776;2;1.2001238491965927E7
761;2779;3;1.2001238491965927E7
762;2783;4;1.2001238491965927E7
763;2788;5;1.2001238491965927E7
764;2790;2;1.2001238491965927E7
765;2796;6;1.2001238491965927E7
766;2797;1;1.2001238491965927E7
767;2800;3;1.2001238491965927E7
768;2801;1;1.2001238491965927E7
769;2802;1;1.2001238491965927E7
770;2804;2;1.2001238491965927E7
771;2807;3;1.2001238491965927E7
772;2809;2;1.2001238491965927E7
773;2811;2;1.2001238491965927E7
774;2813;2;1.2001238491965927E7
775;2817;4;1.2001238491965927E7
776;2820;3;1.2001238491965927E7
777;2823;3;1.2001238491965927E7
778;2824;1;1.2001238491965927E7
779;2827;3;1.2001238491965927E7
780;2829;2;1.2001238491965927E7
781;2832;3;1.2001238491965927E7
782;2836;4;1.2001238491965927E7
783;2839;3;1.2001238491965927E7
784;2841;2;1.2001238491965927E7
785;2841;0;1.2001238491965927E7
786;2844;3;1.2001238491965927E7
787;2848;4;1.2001238491965927E7
788;2850;2;1.2001238491965927E7
789;2853;3;1.2001238491965927E7
790;2856;3;1.2001238491965927E7
791;2859;3;1.2001238491965927E7
792;2863;4;1.2001238491965927E7
793;2866;3;1.2001238491965927E7
794;2868;2;1.2001238491965927E7
795;2874;6;1.2001238491965927E7
796;2879;5;1.2001238491965927E7
797;2881;2;1.2001238491965927E7
798;2886;5;1.2001238491965927E7
799;2890;4;1.2001238491965927E7
800;2892;2;1.2001238491965927E7
801;2894;2;1.2001238491965927E7
802;2898;4;1.2001238491965927E7
803;2902;4;1.2001238491965927E7
804;2907;5;1.2001238491965927E7
805;2912;5;1.2001238491965927E7
806;2917;5;1.2001238491965927E7
807;2920;3;1.2001238491965927E7
808;2924;4;1.2001238491965927E7
809;2925;1;1.2001238491965927E7
810;2926;1;1.2001238491965927E7
811;2930;4;1.2001238491965927E7
812;2935;5;1.2001238491965927E7
813;2936;1;1.2001238491965927E7
814;2937;1;1.2001238491965927E7
815;2939;2;1.2001238491965927E7
816;2943;4;1.2001238491965927E7
817;2949;6;1.2001238491965927E7
818;2952;3;1.2001238491965927E7
819;2954;2;1.2001238491965927E7
820;2956;2;1.2001238491965927E7
821;2959;3;1.2001238491965927E7
822;2962;3;1.2001238491965927E7
823;2965;3;1.2001238491965927E7
824;2965;0;1.2001238491965927E7
825;2967;2;1.2001238491965927E7
826;2969;2;1.2001238491965927E7
827;2972;3;1.2001238491965927E7
828;2973;1;1.2001238491965927E7
829;2976;3;1.2001238491965927E7
830;2980;4;1.2001238491965927E7
831;2983;3;1.2001238491965927E7
832;2985;2;1.2001238491965927E7
833;2988;3;1.2001238491965927E7
834;2988;0;1.2001238491965927E7
835;2989;1;1.2001238491965927E7
836;2991;2;1.2001238491965927E7
837;2992;1;1.2001238491965927E7
838;2996;4;1.2001238491965927E7
839;2998;2;1.2001238491965927E7
840;3001;3;1.2001238491965927E7
841;3004;3;1.2001238491965927E7
842;3006;2;1.2001238491965927E7
843;3006;0;1.2001238491965927E7
844;3009;3;1.2001238491965927E7
845;3009;0;1.2001238491965927E7
846;3011;2;1.2001238491965927E7
847;3014;3;1.2001238491965927E7
848;3017;3;1.2001238491965927E7
849;3021;4;1.2001238491965927E7
850;3024;3;1.2001238491965927E7
851;3026;2;1.2001238491965927E7
852;3028;2;1.2001238491965927E7
853;3031;3;1.2001238491965927E7
854;3033;2;1.2001238491965927E7
855;3035;2;1.2001238491965927E7
856;3038;3;1.2001238491965927E7
857;3041;3;1.2001238491965927E7
858;3043;2;1.2001238491965927E7
859;3046;3;1.2001238491965927E7
860;3048;2;1.2001238491965927E7
861;3051;3;1.2001238491965927E7
862;3051;0;1.2001238491965927E7
863;3052;1;1.2001238491965927E7
864;3055;3;1.2001238491965927E7
865;3056;1;1.2001238491965927E7
866;3060;4;1.2001238491965927E7
867;3064;4;1.2001238491965927E7
868;3069;5;1.2001238491965927E7
869;3072;3;1.2001238491965927E7
870;3076;4;1.2001238491965927E7
871;3078;2;1.2001238491965927E7
872;3080;2;1.2001238491965927E7
873;3083;3;1.2001238491965927E7
874;3086;3;1.2001238491965927E7
875;3086;0;1.2001238491965927E7
876;3090;4;1.2001238491965927E7
877;3094;4;1.2001238491965927E7
878;3097;3;1.2001238491965927E7
879;3099;2;1.2001238491965927E7
880;3102;3;1.200123149313697E7
881;3104;2;1.200123149313697E7
882;3106;2;1.200123149313697E7
883;3108;2;1.200123149313697E7
884;3110;2;1.200123149313697E7
885;3112;2;1.200123149313697E7
886;3115;3;1.200123149313697E7
887;3118;3;1.200123149313697E7
888;3122;4;1.200123149313697E7
889;3125;3;1.200123149313697E7
890;3130;5;1.200123149313697E7
891;3132;2;1.200123149313697E7
892;3133;1;1.200123149313697E7
893;3134;1;1.200123149313697E7
894;3135;1;1.200123149313697E7
895;3138;3;1.200123149313697E7
896;3141;3;1.200123149313697E7
897;3143;2;1.200123149313697E7
898;3144;1;1.200123149313697E7
899;3145;1;1.200123149313697E7
900;3147;2;1.200123149313697E7
901;3153;6;1.200123149313697E7
902;3156;3;1.200123149313697E7
903;3157;1;1.200123149313697E7
904;3157;0;1.200123149313697E7
905;3160;3;1.200123149313697E7
906;3162;2;1.200123149313697E7
907;3164;2;1.200123149313697E7
908;3167;3;1.200123149313697E7
909;3173;6;1.200123149313697E7
910;3177;4;1.200123149313697E7
911;3178;1;1.200123149313697E7
912;3181;3;1.200123149313697E7
913;3184;3;1.200123149313697E7
914;3189;5;1.200123149313697E7
915;3194;5;1.200123149313697E7
916;3199;5;1.200123149313697E7
917;3202;3;1.200123149313697E7
918;3206;4;1.200123149313697E7
919;3210;4;1.200123149313697E7
920;3214;4;1.200123149313697E7
921;3215;1;1.200123149313697E7
922;3216;1;1.200123149313697E7
923;3220;4;1.200123149313697E7
924;3224;4;1.200123149313697E7
925;3227;3;1.200123149313697E7
926;3232;5;1.200123149313697E7
927;3235;3;1.200123149313697E7
928;3238;3;1.200123149313697E7
929;3241;3;1.200123149313697E7
930;3243;2;1.200123149313697E7
931;3249;6;1.200123149313697E7
932;3253;4;1.200123149313697E7
933;3254;1;1.200123149313697E7
934;3256;2;1.200123149313697E7
935;3261;5;1.200123149313697E7
936;3267;6;1.200123149313697E7
937;3273;6;1.200123149313697E7
938;3279;6;1.2001225364622317E7
939;3286;7;1.2001225364622317E7
940;3290;4;1.2001225364622317E7
941;3295;5;1.2001225364622317E7
942;3299;4;1.2001225364622317E7
943;3301;2;1.2001225364622317E7
944;3305;4;1.2001225364622317E7
945;3310;5;1.2001225364622317E7
946;3310;0;1.2001225364622317E7
947;3311;1;1.2001225364622317E7
948;3314;3;1.2001225364622317E7
949;3320;6;1.2001225364622317E7
950;3329;9;1.2001225364622317E7
951;3335;6;1.2001225364622317E7
952;3340;5;1.2001225364622317E7
953;3348;8;1.2001225364622317E7
954;3352;4;1.2001225364622317E7
955;3355;3;1.2001225364622317E7
956;3362;7;1.2001225364622317E7
957;3368;6;1.2001225364622317E7
958;3371;3;1.2001225364622317E7
959;3375;4;1.2001225364622317E7
960;3378;3;1.2001225364622317E7
961;3383;5;1.2001225364622317E7
962;3388;5;1.2001225364622317E7
963;3391;3;1.2001225364622317E7
964;3394;3;1.2001225364622317E7
965;3404;10;1.2001225364622317E7
966;3407;3;1.2001225364622317E7
967;3412;5;1.2001225364622317E7
968;3416;4;1.2001225364622317E7
969;3420;4;1.2001225364622317E7
970;3424;4;1.2001225364622317E7
971;3427;3;1.2001225364622317E7
972;3434;7;1.2001225364622317E7
973;3438;4;1.2001225364622317E7
974;3445;7;1.2001225364622317E7
975;3455;10;1.2001225364622317E7
976;3460;5;1.2001225364622317E7
977;3463;3;1.2001225364622317E7
978;3466;3;1.2001225364622317E7
979;3471;5;1.2001225364622317E7
980;3472;1;1.2001225364622317E7
981;3477;5;1.2001225364622317E7
982;3479;2;1.2001225364622317E7
983;3482;3;1.2001225364622317E7
984;3484;2;1.2001225364622317E7
985;3489;5;1.2001225364622317E7
986;3492;3;1.2001225364622317E7
987;3498;6;1.2001225364622317E7
988;3503;5;1.2001225364622317E7
989;3507;4;1.2001225364622317E7
990;3508;1;1.2001225364622317E7
991;3509;1;1.2001225364622317E7
992;3515;6;1.2001225364622317E7
993;3518;3;1.2001225364622317E7
994;3522;4;1.2001225364622317E7
995;3523;1;1.2001225364622317E7
996;3529;6;1.2001225364622317E7
997;3532;3;1.2001225364622317E7
998;3535;3;1.2001225364622317E7
999;3540;5;1.2001225364622317E7
1000;3544;4;1.2001225364622317E7
1001;3547;3;1.2001225364622317E7
1002;3551;4;1.2001225364622317E7
1003;3555;4;1.2001225364622317E7
1004;3558;3;1.2001225364622317E7
1005;3562;4;1.2001225364622317E7
1006;3563;1;1.2001225364622317E7
1007;3565;2;1.2001225364622317E7
1008;3568;3;1.2001225364622317E7
1009;3569;1;1.2001225364622317E7
1010;3572;3;1.2001225364622317E7
1011;3575;3;1.2001225364622317E7
1012;3579;4;1.2001225364622317E7
1013;3583;4;1.2001225364622317E7
1014;3587;4;1.2001225364622317E7
1015;3588;1;1.2001225364622317E7
1016;3591;3;1.2001225364622317E7
1017;3593;2;1.2001225364622317E7
1018;3595;2;1.2001225364622317E7
1019;3599;4;1.2001225364622317E7
1020;3602;3;1.2001225364622317E7
1021;3608;6;1.2001225364622317E7
1022;3614;6;1.2001225364622317E7
1023;3617;3;1.2001225364622317E7
1024;3620;3;1.2001225364622317E7
1025;3626;6;1.2001225364622317E7
1026;3629;3;1.2001225364622317E7
1027;3634;5;1.2001225364622317E7
1028;3638;4;1.2001225364622317E7
1029;3645;7;1.2001225364622317E7
1030;3650;5;1.2001225364622317E7
1031;3656;6;1.2001225364622317E7
1032;3659;3;1.2001225364622317E7
1033;3660;1;1.2001225364622317E7
1034;3664;4;1.2001225364622317E7
1035;3665;1;1.2001225364622317E7
1036;3669;4;1.2001225364622317E7
1037;3674;5;1.2001225364622317E7
1038;3679;5;1.2001225364622317E7
1039;3684;5;1.2001225364622317E7
1040;3687;3;1.2001225364622317E7
1041;3689;2;1.2001225364622317E7
1042;3693;4;1.2001225364622317E7
1043;3694;1;1.2001225364622317E7
1044;3698;4;1.2001225364622317E7
1045;3700;2;1.2001225364622317E7
1046;3703;3;1.2001225364622317E7
1047;3707;4;1.2001225364622317E7
1048;3712;5;1.2001225364622317E7
1049;3715;3;1.2001225364622317E7
1050;3721;6;1.2001225364622317E7
1051;3726;5;1.2001225364622317E7
1052;3730;4;1.2001225364622317E7
1053;3731;1;1.2001225364622317E7
1054;3737;6;1.2001225364622317E7
1055;3742;5;1.2001225364622317E7
1056;3745;3;1.2001225364622317E7
1057;3750;5;1.2001225364622317E7
1058;3750;0;1.2001225364622317E7
1059;3754;4;1.2001225364622317E7
1060;3756;2;1.2001225364622317E7
1061;3760;4;1.2001225364622317E7
1062;3762;2;1.2001225364622317E7
1063;3763;1;1.2001225364622317E7
1064;3766;3;1.2001225364622317E7
1065;3770;4;1.2001225364622317E7
1066;3771;1;1.2001225364622317E7
1067;3775;4;1.2001225364622317E7
1068;3779;4;1.2001225364622317E7
1069;3784;5;1.2001225364622317E7
1070;3787;3;1.2001225364622317E7
1071;3789;2;1.2001225364622317E7
1072;3793;4;1.2001225364622317E7
1073;3796;3;1.2001225364622317E7
1074;3799;3;1.2001225364622317E7
1075;3804;5;1.2001225364622317E7
1076;3809;5;1.2001225364622317E7
1077;3816;7;1.2001225364622317E7
1078;3820;4;1.2001225364622317E7
1079;3822;2;1.2001225364622317E7
1080;3826;4;1.2001225364622317E7
1081;3829;3;1.2001225364622317E7
1082;3831;2;1.2001225364622317E7
1083;3833;2;1.2001225364622317E7
1084;3836;3;1.2001225364622317E7
1085;3839;3;1.2001225364622317E7
1086;3842;3;1.2001225364622317E7
1087;3844;2;1.2001225364622317E7
1088;3846;2;1.2001225364622317E7
1089;3849;3;1.2001225364622317E7
1090;3850;1;1.2001225364622317E7
1091;3853;3;1.2001225364622317E7
1092;3855;2;1.2001225364622317E7
1093;3857;2;1.2001225364622317E7
1094;3859;2;1.2001225364622317E7
1095;3861;2;1.2001225364622317E7
1096;3864;3;1.2001225364622317E7
1097;3867;3;1.2001225364622317E7
1098;3870;3;1.2001225364622317E7
1099;3873;3;1.2001225364622317E7
1100;3876;3;1.2001225364622317E7
1101;3878;2;1.2001225364622317E7
1102;3881;3;1.2001225364622317E7
1103;3884;3;1.2001225364622317E7
1104;3886;2;1.2001225364622317E7
1105;3887;1;1.2001225364622317E7
1106;3889;2;1.2001225364622317E7
1107;3893;4;1.2001225364622317E7
1108;3895;2;1.2001225364622317E7
1109;3897;2;1.2001225364622317E7
1110;3899;2;1.2001225364622317E7
1111;3900;1;1.2001225364622317E7
1112;3902;2;1.2001225364622317E7
1113;3906;4;1.2001225364622317E7
1114;3912;6;1.2001225364622317E7
1115;3914;2;1.2001225364622317E7
1116;3919;5;1.2001225364622317E7
1117;3920;1;1.2001225364622317E7
1118;3923;3;1.2001225364622317E7
1119;3926;3;1.2001225364622317E7
1120;3932;6;1.2001225364622317E7
1121;3935;3;1.2001225364622317E7
1122;3936;1;1.2001225364622317E7
1123;3940;4;1.2001225364622317E7
1124;3946;6;1.2001225364622317E7
1125;3949;3;1.2001225364622317E7
1126;3952;3;1.2001225364622317E7
1127;3954;2;1.2001225364622317E7
1128;3956;2;1.2001225364622317E7
1129;3961;5;1.2001225364622317E7
1130;3961;0;1.2001225364622317E7
1131;3965;4;1.2001225364622317E7
1132;3967;2;1.2001225364622317E7
1133;3970;3;1.2001225364622317E7
1134;3971;1;1.2001225364622317E7
1135;3973;2;1.2001225364622317E7
1136;3976;3;1.2001225364622317E7
1137;3979;3;1.2001225364622317E7
1138;3981;2;1.2001225364622317E7
1139;3982;1;1.2001225364622317E7
1140;3985;3;1.2001225364622317E7
1141;3986;1;1.2001225364622317E7
1142;3989;3;1.2001225364622317E7
1143;3991;2;1.2001225364622317E7
1144;3992;1;1.2001225364622317E7
1145;3992;0;1.2001225364622317E7
1146;3995;3;1.2001225364622317E7
1147;3995;0;1.2001225364622317E7
1148;3997;2;1.2001225364622317E7
1149;4000;3;1.2001225364622317E7
1150;4002;2;1.2001225364622317E7
1151;4003;1;1.2001225364622317E7
1152;4006;3;1.2001225364622317E7
1153;4008;2;1.2001225364622317E7
1154;4010;2;1.2001225364622317E7
1155;4013;3;1.2001225364622317E7
1156;4018;5;1.2001225364622317E7
1157;4023;5;1.2001225364622317E7
1158;4025;2;1.2001225364622317E7
1159;4030;5;1.2001225364622317E7
1160;4035;5;1.2001225364622317E7
1161;4038;3;1.2001225364622317E7
1162;4041;3;1.2001225364622317E7
1163;4046;5;1.2001225364622317E7
1164;4051;5;1.2001225364622317E7
1165;4051;0;1.2001225364622317E7
1166;4052;1;1.2001225364622317E7
1167;4058;6;1.2001225364622317E7
1168;4060;2;1.2001225364622317E7
1169;4063;3;1.2001225364622317E7
1170;4066;3;1.2001225364622317E7
1171;4072;6;1.2001225364622317E7
1172;4078;6;1.2001225364622317E7
1173;4087;9;1.2001225364622317E7
1174;4091;4;1.2001225364622317E7
1175;4097;6;1.2001225364622317E7
1176;4101;4;1.2001225364622317E7
1177;4108;7;1.2001225364622317E7
1178;4110;2;1.2001225364622317E7
1179;4112;2;1.2001225364622317E7
1180;4115;3;1.2001225364622317E7
1181;4121;6;1.2001225364622317E7
1182;4125;4;1.2001225364622317E7
1183;4131;6;1.2001225364622317E7
1184;4135;4;1.2001225364622317E7
1185;4140;5;1.2001225364622317E7
1186;4140;0;1.2001225364622317E7
1187;4146;6;1.2001225364622317E7
1188;4148;2;1.2001225364622317E7
1189;4154;6;1.2001225364622317E7
1190;4157;3;1.2001225364622317E7
1191;4161;4;1.2001225364622317E7
1192;4164;3;1.2001225364622317E7
1193;4176;12;1.2001225364622317E7
1194;4181;5;1.2001225364622317E7
1195;4186;5;1.2001225364622317E7
1196;4189;3;1.2001225364622317E7
1197;4195;6;1.2001225364622317E7
1198;4197;2;1.2001225364622317E7
1199;4226;29;1.2001225364622317E7
1200;4231;5;1.2001225364622317E7
1201;4236;5;1.2001225364622317E7
1202;4240;4;1.2001225364622317E7
1203;4247;7;1.2001225364622317E7
1204;4252;5;1.2001225364622317E7
1205;4258;6;1.2001225364622317E7
1206;4261;3;1.2001225364622317E7
1207;4268;7;1.2001225364622317E7
1208;4272;4;1.2001225364622317E7
1209;4277;5;1.2001225364622317E7
1210;4293;16;1.2001225364622317E7
1211;4298;5;1.2001225364622317E7
1212;4300;2;1.2001225364622317E7
1213;4303;3;1.2001225364622317E7
1214;4313;10;1.2001225364622317E7
1215;4318;5;1.2001225364622317E7
1216;4321;3;1.2001225364622317E7
1217;4323;2;1.2001225364622317E7
1218;4329;6;1.2001225364622317E7
1219;4337;8;1.2001225364622317E7
1220;4344;7;1.2001225364622317E7
1221;4348;4;1.2001225364622317E7
1222;4351;3;1.2001225364622317E7
1223;4354;3;1.2001225364622317E7
1224;4357;3;1.2001225364622317E7
1225;4358;1;1.2001225364622317E7
1226;4362;4;1.2001225364622317E7
1227;4365;3;1.2001225364622317E7
1228;4370;5;1.2001225364622317E7
1229;4373;3;1.2001225364622317E7
1230;4374;1;1.2001225364622317E7
1231;4380;6;1.2001225364622317E7
1232;4386;6;1.2001225364622317E7
1233;4387;1;1.2001225364622317E7
1234;4392;5;1.2001225364622317E7
1235;4395;3;1.2001225364622317E7
1236;4399;4;1.2001225364622317E7
1237;4406;7;1.2001225364622317E7
1238;4407;1;1.2001225364622317E7
1239;4408;1;1.2001225364622317E7
1240;4414;6;1.2001225364622317E7
1241;4417;3;1.2001225364622317E7
1242;4421;4;1.2001225364622317E7
1243;4425;4;1.2001225364622317E7
1244;4434;9;1.2001225364622317E7
1245;4435;1;1.2001225364622317E7
1246;4437;2;1.2001225364622317E7
1247;4438;1;1.2001225364622317E7
1248;4442;4;1.2001225364622317E7
1249;4447;5;1.2001225364622317E7
1250;4450;3;1.2001225364622317E7
1251;4454;4;1.2001225364622317E7
1252;4457;3;1.2001225364622317E7
1253;4462;5;1.2001225364622317E7
1254;4465;3;1.2001225364622317E7
1255;4467;2;1.2001225364622317E7
1256;4468;1;1.2001225364622317E7
1257;4469;1;1.2001225364622317E7
1258;4474;5;1.2001225364622317E7
1259;4478;4;1.2001225364622317E7
1260;4480;2;1.2001225364622317E7
1261;4484;4;1.2001225364622317E7
1262;4488;4;1.2001225364622317E7
1263;4496;8;1.2001225364622317E7
1264;4499;3;1.2001225364622317E7
1265;4500;1;1.2001225364622317E7
1266;4503;3;1.2001225364622317E7
1267;4506;3;1.2001225364622317E7
1268;4509;3;1.2001225364622317E7
1269;4510;1;1.2001225364622317E7
1270;4511;1;1.2001225364622317E7
1271;4514;3;1.2001225364622317E7
1272;4519;5;1.2001225364622317E7
1273;4523;4;1.2001225364622317E7
1274;4524;1;1.2001225364622317E7
1275;4530;6;1.2001225364622317E7
1276;4531;1;1.2001225364622317E7
1277;4536;5;1.2001225364622317E7
1278;4542;6;1.2001225364622317E7
1279;4547;5;1.2001225364622317E7
1280;4552;5;1.2001225364622317E7
1281;4553;1;1.2001225364622317E7
1282;4554;1;1.2001225364622317E7
1283;4560;6;1.2001225364622317E7
1284;4565;5;1.2001225364622317E7
1285;4568;3;1.2001225364622317E7
1286;4572;4;1.2001225364622317E7
1287;4574;2;1.2001225364622317E7
1288;4578;4;1.2001225364622317E7
1289;4581;3;1.2001225364622317E7
1290;4584;3;1.2001225364622317E7
1291;4590;6;1.2001225364622317E7
1292;4598;8;1.2001225364622317E7
1293;4600;2;1.2001225364622317E7
1294;4602;2;1.2001225364622317E7
1295;4606;4;1.2001225364622317E7
1296;4607;1;1.2001225364622317E7
1297;4610;3;1.2001225364622317E7
1298;4614;4;1.2001225364622317E7
1299;4619;5;1.2001225364622317E7
1300;4624;5;1.2001225364622317E7
1301;4627;3;1.2001225364622317E7
1302;4631;4;1.2001225364622317E7
1303;4633;2;1.2001225364622317E7
1304;4636;3;1.2001225364622317E7
1305;4641;5;1.2001225364622317E7
1306;4644;3;1.2001225364622317E7
1307;4646;2;1.2001225364622317E7
1308;4648;2;1.2001225364622317E7
1309;4652;4;1.2001225364622317E7
1310;4656;4;1.2001225364622317E7
1311;4661;5;1.2001225364622317E7
1312;4664;3;1.2001225364622317E7
1313;4669;5;1.2001225364622317E7
1314;4670;1;1.2001225364622317E7
1315;4670;0;1.2001225364622317E7
1316;4673;3;1.2001225364622317E7
1317;4674;1;1.2001225364622317E7
1318;4675;1;1.2001225364622317E7
1319;4676;1;1.2001225364622317E7
1320;4677;1;1.2001225364622317E7
1321;4679;2;1.2001225364622317E7
1322;4681;2;1.2001225364622317E7
1323;4685;4;1.2001225364622317E7
1324;4687;2;1.2001225364622317E7
1325;4689;2;1.2001225364622317E7
1326;4691;2;1.2001225364622317E7
1327;4694;3;1.2001225364622317E7
1328;4697;3;1.2001225364622317E7
1329;4700;3;1.2001225364622317E7
1330;4701;1;1.2001225364622317E7
1331;4704;3;1.2001225364622317E7
1332;4706;2;1.2001225364622317E7
1333;4708;2;1.2001225364622317E7
1334;4711;3;1.2001225364622317E7
1335;4713;2;1.2001225364622317E7
1336;4715;2;1.2001225364622317E7
1337;4718;3;1.2001225364622317E7
1338;4721;3;1.2001225364622317E7
1339;4724;3;1.2001225364622317E7
1340;4727;3;1.2001225364622317E7
1341;4729;2;1.2001225364622317E7
1342;4731;2;1.2001225364622317E7
1343;4735;4;1.2001200867840417E7
1344;4737;2;1.2001124309220877E7
1345;4739;2;1.1001201749054575E7
1346;4739;0;1.1001201749054575E7
1347;4743;4;1.1001201749054575E7
1348;4745;2;1.100118114253932E7
1349;4747;2;1.100118114253932E7
1350;4750;3;1.100118114253932E7
1351;4751;1;1.100118114253932E7
1352;4753;2;1.100118114253932E7
1353;4756;3;1.100118114253932E7
1354;4758;2;1.100118114253932E7
1355;4761;3;1.100118114253932E7
1356;4765;4;1.100118114253932E7
1357;4767;2;1.100118114253932E7
1358;4768;1;1.100118114253932E7
1359;4772;4;1.100118114253932E7
1360;4773;1;1.100118114253932E7
1361;4776;3;1.100118114253932E7
1362;4776;0;1.100118114253932E7
1363;4779;3;1.100118114253932E7
1364;4781;2;1.100118114253932E7
1365;4783;2;1.100118114253932E7
1366;4785;2;1.100118114253932E7
1367;4787;2;1.100118114253932E7
1368;4789;2;1.100118114253932E7
1369;4791;2;1.100118114253932E7
1370;4793;2;1.100118114253932E7
1371;4796;3;1.100118114253932E7
1372;4798;2;1.100118114253932E7
1373;4801;3;1.100118114253932E7
1374;4802;1;1.100118114253932E7
1375;4803;1;1.100118114253932E7
1376;4804;1;1.100118114253932E7
1377;4806;2;1.100118114253932E7
1378;4808;2;1.100118114253932E7
1379;4811;3;1.100118114253932E7
1380;4811;0;1.100118114253932E7
1381;4814;3;1.100118114253932E7
1382;4815;1;1.100118114253932E7
1383;4816;1;1.100118114253932E7
1384;4819;3;1.100118114253932E7
1385;4822;3;1.100118114253932E7
1386;4825;3;1.100118114253932E7
1387;4826;1;1.100118114253932E7
1388;4828;2;1.100118114253932E7
1389;4830;2;1.100118114253932E7
1390;4830;0;1.100118114253932E7
1391;4832;2;1.100118114253932E7
1392;4835;3;1.100118114253932E7
1393;4836;1;1.100118114253932E7
1394;4837;1;1.100118114253932E7
1395;4840;3;1.100118114253932E7
1396;4841;1;1.100118114253932E7
1397;4842;1;1.100118114253932E7
1398;4844;2;1.100118114253932E7
1399;4847;3;1.100118114253932E7
1400;4849;2;1.100118114253932E7
1401;4852;3;1.100118114253932E7
1402;4853;1;1.100118114253932E7
1403;4855;2;1.100118114253932E7
1404;4857;2;1.100118114253932E7
1405;4859;2;1.100118114253932E7
1406;4860;1;1.100118114253932E7
1407;4863;3;1.100118114253932E7
1408;4864;1;1.100118114253932E7
1409;4866;2;1.100118114253932E7
1410;4868;2;1.100118114253932E7
1411;4870;2;1.100118114253932E7
1412;4872;2;1.100118114253932E7
1413;4874;2;1.100118114253932E7
1414;4875;1;1.100118114253932E7
1415;4876;1;1.100118114253932E7
1416;4879;3;1.100118114253932E7
1417;4883;4;1.100118114253932E7
1418;4885;2;1.100118114253932E7
1419;4887;2;1.100118114253932E7
1420;4889;2;1.100118114253932E7
1421;4893;4;1.100118114253932E7
1422;4896;3;1.100118114253932E7
1423;4898;2;1.100118114253932E7
1424;4900;2;1.100118114253932E7
1425;4903;3;1.100118114253932E7
1426;4904;1;1.100118114253932E7
1427;4905;1;1.100118114253932E7
1428;4907;2;1.100118114253932E7
1429;4907;0;1.100118114253932E7
1430;4910;3;1.100118114253932E7
1431;4913;3;1.100118114253932E7
1432;4914;1;1.100118114253932E7
1433;4917;3;1.100118114253932E7
1434;4919;2;1.100118114253932E7
1435;4920;1;1.100118114253932E7
1436;4922;2;1.100118114253932E7
1437;4925;3;1.100118114253932E7
1438;4930;5;1.100118114253932E7
1439;4932;2;1.100118114253932E7
1440;4935;3;1.100118114253932E7
1441;4941;6;1.100118114253932E7
1442;4944;3;1.100118114253932E7
1443;4947;3;1.100118114253932E7
1444;4951;4;1.100118114253932E7
1445;4954;3;1.100118114253932E7
1446;4956;2;1.100118114253932E7
1447;4958;2;1.100118114253932E7
1448;4961;3;1.100118114253932E7
1449;4963;2;1.100118114253932E7
1450;4966;3;1.100118114253932E7
1451;4970;4;1.100118114253932E7
1452;4973;3;1.100118114253932E7
1453;4975;2;1.100118114253932E7
1454;4976;1;1.100118114253932E7
1455;4977;1;1.100118114253932E7
1456;4981;4;1.100118114253932E7
1457;4983;2;1.100118114253932E7
1458;4983;0;1.100118114253932E7
1459;4985;2;1.100118114253932E7
1460;4987;2;1.100118114253932E7
1461;4989;2;1.100118114253932E7
1462;4992;3;1.100118114253932E7
1463;4994;2;1.100118114253932E7
1464;4997;3;1.100118114253932E7
1465;4999;2;1.100118114253932E7
1466;5000;1;1.100118114253932E7
1467;5003;3;1.100118114253932E7
1468;5005;2;1.100118114253932E7
1469;5006;1;1.100118114253932E7
1470;5010;4;1.100118114253932E7
1471;5011;1;1.100118114253932E7
1472;5012;1;1.100118114253932E7
1473;5015;3;1.100118114253932E7
1474;5017;2;1.100118114253932E7
1475;5019;2;1.100118114253932E7
1476;5021;2;1.100118114253932E7
1477;5023;2;1.100118114253932E7
1478;5024;1;1.100118114253932E7
1479;5029;5;1.100118114253932E7
1480;5029;0;1.100118114253932E7
1481;5032;3;1.100118114253932E7
1482;5035;3;1.100118114253932E7
1483;5037;2;1.100118114253932E7
1484;5039;2;1.100118114253932E7
1485;5041;2;1.100118114253932E7
1486;5042;1;1.100118114253932E7
1487;5045;3;1.100118114253932E7
1488;5048;3;1.100118114253932E7
1489;5051;3;1.100118114253932E7
1490;5054;3;1.100118114253932E7
1491;5057;3;1.100118114253932E7
1492;5060;3;1.100118114253932E7
1493;5063;3;1.100118114253932E7
1494;5065;2;1.100118114253932E7
1495;5067;2;1.100118114253932E7
1496;5070;3;1.100118114253932E7
1497;5072;2;1.100118114253932E7
1498;5075;3;1.100118114253932E7
1499;5077;2;1.100118114253932E7
1500;5079;2;1.100118114253932E7
1501;5081;2;1.100118114253932E7
1502;5083;2;1.100118114253932E7
1503;5087;4;1.100118114253932E7
1504;5090;3;1.100118114253932E7
1505;5092;2;1.100118114253932E7
1506;5096;4;1.100118114253932E7
1507;5097;1;1.100118114253932E7
1508;5099;2;1.100118114253932E7
1509;5102;3;1.100118114253932E7
1510;5105;3;1.100118114253932E7
1511;5106;1;1.100118114253932E7
1512;5109;3;1.100118114253932E7
1513;5111;2;1.100118114253932E7
1514;5112;1;1.100118114253932E7
1515;5116;4;1.100118114253932E7
1516;5118;2;1.100118114253932E7
1517;5121;3;1.100118114253932E7
1518;5123;2;1.100118114253932E7
1519;5126;3;1.100118114253932E7
1520;5128;2;1.100118114253932E7
1521;5132;4;1.100118114253932E7
1522;5132;0;1.100118114253932E7
1523;5135;3;1.100118114253932E7
1524;5137;2;1.100118114253932E7
1525;5140;3;1.100118114253932E7
1526;5142;2;1.100118114253932E7
1527;5144;2;1.100118114253932E7
1528;5145;1;1.100118114253932E7
1529;5149;4;1.100118114253932E7
1530;5153;4;1.100118114253932E7
1531;5155;2;1.100118114253932E7
1532;5157;2;1.100118114253932E7
1533;5159;2;1.100118114253932E7
1534;5160;1;1.100118114253932E7
1535;5161;1;1.100118114253932E7
1536;5164;3;1.100118114253932E7
1537;5167;3;1.100118114253932E7
1538;5170;3;1.100118114253932E7
1539;5172;2;1.100118114253932E7
1540;5172;0;1.100118114253932E7
1541;5174;2;1.100118114253932E7
1542;5176;2;1.100118114253932E7
1543;5176;0;1.100118114253932E7
1544;5178;2;1.100118114253932E7
1545;5179;1;1.100118114253932E7
1546;5180;1;1.100118114253932E7
1547;5181;1;1.100118114253932E7
1548;5183;2;1.100118114253932E7
1549;5185;2;1.100118114253932E7
1550;5188;3;1.100118114253932E7
1551;5188;0;1.100118114253932E7
1552;5189;1;1.100118114253932E7
1553;5191;2;1.100118114253932E7
1554;5192;1;1.100118114253932E7
1555;5193;1;1.100118114253932E7
1556;5195;2;1.100118114253932E7
1557;5198;3;1.100118114253932E7
1558;5202;4;1.100118114253932E7
1559;5207;5;1.100118114253932E7
1560;5214;7;1.100118114253932E7
1561;5216;2;1.100118114253932E7
1562;5220;4;1.100118114253932E7
1563;5222;2;1.100118114253932E7
1564;5224;2;1.100118114253932E7
1565;5227;3;1.100118114253932E7
1566;5229;2;1.100118114253932E7
1567;5230;1;1.100118114253932E7
1568;5233;3;1.100118114253932E7
1569;5233;0;1.100118114253932E7
1570;5236;3;1.100118114253932E7
1571;5238;2;1.100118114253932E7
1572;5241;3;1.100118114253932E7
1573;5242;1;1.100118114253932E7
1574;5245;3;1.100118114253932E7
1575;5247;2;1.100118114253932E7
1576;5250;3;1.100118114253932E7
1577;5253;3;1.100118114253932E7
1578;5255;2;1.100118114253932E7
1579;5258;3;1.100118114253932E7
1580;5259;1;1.100118114253932E7
1581;5261;2;1.100118114253932E7
1582;5263;2;1.100118114253932E7
1583;5266;3;1.100118114253932E7
1584;5269;3;1.100118114253932E7
1585;5271;2;1.100118114253932E7
1586;5275;4;1.100118114253932E7
1587;5276;1;1.100118114253932E7
1588;5277;1;1.100118114253932E7
1589;5280;3;1.100118114253932E7
1590;5281;1;1.100118114253932E7
1591;5283;2;1.100118114253932E7
1592;5285;2;1.100118114253932E7
1593;5288;3;1.100118114253932E7
1594;5289;1;1.100118114253932E7
1595;5292;3;1.100118114253932E7
1596;5294;2;1.100118114253932E7
1597;5296;2;1.100118114253932E7
1598;5299;3;1.100118114253932E7
1599;5302;3;1.100118114253932E7
1600;5306;4;1.100118114253932E7
1601;5310;4;1.100118114253932E7
1602;5315;5;1.100118114253932E7
1603;5317;2;1.100118114253932E7
1604;5318;1;1.100118114253932E7
1605;5320;2;1.100118114253932E7
1606;5323;3;1.100118114253932E7
1607;5323;0;1.100118114253932E7
1608;5325;2;1.100118114253932E7
1609;5327;2;1.100118114253932E7
1610;5330;3;1.100118114253932E7
1611;5333;3;1.100118114253932E7
1612;5336;3;1.100118114253932E7
1613;5337;1;1.100118114253932E7
1614;5339;2;1.100118114253932E7
1615;5342;3;1.100118114253932E7
1616;5343;1;1.100118114253932E7
1617;5347;4;1.100118114253932E7
1618;5349;2;1.100118114253932E7
1619;5353;4;1.100118114253932E7
1620;5353;0;1.100118114253932E7
1621;5357;4;1.100118114253932E7
1622;5357;0;1.100118114253932E7
1623;5359;2;1.100118114253932E7
1624;5363;4;1.100118114253932E7
1625;5365;2;1.100118114253932E7
1626;5366;1;1.100118114253932E7
1627;5368;2;1.100118114253932E7
1628;5371;3;1.100118114253932E7
1629;5372;1;1.100118114253932E7
1630;5374;2;1.100118114253932E7
1631;5376;2;1.100118114253932E7
1632;5377;1;1.100118114253932E7
1633;5378;1;1.100118114253932E7
1634;5380;2;1.100118114253932E7
1635;5382;2;1.100118114253932E7
1636;5385;3;1.100118114253932E7
1637;5386;1;1.100118114253932E7
1638;5391;5;1.100118114253932E7
1639;5391;0;1.100118114253932E7
1640;5394;3;1.100118114253932E7
1641;5397;3;1.100118114253932E7
1642;5398;1;1.100118114253932E7
1643;5400;2;1.100118114253932E7
1644;5412;12;1.100118114253932E7
1645;5417;5;1.100118114253932E7
1646;5421;4;1.100118114253932E7
1647;5425;4;1.100118114253932E7
1648;5429;4;1.100118114253932E7
1649;5430;1;1.100118114253932E7
1650;5433;3;1.100118114253932E7
1651;5438;5;1.100118114253932E7
1652;5440;2;1.100118114253932E7
1653;5446;6;1.100118114253932E7
1654;5449;3;1.100118114253932E7
1655;5451;2;1.100118114253932E7
1656;5453;2;1.100118114253932E7
1657;5455;2;1.100118114253932E7
1658;5457;2;1.100118114253932E7
1659;5461;4;1.100118114253932E7
1660;5464;3;1.100118114253932E7
1661;5466;2;1.100118114253932E7
1662;5467;1;1.100118114253932E7
1663;5469;2;1.100118114253932E7
1664;5471;2;1.100118114253932E7
1665;5472;1;1.100118114253932E7
1666;5474;2;1.100118114253932E7
1667;5477;3;1.100118114253932E7
1668;5479;2;1.100118114253932E7
1669;5479;0;1.100118114253932E7
1670;5482;3;1.100118114253932E7
1671;5486;4;1.100118114253932E7
1672;5488;2;1.100118114253932E7
1673;5489;1;1.100118114253932E7
1674;5490;1;1.100118114253932E7
1675;5497;7;1.100118114253932E7
1676;5498;1;1.100118114253932E7
1677;5502;4;1.100118114253932E7
1678;5507;5;1.100118114253932E7
1679;5511;4;1.100118114253932E7
1680;5515;4;1.100118114253932E7
1681;5518;3;1.100118114253932E7
1682;5521;3;1.100118114253932E7
1683;5523;2;1.100118114253932E7
1684;5525;2;1.100118114253932E7
1685;5527;2;1.100118114253932E7
1686;5529;2;1.100118114253932E7
1687;5530;1;1.100118114253932E7
1688;5533;3;1.100118114253932E7
1689;5535;2;1.100118114253932E7
1690;5536;1;1.100118114253932E7
1691;5537;1;1.100118114253932E7
1692;5539;2;1.100118114253932E7
1693;5542;3;1.100118114253932E7
1694;5545;3;1.100118114253932E7
1695;5547;2;1.100118114253932E7
1696;5549;2;1.100118114253932E7
1697;5551;2;1.100118114253932E7
1698;5552;1;1.100118114253932E7
1699;5555;3;1.100118114253932E7
1700;5557;2;1.100118114253932E7
1701;5561;4;1.100118114253932E7
1702;5565;4;1.100118114253932E7
1703;5566;1;1.100118114253932E7
1704;5568;2;1.100118114253932E7
1705;5570;2;1.100118114253932E7
1706;5571;1;1.100118114253932E7
1707;5574;3;1.100118114253932E7
1708;5576;2;1.100118114253932E7
1709;5577;1;1.100118114253932E7
1710;5579;2;1.100118114253932E7
1711;5583;4;1.100118114253932E7
1712;5585;2;1.100118114253932E7
1713;5589;4;1.100118114253932E7
1714;5592;3;1.100118114253932E7
1715;5595;3;1.100118114253932E7
1716;5597;2;1.100118114253932E7
1717;5599;2;1.100118114253932E7
1718;5599;0;1.100118114253932E7
1719;5605;6;1.100118114253932E7
1720;5611;6;1.100118114253932E7
1721;5614;3;1.100118114253932E7
1722;5616;2;1.100118114253932E7
1723;5618;2;1.100118114253932E7
1724;5620;2;1.100118114253932E7
1725;5623;3;1.100118114253932E7
1726;5625;2;1.100118114253932E7
1727;5629;4;1.100118114253932E7
1728;5632;3;1.100118114253932E7
1729;5632;0;1.100118114253932E7
1730;5633;1;1.100118114253932E7
1731;5634;1;1.100118114253932E7
1732;5635;1;1.100118114253932E7
1733;5638;3;1.100118114253932E7
1734;5641;3;1.100118114253932E7
1735;5645;4;1.100118114253932E7
1736;5645;0;1.100118114253932E7
1737;5647;2;1.100118114253932E7
1738;5650;3;1.100118114253932E7
1739;5652;2;1.100118114253932E7
1740;5655;3;1.100118114253932E7
1741;5658;3;1.100118114253932E7
1742;5660;2;1.100118114253932E7
1743;5663;3;1.100118114253932E7
1744;5665;2;1.100118114253932E7
1745;5669;4;1.100118114253932E7
1746;5672;3;1.100118114253932E7
1747;5675;3;1.100118114253932E7
1748;5679;4;1.100118114253932E7
1749;5681;2;1.100118114253932E7
1750;5684;3;1.100118114253932E7
1751;5687;3;1.100118114253932E7
1752;5689;2;1.100118114253932E7
1753;5690;1;1.100118114253932E7
1754;5693;3;1.1001172280349009E7
1755;5696;3;1.1001172280349009E7
1756;5700;4;1.1001172280349009E7
1757;5703;3;1.1001172280349009E7
1758;5705;2;1.1001172280349009E7
1759;5709;4;1.1001171135952927E7
1760;5715;6;1.1001171135952927E7
1761;5716;1;1.1001171135952927E7
1762;5718;2;1.1001171135952927E7
1763;5724;6;1.1001169692679312E7
1764;5730;6;1.1001169692679312E7
1765;5733;3;1.1001169692679312E7
1766;5737;4;1.1001169692679312E7
1767;5741;4;1.1001169692679312E7
1768;5746;5;1.1001169692679312E7
1769;5749;3;1.1001169692679312E7
1770;5753;4;1.1001169692679312E7
1771;5758;5;1.1001169692679312E7
1772;5764;6;1.1001169692679312E7
1773;5767;3;1.1001169692679312E7
1774;5767;0;1.1001169692679312E7
1775;5771;4;1.1001169692679312E7
1776;5774;3;1.1001169692679312E7
1777;5779;5;1.1001169692679312E7
1778;5781;2;1.1001169692679312E7
1779;5785;4;1.1001169692679312E7
1780;5790;5;1.1001169692679312E7
1781;5792;2;1.1001169692679312E7
1782;5795;3;1.1001169692679312E7
1783;5799;4;1.1001169692679312E7
1784;5803;4;1.1001169692679312E7
1785;5804;1;1.1001169692679312E7
1786;5807;3;1.1001169692679312E7
1787;5812;5;1.1001169692679312E7
1788;5816;4;1.1001169692679312E7
1789;5820;4;1.1001169692679312E7
1790;5823;3;1.1001169692679312E7
1791;5823;0;1.1001169692679312E7
1792;5826;3;1.1001169692679312E7
1793;5827;1;1.1001169692679312E7
1794;5830;3;1.1001169692679312E7
1795;5832;2;1.1001169692679312E7
1796;5832;0;1.1001169692679312E7
1797;5835;3;1.1001169692679312E7
1798;5835;0;1.1001169692679312E7
1799;5836;1;1.1001169692679312E7
1800;5838;2;1.1001169692679312E7
1801;5840;2;1.1001169692679312E7
1802;5840;0;1.1001169692679312E7
1803;5841;1;1.1001169692679312E7
1804;5844;3;1.1001169692679312E7
1805;5846;2;1.1001169692679312E7
1806;5850;4;1.1001169692679312E7
1807;5852;2;1.1001169692679312E7
1808;5858;6;1.1001169692679312E7
1809;5860;2;1.1001169692679312E7
1810;5863;3;1.1001169692679312E7
1811;5866;3;1.1001169692679312E7
1812;5869;3;1.1001169692679312E7
1813;5871;2;1.1001169692679312E7
1814;5872;1;1.1001169692679312E7
1815;5874;2;1.1001169692679312E7
1816;5875;1;1.1001169692679312E7
1817;5876;1;1.1001169692679312E7
1818;5879;3;1.1001169692679312E7
1819;5881;2;1.1001169692679312E7
1820;5883;2;1.1001169692679312E7
1821;5886;3;1.1001169692679312E7
1822;5888;2;1.1001169692679312E7
1823;5893;5;1.1001169692679312E7
1824;5897;4;1.1001169692679312E7
1825;5900;3;1.1001169692679312E7
1826;5904;4;1.1001169692679312E7
1827;5909;5;1.1001169692679312E7
1828;5912;3;1.1001169692679312E7
1829;5917;5;1.1001169692679312E7
1830;5918;1;1.1001169692679312E7
1831;5923;5;1.1001169692679312E7
1832;5926;3;1.1001169692679312E7
1833;5929;3;1.1001169692679312E7
1834;5932;3;1.1001169692679312E7
1835;5933;1;1.1001169692679312E7
1836;5935;2;1.1001169692679312E7
1837;5938;3;1.1001169692679312E7
1838;5941;3;1.1001169692679312E7
1839;5942;1;1.1001169692679312E7
1840;5944;2;1.1001169692679312E7
1841;5947;3;1.1001169692679312E7
1842;5949;2;1.1001169692679312E7
1843;5950;1;1.1001169692679312E7
1844;5953;3;1.1001169692679312E7
1845;5958;5;1.1001169692679312E7
1846;5960;2;1.1001169692679312E7
1847;5962;2;1.1001169692679312E7
1848;5964;2;1.1001169692679312E7
1849;5967;3;1.1001169692679312E7
1850;5970;3;1.1001169692679312E7
1851;5972;2;1.1001169692679312E7
1852;5974;2;1.1001169692679312E7
1853;5977;3;1.1001169692679312E7
1854;5979;2;1.1001169692679312E7
1855;5981;2;1.1001169692679312E7
1856;5983;2;1.1001169692679312E7
1857;5984;1;1.1001169692679312E7
1858;5986;2;1.1001169692679312E7
1859;5989;3;1.1001169692679312E7
1860;5991;2;1.1001169692679312E7
1861;5993;2;1.1001169692679312E7
1862;5996;3;1.1001169692679312E7
1863;5998;2;1.1001169692679312E7
1864;5999;1;1.1001169692679312E7
1865;6001;2;1.1001169692679312E7
1866;6004;3;1.1001169692679312E7
1867;6005;1;1.1001169692679312E7
1868;6007;2;1.1001169692679312E7
1869;6011;4;1.1001169692679312E7
1870;6014;3;1.1001169692679312E7
1871;6017;3;1.1001169692679312E7
1872;6020;3;1.1001169692679312E7
1873;6022;2;1.1001169692679312E7
1874;6024;2;1.1001169692679312E7
1875;6026;2;1.1001169692679312E7
1876;6027;1;1.1001169692679312E7
1877;6031;4;1.1001169692679312E7
1878;6031;0;1.1001169692679312E7
1879;6033;2;1.1001169692679312E7
1880;6035;2;1.1001169692679312E7
1881;6036;1;1.1001169692679312E7
1882;6038;2;1.1001169692679312E7
1883;6041;3;1.1001169692679312E7
1884;6042;1;1.1001169692679312E7
1885;6045;3;1.1001169692679312E7
1886;6046;1;1.1001169692679312E7
1887;6049;3;1.1001169692679312E7
1888;6051;2;1.1001169692679312E7
1889;6053;2;1.1001169692679312E7
1890;6056;3;1.1001169692679312E7
1891;6057;1;1.1001169692679312E7
1892;6059;2;1.1001169692679312E7
1893;6061;2;1.1001169692679312E7
1894;6064;3;1.1001169692679312E7
1895;6066;2;1.1001169692679312E7
1896;6068;2;1.1001169692679312E7
1897;6069;1;1.1001169692679312E7
1898;6073;4;1.1001169692679312E7
1899;6074;1;1.1001169692679312E7
1900;6077;3;1.1001169692679312E7
1901;6080;3;1.1001169692679312E7
1902;6083;3;1.1001169692679312E7
1903;6085;2;1.1001169692679312E7
1904;6088;3;1.1001169692679312E7
1905;6088;0;1.1001169692679312E7
1906;6090;2;1.1001169692679312E7
1907;6092;2;1.1001169692679312E7
1908;6095;3;1.1001169692679312E7
1909;6098;3;1.1001169692679312E7
1910;6101;3;1.1001169692679312E7
1911;6102;1;1.1001169692679312E7
1912;6105;3;1.1001169692679312E7
1913;6106;1;1.1001169692679312E7
1914;6119;13;1.1001169692679312E7
1915;6121;2;1.1001169692679312E7
1916;6123;2;1.1001169692679312E7
1917;6126;3;1.1001169692679312E7
1918;6126;0;1.1001169692679312E7
1919;6127;1;1.1001169692679312E7
1920;6130;3;1.1001169692679312E7
1921;6131;1;1.1001169692679312E7
1922;6134;3;1.1001169692679312E7
1923;6135;1;1.1001169692679312E7
1924;6138;3;1.1001169692679312E7
1925;6141;3;1.1001169692679312E7
1926;6142;1;1.1001169692679312E7
1927;6144;2;1.1001169692679312E7
1928;6145;1;1.1001169692679312E7
1929;6148;3;1.1001169692679312E7
1930;6151;3;1.1001169692679312E7
1931;6152;1;1.1001169692679312E7
1932;6155;3;1.1001169692679312E7
1933;6157;2;1.1001169692679312E7
1934;6158;1;1.1001169692679312E7
1935;6158;0;1.1001169692679312E7
1936;6161;3;1.1001169692679312E7
1937;6164;3;1.1001169692679312E7
1938;6165;1;1.1001169692679312E7
1939;6166;1;1.1001169692679312E7
1940;6166;0;1.1001169692679312E7
1941;6167;1;1.1001169692679312E7
1942;6169;2;1.1001169692679312E7
1943;6171;2;1.1001169692679312E7
1944;6172;1;1.1001169692679312E7
1945;6174;2;1.1001169692679312E7
1946;6178;4;1.1001169692679312E7
1947;6180;2;1.1001169692679312E7
1948;6183;3;1.1001169692679312E7
1949;6184;1;1.1001169692679312E7
1950;6186;2;1.1001169692679312E7
1951;6188;2;1.1001169692679312E7
1952;6189;1;1.1001169692679312E7
1953;6191;2;1.1001169692679312E7
1954;6192;1;1.1001169692679312E7
1955;6196;4;1.1001169692679312E7
1956;6198;2;1.1001169692679312E7
1957;6203;5;1.1001169692679312E7
1958;6206;3;1.1001169692679312E7
1959;6208;2;1.1001169692679312E7
1960;6214;6;1.1001169692679312E7
1961;6219;5;1.1001169692679312E7
1962;6225;6;1.1001169692679312E7
1963;6230;5;1.1001169692679312E7
1964;6232;2;1.1001169692679312E7
1965;6235;3;1.1001169692679312E7
1966;6237;2;1.1001169692679312E7
1967;6241;4;1.1001169692679312E7
1968;6248;7;1.1001169692679312E7
1969;6252;4;1.1001169692679312E7
1970;6253;1;1.1001169692679312E7
1971;6256;3;1.1001169692679312E7
1972;6259;3;1.1001169692679312E7
1973;6265;6;1.1001169692679312E7
1974;6267;2;1.1001169692679312E7
1975;6272;5;1.1001169692679312E7
1976;6279;7;1.1001169692679312E7
1977;6282;3;1.1001169692679312E7
1978;6286;4;1.1001169692679312E7
1979;6291;5;1.1001169692679312E7
1980;6296;5;1.1001169692679312E7
1981;6298;2;1.1001169692679312E7
1982;6302;4;1.1001169692679312E7
1983;6304;2;1.1001169692679312E7
1984;6305;1;1.1001169692679312E7
1985;6306;1;1.1001169692679312E7
1986;6307;1;1.1001169692679312E7
1987;6312;5;1.1001169692679312E7
1988;6315;3;1.1001169692679312E7
1989;6319;4;1.1001169692679312E7
1990;6324;5;1.1001169692679312E7
1991;6330;6;1.1001169692679312E7
1992;6333;3;1.1001169692679312E7
1993;6336;3;1.1001169692679312E7
1994;6338;2;1.1001169692679312E7
1995;6340;2;1.1001169692679312E7
1996;6342;2;1.1001169692679312E7
1997;6344;2;1.1001169692679312E7
1998;6348;4;1.1001169692679312E7
1999;6348;0;1.1001169692679312E7
2000;6350;2;1.1001169692679312E7
2001;6353;3;1.1001169692679312E7
2002;6356;3;1.1001169692679312E7
2003;6359;3;1.1001169692679312E7
2004;6363;4;1.1001169692679312E7
2005;6364;1;1.1001169692679312E7
2006;6367;3;1.1001169692679312E7
2007;6369;2;1.1001169692679312E7
2008;6373;4;1.1001169692679312E7
2009;6375;2;1.1001169692679312E7
2010;6377;2;1.1001169692679312E7
2011;6379;2;1.1001169692679312E7
2012;6381;2;1.1001169692679312E7
2013;6382;1;1.1001169692679312E7
2014;6383;1;1.1001169692679312E7
2015;6385;2;1.1001169692679312E7
2016;6387;2;1.1001169692679312E7
2017;6390;3;1.1001169692679312E7
2018;6391;1;1.1001169692679312E7
2019;6395;4;1.1001169692679312E7
2020;6396;1;1.1001169692679312E7
2021;6398;2;1.1001169692679312E7
2022;6401;3;1.1001169692679312E7
2023;6403;2;1.1001169692679312E7
2024;6407;4;1.1001169692679312E7
2025;6410;3;1.1001169692679312E7
2026;6412;2;1.1001169692679312E7
2027;6415;3;1.1001169692679312E7
2028;6415;0;1.1001169692679312E7
2029;6417;2;1.1001169692679312E7
2030;6419;2;1.1001169692679312E7
2031;6420;1;1.1001169692679312E7
2032;6423;3;1.1001169692679312E7
2033;6425;2;1.1001169692679312E7
2034;6428;3;1.1001169692679312E7
2035;6430;2;1.1001169692679312E7
2036;6433;3;1.1001169692679312E7
2037;6436;3;1.1001169692679312E7
2038;6438;2;1.1001169692679312E7
2039;6441;3;1.1001169692679312E7
2040;6443;2;1.1001169692679312E7
2041;6445;2;1.1001169692679312E7
2042;6448;3;1.1001169692679312E7
2043;6449;1;1.1001169692679312E7
2044;6450;1;1.1001169692679312E7
2045;6453;3;1.1001169692679312E7
2046;6455;2;1.1001169692679312E7
2047;6458;3;1.1001169692679312E7
2048;6460;2;1.1001169692679312E7
2049;6460;0;1.1001169692679312E7
2050;6462;2;1.1001169692679312E7
2051;6464;2;1.1001169692679312E7
2052;6466;2;1.1001169692679312E7
2053;6468;2;1.1001169692679312E7
2054;6469;1;1.1001169692679312E7
2055;6471;2;1.1001169692679312E7
2056;6473;2;1.1001169692679312E7
2057;6473;0;1.1001169692679312E7
2058;6474;1;1.1001169692679312E7
2059;6475;1;1.1001169692679312E7
2060;6477;2;1.1001169692679312E7
2061;6480;3;1.1001169692679312E7
2062;6483;3;1.1001169692679312E7
2063;6484;1;1.1001169692679312E7
2064;6487;3;1.1001169692679312E7
2065;6489;2;1.1001169692679312E7
2066;6490;1;1.1001169692679312E7
2067;6492;2;1.1001169692679312E7
2068;6493;1;1.1001169692679312E7
2069;6495;2;1.1001169692679312E7
2070;6498;3;1.1001169692679312E7
2071;6502;4;1.1001169692679312E7
2072;6503;1;1.1001169692679312E7
2073;6504;1;1.1001169692679312E7
2074;6508;4;1.1001169692679312E7
2075;6511;3;1.1001169692679312E7
2076;6515;4;1.1001169692679312E7
2077;6517;2;1.1001169692679312E7
2078;6519;2;1.1001169692679312E7
2079;6521;2;1.1001169692679312E7
2080;6523;2;1.1001169692679312E7
2081;6524;1;1.1001169692679312E7
2082;6526;2;1.1001169692679312E7
2083;6529;3;1.1001169692679312E7
2084;6532;3;1.1001169692679312E7
2085;6533;1;1.1001169692679312E7
2086;6536;3;1.1001169692679312E7
2087;6539;3;1.1001169692679312E7
2088;6541;2;1.1001169692679312E7
2089;6543;2;1.1001169692679312E7
2090;6545;2;1.1001169692679312E7
2091;6547;2;1.1001169692679312E7
2092;6548;1;1.1001169692679312E7
2093;6550;2;1.1001169692679312E7
2094;6552;2;1.1001169692679312E7
2095;6554;2;1.1001169692679312E7
2096;6556;2;1.1001169692679312E7
2097;6559;3;1.1001169692679312E7
2098;6559;0;1.1001169692679312E7
2099;6560;1;1.1001169692679312E7
2100;6561;1;1.1001169692679312E7
2101;6564;3;1.1001169692679312E7
2102;6567;3;1.1001169692679312E7
2103;6567;0;1.1001169692679312E7
2104;6568;1;1.1001169692679312E7
2105;6569;1;1.1001169692679312E7
2106;6572;3;1.1001169692679312E7
2107;6574;2;1.1001169692679312E7
2108;6575;1;1.1001169692679312E7
2109;6577;2;1.1001169692679312E7
2110;6578;1;1.1001169692679312E7
2111;6580;2;1.1001169692679312E7
2112;6580;0;1.1001169692679312E7
2113;6584;4;1.1001169692679312E7
2114;6587;3;1.1001169692679312E7
2115;6590;3;1.1001169692679312E7
2116;6592;2;1.1001169692679312E7
2117;6595;3;1.1001169692679312E7
2118;6598;3;1.1001169692679312E7
2119;6602;4;1.1001169692679312E7
2120;6607;5;1.1001169692679312E7
2121;6610;3;1.1001169692679312E7
2122;6615;5;1.1001169692679312E7
2123;6618;3;1.1001169692679312E7
2124;6619;1;1.1001169692679312E7
2125;6622;3;1.1001169692679312E7
2126;6624;2;1.1001169692679312E7
2127;6626;2;1.1001169692679312E7
2128;6628;2;1.1001169692679312E7
2129;6629;1;1.1001169692679312E7
2130;6631;2;1.1001169692679312E7
2131;6634;3;1.1001169692679312E7
2132;6637;3;1.1001169692679312E7
2133;6640;3;1.1001169692679312E7
2134;6641;1;1.1001169692679312E7
2135;6643;2;1.1001169692679312E7
2136;6645;2;1.1001169692679312E7
2137;6646;1;1.1001169692679312E7
2138;6649;3;1.1001169692679312E7
2139;6652;3;1.1001169692679312E7
2140;6655;3;1.1001169692679312E7
2141;6658;3;1.1001169692679312E7
2142;6660;2;1.1001169692679312E7
2143;6661;1;1.1001169692679312E7
2144;6663;2;1.1001169692679312E7
2145;6664;1;1.1001169692679312E7
2146;6664;0;1.1001169692679312E7
2147;6666;2;1.1001169692679312E7
2148;6666;0;1.1001169692679312E7
2149;6669;3;1.1001169692679312E7
2150;6670;1;1.1001169692679312E7
2151;6673;3;1.1001169692679312E7
2152;6675;2;1.1001169692679312E7
2153;6676;1;1.1001169692679312E7
2154;6680;4;1.1001169692679312E7
2155;6682;2;1.1001169692679312E7
2156;6686;4;1.1001169692679312E7
2157;6689;3;1.1001169692679312E7
2158;6690;1;1.1001169692679312E7
2159;6693;3;1.1001169692679312E7
2160;6696;3;1.1001169692679312E7
2161;6698;2;1.1001169692679312E7
2162;6699;1;1.1001169692679312E7
2163;6700;1;1.1001169692679312E7
2164;6703;3;1.1001169692679312E7
2165;6704;1;1.1001169692679312E7
2166;6708;4;1.1001169692679312E7
2167;6710;2;1.1001169692679312E7
2168;6714;4;1.1001169692679312E7
2169;6717;3;1.1001169692679312E7
2170;6720;3;1.1001169692679312E7
2171;6722;2;1.1001169692679312E7
2172;6722;0;1.1001169692679312E7
2173;6724;2;1.1001169692679312E7
2174;6726;2;1.1001169692679312E7
2175;6730;4;1.1001169692679312E7
2176;6731;1;1.1001169692679312E7
2177;6733;2;1.1001169692679312E7
2178;6735;2;1.1001169692679312E7
2179;6736;1;1.1001169692679312E7
2180;6737;1;1.1001169692679312E7
2181;6739;2;1.1001169692679312E7
2182;6740;1;1.1001169692679312E7
2183;6742;2;1.1001169692679312E7
2184;6743;1;1.1001169692679312E7
2185;6745;2;1.1001169692679312E7
2186;6747;2;1.1001169692679312E7
2187;6750;3;1.1001169692679312E7
2188;6752;2;1.1001169692679312E7
2189;6753;1;1.1001169692679312E7
2190;6756;3;1.1001169692679312E7
2191;6757;1;1.1001169692679312E7
2192;6759;2;1.1001169692679312E7
2193;6760;1;1.1001169692679312E7
2194;6762;2;1.1001169692679312E7
2195;6764;2;1.1001169692679312E7
2196;6766;2;1.1001169692679312E7
2197;6768;2;1.1001169692679312E7
2198;6769;1;1.1001169692679312E7
2199;6771;2;1.1001169692679312E7
2200;6771;0;1.1001169692679312E7
2201;6773;2;1.1001169692679312E7
2202;6775;2;1.1001169692679312E7
2203;6775;0;1.1001169692679312E7
2204;6777;2;1.1001169692679312E7
2205;6780;3;1.1001169692679312E7
2206;6782;2;1.1001169692679312E7
2207;6783;1;1.1001169692679312E7
2208;6786;3;1.1001169692679312E7
2209;6788;2;1.1001169692679312E7
2210;6791;3;1.1001169692679312E7
2211;6793;2;1.1001169692679312E7
2212;6794;1;1.1001169692679312E7
2213;6797;3;1.1001169692679312E7
2214;6798;1;1.1001169692679312E7
2215;6801;3;1.1001169692679312E7
2216;6802;1;1.1001169692679312E7
2217;6808;6;1.1001161603302477E7
2218;6812;4;1.1001161603302477E7
2219;6814;2;1.1001161603302477E7
2220;6817;3;1.1001161603302477E7
2221;6818;1;1.1001161603302477E7
2222;6819;1;1.1001161603302477E7
2223;6819;0;1.1001161603302477E7
2224;6820;1;1.1001161603302477E7
2225;6823;3;1.1001161603302477E7
2226;6825;2;1.1001161603302477E7
2227;6827;2;1.1001161603302477E7
2228;6830;3;1.1001161603302477E7
2229;6832;2;1.1001161603302477E7
2230;6833;1;1.1001161603302477E7
2231;6837;4;1.1001161603302477E7
2232;6838;1;1.1001161603302477E7
2233;6840;2;1.1001161603302477E7
2234;6842;2;1.1001161603302477E7
2235;6844;2;1.1001161603302477E7
2236;6845;1;1.1001161603302477E7
2237;6848;3;1.1001161603302477E7
2238;6850;2;1.1001161603302477E7
2239;6852;2;1.1001161603302477E7
2240;6853;1;1.1001161603302477E7
2241;6856;3;1.1001161603302477E7
2242;6858;2;1.1001161603302477E7
2243;6862;4;1.1001161603302477E7
2244;6863;1;1.1001161603302477E7
2245;6865;2;1.1001161603302477E7
2246;6866;1;1.1001161603302477E7
2247;6869;3;1.1001161603302477E7
2248;6870;1;1.1001161603302477E7
2249;6872;2;1.1001161603302477E7
2250;6873;1;1.1001161603302477E7
2251;6875;2;1.1001161603302477E7
2252;6878;3;1.1001161603302477E7
2253;6880;2;1.1001161603302477E7
2254;6883;3;1.1001161603302477E7
2255;6886;3;1.1001161603302477E7
2256;6886;0;1.1001161603302477E7
2257;6889;3;1.1001161603302477E7
2258;6891;2;1.1001161603302477E7
2259;6892;1;1.1001161603302477E7
2260;6895;3;1.1001161603302477E7
2261;6897;2;1.1001161603302477E7
2262;6897;0;1.1001161603302477E7
2263;6901;4;1.1001161603302477E7
2264;6906;5;1.1001161603302477E7
2265;6911;5;1.1001161603302477E7
2266;6914;3;1.1001161603302477E7
2267;6915;1;1.1001161603302477E7
2268;6918;3;1.1001161603302477E7
2269;6920;2;1.1001161603302477E7
2270;6921;1;1.1001161603302477E7
2271;6924;3;1.1001161603302477E7
2272;6925;1;1.1001161603302477E7
2273;6929;4;1.1001161603302477E7
2274;6932;3;1.1001161603302477E7
2275;6934;2;1.1001161603302477E7
2276;6936;2;1.1001161603302477E7
2277;6938;2;1.1001161603302477E7
2278;6941;3;1.1001161603302477E7
2279;6943;2;1.1001161603302477E7
2280;6945;2;1.1001161603302477E7
2281;6946;1;1.1001161603302477E7
2282;6948;2;1.1001161603302477E7
2283;6951;3;1.1001161603302477E7
2284;6953;2;1.1001161603302477E7
2285;6954;1;1.1001161603302477E7
2286;6956;2;1.1001161603302477E7
2287;6958;2;1.1001161603302477E7
2288;6960;2;1.1001161603302477E7
2289;6963;3;1.1001161603302477E7
2290;6966;3;1.1001161603302477E7
2291;6969;3;1.1001161603302477E7
2292;6971;2;1.1001161603302477E7
2293;6975;4;1.1001161603302477E7
2294;6978;3;1.1001161603302477E7
2295;6979;1;1.1001161603302477E7
2296;6982;3;1.1001161603302477E7
2297;6985;3;1.1001161603302477E7
2298;6990;5;1.1001161603302477E7
2299;6994;4;1.1001161603302477E7
2300;6998;4;1.1001161603302477E7
2301;7003;5;1.1001161603302477E7
2302;7007;4;1.1001161603302477E7
2303;7008;1;1.1001161603302477E7
2304;7014;6;1.1001161603302477E7
2305;7020;6;1.1001161603302477E7
2306;7025;5;1.1001161603302477E7
2307;7029;4;1.1001161603302477E7
2308;7032;3;1.1001161603302477E7
2309;7038;6;1.1001161603302477E7
2310;7041;3;1.1001161603302477E7
2311;7046;5;1.1001161603302477E7
2312;7049;3;1.1001161603302477E7
2313;7052;3;1.1001161603302477E7
2314;7053;1;1.1001161603302477E7
2315;7057;4;1.1001161603302477E7
2316;7064;7;1.1001161603302477E7
2317;7072;8;1.1001161603302477E7
2318;7096;24;1.1001161603302477E7
2319;7097;1;1.1001161603302477E7
2320;7101;4;1.1001161603302477E7
2321;7106;5;1.1001150165043114E7
2322;7111;5;1.1001150165043114E7
2323;7114;3;1.100114452376691E7
2324;7117;3;1.100114452376691E7
2325;7123;6;1.1001137522258075E7
2326;7127;4;1.1001137522258075E7
2327;7130;3;1.1001137522258075E7
2328;7133;3;1.1001137522258075E7
2329;7134;1;1.1001137522258075E7
2330;7137;3;1.1001137522258075E7
2331;7140;3;1.1001137522258075E7
2332;7144;4;1.1001137522258075E7
2333;7148;4;1.1001137522258075E7
2334;7153;5;1.1001137522258075E7
2335;7156;3;1.1001137522258075E7
2336;7159;3;1.1001137522258075E7
2337;7163;4;1.1001137522258075E7
2338;7168;5;1.1001137522258075E7
2339;7174;6;1.1001137522258075E7
2340;7176;2;1.1001137522258075E7
2341;7181;5;1.1001137522258075E7
2342;7182;1;1.1001137522258075E7
2343;7184;2;1.1001137522258075E7
2344;7185;1;1.1001137522258075E7
2345;7187;2;1.1001136746562863E7
2346;7190;3;1.1001136746562863E7
2347;7190;0;1.1001136746562863E7
2348;7192;2;1.1001136746562863E7
2349;7193;1;1.1001136746562863E7
2350;7198;5;1.1001136746562863E7
2351;7200;2;1.1001136746562863E7
2352;7203;3;1.1001136746562863E7
2353;7204;1;1.1001136746562863E7
2354;7204;0;1.1001136746562863E7
2355;7206;2;1.1001136746562863E7
2356;7210;4;1.1001136746562863E7
2357;7214;4;1.1001136746562863E7
2358;7216;2;1.1001136746562863E7
2359;7219;3;1.1001136746562863E7
2360;7221;2;1.1001136746562863E7
2361;7226;5;1.1001136746562863E7
2362;7228;2;1.1001136746562863E7
2363;7231;3;1.1001136746562863E7
2364;7232;1;1.1001136746562863E7
2365;7234;2;1.1001134459639702E7
2366;7235;1;1.1001115231508605E7
2367;7236;1;1.1001115231508605E7
2368;7237;1;1.1001115231508605E7
2369;7238;1;1.1001115231508605E7
2370;7239;1;1.1001115231508605E7
2371;7240;1;1.1001115231508605E7
2372;7243;3;1.1001115231508605E7
2373;7245;2;1.1001115231508605E7
2374;7248;3;1.1001115231508605E7
2375;7251;3;1.1001115231508605E7
2376;7254;3;1.1001115231508605E7
2377;7255;1;1.1001115231508605E7
2378;7257;2;1.1001115231508605E7
2379;7259;2;1.1001115231508605E7
2380;7261;2;1.1001115231508605E7
2381;7262;1;1.1001115231508605E7
2382;7265;3;1.1001115231508605E7
2383;7269;4;1.1001115231508605E7
2384;7271;2;1.1001115231508605E7
2385;7273;2;1.1001115231508605E7
2386;7275;2;1.1001115231508605E7
2387;7278;3;1.1001115231508605E7
2388;7278;0;1.1001115231508605E7
2389;7280;2;1.1001115231508605E7
2390;7280;0;1.1001115231508605E7
2391;7282;2;1.1001115231508605E7
2392;7283;1;1.1001115231508605E7
2393;7284;1;1.1001115231508605E7
2394;7287;3;1.1001115231508605E7
2395;7289;2;1.1001115231508605E7
2396;7293;4;1.1001115231508605E7
2397;7294;1;1.1001115231508605E7
2398;7297;3;1.1001115231508605E7
2399;7300;3;1.1001115231508605E7
2400;7300;0;1.1001115231508605E7
2401;7303;3;1.1001115231508605E7
2402;7304;1;1.1001115231508605E7
2403;7308;4;1.1001115231508605E7
2404;7311;3;1.1001115231508605E7
2405;7313;2;1.1001115231508605E7
2406;7316;3;1.1001115231508605E7
2407;7319;3;1.1001115231508605E7
2408;7322;3;1.1001115231508605E7
2409;7323;1;1.1001115231508605E7
2410;7326;3;1.1001115231508605E7
2411;7328;2;1.1001115231508605E7
2412;7330;2;1.1001115231508605E7
2413;7334;4;1.1001115231508605E7
2414;7336;2;1.1001115231508605E7
2415;7339;3;1.1001115231508605E7
2416;7341;2;1.1001115231508605E7
2417;7343;2;1.1001115231508605E7
2418;7345;2;1.1001115231508605E7
2419;7347;2;1.1001115231508605E7
2420;7349;2;1.1001115231508605E7
2421;7351;2;1.1001115231508605E7
2422;7351;0;1.1001115231508605E7
2423;7355;4;1.1001115231508605E7
2424;7357;2;1.1001115231508605E7
2425;7360;3;1.1001115231508605E7
2426;7361;1;1.1001115231508605E7
2427;7363;2;1.1001115231508605E7
2428;7367;4;1.1001115231508605E7
2429;7370;3;1.1001115231508605E7
2430;7371;1;1.1001115231508605E7
2431;7375;4;1.1001115231508605E7
2432;7378;3;1.1001115231508605E7
2433;7380;2;1.1001115231508605E7
2434;7381;1;1.1001115231508605E7
2435;7384;3;1.1001115231508605E7
2436;7387;3;1.1001115231508605E7
2437;7390;3;1.1001115231508605E7
2438;7392;2;1.1001115231508605E7
2439;7397;5;1.1001115231508605E7
2440;7400;3;1.1001115231508605E7
2441;7405;5;1.1001115231508605E7
2442;7409;4;1.1001115231508605E7
2443;7413;4;1.1001115231508605E7
2444;7417;4;1.1001115231508605E7
2445;7419;2;1.1001115231508605E7
2446;7425;6;1.1001115231508605E7
2447;7435;10;1.1001115231508605E7
2448;7438;3;1.1001115231508605E7
2449;7442;4;1.1001115231508605E7
2450;7443;1;1.1001115231508605E7
2451;7447;4;1.1001115231508605E7
2452;7454;7;1.1001115231508605E7
2453;7457;3;1.1001115231508605E7
2454;7462;5;1.1001115231508605E7
2455;7466;4;1.1001115231508605E7
2456;7472;6;1.1001115231508605E7
2457;7476;4;1.1001115231508605E7
2458;7479;3;1.1001115231508605E7
2459;7482;3;1.1001115231508605E7
2460;7488;6;1.1001115231508605E7
2461;7489;1;1.1001115231508605E7
2462;7494;5;1.1001115231508605E7
2463;7500;6;1.1001115231508605E7
2464;7505;5;1.1001115231508605E7
2465;7506;1;1.1001115231508605E7
2466;7513;7;1.1001115231508605E7
2467;7518;5;1.1001115231508605E7
2468;7522;4;1.1001115231508605E7
2469;7526;4;1.1001115231508605E7
2470;7529;3;1.1001115231508605E7
2471;7536;7;1.1001115231508605E7
2472;7539;3;1.1001115231508605E7
2473;7542;3;1.1001115231508605E7
2474;7544;2;1.1001115231508605E7
2475;7546;2;1.1001115231508605E7
2476;7548;2;1.1001115231508605E7
2477;7551;3;1.1001115231508605E7
2478;7556;5;1.1001115231508605E7
2479;7560;4;1.1001115231508605E7
2480;7561;1;1.1001115231508605E7
2481;7564;3;1.1001115231508605E7
2482;7567;3;1.1001115231508605E7
2483;7568;1;1.1001115231508605E7
2484;7569;1;1.1001115231508605E7
2485;7570;1;1.1001115231508605E7
2486;7571;1;1.1001115231508605E7
2487;7574;3;1.1001115231508605E7
2488;7575;1;1.1001115231508605E7
2489;7576;1;1.1001115231508605E7
2490;7577;1;1.1001115231508605E7
2491;7581;4;1.1001115231508605E7
2492;7581;0;1.1001115231508605E7
2493;7583;2;1.1001115231508605E7
2494;7586;3;1.1001115231508605E7
2495;7589;3;1.1001115231508605E7
2496;7591;2;1.1001109828994196E7
2497;7593;2;1.1001109828994196E7
2498;7594;1;1.1001109828994196E7
2499;7596;2;1.1001109828994196E7
2500;7599;3;1.1001109828994196E7
2501;7602;3;1.1001109828994196E7
2502;7607;5;1.1001109828994196E7
2503;7610;3;1.1001109828994196E7
2504;7614;4;1.1001109828994196E7
2505;7616;2;1.1001100034552235E7
2506;7619;3;1.1001100034552235E7
2507;7621;2;1.1001100034552235E7
2508;7622;1;1.1001100034552235E7
2509;7625;3;1.1001100034552235E7
2510;7627;2;1.1001100034552235E7
2511;7629;2;1.1001100034552235E7
2512;7632;3;1.1001100034552235E7
2513;7635;3;1.1001100034552235E7
2514;7637;2;1.1001100034552235E7
2515;7638;1;1.1001100034552235E7
2516;7639;1;1.1001100034552235E7
2517;7639;0;1.1001100034552235E7
2518;7641;2;1.1001100034552235E7
2519;7644;3;1.1001100034552235E7
2520;7645;1;1.1001100034552235E7
2521;7645;0;1.1001100034552235E7
2522;7647;2;1.1001100034552235E7
2523;7649;2;1.1001100034552235E7
2524;7652;3;1.1001100034552235E7
2525;7653;1;1.1001100034552235E7
2526;7655;2;1.1001100034552235E7
2527;7657;2;1.1001100034552235E7
2528;7658;1;1.1001100034552235E7
2529;7660;2;1.1001100034552235E7
2530;7661;1;1.1001100034552235E7
2531;7662;1;1.1001100034552235E7
2532;7665;3;1.1001100034552235E7
2533;7666;1;1.1001100034552235E7
2534;7668;2;1.1001100034552235E7
2535;7670;2;1.1001100034552235E7
2536;7672;2;1.1001100034552235E7
2537;7675;3;1.1001100034552235E7
2538;7677;2;1.1001100034552235E7
2539;7679;2;1.1001100034552235E7
2540;7681;2;1.1001100034552235E7
2541;7683;2;1.1001100034552235E7
2542;7684;1;1.1001100034552235E7
2543;7685;1;1.1001100034552235E7
2544;7687;2;1.1001100034552235E7
2545;7689;2;1.1001100034552235E7
2546;7691;2;1.1001100034552235E7
2547;7694;3;1.1001098817712888E7
2548;7697;3;1.1001098817712888E7
2549;7699;2;1.1001098817712888E7
2550;7702;3;1.1001098817712888E7
2551;7704;2;1.1001098817712888E7
2552;7706;2;1.1001098817712888E7
2553;7709;3;1.1001098817712888E7
2554;7710;1;1.1001096526760302E7
2555;7712;2;1.1001096526760302E7
2556;7714;2;1.1001096526760302E7
2557;7715;1;1.1001096526760302E7
2558;7719;4;1.1001096526760302E7
2559;7721;2;1.1001096526760302E7
2560;7724;3;1.1001096526760302E7
2561;7724;0;1.1001096526760302E7
2562;7727;3;1.1001096526760302E7
2563;7729;2;1.1001096526760302E7
2564;7731;2;1.1001096526760302E7
2565;7733;2;1.1001096526760302E7
2566;7735;2;1.1001096526760302E7
2567;7737;2;1.1001096526760302E7
2568;7738;1;1.1001096526760302E7
2569;7740;2;1.1001096526760302E7
2570;7741;1;1.1001096526760302E7
2571;7744;3;1.1001096526760302E7
2572;7746;2;1.1001096526760302E7
2573;7749;3;1.1001096526760302E7
2574;7750;1;1.1001096526760302E7
2575;7753;3;1.1001096526760302E7
2576;7753;0;1.1001096526760302E7
2577;7756;3;1.1001096526760302E7
2578;7759;3;1.1001096526760302E7
2579;7762;3;1.1001096526760302E7
2580;7765;3;1.1001096526760302E7
2581;7767;2;1.1001096526760302E7
2582;7769;2;1.1001096526760302E7
2583;7773;4;1.1001096526760302E7
2584;7775;2;1.1001096526760302E7
2585;7776;1;1.1001096526760302E7
2586;7777;1;1.1001096526760302E7
2587;7778;1;1.1001096526760302E7
2588;7779;1;1.1001096526760302E7
2589;7780;1;1.1001096526760302E7
2590;7781;1;1.1001096526760302E7
2591;7784;3;1.1001096526760302E7
2592;7787;3;1.1001096526760302E7
2593;7790;3;1.1001096526760302E7
2594;7791;1;1.1001096526760302E7
2595;7795;4;1.1001096526760302E7
2596;7797;2;1.1001096526760302E7
2597;7801;4;1.1001096526760302E7
2598;7803;2;1.1001096526760302E7
2599;7806;3;1.1001096526760302E7
2600;7808;2;1.1001096526760302E7
2601;7810;2;1.1001096526760302E7
2602;7813;3;1.1001096526760302E7
2603;7815;2;1.1001096526760302E7
2604;7816;1;1.1001096526760302E7
2605;7818;2;1.1001096526760302E7
2606;7820;2;1.1001096526760302E7
2607;7822;2;1.1001096526760302E7
2608;7825;3;1.1001096526760302E7
2609;7827;2;1.1001096526760302E7
2610;7829;2;1.1001096526760302E7
2611;7832;3;1.1001096526760302E7
2612;7834;2;1.1001096526760302E7
2613;7836;2;1.1001096526760302E7
2614;7838;2;1.1001096526760302E7
2615;7840;2;1.1001096526760302E7
2616;7843;3;1.1001096526760302E7
2617;7844;1;1.1001096526760302E7
2618;7848;4;1.1001096526760302E7
2619;7851;3;1.1001096526760302E7
2620;7856;5;1.1001096526760302E7
2621;7857;1;1.1001096526760302E7
2622;7860;3;1.1001096526760302E7
2623;7863;3;1.1001096526760302E7
2624;7865;2;1.1001096526760302E7
2625;7867;2;1.1001096526760302E7
2626;7869;2;1.1001096526760302E7
2627;7872;3;1.1001096526760302E7
2628;7874;2;1.1001096526760302E7
2629;7878;4;1.1001096526760302E7
2630;7880;2;1.1001096526760302E7
2631;7882;2;1.1001096526760302E7
2632;7884;2;1.1001096526760302E7
2633;7885;1;1.1001096526760302E7
2634;7887;2;1.1001096526760302E7
2635;7890;3;1.1001096526760302E7
2636;7893;3;1.1001096526760302E7
2637;7896;3;1.1001096526760302E7
2638;7899;3;1.1001096526760302E7
2639;7903;4;1.1001096526760302E7
2640;7907;4;1.1001096526760302E7
2641;7909;2;1.1001096526760302E7
2642;7913;4;1.1001096526760302E7
2643;7918;5;1.1001096526760302E7
2644;7922;4;1.1001096526760302E7
2645;7925;3;1.1001096526760302E7
2646;7930;5;1.1001096526760302E7
2647;7932;2;1.1001096526760302E7
2648;7937;5;1.1001096526760302E7
2649;7943;6;1.1001096526760302E7
2650;7943;0;1.1001096526760302E7
2651;7952;9;1.1001096526760302E7
2652;7956;4;1.1001096526760302E7
2653;7961;5;1.1001096526760302E7
2654;7962;1;1.1001096526760302E7
2655;7964;2;1.1001096526760302E7
2656;7968;4;1.1001096526760302E7
2657;7970;2;1.1001096526760302E7
2658;7973;3;1.1001096526760302E7
2659;7981;8;1.1001096526760302E7
2660;7986;5;1.1001096526760302E7
2661;7990;4;1.1001096526760302E7
2662;7993;3;1.1001096526760302E7
2663;7995;2;1.1001096526760302E7
2664;7999;4;1.1001096526760302E7
2665;8003;4;1.1001096526760302E7
2666;8010;7;1.1001096526760302E7
2667;8014;4;1.1001096526760302E7
2668;8030;16;1.1001095049046444E7
2669;8034;4;1.1001095049046444E7
2670;8035;1;1.1001095049046444E7
2671;8048;13;1.1001095049046444E7
2672;8049;1;1.1001095049046444E7
2673;8051;2;1.1001095049046444E7
2674;8055;4;1.1001095049046444E7
2675;8059;4;1.1001095049046444E7
2676;8063;4;1.1001095049046444E7
2677;8067;4;1.1001095049046444E7
2678;8071;4;1.1001095049046444E7
2679;8075;4;1.1001095049046444E7
2680;8079;4;1.1001095049046444E7
2681;8082;3;1.1001095049046444E7
2682;8088;6;1.1001095049046444E7
2683;8092;4;1.1001095049046444E7
2684;8103;11;1.1001095049046444E7
2685;8107;4;1.1001095049046444E7
2686;8118;11;1.1001095049046444E7
2687;8122;4;1.1001095049046444E7
2688;8125;3;1.1001095049046444E7
2689;8126;1;1.1001095049046444E7
2690;8128;2;1.1001095049046444E7
2691;8136;8;1.1001095049046444E7
2692;8140;4;1.1001095049046444E7
2693;8142;2;1.1001095049046444E7
2694;8144;2;1.1001095049046444E7
2695;8146;2;1.1001095049046444E7
2696;8147;1;1.1001095049046444E7
2697;8151;4;1.1001095049046444E7
2698;8155;4;1.1001095049046444E7
2699;8159;4;1.1001095049046444E7
2700;8162;3;1.1001095049046444E7
2701;8166;4;1.1001095049046444E7
2702;8170;4;1.1001095049046444E7
2703;8182;12;1.1001095049046444E7
2704;8185;3;1.1001095049046444E7
2705;8189;4;1.1001095049046444E7
2706;8192;3;1.1001095049046444E7
2707;8195;3;1.1001089374260355E7
2708;8196;1;1.1001089374260355E7
2709;8198;2;1.1001089374260355E7
2710;8200;2;1.1001089374260355E7
2711;8217;17;1.1001089374260355E7
2712;8221;4;1.1001089374260355E7
2713;8224;3;1.1001089374260355E7
2714;8226;2;1.1001089374260355E7
2715;8229;3;1.1001089374260355E7
2716;8231;2;1.1001089374260355E7
2717;8235;4;1.1001089374260355E7
2718;8237;2;1.1001089374260355E7
2719;8238;1;1.1001089374260355E7
2720;8239;1;1.1001089374260355E7
2721;8242;3;1.1001089374260355E7
2722;8244;2;1.1001089374260355E7
2723;8248;4;1.1001089374260355E7
2724;8250;2;1.1001089374260355E7
2725;8252;2;1.1001089374260355E7
2726;8255;3;1.1001089374260355E7
2727;8258;3;1.1001089374260355E7
2728;8260;2;1.1001089374260355E7
2729;8262;2;1.1001089374260355E7
2730;8264;2;1.1001089374260355E7
2731;8265;1;1.1001089374260355E7
2732;8267;2;1.1001089374260355E7
2733;8268;1;1.1001089374260355E7
2734;8271;3;1.1001089374260355E7
2735;8273;2;1.1001089374260355E7
2736;8276;3;1.1001089374260355E7
2737;8278;2;1.1001089374260355E7
2738;8280;2;1.1001089374260355E7
2739;8281;1;1.1001089374260355E7
2740;8281;0;1.1001089374260355E7
2741;8283;2;1.1001089374260355E7
2742;8285;2;1.1001089374260355E7
2743;8287;2;1.1001089374260355E7
2744;8289;2;1.1001089374260355E7
2745;8291;2;1.1001089374260355E7
2746;8293;2;1.1001089374260355E7
2747;8294;1;1.1001089374260355E7
2748;8297;3;1.1001089374260355E7
2749;8299;2;1.1001089374260355E7
2750;8303;4;1.1001089374260355E7
2751;8304;1;1.1001089374260355E7
2752;8308;4;1.1001089374260355E7
2753;8310;2;1.1001089374260355E7
2754;8311;1;1.1001089374260355E7
2755;8313;2;1.1001089374260355E7
2756;8316;3;1.1001089374260355E7
2757;8318;2;1.1001089374260355E7
2758;8320;2;1.1001089374260355E7
2759;8321;1;1.1001089374260355E7
2760;8321;0;1.1001089374260355E7
2761;8324;3;1.1001089374260355E7
2762;8325;1;1.1001089374260355E7
2763;8326;1;1.1001089374260355E7
2764;8329;3;1.1001089374260355E7
2765;8331;2;1.1001089374260355E7
2766;8333;2;1.1001089374260355E7
2767;8335;2;1.1001089374260355E7
2768;8337;2;1.1001089374260355E7
2769;8339;2;1.1001089374260355E7
2770;8340;1;1.1001089374260355E7
2771;8341;1;1.1001089374260355E7
2772;8344;3;1.1001089374260355E7
2773;8347;3;1.1001089374260355E7
2774;8349;2;1.1001089374260355E7
2775;8354;5;1.1001089374260355E7
2776;8356;2;1.1001089374260355E7
2777;8358;2;1.1001089374260355E7
2778;8359;1;1.1001089374260355E7
2779;8362;3;1.1001089374260355E7
2780;8365;3;1.1001087865784064E7
2781;8368;3;1.1001087865784064E7
2782;8370;2;1.1001082889671702E7
2783;8372;2;1.1001082889671702E7
2784;8373;1;1.1001082889671702E7
2785;8374;1;1.1001082889671702E7
2786;8375;1;1.1001082889671702E7
2787;8378;3;1.1001082889671702E7
2788;8380;2;1.100105895210275E7
2789;8383;3;1.100105895210275E7
2790;8385;2;1.100105895210275E7
2791;8387;2;1.100105895210275E7
2792;8388;1;1.100105895210275E7
2793;8390;2;1.100105895210275E7
2794;8392;2;1.100105895210275E7
2795;8394;2;1.100105895210275E7
2796;8397;3;1.100105895210275E7
2797;8401;4;1.100105895210275E7
2798;8404;3;1.100105895210275E7
2799;8406;2;1.100105895210275E7
2800;8409;3;1.100105895210275E7
2801;8410;1;1.100105895210275E7
2802;8413;3;1.100105895210275E7
2803;8416;3;1.100105895210275E7
2804;8417;1;1.100105895210275E7
2805;8419;2;1.100105895210275E7
2806;8422;3;1.100105895210275E7
2807;8425;3;1.100105895210275E7
2808;8428;3;1.100105895210275E7
2809;8430;2;1.100105895210275E7
2810;8433;3;1.100105895210275E7
2811;8436;3;1.1001058483348964E7
2812;8440;4;1.1001058483348964E7
2813;8441;1;1.1001058483348964E7
2814;8444;3;1.1001058483348964E7
2815;8447;3;1.1001058483348964E7
2816;8448;1;1.1001058483348964E7
2817;8450;2;1.1001058483348964E7
2818;8453;3;1.1001058483348964E7
2819;8454;1;1.1001058483348964E7
2820;8456;2;1.1001058483348964E7
2821;8457;1;1.1001058483348964E7
2822;8458;1;1.1001058483348964E7
2823;8460;2;1.1001058483348964E7
2824;8462;2;1.1001057309983958E7
2825;8463;1;1.1001057309983958E7
2826;8466;3;1.1001057309983958E7
2827;8468;2;1.1001057309983958E7
2828;8470;2;1.1001057309983958E7
2829;8471;1;1.0001127392382095E7
2830;8473;2;1.0001127392382095E7
2831;8475;2;1.0001127392382095E7
2832;8476;1;1.0001127392382095E7
2833;8477;1;1.0001127392382095E7
2834;8479;2;1.0001127392382095E7
2835;8481;2;1.0001127392382095E7
2836;8483;2;1.0001127392382095E7
2837;8487;4;1.0001127392382095E7
2838;8489;2;1.0001127392382095E7
2839;8491;2;1.0001127392382095E7
2840;8494;3;1.0001127392382095E7
2841;8497;3;1.0001127392382095E7
2842;8498;1;1.0001127392382095E7
2843;8500;2;1.0001127392382095E7
2844;8503;3;1.0001127392382095E7
2845;8506;3;1.0001127392382095E7
2846;8508;2;1.000112509129201E7
2847;8511;3;1.000112509129201E7
2848;8514;3;1.000112509129201E7
2849;8516;2;1.000112509129201E7
2850;8519;3;1.000112509129201E7
2851;8521;2;1.000112509129201E7
2852;8522;1;1.000112509129201E7
2853;8524;2;1.000112509129201E7
2854;8525;1;1.000112509129201E7
2855;8527;2;1.000112509129201E7
2856;8529;2;1.000112509129201E7
2857;8532;3;1.000112509129201E7
2858;8534;2;1.000112509129201E7
2859;8536;2;1.000112509129201E7
2860;8538;2;1.000112509129201E7
2861;8540;2;1.0001076046176502E7
2862;8542;2;1.0001076046176502E7
2863;8543;1;1.0001076046176502E7
2864;8546;3;1.0001076046176502E7
2865;8549;3;1.0001076046176502E7
2866;8550;1;1.0001076046176502E7
2867;8554;4;1.0001076046176502E7
2868;8555;1;1.0001076046176502E7
2869;8556;1;1.0001076046176502E7
2870;8559;3;1.0001076046176502E7
2871;8561;2;1.0001076046176502E7
2872;8563;2;1.0001076046176502E7
2873;8566;3;1.0001076046176502E7
2874;8568;2;1.0001076046176502E7
2875;8572;4;1.0001076046176502E7
2876;8575;3;1.0001076046176502E7
2877;8577;2;1.0001076046176502E7
2878;8580;3;1.0001076046176502E7
2879;8583;3;1.0001076046176502E7
2880;8586;3;1.0001076046176502E7
2881;8590;4;1.0001076046176502E7
2882;8592;2;1.0001076046176502E7
2883;8594;2;1.0001076046176502E7
2884;8596;2;1.0001076046176502E7
2885;8598;2;1.0001076046176502E7
2886;8602;4;1.0001076046176502E7
2887;8604;2;1.0001076046176502E7
2888;8607;3;1.0001076046176502E7
2889;8612;5;1.0001076046176502E7
2890;8615;3;1.0001076046176502E7
2891;8619;4;1.0001076046176502E7
2892;8622;3;1.0001076046176502E7
2893;8626;4;1.0001076046176502E7
2894;8627;1;1.0001076046176502E7
2895;8630;3;1.0001076046176502E7
2896;8633;3;1.0001076046176502E7
2897;8636;3;1.0001076046176502E7
2898;8636;0;1.0001076046176502E7
2899;8637;1;1.0001076046176502E7
2900;8641;4;1.0001076046176502E7
2901;8644;3;1.0001076046176502E7
2902;8646;2;1.0001076046176502E7
2903;8648;2;1.0001076046176502E7
2904;8651;3;1.0001076046176502E7
2905;8651;0;1.0001076046176502E7
2906;8654;3;1.000107199468309E7
2907;8655;1;1.000107199468309E7
2908;8657;2;1.000107199468309E7
2909;8659;2;1.000107199468309E7
2910;8661;2;1.000107199468309E7
2911;8663;2;1.000107199468309E7
2912;8665;2;1.000107199468309E7
2913;8667;2;1.000107199468309E7
2914;8669;2;1.000107199468309E7
2915;8671;2;1.000107199468309E7
2916;8671;0;1.000107199468309E7
2917;8674;3;1.000107199468309E7
2918;8676;2;1.000107199468309E7
2919;8678;2;1.000107199468309E7
2920;8681;3;1.000107199468309E7
2921;8682;1;1.000107199468309E7
2922;8683;1;1.000107199468309E7
2923;8686;3;1.000107199468309E7
2924;8687;1;1.000107199468309E7
2925;8690;3;1.000107199468309E7
2926;8692;2;1.000107199468309E7
2927;8693;1;1.000107199468309E7
2928;8696;3;1.000107199468309E7
2929;8697;1;1.000107199468309E7
2930;8700;3;1.000107199468309E7
2931;8702;2;1.000107199468309E7
2932;8703;1;1.000107199468309E7
2933;8706;3;1.000107199468309E7
2934;8709;3;1.000107199468309E7
2935;8711;2;1.000107199468309E7
2936;8714;3;1.000107199468309E7
2937;8716;2;1.000107199468309E7
2938;8717;1;1.000107199468309E7
2939;8720;3;1.000107199468309E7
2940;8723;3;1.000107199468309E7
2941;8725;2;1.000107199468309E7
2942;8727;2;1.000107199468309E7
2943;8730;3;1.000107199468309E7
2944;8732;2;1.000107199468309E7
2945;8735;3;1.000107199468309E7
2946;8737;2;1.000107199468309E7
2947;8739;2;1.000107199468309E7
2948;8741;2;1.000107199468309E7
2949;8742;1;1.000107199468309E7
2950;8745;3;1.000107199468309E7
2951;8747;2;1.000107199468309E7
2952;8749;2;1.000107199468309E7
2953;8751;2;1.000107199468309E7
2954;8753;2;1.000107199468309E7
2955;8756;3;1.000107199468309E7
2956;8758;2;1.000107199468309E7
2957;8759;1;1.000107199468309E7
2958;8761;2;1.000107199468309E7
2959;8762;1;1.000107199468309E7
2960;8763;1;1.000107199468309E7
2961;8763;0;1.000107199468309E7
2962;8765;2;1.000107199468309E7
2963;8767;2;1.000107199468309E7
2964;8768;1;1.000107199468309E7
2965;8773;5;1.000107199468309E7
2966;8776;3;1.000107199468309E7
2967;8778;2;1.000107199468309E7
2968;8780;2;1.000107199468309E7
2969;8782;2;1.000107199468309E7
2970;8783;1;1.000107199468309E7
2971;8786;3;1.000107199468309E7
2972;8787;1;1.000107199468309E7
2973;8788;1;1.000107199468309E7
2974;8791;3;1.000107199468309E7
2975;8793;2;1.000107199468309E7
2976;8796;3;1.000107199468309E7
2977;8798;2;1.000107199468309E7
2978;8801;3;1.000107199468309E7
2979;8805;4;1.000107199468309E7
2980;8807;2;1.000107199468309E7
2981;8809;2;1.000107199468309E7
2982;8810;1;1.000107199468309E7
2983;8813;3;1.000107199468309E7
2984;8816;3;1.000107199468309E7
2985;8818;2;1.000107199468309E7
2986;8821;3;1.000107199468309E7
2987;8823;2;1.000107199468309E7
2988;8824;1;1.000107199468309E7
2989;8827;3;1.000107199468309E7
2990;8830;3;1.000107199468309E7
2991;8833;3;1.000107199468309E7
2992;8835;2;1.000107199468309E7
2993;8836;1;1.000107199468309E7
2994;8838;2;1.000107199468309E7
2995;8840;2;1.000107199468309E7
2996;8844;4;1.000107199468309E7
2997;8846;2;1.000107199468309E7
2998;8850;4;1.000107199468309E7
2999;8852;2;1.000107199468309E7
