Index;Time point [ms];Iteration length [ms];Cost
0;5;5;1.4001873851155333E7
1;8;3;1.400173879640141E7
2;11;3;1.400173879640141E7
3;14;3;1.4001654300845502E7
4;17;3;1.4001625388092773E7
5;18;1;1.4001625388092773E7
6;20;2;1.4001625388092773E7
7;22;2;1.400160746817653E7
8;24;2;1.400160746817653E7
9;28;4;1.400160746817653E7
10;32;4;1.400160746817653E7
11;35;3;1.400160746817653E7
12;39;4;1.4001420624859074E7
13;43;4;1.4001420624859074E7
14;50;7;1.4001420624859074E7
15;51;1;1.4001420624859074E7
16;54;3;1.4001420624859074E7
17;56;2;1.4001420624859074E7
18;61;5;1.4001383955256231E7
19;64;3;1.4001363328711893E7
20;71;7;1.4001363328711893E7
21;76;5;1.4001363328711893E7
22;78;2;1.4001363328711893E7
23;82;4;1.4001363328711893E7
24;85;3;1.4001363328711893E7
25;91;6;1.4001363328711893E7
26;93;2;1.4001363328711893E7
27;96;3;1.4001363328711893E7
28;100;4;1.4001363328711893E7
29;102;2;1.4001363328711893E7
30;107;5;1.3001376194368884E7
31;111;4;1.3001304832173584E7
32;115;4;1.3001304832173584E7
33;117;2;1.2001455704275038E7
34;121;4;1.2001455704275038E7
35;121;0;1.2001455704275038E7
36;124;3;1.2001455704275038E7
37;124;0;1.2001455704275038E7
38;126;2;1.2001455704275038E7
39;129;3;1.2001455704275038E7
40;132;3;1.2001455704275038E7
41;135;3;1.2001455704275038E7
42;138;3;1.2001455704275038E7
43;140;2;1.2001455704275038E7
44;146;6;1.2001455704275038E7
45;151;5;1.2001455704275038E7
46;152;1;1.2001455704275038E7
47;159;7;1.2001455704275038E7
48;164;5;1.2001455704275038E7
49;167;3;1.2001455704275038E7
50;167;0;1.2001455704275038E7
51;170;3;1.2001455704275038E7
52;173;3;1.2001455704275038E7
53;174;1;1.2001455704275038E7
54;175;1;1.2001455704275038E7
55;178;3;1.2001455704275038E7
56;181;3;1.2001455704275038E7
57;183;2;1.2001455704275038E7
58;186;3;1.2001455704275038E7
59;188;2;1.2001455704275038E7
60;192;4;1.2001455704275038E7
61;194;2;1.2001455704275038E7
62;198;4;1.2001455704275038E7
63;200;2;1.2001455704275038E7
64;201;1;1.2001455704275038E7
65;205;4;1.2001455704275038E7
66;208;3;1.2001455704275038E7
67;210;2;1.2001455704275038E7
68;214;4;1.2001455704275038E7
69;217;3;1.2001455704275038E7
70;218;1;1.2001455704275038E7
71;219;1;1.2001455704275038E7
72;221;2;1.2001455704275038E7
73;224;3;1.2001455704275038E7
74;225;1;1.2001455704275038E7
75;228;3;1.2001455704275038E7
76;232;4;1.2001455704275038E7
77;233;1;1.2001455704275038E7
78;236;3;1.2001455704275038E7
79;236;0;1.2001455704275038E7
80;238;2;1.2001455704275038E7
81;243;5;1.2001455704275038E7
82;248;5;1.2001455704275038E7
83;252;4;1.2001455704275038E7
84;259;7;1.2001455704275038E7
85;260;1;1.2001455704275038E7
86;263;3;1.2001455704275038E7
87;268;5;1.2001455704275038E7
88;272;4;1.2001455704275038E7
89;276;4;1.2001455704275038E7
90;280;4;1.2001455704275038E7
91;284;4;1.2001455704275038E7
92;286;2;1.2001455704275038E7
93;289;3;1.2001455704275038E7
94;292;3;1.2001455704275038E7
95;297;5;1.2001455704275038E7
96;300;3;1.2001455704275038E7
97;306;6;1.2001455704275038E7
98;310;4;1.2001455704275038E7
99;313;3;1.2001455704275038E7
100;314;1;1.2001455704275038E7
101;317;3;1.2001455704275038E7
102;321;4;1.2001455704275038E7
103;324;3;1.2001455704275038E7
104;328;4;1.2001455704275038E7
105;330;2;1.2001455704275038E7
106;333;3;1.2001455704275038E7
107;335;2;1.2001455704275038E7
108;336;1;1.2001455704275038E7
109;338;2;1.2001455704275038E7
110;339;1;1.2001455704275038E7
111;344;5;1.2001455704275038E7
112;349;5;1.2001455704275038E7
113;349;0;1.2001455704275038E7
114;353;4;1.2001455704275038E7
115;356;3;1.2001455704275038E7
116;360;4;1.2001455704275038E7
117;362;2;1.2001455704275038E7
118;366;4;1.2001455704275038E7
119;371;5;1.2001455704275038E7
120;372;1;1.2001455704275038E7
121;377;5;1.2001455704275038E7
122;383;6;1.2001455704275038E7
123;387;4;1.2001455704275038E7
124;395;8;1.2001455704275038E7
125;398;3;1.200141801123908E7
126;404;6;1.200141801123908E7
127;409;5;1.200141801123908E7
128;412;3;1.200141801123908E7
129;419;7;1.200141801123908E7
130;420;1;1.200141801123908E7
131;423;3;1.200141801123908E7
132;426;3;1.200141801123908E7
133;433;7;1.200141801123908E7
134;434;1;1.200141801123908E7
135;436;2;1.200141801123908E7
136;442;6;1.200141801123908E7
137;447;5;1.200141801123908E7
138;449;2;1.200141801123908E7
139;451;2;1.200141801123908E7
140;457;6;1.200141801123908E7
141;467;10;1.200141801123908E7
142;473;6;1.200141801123908E7
143;480;7;1.200141801123908E7
144;485;5;1.200141801123908E7
145;490;5;1.200141801123908E7
146;501;11;1.200141801123908E7
147;504;3;1.200141801123908E7
148;510;6;1.200141801123908E7
149;514;4;1.200131124217091E7
150;528;14;1.200131124217091E7
151;532;4;1.200131124217091E7
152;536;4;1.200131124217091E7
153;538;2;1.200131124217091E7
154;553;15;1.200131124217091E7
155;578;25;1.200131124217091E7
156;581;3;1.200131124217091E7
157;585;4;1.200131124217091E7
158;589;4;1.200131124217091E7
159;608;19;1.2001310589155339E7
160;609;1;1.2001310589155339E7
161;614;5;1.2001310589155339E7
162;621;7;1.2001310589155339E7
163;625;4;1.2001310589155339E7
164;642;17;1.2001310589155339E7
165;660;18;1.2001310589155339E7
166;664;4;1.2001310589155339E7
167;668;4;1.2001310589155339E7
168;671;3;1.2001310589155339E7
169;672;1;1.2001310589155339E7
170;675;3;1.2001266669387352E7
171;678;3;1.2001266669387352E7
172;681;3;1.2001266669387352E7
173;686;5;1.2001266669387352E7
174;691;5;1.2001266669387352E7
175;693;2;1.2001266669387352E7
176;695;2;1.2001266669387352E7
177;700;5;1.2001266669387352E7
178;703;3;1.2001266669387352E7
179;709;6;1.2001266669387352E7
180;714;5;1.2001266669387352E7
181;719;5;1.2001266669387352E7
182;729;10;1.2001266669387352E7
183;733;4;1.2001266669387352E7
184;738;5;1.2001266669387352E7
185;742;4;1.2001266669387352E7
186;748;6;1.2001266669387352E7
187;753;5;1.2001266669387352E7
188;758;5;1.2001266669387352E7
189;762;4;1.2001266669387352E7
190;767;5;1.2001266669387352E7
191;770;3;1.2001266669387352E7
192;774;4;1.2001266669387352E7
193;780;6;1.2001266669387352E7
194;783;3;1.2001266669387352E7
195;785;2;1.2001266669387352E7
196;790;5;1.2001266669387352E7
197;796;6;1.2001266669387352E7
198;799;3;1.2001266669387352E7
199;802;3;1.2001266669387352E7
200;807;5;1.2001266669387352E7
201;808;1;1.2001266669387352E7
202;810;2;1.2001266669387352E7
203;812;2;1.2001266669387352E7
204;812;0;1.2001266669387352E7
205;813;1;1.2001266669387352E7
206;814;1;1.2001266669387352E7
207;816;2;1.2001266669387352E7
208;819;3;1.2001266669387352E7
209;824;5;1.2001266669387352E7
210;826;2;1.2001266669387352E7
211;828;2;1.2001266669387352E7
212;832;4;1.2001266669387352E7
213;834;2;1.2001266669387352E7
214;841;7;1.2001266669387352E7
215;844;3;1.2001266669387352E7
216;848;4;1.2001266669387352E7
217;850;2;1.2001266669387352E7
218;854;4;1.2001266669387352E7
219;858;4;1.2001266669387352E7
220;861;3;1.2001266669387352E7
221;861;0;1.2001266669387352E7
222;865;4;1.2001266669387352E7
223;868;3;1.2001266669387352E7
224;871;3;1.2001266669387352E7
225;874;3;1.2001266669387352E7
226;877;3;1.2001266669387352E7
227;880;3;1.2001266669387352E7
228;883;3;1.2001266669387352E7
229;885;2;1.2001266669387352E7
230;887;2;1.2001266669387352E7
231;890;3;1.2001266669387352E7
232;893;3;1.2001266669387352E7
233;894;1;1.2001266669387352E7
234;897;3;1.2001266669387352E7
235;899;2;1.2001266669387352E7
236;900;1;1.2001266669387352E7
237;903;3;1.2001266669387352E7
238;907;4;1.2001266669387352E7
239;910;3;1.2001266669387352E7
240;913;3;1.2001266669387352E7
241;917;4;1.2001266669387352E7
242;920;3;1.2001266669387352E7
243;923;3;1.2001266669387352E7
244;923;0;1.2001266669387352E7
245;928;5;1.2001266669387352E7
246;930;2;1.2001266669387352E7
247;932;2;1.2001266669387352E7
248;936;4;1.2001266669387352E7
249;939;3;1.2001266669387352E7
250;940;1;1.2001266669387352E7
251;945;5;1.2001266669387352E7
252;948;3;1.2001266669387352E7
253;952;4;1.2001266669387352E7
254;953;1;1.2001266669387352E7
255;956;3;1.2001266669387352E7
256;958;2;1.2001266669387352E7
257;961;3;1.2001266669387352E7
258;965;4;1.2001266669387352E7
259;966;1;1.2001266669387352E7
260;969;3;1.2001266669387352E7
261;973;4;1.2001266669387352E7
262;978;5;1.2001266669387352E7
263;979;1;1.2001266669387352E7
264;983;4;1.2001266669387352E7
265;984;1;1.2001266669387352E7
266;984;0;1.2001266669387352E7
267;988;4;1.2001266669387352E7
268;990;2;1.2001266669387352E7
269;994;4;1.2001266669387352E7
270;997;3;1.2001266669387352E7
271;1001;4;1.2001266669387352E7
272;1006;5;1.2001266669387352E7
273;1011;5;1.2001266669387352E7
274;1015;4;1.2001266669387352E7
275;1019;4;1.2001266669387352E7
276;1023;4;1.2001266669387352E7
277;1025;2;1.2001266669387352E7
278;1027;2;1.2001266669387352E7
279;1030;3;1.2001266669387352E7
280;1032;2;1.2001266669387352E7
281;1033;1;1.2001266669387352E7
282;1036;3;1.2001266669387352E7
283;1039;3;1.2001266669387352E7
284;1042;3;1.2001266669387352E7
285;1045;3;1.2001266669387352E7
286;1047;2;1.2001266669387352E7
287;1050;3;1.2001266669387352E7
288;1052;2;1.2001266669387352E7
289;1055;3;1.2001266669387352E7
290;1060;5;1.2001266669387352E7
291;1063;3;1.2001266669387352E7
292;1065;2;1.2001266669387352E7
293;1068;3;1.2001266669387352E7
294;1071;3;1.2001266669387352E7
295;1073;2;1.2001266669387352E7
296;1076;3;1.2001266669387352E7
297;1080;4;1.2001266669387352E7
298;1085;5;1.2001266669387352E7
299;1091;6;1.2001266669387352E7
300;1096;5;1.2001266669387352E7
301;1099;3;1.2001266669387352E7
302;1104;5;1.2001266669387352E7
303;1108;4;1.2001266669387352E7
304;1112;4;1.2001266669387352E7
305;1114;2;1.2001266669387352E7
306;1115;1;1.2001266669387352E7
307;1115;0;1.2001266669387352E7
308;1120;5;1.2001266669387352E7
309;1125;5;1.2001266669387352E7
310;1129;4;1.2001266669387352E7
311;1133;4;1.2001266669387352E7
312;1135;2;1.2001266669387352E7
313;1139;4;1.2001266669387352E7
314;1145;6;1.2001266669387352E7
315;1149;4;1.2001266669387352E7
316;1154;5;1.2001266669387352E7
317;1166;12;1.2001266669387352E7
318;1168;2;1.2001266669387352E7
319;1169;1;1.2001266669387352E7
320;1174;5;1.2001266669387352E7
321;1175;1;1.2001266669387352E7
322;1178;3;1.2001266669387352E7
323;1183;5;1.2001266669387352E7
324;1184;1;1.2001266669387352E7
325;1185;1;1.2001266669387352E7
326;1195;10;1.2001266669387352E7
327;1196;1;1.2001266669387352E7
328;1201;5;1.2001266669387352E7
329;1205;4;1.2001266669387352E7
330;1208;3;1.2001266669387352E7
331;1212;4;1.2001266669387352E7
332;1216;4;1.2001266669387352E7
333;1217;1;1.2001266669387352E7
334;1220;3;1.2001266669387352E7
335;1221;1;1.2001266669387352E7
336;1224;3;1.2001266669387352E7
337;1228;4;1.2001266669387352E7
338;1229;1;1.2001266669387352E7
339;1231;2;1.2001266669387352E7
340;1233;2;1.2001266669387352E7
341;1235;2;1.2001266669387352E7
342;1237;2;1.2001266669387352E7
343;1239;2;1.2001266669387352E7
344;1241;2;1.2001266669387352E7
345;1245;4;1.2001266669387352E7
346;1252;7;1.2001266669387352E7
347;1257;5;1.2001266669387352E7
348;1265;8;1.2001266669387352E7
349;1273;8;1.2001266669387352E7
350;1274;1;1.2001266669387352E7
351;1278;4;1.2001266669387352E7
352;1282;4;1.2001266669387352E7
353;1286;4;1.2001266669387352E7
354;1291;5;1.2001266669387352E7
355;1295;4;1.2001266669387352E7
356;1300;5;1.2001266669387352E7
357;1303;3;1.2001266669387352E7
358;1306;3;1.2001266669387352E7
359;1308;2;1.2001266669387352E7
360;1315;7;1.2001266669387352E7
361;1320;5;1.2001266669387352E7
362;1325;5;1.2001266669387352E7
363;1327;2;1.2001266669387352E7
364;1331;4;1.2001266669387352E7
365;1335;4;1.2001266669387352E7
366;1340;5;1.2001266669387352E7
367;1343;3;1.2001266669387352E7
368;1347;4;1.2001266669387352E7
369;1356;9;1.2001266669387352E7
370;1363;7;1.2001266669387352E7
371;1369;6;1.2001266669387352E7
372;1372;3;1.2001266669387352E7
373;1376;4;1.2001266669387352E7
374;1380;4;1.2001266669387352E7
375;1384;4;1.2001266669387352E7
376;1388;4;1.2001266669387352E7
377;1392;4;1.2001266669387352E7
378;1399;7;1.2001266669387352E7
379;1401;2;1.2001266669387352E7
380;1405;4;1.2001266669387352E7
381;1412;7;1.2001266669387352E7
382;1413;1;1.2001266669387352E7
383;1418;5;1.2001266669387352E7
384;1421;3;1.2001266669387352E7
385;1422;1;1.2001266669387352E7
386;1427;5;1.2001266669387352E7
387;1428;1;1.2001266669387352E7
388;1429;1;1.2001266669387352E7
389;1433;4;1.2001266669387352E7
390;1434;1;1.2001266669387352E7
391;1437;3;1.2001266669387352E7
392;1439;2;1.2001266669387352E7
393;1445;6;1.2001266669387352E7
394;1450;5;1.2001266669387352E7
395;1456;6;1.2001266669387352E7
396;1459;3;1.2001266669387352E7
397;1462;3;1.2001266669387352E7
398;1467;5;1.2001266669387352E7
399;1467;0;1.2001266669387352E7
400;1468;1;1.2001266669387352E7
401;1470;2;1.2001266669387352E7
402;1473;3;1.2001266669387352E7
403;1474;1;1.2001266669387352E7
404;1475;1;1.2001266669387352E7
405;1478;3;1.2001266669387352E7
406;1481;3;1.2001266669387352E7
407;1485;4;1.2001266669387352E7
408;1487;2;1.2001266669387352E7
409;1490;3;1.2001266669387352E7
410;1494;4;1.2001266669387352E7
411;1495;1;1.2001266669387352E7
412;1498;3;1.2001266669387352E7
413;1500;2;1.2001266669387352E7
414;1501;1;1.2001266669387352E7
415;1504;3;1.2001266669387352E7
416;1504;0;1.2001266669387352E7
417;1506;2;1.2001266669387352E7
418;1507;1;1.2001266669387352E7
419;1511;4;1.2001266669387352E7
420;1513;2;1.2001266669387352E7
421;1514;1;1.2001266669387352E7
422;1515;1;1.2001266669387352E7
423;1518;3;1.2001209483885402E7
424;1520;2;1.2001209483885402E7
425;1522;2;1.2001209483885402E7
426;1525;3;1.2001209483885402E7
427;1526;1;1.2001209483885402E7
428;1528;2;1.1001332175837342E7
429;1532;4;1.1001332175837342E7
430;1535;3;1.1001332175837342E7
431;1539;4;1.1001332175837342E7
432;1543;4;1.1001332175837342E7
433;1549;6;1.1001332175837342E7
434;1553;4;1.1001332175837342E7
435;1558;5;1.1001332175837342E7
436;1560;2;1.1001332175837342E7
437;1565;5;1.1001332175837342E7
438;1566;1;1.1001332175837342E7
439;1569;3;1.1001332175837342E7
440;1575;6;1.1001332175837342E7
441;1577;2;1.1001332175837342E7
442;1580;3;1.1001332175837342E7
443;1583;3;1.1001332175837342E7
444;1587;4;1.1001332175837342E7
445;1591;4;1.1001332175837342E7
446;1598;7;1.1001332175837342E7
447;1601;3;1.1001332175837342E7
448;1605;4;1.1001332175837342E7
449;1607;2;1.1001332175837342E7
450;1612;5;1.1001332175837342E7
451;1613;1;1.1001332175837342E7
452;1617;4;1.1001332175837342E7
453;1620;3;1.1001332175837342E7
454;1622;2;1.1001332175837342E7
455;1625;3;1.1001332175837342E7
456;1628;3;1.1001332175837342E7
457;1631;3;1.1001332175837342E7
458;1632;1;1.1001332175837342E7
459;1635;3;1.1001332175837342E7
460;1638;3;1.1001332175837342E7
461;1645;7;1.1001332175837342E7
462;1650;5;1.1001332175837342E7
463;1655;5;1.1001332175837342E7
464;1659;4;1.1001332175837342E7
465;1664;5;1.1001332175837342E7
466;1669;5;1.1001332175837342E7
467;1673;4;1.1001332175837342E7
468;1678;5;1.1001332175837342E7
469;1682;4;1.1001332175837342E7
470;1687;5;1.1001332175837342E7
471;1690;3;1.1001332175837342E7
472;1694;4;1.1001332175837342E7
473;1699;5;1.1001332175837342E7
474;1703;4;1.1001332175837342E7
475;1707;4;1.1001332175837342E7
476;1712;5;1.1001332175837342E7
477;1717;5;1.1001332175837342E7
478;1721;4;1.1001332175837342E7
479;1722;1;1.1001332175837342E7
480;1727;5;1.1001332175837342E7
481;1732;5;1.1001332175837342E7
482;1734;2;1.1001332175837342E7
483;1739;5;1.1001332175837342E7
484;1744;5;1.1001332175837342E7
485;1750;6;1.1001332175837342E7
486;1752;2;1.1001332175837342E7
487;1755;3;1.1001332175837342E7
488;1762;7;1.1001332175837342E7
489;1765;3;1.1001332175837342E7
490;1779;14;1.1001332175837342E7
491;1784;5;1.1001332175837342E7
492;1790;6;1.1001332175837342E7
493;1794;4;1.1001332175837342E7
494;1800;6;1.1001332175837342E7
495;1801;1;1.1001332175837342E7
496;1804;3;1.1001332175837342E7
497;1810;6;1.1001332175837342E7
498;1815;5;1.1001332175837342E7
499;1816;1;1.1001332175837342E7
500;1819;3;1.1001332175837342E7
501;1824;5;1.1001332175837342E7
502;1826;2;1.1001332175837342E7
503;1829;3;1.1001332175837342E7
504;1833;4;1.1001332175837342E7
505;1836;3;1.1001332175837342E7
506;1840;4;1.1001332175837342E7
507;1849;9;1.1001332175837342E7
508;1856;7;1.1001332175837342E7
509;1858;2;1.1001332175837342E7
510;1861;3;1.1001332175837342E7
511;1863;2;1.1001332175837342E7
512;1866;3;1.1001332175837342E7
513;1869;3;1.1001332175837342E7
514;1872;3;1.1001332175837342E7
515;1874;2;1.1001332175837342E7
516;1876;2;1.1001332175837342E7
517;1878;2;1.1001332175837342E7
518;1881;3;1.1001332175837342E7
519;1884;3;1.1001332175837342E7
520;1888;4;1.1001332175837342E7
521;1892;4;1.1001332175837342E7
522;1894;2;1.1001332175837342E7
523;1896;2;1.1001332175837342E7
524;1900;4;1.1001332175837342E7
525;1902;2;1.1001332175837342E7
526;1904;2;1.1001332175837342E7
527;1907;3;1.1001332175837342E7
528;1909;2;1.1001332175837342E7
529;1910;1;1.1001332175837342E7
530;1913;3;1.1001332175837342E7
531;1914;1;1.1001332175837342E7
532;1916;2;1.1001332175837342E7
533;1919;3;1.1001332175837342E7
534;1920;1;1.1001332175837342E7
535;1922;2;1.1001332175837342E7
536;1923;1;1.1001332175837342E7
537;1926;3;1.1001332175837342E7
538;1928;2;1.1001332175837342E7
539;1930;2;1.1001332175837342E7
540;1933;3;1.1001332175837342E7
541;1936;3;1.1001332175837342E7
542;1940;4;1.1001332175837342E7
543;1942;2;1.1001332175837342E7
544;1943;1;1.1001332175837342E7
545;1950;7;1.1001332175837342E7
546;1956;6;1.1001332175837342E7
547;1958;2;1.1001332175837342E7
548;1961;3;1.1001332175837342E7
549;1963;2;1.1001332175837342E7
550;1965;2;1.1001332175837342E7
551;1969;4;1.1001332175837342E7
552;1971;2;1.1001332175837342E7
553;1974;3;1.1001332175837342E7
554;1975;1;1.1001332175837342E7
555;1978;3;1.1001332175837342E7
556;1981;3;1.1001332175837342E7
557;1983;2;1.1001332175837342E7
558;1986;3;1.1001332175837342E7
559;1989;3;1.1001332175837342E7
560;1990;1;1.1001332175837342E7
561;1993;3;1.1001332175837342E7
562;1994;1;1.1001332175837342E7
563;1997;3;1.1001332175837342E7
564;1998;1;1.1001332175837342E7
565;1999;1;1.1001332175837342E7
566;2002;3;1.1001332175837342E7
567;2003;1;1.1001332175837342E7
568;2004;1;1.1001332175837342E7
569;2007;3;1.1001332175837342E7
570;2009;2;1.1001332175837342E7
571;2010;1;1.1001332175837342E7
572;2013;3;1.1001332175837342E7
573;2015;2;1.1001332175837342E7
574;2018;3;1.1001332175837342E7
575;2020;2;1.1001332175837342E7
576;2021;1;1.1001332175837342E7
577;2025;4;1.1001332175837342E7
578;2028;3;1.1001332175837342E7
579;2032;4;1.1001332175837342E7
580;2034;2;1.1001332175837342E7
581;2037;3;1.1001332175837342E7
582;2040;3;1.1001332175837342E7
583;2043;3;1.1001332175837342E7
584;2044;1;1.1001332175837342E7
585;2049;5;1.1001332175837342E7
586;2052;3;1.1001332175837342E7
587;2055;3;1.1001332175837342E7
588;2057;2;1.1001332175837342E7
589;2059;2;1.1001332175837342E7
590;2062;3;1.1001332175837342E7
591;2065;3;1.1001332175837342E7
592;2068;3;1.1001332175837342E7
593;2071;3;1.1001332175837342E7
594;2073;2;1.1001332175837342E7
595;2076;3;1.1001332175837342E7
596;2079;3;1.1001332175837342E7
597;2080;1;1.1001332175837342E7
598;2083;3;1.1001332175837342E7
599;2086;3;1.1001332175837342E7
600;2090;4;1.1001332175837342E7
601;2092;2;1.1001332175837342E7
602;2095;3;1.1001332175837342E7
603;2096;1;1.1001332175837342E7
604;2099;3;1.1001332175837342E7
605;2102;3;1.1001332175837342E7
606;2103;1;1.1001332175837342E7
607;2107;4;1.1001332175837342E7
608;2108;1;1.1001332175837342E7
609;2113;5;1.1001332175837342E7
610;2119;6;1.1001332175837342E7
611;2124;5;1.1001332175837342E7
612;2129;5;1.1001332175837342E7
613;2136;7;1.1001332175837342E7
614;2140;4;1.1001332175837342E7
615;2152;12;1.1001332175837342E7
616;2164;12;1.1001332175837342E7
617;2173;9;1.1001332175837342E7
618;2174;1;1.1001332175837342E7
619;2181;7;1.1001332175837342E7
620;2182;1;1.1001332175837342E7
621;2186;4;1.1001332175837342E7
622;2192;6;1.1001332175837342E7
623;2197;5;1.1001332175837342E7
624;2204;7;1.1001332175837342E7
625;2209;5;1.1001332175837342E7
626;2211;2;1.1001332175837342E7
627;2223;12;1.1001332175837342E7
628;2234;11;1.1001332175837342E7
629;2240;6;1.1001332175837342E7
630;2245;5;1.1001332175837342E7
631;2250;5;1.1001332175837342E7
632;2255;5;1.1001332175837342E7
633;2262;7;1.1001332175837342E7
634;2265;3;1.1001332175837342E7
635;2266;1;1.1001332175837342E7
636;2269;3;1.1001332175837342E7
637;2270;1;1.1001332175837342E7
638;2271;1;1.1001332175837342E7
639;2274;3;1.1001332175837342E7
640;2277;3;1.1001332175837342E7
641;2280;3;1.1001332175837342E7
642;2281;1;1.1001332175837342E7
643;2285;4;1.1001332175837342E7
644;2292;7;1.1001332175837342E7
645;2295;3;1.1001332175837342E7
646;2296;1;1.1001332175837342E7
647;2299;3;1.1001332175837342E7
648;2304;5;1.1001332175837342E7
649;2308;4;1.1001332175837342E7
650;2309;1;1.1001332175837342E7
651;2310;1;1.1001332175837342E7
652;2310;0;1.1001332175837342E7
653;2312;2;1.1001332175837342E7
654;2314;2;1.1001332175837342E7
655;2317;3;1.1001332175837342E7
656;2319;2;1.1001332175837342E7
657;2319;0;1.1001332175837342E7
658;2322;3;1.1001332175837342E7
659;2325;3;1.1001332175837342E7
660;2326;1;1.1001332175837342E7
661;2327;1;1.1001332175837342E7
662;2329;2;1.1001332175837342E7
663;2331;2;1.1001332175837342E7
664;2333;2;1.1001332175837342E7
665;2334;1;1.1001332175837342E7
666;2336;2;1.1001332175837342E7
667;2339;3;1.1001332175837342E7
668;2344;5;1.1001332175837342E7
669;2346;2;1.1001332175837342E7
670;2349;3;1.1001332175837342E7
671;2353;4;1.1001332175837342E7
672;2356;3;1.1001332175837342E7
673;2358;2;1.1001332175837342E7
674;2359;1;1.1001332175837342E7
675;2362;3;1.1001332175837342E7
676;2365;3;1.1001332175837342E7
677;2366;1;1.1001332175837342E7
678;2368;2;1.1001332175837342E7
679;2372;4;1.1001332175837342E7
680;2373;1;1.1001332175837342E7
681;2376;3;1.1001332175837342E7
682;2379;3;1.1001332175837342E7
683;2382;3;1.1001332175837342E7
684;2383;1;1.1001332175837342E7
685;2386;3;1.1001332175837342E7
686;2387;1;1.1001332175837342E7
687;2390;3;1.1001332175837342E7
688;2393;3;1.1001332175837342E7
689;2393;0;1.1001332175837342E7
690;2396;3;1.1001332175837342E7
691;2398;2;1.1001332175837342E7
692;2400;2;1.1001332175837342E7
693;2403;3;1.1001332175837342E7
694;2405;2;1.1001332175837342E7
695;2408;3;1.1001332175837342E7
696;2410;2;1.1001332175837342E7
697;2413;3;1.1001332175837342E7
698;2418;5;1.1001332175837342E7
699;2427;9;1.1001332175837342E7
700;2431;4;1.1001332175837342E7
701;2432;1;1.1001332175837342E7
702;2436;4;1.1001332175837342E7
703;2437;1;1.1001332175837342E7
704;2441;4;1.1001332175837342E7
705;2442;1;1.1001332175837342E7
706;2447;5;1.1001332175837342E7
707;2450;3;1.1001332175837342E7
708;2451;1;1.1001332175837342E7
709;2455;4;1.1001332175837342E7
710;2455;0;1.1001332175837342E7
711;2459;4;1.1001332175837342E7
712;2462;3;1.1001332175837342E7
713;2463;1;1.1001332175837342E7
714;2465;2;1.1001332175837342E7
715;2467;2;1.1001332175837342E7
716;2470;3;1.1001332175837342E7
717;2472;2;1.1001332175837342E7
718;2474;2;1.1001332175837342E7
719;2477;3;1.1001332175837342E7
720;2481;4;1.1001332175837342E7
721;2483;2;1.1001332175837342E7
722;2486;3;1.1001332175837342E7
723;2489;3;1.1001332175837342E7
724;2491;2;1.1001332175837342E7
725;2492;1;1.1001332175837342E7
726;2494;2;1.1001332175837342E7
727;2497;3;1.1001332175837342E7
728;2499;2;1.1001332175837342E7
729;2502;3;1.1001332175837342E7
730;2503;1;1.1001332175837342E7
731;2503;0;1.1001332175837342E7
732;2505;2;1.1001332175837342E7
733;2508;3;1.1001332175837342E7
734;2510;2;1.1001332175837342E7
735;2513;3;1.1001332175837342E7
736;2516;3;1.1001332175837342E7
737;2517;1;1.1001332175837342E7
738;2519;2;1.1001332175837342E7
739;2521;2;1.1001332175837342E7
740;2523;2;1.1001332175837342E7
741;2526;3;1.1001332175837342E7
742;2530;4;1.1001332175837342E7
743;2533;3;1.1001332175837342E7
744;2533;0;1.1001332175837342E7
745;2544;11;1.1001332175837342E7
746;2549;5;1.1001332175837342E7
747;2550;1;1.1001332175837342E7
748;2555;5;1.1001332175837342E7
749;2561;6;1.1001332175837342E7
750;2564;3;1.1001332175837342E7
751;2568;4;1.1001332175837342E7
752;2572;4;1.1001332175837342E7
753;2577;5;1.1001332175837342E7
754;2579;2;1.1001332175837342E7
755;2582;3;1.1001332175837342E7
756;2584;2;1.1001332175837342E7
757;2587;3;1.1001332175837342E7
758;2589;2;1.1001332175837342E7
759;2593;4;1.1001332175837342E7
760;2597;4;1.1001332175837342E7
761;2600;3;1.1001332175837342E7
762;2603;3;1.1001332175837342E7
763;2606;3;1.1001332175837342E7
764;2610;4;1.1001332175837342E7
765;2611;1;1.1001332175837342E7
766;2614;3;1.1001332175837342E7
767;2616;2;1.1001332175837342E7
768;2620;4;1.1001332175837342E7
769;2620;0;1.1001332175837342E7
770;2623;3;1.1001332175837342E7
771;2625;2;1.1001332175837342E7
772;2626;1;1.1001332175837342E7
773;2627;1;1.1001332175837342E7
774;2630;3;1.1001332175837342E7
775;2632;2;1.1001332175837342E7
776;2635;3;1.1001332175837342E7
777;2637;2;1.1001332175837342E7
778;2638;1;1.1001332175837342E7
779;2641;3;1.1001332175837342E7
780;2644;3;1.1001332175837342E7
781;2644;0;1.1001332175837342E7
782;2648;4;1.1001332175837342E7
783;2651;3;1.1001332175837342E7
784;2653;2;1.1001332175837342E7
785;2657;4;1.1001332175837342E7
786;2657;0;1.1001332175837342E7
787;2658;1;1.1001332175837342E7
788;2658;0;1.1001332175837342E7
789;2661;3;1.1001332175837342E7
790;2664;3;1.1001332175837342E7
791;2666;2;1.1001332175837342E7
792;2667;1;1.1001332175837342E7
793;2668;1;1.1001332175837342E7
794;2669;1;1.1001332175837342E7
795;2672;3;1.1001332175837342E7
796;2673;1;1.1001332175837342E7
797;2676;3;1.1001332175837342E7
798;2679;3;1.1001332175837342E7
799;2680;1;1.1001332175837342E7
800;2683;3;1.1001332175837342E7
801;2684;1;1.1001332175837342E7
802;2685;1;1.1001332175837342E7
803;2688;3;1.1001332175837342E7
804;2690;2;1.1001332175837342E7
805;2692;2;1.1001332175837342E7
806;2696;4;1.1001332175837342E7
807;2696;0;1.1001332175837342E7
808;2697;1;1.1001332175837342E7
809;2699;2;1.1001332175837342E7
810;2701;2;1.1001332175837342E7
811;2704;3;1.1001332175837342E7
812;2706;2;1.1001332175837342E7
813;2709;3;1.1001332175837342E7
814;2712;3;1.1001332175837342E7
815;2716;4;1.1001332175837342E7
816;2716;0;1.1001332175837342E7
817;2719;3;1.1001332175837342E7
818;2719;0;1.1001332175837342E7
819;2721;2;1.1001332175837342E7
820;2721;0;1.1001332175837342E7
821;2724;3;1.1001332175837342E7
822;2726;2;1.1001332175837342E7
823;2727;1;1.1001332175837342E7
824;2730;3;1.1001332175837342E7
825;2732;2;1.1001332175837342E7
826;2735;3;1.1001332175837342E7
827;2738;3;1.1001332175837342E7
828;2739;1;1.1001332175837342E7
829;2741;2;1.1001332175837342E7
830;2743;2;1.1001332175837342E7
831;2748;5;1.1001332175837342E7
832;2749;1;1.1001332175837342E7
833;2751;2;1.1001332175837342E7
834;2755;4;1.1001332175837342E7
835;2757;2;1.1001332175837342E7
836;2758;1;1.1001332175837342E7
837;2760;2;1.1001332175837342E7
838;2762;2;1.1001332175837342E7
839;2765;3;1.1001332175837342E7
840;2766;1;1.1001332175837342E7
841;2768;2;1.1001332175837342E7
842;2772;4;1.1001332175837342E7
843;2775;3;1.1001332175837342E7
844;2780;5;1.1001332175837342E7
845;2782;2;1.1001332175837342E7
846;2784;2;1.1001332175837342E7
847;2787;3;1.1001332175837342E7
848;2789;2;1.1001332175837342E7
849;2793;4;1.1001332175837342E7
850;2796;3;1.1001332175837342E7
851;2799;3;1.1001332175837342E7
852;2802;3;1.1001332175837342E7
853;2806;4;1.1001332175837342E7
854;2812;6;1.1001332175837342E7
855;2814;2;1.1001332175837342E7
856;2815;1;1.1001332175837342E7
857;2817;2;1.1001332175837342E7
858;2821;4;1.1001332175837342E7
859;2821;0;1.1001332175837342E7
860;2824;3;1.1001332175837342E7
861;2827;3;1.1001332175837342E7
862;2829;2;1.1001332175837342E7
863;2832;3;1.1001332175837342E7
864;2836;4;1.1001332175837342E7
865;2839;3;1.1001332175837342E7
866;2842;3;1.1001332175837342E7
867;2846;4;1.1001332175837342E7
868;2850;4;1.1001332175837342E7
869;2856;6;1.1001332175837342E7
870;2858;2;1.1001332175837342E7
871;2861;3;1.1001332175837342E7
872;2865;4;1.1001332175837342E7
873;2868;3;1.1001332175837342E7
874;2869;1;1.1001332175837342E7
875;2872;3;1.1001332175837342E7
876;2875;3;1.1001332175837342E7
877;2881;6;1.1001332175837342E7
878;2885;4;1.1001332175837342E7
879;2890;5;1.1001332175837342E7
880;2894;4;1.1001332175837342E7
881;2900;6;1.1001332175837342E7
882;2903;3;1.1001332175837342E7
883;2904;1;1.1001332175837342E7
884;2908;4;1.1001332175837342E7
885;2913;5;1.1001332175837342E7
886;2918;5;1.1001332175837342E7
887;2924;6;1.1001293937490994E7
888;2931;7;1.1001293937490994E7
889;2932;1;1.1001293937490994E7
890;2935;3;1.1001293937490994E7
891;2938;3;1.1001293937490994E7
892;2941;3;1.1001293937490994E7
893;2945;4;1.1001293937490994E7
894;2947;2;1.1001293937490994E7
895;2955;8;1.1001293937490994E7
896;2963;8;1.1001293937490994E7
897;2964;1;1.1001293937490994E7
898;2964;0;1.1001293937490994E7
899;2966;2;1.1001293937490994E7
900;2970;4;1.1001247238826511E7
901;2974;4;1.1001230985827811E7
902;2975;1;1.1001230985827811E7
903;2979;4;1.1001230985827811E7
904;2984;5;1.1001230985827811E7
905;2987;3;1.1001230985827811E7
906;2990;3;1.1001230985827811E7
907;2992;2;1.1001230985827811E7
908;2997;5;1.1001230985827811E7
909;3002;5;1.1001230985827811E7
910;3005;3;1.1001230985827811E7
911;3011;6;1.1001230985827811E7
912;3015;4;1.1001230985827811E7
913;3017;2;1.1001230985827811E7
914;3022;5;1.1001230985827811E7
915;3023;1;1.1001230985827811E7
916;3026;3;1.1001230985827811E7
917;3032;6;1.1001230985827811E7
918;3035;3;1.1001230985827811E7
919;3039;4;1.1001230985827811E7
920;3043;4;1.1001230985827811E7
921;3045;2;1.1001230985827811E7
922;3050;5;1.1001230985827811E7
923;3054;4;1.1001230985827811E7
924;3058;4;1.1001230985827811E7
925;3062;4;1.1001230985827811E7
926;3066;4;1.1001230985827811E7
927;3071;5;1.1001230985827811E7
928;3074;3;1.1001230985827811E7
929;3075;1;1.1001230985827811E7
930;3080;5;1.1001230985827811E7
931;3086;6;1.1001230985827811E7
932;3090;4;1.1001230985827811E7
933;3093;3;1.1001230985827811E7
934;3095;2;1.1001230985827811E7
935;3097;2;1.1001230985827811E7
936;3101;4;1.1001230985827811E7
937;3104;3;1.1001230985827811E7
938;3105;1;1.1001230985827811E7
939;3108;3;1.1001230985827811E7
940;3111;3;1.1001230985827811E7
941;3113;2;1.1001230985827811E7
942;3116;3;1.1001230985827811E7
943;3120;4;1.1001230985827811E7
944;3125;5;1.1001230985827811E7
945;3128;3;1.1001230985827811E7
946;3132;4;1.1001230985827811E7
947;3134;2;1.1001192004341338E7
948;3135;1;1.1001192004341338E7
949;3138;3;1.1001192004341338E7
950;3147;9;1.1001192004341338E7
951;3151;4;1.1001192004341338E7
952;3154;3;1.1001192004341338E7
953;3155;1;1.1001192004341338E7
954;3159;4;1.1001192004341338E7
955;3166;7;1.1001192004341338E7
956;3169;3;1.1001192004341338E7
957;3171;2;1.1001192004341338E7
958;3176;5;1.1001192004341338E7
959;3177;1;1.1001192004341338E7
960;3182;5;1.1001192004341338E7
961;3187;5;1.1001192004341338E7
962;3192;5;1.1001192004341338E7
963;3195;3;1.1001192004341338E7
964;3200;5;1.1001192004341338E7
965;3206;6;1.1001192004341338E7
966;3209;3;1.1001192004341338E7
967;3214;5;1.1001192004341338E7
968;3216;2;1.1001192004341338E7
969;3219;3;1.1001192004341338E7
970;3221;2;1.1001192004341338E7
971;3224;3;1.1001192004341338E7
972;3225;1;1.1001192004341338E7
973;3227;2;1.1001192004341338E7
974;3230;3;1.1001192004341338E7
975;3232;2;1.1001192004341338E7
976;3234;2;1.1001192004341338E7
977;3237;3;1.1001192004341338E7
978;3240;3;1.1001192004341338E7
979;3244;4;1.1001192004341338E7
980;3246;2;1.1001192004341338E7
981;3248;2;1.1001192004341338E7
982;3251;3;1.1001192004341338E7
983;3256;5;1.1001192004341338E7
984;3260;4;1.1001192004341338E7
985;3263;3;1.1001192004341338E7
986;3266;3;1.1001192004341338E7
987;3266;0;1.1001192004341338E7
988;3268;2;1.1001192004341338E7
989;3269;1;1.1001192004341338E7
990;3270;1;1.1001192004341338E7
991;3273;3;1.1001192004341338E7
992;3277;4;1.1001192004341338E7
993;3279;2;1.1001192004341338E7
994;3282;3;1.1001192004341338E7
995;3284;2;1.1001192004341338E7
996;3286;2;1.1001192004341338E7
997;3288;2;1.1001192004341338E7
998;3292;4;1.1001192004341338E7
999;3293;1;1.1001192004341338E7
1000;3296;3;1.1001192004341338E7
1001;3303;7;1.1001192004341338E7
1002;3307;4;1.1001192004341338E7
1003;3312;5;1.1001192004341338E7
1004;3317;5;1.1001192004341338E7
1005;3322;5;1.1001192004341338E7
1006;3325;3;1.1001192004341338E7
1007;3330;5;1.1001192004341338E7
1008;3335;5;1.1001192004341338E7
1009;3339;4;1.1001192004341338E7
1010;3340;1;1.1001192004341338E7
1011;3356;16;1.1001192004341338E7
1012;3369;13;1.1001192004341338E7
1013;3370;1;1.1001192004341338E7
1014;3372;2;1.1001192004341338E7
1015;3373;1;1.1001192004341338E7
1016;3375;2;1.1001192004341338E7
1017;3379;4;1.1001192004341338E7
1018;3380;1;1.1001192004341338E7
1019;3380;0;1.1001192004341338E7
1020;3387;7;1.1001192004341338E7
1021;3392;5;1.1001192004341338E7
1022;3397;5;1.1001192004341338E7
1023;3402;5;1.1001192004341338E7
1024;3406;4;1.1001192004341338E7
1025;3407;1;1.1001192004341338E7
1026;3410;3;1.1001192004341338E7
1027;3413;3;1.1001192004341338E7
1028;3428;15;1.1001192004341338E7
1029;3430;2;1.1001192004341338E7
1030;3431;1;1.1001192004341338E7
1031;3436;5;1.1001192004341338E7
1032;3438;2;1.1001192004341338E7
1033;3448;10;1.1001192004341338E7
1034;3459;11;1.1001192004341338E7
1035;3464;5;1.1001192004341338E7
1036;3470;6;1.1001192004341338E7
1037;3476;6;1.1001192004341338E7
1038;3477;1;1.1001192004341338E7
1039;3480;3;1.1001192004341338E7
1040;3484;4;1.1001192004341338E7
1041;3485;1;1.1001192004341338E7
1042;3489;4;1.1001192004341338E7
1043;3491;2;1.1001192004341338E7
1044;3494;3;1.1001192004341338E7
1045;3498;4;1.1001192004341338E7
1046;3501;3;1.1001192004341338E7
1047;3506;5;1.1001192004341338E7
1048;3510;4;1.1001192004341338E7
1049;3518;8;1.1001192004341338E7
1050;3521;3;1.1001192004341338E7
1051;3524;3;1.1001192004341338E7
1052;3526;2;1.1001192004341338E7
1053;3527;1;1.1001192004341338E7
1054;3535;8;1.1001192004341338E7
1055;3541;6;1.1001192004341338E7
1056;3543;2;1.1001192004341338E7
1057;3562;19;1.1001192004341338E7
1058;3566;4;1.1001192004341338E7
1059;3571;5;1.1001192004341338E7
1060;3581;10;1.1001192004341338E7
1061;3584;3;1.1001192004341338E7
1062;3587;3;1.1001192004341338E7
1063;3589;2;1.1001192004341338E7
1064;3595;6;1.1001192004341338E7
1065;3598;3;1.1001192004341338E7
1066;3600;2;1.1001192004341338E7
1067;3603;3;1.1001192004341338E7
1068;3606;3;1.1001192004341338E7
1069;3609;3;1.1001192004341338E7
1070;3611;2;1.1001192004341338E7
1071;3614;3;1.1001192004341338E7
1072;3616;2;1.1001192004341338E7
1073;3619;3;1.1001192004341338E7
1074;3622;3;1.1001192004341338E7
1075;3624;2;1.1001192004341338E7
1076;3626;2;1.1001192004341338E7
1077;3629;3;1.1001192004341338E7
1078;3633;4;1.1001192004341338E7
1079;3635;2;1.1001192004341338E7
1080;3637;2;1.1001192004341338E7
1081;3640;3;1.1001192004341338E7
1082;3642;2;1.1001192004341338E7
1083;3643;1;1.1001192004341338E7
1084;3646;3;1.1001192004341338E7
1085;3649;3;1.1001192004341338E7
1086;3651;2;1.1001192004341338E7
1087;3654;3;1.1001192004341338E7
1088;3657;3;1.1001192004341338E7
1089;3659;2;1.1001192004341338E7
1090;3663;4;1.1001192004341338E7
1091;3666;3;1.1001192004341338E7
1092;3669;3;1.1001192004341338E7
1093;3672;3;1.1001192004341338E7
1094;3675;3;1.1001192004341338E7
1095;3678;3;1.1001192004341338E7
1096;3680;2;1.1001192004341338E7
1097;3683;3;1.1001192004341338E7
1098;3685;2;1.1001192004341338E7
1099;3687;2;1.1001192004341338E7
1100;3689;2;1.1001192004341338E7
1101;3691;2;1.1001192004341338E7
1102;3695;4;1.1001192004341338E7
1103;3698;3;1.1001192004341338E7
1104;3700;2;1.1001192004341338E7
1105;3703;3;1.1001192004341338E7
1106;3706;3;1.1001192004341338E7
1107;3707;1;1.1001192004341338E7
1108;3709;2;1.1001192004341338E7
1109;3711;2;1.1001192004341338E7
1110;3714;3;1.1001192004341338E7
1111;3717;3;1.1001192004341338E7
1112;3718;1;1.1001192004341338E7
1113;3720;2;1.1001192004341338E7
1114;3721;1;1.1001192004341338E7
1115;3724;3;1.1001192004341338E7
1116;3726;2;1.1001192004341338E7
1117;3727;1;1.1001192004341338E7
1118;3731;4;1.1001192004341338E7
1119;3734;3;1.1001192004341338E7
1120;3736;2;1.1001192004341338E7
1121;3738;2;1.1001192004341338E7
1122;3739;1;1.1001192004341338E7
1123;3741;2;1.1001192004341338E7
1124;3744;3;1.1001192004341338E7
1125;3747;3;1.1001192004341338E7
1126;3747;0;1.1001192004341338E7
1127;3750;3;1.1001192004341338E7
1128;3752;2;1.1001192004341338E7
1129;3754;2;1.1001192004341338E7
1130;3757;3;1.1001192004341338E7
1131;3758;1;1.1001192004341338E7
1132;3761;3;1.1001192004341338E7
1133;3764;3;1.1001192004341338E7
1134;3768;4;1.1001192004341338E7
1135;3771;3;1.1001192004341338E7
1136;3774;3;1.1001192004341338E7
1137;3777;3;1.1001192004341338E7
1138;3780;3;1.1001192004341338E7
1139;3784;4;1.1001192004341338E7
1140;3786;2;1.1001192004341338E7
1141;3789;3;1.1001192004341338E7
1142;3791;2;1.1001192004341338E7
1143;3792;1;1.1001192004341338E7
1144;3794;2;1.1001192004341338E7
1145;3797;3;1.1001192004341338E7
1146;3800;3;1.1001192004341338E7
1147;3803;3;1.1001192004341338E7
1148;3806;3;1.1001192004341338E7
1149;3809;3;1.1001192004341338E7
1150;3812;3;1.1001192004341338E7
1151;3813;1;1.1001192004341338E7
1152;3815;2;1.1001192004341338E7
1153;3818;3;1.1001192004341338E7
1154;3820;2;1.1001192004341338E7
1155;3822;2;1.1001192004341338E7
1156;3824;2;1.1001192004341338E7
1157;3825;1;1.1001192004341338E7
1158;3826;1;1.1001192004341338E7
1159;3830;4;1.1001192004341338E7
1160;3832;2;1.1001192004341338E7
1161;3835;3;1.1001192004341338E7
1162;3838;3;1.1001192004341338E7
1163;3841;3;1.1001192004341338E7
1164;3843;2;1.1001192004341338E7
1165;3849;6;1.1001192004341338E7
1166;3851;2;1.1001192004341338E7
1167;3854;3;1.1001192004341338E7
1168;3856;2;1.1001192004341338E7
1169;3860;4;1.1001192004341338E7
1170;3862;2;1.1001192004341338E7
1171;3865;3;1.1001192004341338E7
1172;3867;2;1.1001192004341338E7
1173;3870;3;1.1001192004341338E7
1174;3874;4;1.1001192004341338E7
1175;3874;0;1.1001192004341338E7
1176;3877;3;1.1001192004341338E7
1177;3882;5;1.1001192004341338E7
1178;3886;4;1.1001192004341338E7
1179;3890;4;1.1001192004341338E7
1180;3894;4;1.1001192004341338E7
1181;3897;3;1.1001192004341338E7
1182;3901;4;1.1001192004341338E7
1183;3902;1;1.1001192004341338E7
1184;3906;4;1.1001192004341338E7
1185;3910;4;1.1001192004341338E7
1186;3916;6;1.1001192004341338E7
1187;3920;4;1.1001192004341338E7
1188;3924;4;1.1001192004341338E7
1189;3927;3;1.1001192004341338E7
1190;3930;3;1.1001192004341338E7
1191;3943;13;1.1001192004341338E7
1192;3945;2;1.1001192004341338E7
1193;3949;4;1.1001192004341338E7
1194;3952;3;1.1001192004341338E7
1195;3955;3;1.1001192004341338E7
1196;3956;1;1.1001192004341338E7
1197;3959;3;1.1001192004341338E7
1198;3960;1;1.1001192004341338E7
1199;3963;3;1.1001192004341338E7
1200;3967;4;1.1001192004341338E7
1201;3970;3;1.1001192004341338E7
1202;3978;8;1.1001192004341338E7
1203;3981;3;1.1001192004341338E7
1204;3984;3;1.1001192004341338E7
1205;3988;4;1.1001192004341338E7
1206;3993;5;1.1001192004341338E7
1207;3997;4;1.1001192004341338E7
1208;4000;3;1.1001192004341338E7
1209;4002;2;1.1001192004341338E7
1210;4004;2;1.1001192004341338E7
1211;4006;2;1.1001192004341338E7
1212;4009;3;1.1001192004341338E7
1213;4012;3;1.1001192004341338E7
1214;4015;3;1.1001192004341338E7
1215;4016;1;1.1001192004341338E7
1216;4017;1;1.1001192004341338E7
1217;4017;0;1.1001192004341338E7
1218;4020;3;1.1001192004341338E7
1219;4026;6;1.1001192004341338E7
1220;4030;4;1.1001192004341338E7
1221;4033;3;1.1001192004341338E7
1222;4037;4;1.1001192004341338E7
1223;4039;2;1.1001192004341338E7
1224;4040;1;1.1001192004341338E7
1225;4041;1;1.1001192004341338E7
1226;4044;3;1.1001192004341338E7
1227;4048;4;1.1001192004341338E7
1228;4048;0;1.1001192004341338E7
1229;4050;2;1.1001192004341338E7
1230;4054;4;1.1001192004341338E7
1231;4055;1;1.1001192004341338E7
1232;4058;3;1.1001192004341338E7
1233;4060;2;1.1001192004341338E7
1234;4063;3;1.1001192004341338E7
1235;4065;2;1.1001192004341338E7
1236;4066;1;1.1001192004341338E7
1237;4068;2;1.1001192004341338E7
1238;4071;3;1.1001192004341338E7
1239;4078;7;1.1001192004341338E7
1240;4081;3;1.1001192004341338E7
1241;4083;2;1.1001192004341338E7
1242;4086;3;1.100118322199106E7
1243;4088;2;1.100118322199106E7
1244;4091;3;1.100118322199106E7
1245;4098;7;1.100118322199106E7
1246;4100;2;1.100118322199106E7
1247;4100;0;1.100118322199106E7
1248;4104;4;1.100118322199106E7
1249;4105;1;1.100118322199106E7
1250;4106;1;1.100118322199106E7
1251;4110;4;1.100118322199106E7
1252;4114;4;1.100118322199106E7
1253;4119;5;1.100118322199106E7
1254;4122;3;1.100118322199106E7
1255;4124;2;1.100118322199106E7
1256;4125;1;1.100118322199106E7
1257;4129;4;1.100118322199106E7
1258;4133;4;1.100118322199106E7
1259;4135;2;1.100118322199106E7
1260;4137;2;1.100118322199106E7
1261;4141;4;1.100118322199106E7
1262;4146;5;1.100118322199106E7
1263;4147;1;1.100118322199106E7
1264;4148;1;1.100118322199106E7
1265;4152;4;1.100118322199106E7
1266;4153;1;1.100118322199106E7
1267;4155;2;1.100118322199106E7
1268;4166;11;1.100118322199106E7
1269;4169;3;1.100118322199106E7
1270;4171;2;1.100118322199106E7
1271;4177;6;1.100118322199106E7
1272;4179;2;1.100118322199106E7
1273;4181;2;1.100118322199106E7
1274;4183;2;1.100118322199106E7
1275;4185;2;1.100118322199106E7
1276;4189;4;1.100118322199106E7
1277;4191;2;1.100118322199106E7
1278;4194;3;1.100118322199106E7
1279;4197;3;1.100118322199106E7
1280;4198;1;1.100118322199106E7
1281;4199;1;1.100118322199106E7
1282;4200;1;1.100118322199106E7
1283;4203;3;1.100118322199106E7
1284;4204;1;1.100118322199106E7
1285;4207;3;1.100118322199106E7
1286;4209;2;1.100118322199106E7
1287;4212;3;1.100118322199106E7
1288;4213;1;1.100118322199106E7
1289;4216;3;1.100118322199106E7
1290;4218;2;1.100118322199106E7
1291;4220;2;1.100118322199106E7
1292;4223;3;1.100118322199106E7
1293;4226;3;1.100118322199106E7
1294;4230;4;1.100118322199106E7
1295;4231;1;1.100118322199106E7
1296;4234;3;1.100118322199106E7
1297;4236;2;1.100118322199106E7
1298;4238;2;1.100118322199106E7
1299;4240;2;1.100118322199106E7
1300;4243;3;1.100118322199106E7
1301;4243;0;1.100118322199106E7
1302;4245;2;1.100118322199106E7
1303;4245;0;1.100118322199106E7
1304;4248;3;1.100118322199106E7
1305;4250;2;1.100118322199106E7
1306;4253;3;1.100118322199106E7
1307;4256;3;1.100118322199106E7
1308;4259;3;1.100118322199106E7
1309;4260;1;1.100118322199106E7
1310;4263;3;1.100118322199106E7
1311;4265;2;1.100118322199106E7
1312;4267;2;1.100118322199106E7
1313;4267;0;1.100118322199106E7
1314;4271;4;1.100118322199106E7
1315;4274;3;1.100118322199106E7
1316;4275;1;1.100118322199106E7
1317;4279;4;1.100118322199106E7
1318;4280;1;1.100118322199106E7
1319;4283;3;1.100118322199106E7
1320;4285;2;1.100118322199106E7
1321;4287;2;1.100118322199106E7
1322;4289;2;1.100118322199106E7
1323;4294;5;1.100118322199106E7
1324;4296;2;1.100118322199106E7
1325;4298;2;1.100118322199106E7
1326;4302;4;1.100118322199106E7
1327;4303;1;1.100118322199106E7
1328;4308;5;1.100118322199106E7
1329;4310;2;1.100118322199106E7
1330;4313;3;1.100118322199106E7
1331;4313;0;1.100118322199106E7
1332;4316;3;1.100118322199106E7
1333;4319;3;1.100118322199106E7
1334;4319;0;1.100118322199106E7
1335;4320;1;1.100118322199106E7
1336;4322;2;1.100118322199106E7
1337;4324;2;1.100118322199106E7
1338;4326;2;1.100118322199106E7
1339;4329;3;1.100118322199106E7
1340;4332;3;1.100118322199106E7
1341;4332;0;1.100118322199106E7
1342;4336;4;1.100118322199106E7
1343;4340;4;1.100118322199106E7
1344;4342;2;1.100118322199106E7
1345;4344;2;1.100118322199106E7
1346;4348;4;1.100118322199106E7
1347;4351;3;1.100118322199106E7
1348;4352;1;1.100118322199106E7
1349;4358;6;1.100118322199106E7
1350;4363;5;1.100118322199106E7
1351;4368;5;1.100118322199106E7
1352;4370;2;1.100118322199106E7
1353;4374;4;1.100118322199106E7
1354;4379;5;1.100118322199106E7
1355;4380;1;1.100118322199106E7
1356;4383;3;1.100118322199106E7
1357;4385;2;1.100118322199106E7
1358;4389;4;1.100118322199106E7
1359;4391;2;1.100118322199106E7
1360;4396;5;1.100118322199106E7
1361;4398;2;1.100118322199106E7
1362;4399;1;1.100118322199106E7
1363;4399;0;1.100118322199106E7
1364;4400;1;1.100118322199106E7
1365;4402;2;1.100118322199106E7
1366;4402;0;1.100118322199106E7
1367;4406;4;1.100118322199106E7
1368;4408;2;1.100118322199106E7
1369;4409;1;1.100118322199106E7
1370;4411;2;1.100118322199106E7
1371;4413;2;1.100118322199106E7
1372;4414;1;1.100118322199106E7
1373;4415;1;1.100118322199106E7
1374;4416;1;1.100118322199106E7
1375;4418;2;1.100118322199106E7
1376;4422;4;1.100118322199106E7
1377;4424;2;1.100118322199106E7
1378;4427;3;1.100118322199106E7
1379;4430;3;1.100118322199106E7
1380;4434;4;1.100118322199106E7
1381;4438;4;1.100118322199106E7
1382;4440;2;1.100118322199106E7
1383;4444;4;1.100118322199106E7
1384;4446;2;1.100118322199106E7
1385;4460;14;1.100118322199106E7
1386;4464;4;1.100118322199106E7
1387;4469;5;1.100118322199106E7
1388;4472;3;1.100118322199106E7
1389;4482;10;1.100118322199106E7
1390;4487;5;1.100118322199106E7
1391;4492;5;1.100118322199106E7
1392;4496;4;1.100118322199106E7
1393;4498;2;1.100118322199106E7
1394;4498;0;1.100118322199106E7
1395;4501;3;1.100118322199106E7
1396;4502;1;1.100118322199106E7
1397;4505;3;1.100118322199106E7
1398;4510;5;1.100118322199106E7
1399;4514;4;1.100118322199106E7
1400;4519;5;1.100118322199106E7
1401;4523;4;1.100118322199106E7
1402;4526;3;1.100118322199106E7
1403;4528;2;1.100118322199106E7
1404;4532;4;1.100118322199106E7
1405;4534;2;1.100118322199106E7
1406;4538;4;1.100118322199106E7
1407;4541;3;1.100118322199106E7
1408;4545;4;1.100118322199106E7
1409;4550;5;1.100118322199106E7
1410;4553;3;1.100118322199106E7
1411;4559;6;1.100118322199106E7
1412;4564;5;1.100118322199106E7
1413;4568;4;1.100118322199106E7
1414;4572;4;1.100118322199106E7
1415;4574;2;1.100118322199106E7
1416;4577;3;1.100118322199106E7
1417;4584;7;1.100118322199106E7
1418;4587;3;1.100118322199106E7
1419;4591;4;1.100118322199106E7
1420;4596;5;1.100118322199106E7
1421;4598;2;1.100118322199106E7
1422;4602;4;1.100118322199106E7
1423;4605;3;1.100118322199106E7
1424;4609;4;1.100118322199106E7
1425;4615;6;1.100118322199106E7
1426;4618;3;1.100118322199106E7
1427;4620;2;1.100118322199106E7
1428;4625;5;1.100118322199106E7
1429;4628;3;1.100118322199106E7
1430;4629;1;1.100118322199106E7
1431;4631;2;1.100118322199106E7
1432;4633;2;1.100118322199106E7
1433;4635;2;1.100118322199106E7
1434;4638;3;1.100118322199106E7
1435;4639;1;1.100118322199106E7
1436;4642;3;1.100118322199106E7
1437;4645;3;1.100118322199106E7
1438;4649;4;1.100118322199106E7
1439;4651;2;1.100118322199106E7
1440;4653;2;1.100118322199106E7
1441;4654;1;1.100118322199106E7
1442;4654;0;1.100118322199106E7
1443;4655;1;1.100118322199106E7
1444;4656;1;1.100118322199106E7
1445;4660;4;1.100118322199106E7
1446;4662;2;1.100118322199106E7
1447;4665;3;1.100118322199106E7
1448;4667;2;1.100118322199106E7
1449;4668;1;1.100118322199106E7
1450;4668;0;1.100118322199106E7
1451;4669;1;1.100118322199106E7
1452;4670;1;1.100118322199106E7
1453;4671;1;1.100118322199106E7
1454;4674;3;1.100118322199106E7
1455;4674;0;1.100118322199106E7
1456;4677;3;1.100118322199106E7
1457;4679;2;1.100118322199106E7
1458;4681;2;1.100118322199106E7
1459;4683;2;1.100118322199106E7
1460;4686;3;1.100118322199106E7
1461;4689;3;1.100118322199106E7
1462;4691;2;1.100118322199106E7
1463;4693;2;1.100118322199106E7
1464;4697;4;1.100118322199106E7
1465;4699;2;1.100118322199106E7
1466;4700;1;1.100118322199106E7
1467;4703;3;1.100118322199106E7
1468;4705;2;1.100118322199106E7
1469;4706;1;1.100118322199106E7
1470;4709;3;1.100118322199106E7
1471;4712;3;1.100118322199106E7
1472;4714;2;1.100118322199106E7
1473;4717;3;1.100118322199106E7
1474;4720;3;1.100118322199106E7
1475;4722;2;1.100118322199106E7
1476;4724;2;1.100118322199106E7
1477;4727;3;1.100118322199106E7
1478;4730;3;1.100118322199106E7
1479;4732;2;1.100118322199106E7
1480;4734;2;1.100118322199106E7
1481;4737;3;1.100118322199106E7
1482;4739;2;1.100118322199106E7
1483;4741;2;1.100118322199106E7
1484;4742;1;1.100118322199106E7
1485;4743;1;1.100118322199106E7
1486;4745;2;1.100118322199106E7
1487;4747;2;1.100118322199106E7
1488;4750;3;1.100118322199106E7
1489;4750;0;1.100118322199106E7
1490;4754;4;1.100118322199106E7
1491;4756;2;1.100118322199106E7
1492;4758;2;1.100118322199106E7
1493;4761;3;1.100118322199106E7
1494;4764;3;1.100118322199106E7
1495;4765;1;1.100118322199106E7
1496;4767;2;1.100118322199106E7
1497;4770;3;1.100118322199106E7
1498;4771;1;1.100118322199106E7
1499;4773;2;1.100118322199106E7
1500;4774;1;1.100118322199106E7
1501;4775;1;1.100118322199106E7
1502;4777;2;1.100118322199106E7
1503;4779;2;1.100118322199106E7
1504;4781;2;1.100118322199106E7
1505;4784;3;1.100118322199106E7
1506;4787;3;1.100118322199106E7
1507;4793;6;1.100118322199106E7
1508;4796;3;1.100118322199106E7
1509;4796;0;1.100118322199106E7
1510;4799;3;1.100118322199106E7
1511;4804;5;1.100118322199106E7
1512;4809;5;1.100118322199106E7
1513;4813;4;1.100118322199106E7
1514;4816;3;1.100118322199106E7
1515;4819;3;1.100118322199106E7
1516;4822;3;1.100118322199106E7
1517;4825;3;1.100118322199106E7
1518;4827;2;1.100118322199106E7
1519;4831;4;1.100118322199106E7
1520;4835;4;1.100118322199106E7
1521;4838;3;1.100118322199106E7
1522;4838;0;1.100118322199106E7
1523;4842;4;1.100118322199106E7
1524;4844;2;1.100118322199106E7
1525;4848;4;1.100118322199106E7
1526;4850;2;1.100118322199106E7
1527;4857;7;1.100118322199106E7
1528;4858;1;1.100118322199106E7
1529;4862;4;1.100118322199106E7
1530;4865;3;1.100118322199106E7
1531;4870;5;1.100118322199106E7
1532;4871;1;1.100118322199106E7
1533;4876;5;1.100118322199106E7
1534;4880;4;1.100118322199106E7
1535;4884;4;1.100118322199106E7
1536;4888;4;1.100118322199106E7
1537;4892;4;1.100118322199106E7
1538;4895;3;1.100118322199106E7
1539;4896;1;1.100118322199106E7
1540;4899;3;1.100118322199106E7
1541;4901;2;1.100118322199106E7
1542;4905;4;1.100118322199106E7
1543;4907;2;1.100118322199106E7
1544;4910;3;1.100118322199106E7
1545;4912;2;1.100118322199106E7
1546;4917;5;1.100118322199106E7
1547;4918;1;1.100118322199106E7
1548;4922;4;1.100118322199106E7
1549;4927;5;1.100118322199106E7
1550;4931;4;1.100118322199106E7
1551;4935;4;1.100118322199106E7
1552;4940;5;1.100118322199106E7
1553;4945;5;1.100118322199106E7
1554;4947;2;1.100118322199106E7
1555;4952;5;1.100118322199106E7
1556;4956;4;1.100118322199106E7
1557;4959;3;1.100118322199106E7
1558;4962;3;1.100118322199106E7
1559;4966;4;1.100118322199106E7
1560;4968;2;1.100118322199106E7
1561;4971;3;1.100118322199106E7
1562;4977;6;1.100118322199106E7
1563;4980;3;1.100118322199106E7
1564;4981;1;1.100118322199106E7
1565;4982;1;1.100118322199106E7
1566;4986;4;1.100118322199106E7
1567;4989;3;1.100118322199106E7
1568;4992;3;1.100118322199106E7
1569;4998;6;1.100118322199106E7
1570;5002;4;1.100118322199106E7
1571;5015;13;1.100118322199106E7
1572;5018;3;1.100118322199106E7
1573;5021;3;1.100118322199106E7
1574;5027;6;1.100118322199106E7
1575;5031;4;1.100118322199106E7
1576;5036;5;1.100118322199106E7
1577;5040;4;1.100118322199106E7
1578;5042;2;1.100118322199106E7
1579;5047;5;1.100118322199106E7
1580;5052;5;1.100118322199106E7
1581;5054;2;1.100118322199106E7
1582;5059;5;1.100118322199106E7
1583;5065;6;1.100118322199106E7
1584;5070;5;1.100118322199106E7
1585;5075;5;1.100118322199106E7
1586;5080;5;1.100118322199106E7
1587;5085;5;1.100118322199106E7
1588;5089;4;1.100118322199106E7
1589;5104;15;1.100118322199106E7
1590;5108;4;1.100118322199106E7
1591;5111;3;1.100118322199106E7
1592;5116;5;1.100118322199106E7
1593;5128;12;1.100118322199106E7
1594;5132;4;1.100118322199106E7
1595;5136;4;1.100118322199106E7
1596;5141;5;1.100118322199106E7
1597;5147;6;1.100118322199106E7
1598;5152;5;1.100118322199106E7
1599;5155;3;1.100118322199106E7
1600;5160;5;1.100118322199106E7
1601;5162;2;1.100118322199106E7
1602;5163;1;1.100118322199106E7
1603;5164;1;1.100118322199106E7
1604;5166;2;1.100118322199106E7
1605;5171;5;1.100118322199106E7
1606;5173;2;1.100118322199106E7
1607;5177;4;1.100118322199106E7
1608;5178;1;1.100118322199106E7
1609;5180;2;1.100118322199106E7
1610;5181;1;1.100118322199106E7
1611;5185;4;1.100118322199106E7
1612;5189;4;1.100118322199106E7
1613;5189;0;1.100118322199106E7
1614;5191;2;1.100118322199106E7
1615;5193;2;1.100118322199106E7
1616;5196;3;1.100118322199106E7
1617;5197;1;1.100118322199106E7
1618;5199;2;1.100118322199106E7
1619;5201;2;1.100118322199106E7
1620;5205;4;1.100118322199106E7
1621;5207;2;1.100118322199106E7
1622;5222;15;1.100118322199106E7
1623;5226;4;1.100118322199106E7
1624;5227;1;1.100118322199106E7
1625;5232;5;1.100118322199106E7
1626;5233;1;1.100118322199106E7
1627;5240;7;1.100118322199106E7
1628;5245;5;1.100118322199106E7
1629;5248;3;1.100118322199106E7
1630;5254;6;1.100118322199106E7
1631;5257;3;1.100118322199106E7
1632;5258;1;1.100118322199106E7
1633;5262;4;1.100118322199106E7
1634;5264;2;1.100118322199106E7
1635;5266;2;1.100118322199106E7
1636;5268;2;1.100118322199106E7
1637;5271;3;1.100118322199106E7
1638;5273;2;1.100118322199106E7
1639;5275;2;1.100118322199106E7
1640;5275;0;1.100118322199106E7
1641;5278;3;1.100118322199106E7
1642;5281;3;1.100118322199106E7
1643;5281;0;1.100118322199106E7
1644;5284;3;1.100118322199106E7
1645;5287;3;1.100118322199106E7
1646;5289;2;1.100118322199106E7
1647;5293;4;1.100118322199106E7
1648;5296;3;1.100118322199106E7
1649;5299;3;1.100118322199106E7
1650;5302;3;1.100118322199106E7
1651;5303;1;1.100118322199106E7
1652;5304;1;1.100118322199106E7
1653;5307;3;1.100118322199106E7
1654;5310;3;1.100118322199106E7
1655;5313;3;1.100118322199106E7
1656;5316;3;1.100118322199106E7
1657;5317;1;1.100118322199106E7
1658;5317;0;1.100118322199106E7
1659;5318;1;1.100118322199106E7
1660;5321;3;1.100118322199106E7
1661;5322;1;1.100118322199106E7
1662;5323;1;1.100118322199106E7
1663;5324;1;1.100118322199106E7
1664;5329;5;1.100118322199106E7
1665;5331;2;1.100118322199106E7
1666;5333;2;1.100118322199106E7
1667;5336;3;1.100118322199106E7
1668;5338;2;1.100118322199106E7
1669;5338;0;1.100118322199106E7
1670;5341;3;1.100118322199106E7
1671;5343;2;1.100118322199106E7
1672;5346;3;1.100118322199106E7
1673;5347;1;1.100118322199106E7
1674;5350;3;1.100118322199106E7
1675;5351;1;1.100118322199106E7
1676;5355;4;1.100118322199106E7
1677;5357;2;1.100118322199106E7
1678;5359;2;1.100118322199106E7
1679;5360;1;1.100118322199106E7
1680;5363;3;1.100118322199106E7
1681;5366;3;1.100118322199106E7
1682;5369;3;1.100118322199106E7
1683;5370;1;1.100118322199106E7
1684;5372;2;1.100118322199106E7
1685;5374;2;1.100118322199106E7
1686;5376;2;1.100118322199106E7
1687;5378;2;1.100118322199106E7
1688;5381;3;1.100118322199106E7
1689;5383;2;1.100118322199106E7
1690;5385;2;1.100118322199106E7
1691;5386;1;1.100118322199106E7
1692;5390;4;1.100118322199106E7
1693;5393;3;1.100118322199106E7
1694;5395;2;1.100118322199106E7
1695;5397;2;1.100118322199106E7
1696;5400;3;1.100118322199106E7
1697;5402;2;1.100118322199106E7
1698;5404;2;1.100118322199106E7
1699;5406;2;1.100118322199106E7
1700;5408;2;1.100118322199106E7
1701;5410;2;1.100118322199106E7
1702;5412;2;1.100118322199106E7
1703;5413;1;1.100118322199106E7
1704;5414;1;1.100118322199106E7
1705;5415;1;1.100118322199106E7
1706;5417;2;1.100118322199106E7
1707;5420;3;1.100118322199106E7
1708;5422;2;1.100118322199106E7
1709;5425;3;1.100118322199106E7
1710;5428;3;1.100118322199106E7
1711;5429;1;1.100118322199106E7
1712;5432;3;1.100118322199106E7
1713;5434;2;1.100118322199106E7
1714;5436;2;1.100118322199106E7
1715;5436;0;1.100118322199106E7
1716;5438;2;1.100118322199106E7
1717;5438;0;1.100118322199106E7
1718;5440;2;1.100118322199106E7
1719;5441;1;1.100118322199106E7
1720;5442;1;1.100118322199106E7
1721;5448;6;1.100118322199106E7
1722;5453;5;1.100118322199106E7
1723;5456;3;1.100118322199106E7
1724;5459;3;1.100118322199106E7
1725;5461;2;1.100118322199106E7
1726;5465;4;1.100118322199106E7
1727;5467;2;1.100118322199106E7
1728;5470;3;1.100118322199106E7
1729;5473;3;1.100118322199106E7
1730;5476;3;1.100118322199106E7
1731;5477;1;1.100118322199106E7
1732;5479;2;1.100118322199106E7
1733;5480;1;1.100118322199106E7
1734;5484;4;1.100118322199106E7
1735;5486;2;1.100118322199106E7
1736;5488;2;1.100118322199106E7
1737;5491;3;1.100118322199106E7
1738;5495;4;1.100118322199106E7
1739;5497;2;1.100118322199106E7
1740;5500;3;1.100118322199106E7
1741;5501;1;1.100118322199106E7
1742;5504;3;1.100118322199106E7
1743;5506;2;1.100118322199106E7
1744;5509;3;1.100118322199106E7
1745;5509;0;1.100118322199106E7
1746;5511;2;1.100118322199106E7
1747;5514;3;1.100118322199106E7
1748;5516;2;1.100118322199106E7
1749;5519;3;1.100118322199106E7
1750;5519;0;1.100118322199106E7
1751;5521;2;1.100118322199106E7
1752;5523;2;1.100118322199106E7
1753;5525;2;1.100118322199106E7
1754;5527;2;1.100118322199106E7
1755;5529;2;1.100118322199106E7
1756;5531;2;1.100118322199106E7
1757;5532;1;1.100118322199106E7
1758;5534;2;1.100118322199106E7
1759;5537;3;1.100118322199106E7
1760;5540;3;1.100118322199106E7
1761;5543;3;1.100118322199106E7
1762;5547;4;1.100118322199106E7
1763;5548;1;1.100118322199106E7
1764;5551;3;1.100118322199106E7
1765;5553;2;1.100118322199106E7
1766;5555;2;1.100118322199106E7
1767;5561;6;1.100118322199106E7
1768;5565;4;1.100118322199106E7
1769;5566;1;1.100118322199106E7
1770;5573;7;1.100118322199106E7
1771;5578;5;1.100118322199106E7
1772;5583;5;1.100118322199106E7
1773;5584;1;1.100118322199106E7
1774;5588;4;1.100118322199106E7
1775;5589;1;1.100118322199106E7
1776;5595;6;1.100118322199106E7
1777;5597;2;1.100118322199106E7
1778;5599;2;1.100118322199106E7
1779;5601;2;1.100118322199106E7
1780;5603;2;1.100118322199106E7
1781;5605;2;1.100118322199106E7
1782;5608;3;1.100118322199106E7
1783;5612;4;1.100118322199106E7
1784;5616;4;1.100118322199106E7
1785;5621;5;1.100118322199106E7
1786;5624;3;1.100118322199106E7
1787;5631;7;1.100118322199106E7
1788;5632;1;1.100118322199106E7
1789;5637;5;1.100118322199106E7
1790;5641;4;1.100118322199106E7
1791;5656;15;1.100118322199106E7
1792;5657;1;1.100118322199106E7
1793;5660;3;1.100118322199106E7
1794;5667;7;1.100118322199106E7
1795;5671;4;1.100118322199106E7
1796;5673;2;1.100118322199106E7
1797;5677;4;1.100118322199106E7
1798;5680;3;1.100118322199106E7
1799;5682;2;1.100118322199106E7
1800;5687;5;1.100118322199106E7
1801;5689;2;1.100118322199106E7
1802;5691;2;1.100118322199106E7
1803;5692;1;1.100118322199106E7
1804;5694;2;1.100118322199106E7
1805;5696;2;1.100118322199106E7
1806;5697;1;1.100118322199106E7
1807;5703;6;1.100118322199106E7
1808;5706;3;1.100118322199106E7
1809;5710;4;1.100118322199106E7
1810;5713;3;1.100118322199106E7
1811;5714;1;1.100118322199106E7
1812;5717;3;1.100118322199106E7
1813;5720;3;1.100118322199106E7
1814;5723;3;1.100118322199106E7
1815;5726;3;1.100118322199106E7
1816;5731;5;1.100118322199106E7
1817;5732;1;1.100118322199106E7
1818;5736;4;1.100118322199106E7
1819;5737;1;1.100118322199106E7
1820;5741;4;1.100118322199106E7
1821;5749;8;1.100118322199106E7
1822;5754;5;1.100118322199106E7
1823;5755;1;1.100118322199106E7
1824;5761;6;1.100118322199106E7
1825;5765;4;1.100118322199106E7
1826;5768;3;1.100118322199106E7
1827;5771;3;1.100118322199106E7
1828;5773;2;1.100118322199106E7
1829;5775;2;1.100118322199106E7
1830;5776;1;1.100118322199106E7
1831;5779;3;1.100118322199106E7
1832;5781;2;1.100118322199106E7
1833;5784;3;1.100118322199106E7
1834;5786;2;1.100118322199106E7
1835;5786;0;1.100118322199106E7
1836;5788;2;1.100118322199106E7
1837;5792;4;1.100118322199106E7
1838;5795;3;1.100118322199106E7
1839;5796;1;1.100118322199106E7
1840;5799;3;1.100118322199106E7
1841;5800;1;1.100118322199106E7
1842;5803;3;1.100118322199106E7
1843;5804;1;1.100118322199106E7
1844;5806;2;1.100118322199106E7
1845;5806;0;1.100118322199106E7
1846;5808;2;1.100118322199106E7
1847;5810;2;1.100118322199106E7
1848;5813;3;1.100118322199106E7
1849;5814;1;1.100118322199106E7
1850;5817;3;1.100118322199106E7
1851;5819;2;1.100118322199106E7
1852;5820;1;1.100118322199106E7
1853;5823;3;1.100118322199106E7
1854;5825;2;1.100118322199106E7
1855;5827;2;1.100118322199106E7
1856;5827;0;1.100118322199106E7
1857;5829;2;1.100118322199106E7
1858;5831;2;1.100118322199106E7
1859;5834;3;1.100118322199106E7
1860;5836;2;1.100118322199106E7
1861;5838;2;1.100118322199106E7
1862;5840;2;1.100118322199106E7
1863;5843;3;1.100118322199106E7
1864;5845;2;1.100118322199106E7
1865;5845;0;1.100118322199106E7
1866;5848;3;1.100118322199106E7
1867;5850;2;1.100118322199106E7
1868;5853;3;1.100118322199106E7
1869;5855;2;1.100118322199106E7
1870;5857;2;1.100118322199106E7
1871;5858;1;1.100118322199106E7
1872;5861;3;1.100118322199106E7
1873;5864;3;1.100118322199106E7
1874;5864;0;1.100118322199106E7
1875;5866;2;1.100118322199106E7
1876;5868;2;1.100118322199106E7
1877;5871;3;1.100118322199106E7
1878;5873;2;1.100118322199106E7
1879;5873;0;1.100118322199106E7
1880;5875;2;1.100118322199106E7
1881;5878;3;1.100118322199106E7
1882;5880;2;1.100118322199106E7
1883;5883;3;1.100118322199106E7
1884;5886;3;1.100118322199106E7
1885;5889;3;1.100118322199106E7
1886;5892;3;1.100118322199106E7
1887;5894;2;1.100118322199106E7
1888;5897;3;1.100118322199106E7
1889;5901;4;1.100118322199106E7
1890;5906;5;1.100118322199106E7
1891;5907;1;1.100118322199106E7
1892;5910;3;1.100118322199106E7
1893;5913;3;1.100118322199106E7
1894;5915;2;1.100118322199106E7
1895;5916;1;1.100118322199106E7
1896;5918;2;1.100118322199106E7
1897;5922;4;1.100118322199106E7
1898;5926;4;1.100118322199106E7
1899;5927;1;1.100118322199106E7
1900;5928;1;1.100118322199106E7
1901;5930;2;1.100118322199106E7
1902;5931;1;1.100118322199106E7
1903;5933;2;1.100118322199106E7
1904;5933;0;1.100118322199106E7
1905;5934;1;1.100118322199106E7
1906;5935;1;1.100118322199106E7
1907;5938;3;1.100118322199106E7
1908;5941;3;1.100118322199106E7
1909;5942;1;1.100118322199106E7
1910;5944;2;1.100118322199106E7
1911;5946;2;1.100118322199106E7
1912;5949;3;1.100118322199106E7
1913;5951;2;1.100118322199106E7
1914;5954;3;1.100118322199106E7
1915;5956;2;1.100118322199106E7
1916;5959;3;1.100118322199106E7
1917;5962;3;1.100118322199106E7
1918;5962;0;1.100118322199106E7
1919;5964;2;1.100118322199106E7
1920;5966;2;1.100118322199106E7
1921;5969;3;1.100118322199106E7
1922;5971;2;1.100118322199106E7
1923;5973;2;1.100118322199106E7
1924;5973;0;1.100118322199106E7
1925;5976;3;1.100118322199106E7
1926;5976;0;1.100118322199106E7
1927;5978;2;1.100118322199106E7
1928;5981;3;1.100118322199106E7
1929;5983;2;1.100118322199106E7
1930;5985;2;1.100118322199106E7
1931;5987;2;1.100118322199106E7
1932;5991;4;1.100118322199106E7
1933;5994;3;1.100118322199106E7
1934;5998;4;1.100118322199106E7
1935;6002;4;1.100118322199106E7
1936;6007;5;1.100118322199106E7
1937;6009;2;1.100118322199106E7
1938;6011;2;1.100118322199106E7
1939;6016;5;1.100118322199106E7
1940;6019;3;1.100118322199106E7
1941;6023;4;1.100118322199106E7
1942;6026;3;1.100118322199106E7
1943;6027;1;1.100118322199106E7
1944;6028;1;1.100118322199106E7
1945;6031;3;1.100118322199106E7
1946;6035;4;1.100118322199106E7
1947;6039;4;1.100118322199106E7
1948;6042;3;1.100118322199106E7
1949;6043;1;1.100118322199106E7
1950;6046;3;1.100118322199106E7
1951;6048;2;1.100118322199106E7
1952;6050;2;1.100118322199106E7
1953;6056;6;1.100118322199106E7
1954;6060;4;1.100118322199106E7
1955;6063;3;1.100118322199106E7
1956;6070;7;1.100118322199106E7
1957;6074;4;1.100118322199106E7
1958;6078;4;1.100118322199106E7
1959;6081;3;1.100118322199106E7
1960;6086;5;1.100118322199106E7
1961;6090;4;1.100118322199106E7
1962;6094;4;1.100118322199106E7
1963;6096;2;1.100118322199106E7
1964;6097;1;1.100118322199106E7
1965;6100;3;1.100118322199106E7
1966;6100;0;1.100118322199106E7
1967;6105;5;1.100118322199106E7
1968;6109;4;1.100118322199106E7
1969;6113;4;1.100118322199106E7
1970;6114;1;1.100118322199106E7
1971;6120;6;1.100118322199106E7
1972;6124;4;1.100118322199106E7
1973;6128;4;1.100118322199106E7
1974;6130;2;1.100118322199106E7
1975;6136;6;1.100118322199106E7
1976;6146;10;1.100118322199106E7
1977;6150;4;1.100118322199106E7
1978;6152;2;1.100118322199106E7
1979;6157;5;1.100118322199106E7
1980;6161;4;1.100118322199106E7
1981;6165;4;1.100118322199106E7
1982;6171;6;1.100118322199106E7
1983;6175;4;1.100118322199106E7
1984;6176;1;1.100118322199106E7
1985;6179;3;1.100118322199106E7
1986;6184;5;1.100118322199106E7
1987;6186;2;1.100118322199106E7
1988;6187;1;1.100118322199106E7
1989;6188;1;1.100118322199106E7
1990;6191;3;1.100118322199106E7
1991;6192;1;1.100118322199106E7
1992;6195;3;1.100118322199106E7
1993;6198;3;1.100118322199106E7
1994;6200;2;1.100118322199106E7
1995;6201;1;1.100118322199106E7
1996;6202;1;1.100118322199106E7
1997;6205;3;1.100118322199106E7
1998;6208;3;1.100118322199106E7
1999;6210;2;1.100118322199106E7
2000;6210;0;1.100118322199106E7
2001;6211;1;1.100118322199106E7
2002;6215;4;1.100118322199106E7
2003;6216;1;1.100118322199106E7
2004;6219;3;1.100118322199106E7
2005;6220;1;1.100118322199106E7
2006;6222;2;1.100118322199106E7
2007;6226;4;1.100118322199106E7
2008;6229;3;1.100118322199106E7
2009;6233;4;1.100118322199106E7
2010;6237;4;1.100118322199106E7
2011;6239;2;1.100118322199106E7
2012;6242;3;1.100118322199106E7
2013;6245;3;1.100118322199106E7
2014;6248;3;1.100118322199106E7
2015;6250;2;1.100118322199106E7
2016;6252;2;1.100118322199106E7
2017;6256;4;1.100118322199106E7
2018;6258;2;1.100118322199106E7
2019;6259;1;1.100118322199106E7
2020;6262;3;1.100118322199106E7
2021;6264;2;1.100118322199106E7
2022;6264;0;1.100118322199106E7
2023;6267;3;1.100118322199106E7
2024;6270;3;1.100118322199106E7
2025;6273;3;1.100118322199106E7
2026;6275;2;1.100118322199106E7
2027;6277;2;1.100118322199106E7
2028;6281;4;1.100118322199106E7
2029;6282;1;1.100118322199106E7
2030;6284;2;1.100118322199106E7
2031;6286;2;1.100118322199106E7
2032;6288;2;1.100118322199106E7
2033;6291;3;1.100118322199106E7
2034;6292;1;1.100118322199106E7
2035;6295;3;1.100118322199106E7
2036;6297;2;1.100118322199106E7
2037;6301;4;1.100118322199106E7
2038;6302;1;1.100118322199106E7
2039;6304;2;1.100118322199106E7
2040;6307;3;1.100118322199106E7
2041;6309;2;1.100118322199106E7
2042;6311;2;1.100118322199106E7
2043;6313;2;1.100118322199106E7
2044;6316;3;1.100118322199106E7
2045;6317;1;1.100118322199106E7
2046;6317;0;1.100118322199106E7
2047;6318;1;1.100118322199106E7
2048;6321;3;1.100118322199106E7
2049;6323;2;1.100118322199106E7
2050;6325;2;1.100118322199106E7
2051;6326;1;1.100118322199106E7
2052;6329;3;1.100118322199106E7
2053;6330;1;1.100118322199106E7
2054;6333;3;1.100118322199106E7
2055;6336;3;1.100118322199106E7
2056;6338;2;1.100118322199106E7
2057;6341;3;1.100118322199106E7
2058;6341;0;1.100118322199106E7
2059;6343;2;1.100118322199106E7
2060;6344;1;1.100118322199106E7
2061;6344;0;1.100118322199106E7
2062;6345;1;1.100118322199106E7
2063;6347;2;1.100118322199106E7
2064;6349;2;1.100118322199106E7
2065;6354;5;1.100118322199106E7
2066;6355;1;1.100118322199106E7
2067;6357;2;1.100118322199106E7
2068;6360;3;1.100118322199106E7
2069;6362;2;1.100118322199106E7
2070;6364;2;1.100118322199106E7
2071;6366;2;1.100118322199106E7
2072;6368;2;1.100118322199106E7
2073;6371;3;1.100118322199106E7
2074;6373;2;1.100118322199106E7
2075;6376;3;1.100118322199106E7
2076;6376;0;1.100118322199106E7
2077;6379;3;1.100118322199106E7
2078;6381;2;1.100118322199106E7
2079;6381;0;1.100118322199106E7
2080;6383;2;1.100118322199106E7
2081;6386;3;1.100118322199106E7
2082;6388;2;1.100118322199106E7
2083;6391;3;1.100118322199106E7
2084;6391;0;1.100118322199106E7
2085;6393;2;1.100118322199106E7
2086;6395;2;1.100118322199106E7
2087;6397;2;1.100118322199106E7
2088;6399;2;1.100118322199106E7
2089;6401;2;1.100118322199106E7
2090;6403;2;1.100118322199106E7
2091;6405;2;1.100118322199106E7
2092;6408;3;1.100118322199106E7
2093;6410;2;1.100118322199106E7
2094;6413;3;1.100118322199106E7
2095;6415;2;1.100118322199106E7
2096;6416;1;1.100118322199106E7
2097;6420;4;1.100118322199106E7
2098;6420;0;1.100118322199106E7
2099;6422;2;1.100118322199106E7
2100;6424;2;1.100118322199106E7
2101;6425;1;1.100118322199106E7
2102;6427;2;1.100118322199106E7
2103;6433;6;1.100118322199106E7
2104;6437;4;1.100118322199106E7
2105;6439;2;1.100118322199106E7
2106;6441;2;1.100118322199106E7
2107;6445;4;1.100118322199106E7
2108;6447;2;1.100118322199106E7
2109;6449;2;1.100118322199106E7
2110;6450;1;1.100118322199106E7
2111;6455;5;1.100118322199106E7
2112;6457;2;1.100118322199106E7
2113;6458;1;1.100118322199106E7
2114;6460;2;1.100118322199106E7
2115;6461;1;1.100118322199106E7
2116;6462;1;1.100118322199106E7
2117;6465;3;1.100118322199106E7
2118;6467;2;1.100118322199106E7
2119;6470;3;1.100118322199106E7
2120;6472;2;1.100118322199106E7
2121;6475;3;1.100118322199106E7
2122;6476;1;1.100118322199106E7
2123;6477;1;1.100118322199106E7
2124;6479;2;1.100118322199106E7
2125;6483;4;1.100118322199106E7
2126;6483;0;1.100118322199106E7
2127;6485;2;1.100118322199106E7
2128;6489;4;1.100118322199106E7
2129;6495;6;1.100118322199106E7
2130;6500;5;1.100118322199106E7
2131;6507;7;1.100118322199106E7
2132;6511;4;1.100118322199106E7
2133;6515;4;1.100118322199106E7
2134;6518;3;1.100118322199106E7
2135;6521;3;1.100118322199106E7
2136;6524;3;1.100118322199106E7
2137;6526;2;1.100118322199106E7
2138;6527;1;1.100118322199106E7
2139;6532;5;1.100118322199106E7
2140;6535;3;1.100118322199106E7
2141;6537;2;1.100118322199106E7
2142;6539;2;1.100118322199106E7
2143;6544;5;1.100118322199106E7
2144;6547;3;1.100118322199106E7
2145;6549;2;1.100118322199106E7
2146;6550;1;1.100118322199106E7
2147;6553;3;1.100118322199106E7
2148;6556;3;1.100118322199106E7
2149;6560;4;1.100118322199106E7
2150;6562;2;1.100118322199106E7
2151;6566;4;1.100118322199106E7
2152;6569;3;1.100118322199106E7
2153;6573;4;1.100118322199106E7
2154;6576;3;1.100118322199106E7
2155;6578;2;1.100118322199106E7
2156;6581;3;1.100118322199106E7
2157;6583;2;1.100118322199106E7
2158;6585;2;1.100118322199106E7
2159;6587;2;1.1001175480129747E7
2160;6589;2;1.1001175480129747E7
2161;6591;2;1.1001175480129747E7
2162;6593;2;1.1001175480129747E7
2163;6595;2;1.1001175480129747E7
2164;6596;1;1.1001174199599793E7
2165;6598;2;1.1001174199599793E7
2166;6601;3;1.1001174199599793E7
2167;6603;2;1.1001174199599793E7
2168;6604;1;1.1001174199599793E7
2169;6606;2;1.1001174199599793E7
2170;6609;3;1.1001174199599793E7
2171;6611;2;1.1001174199599793E7
2172;6614;3;1.1001174199599793E7
2173;6617;3;1.1001174199599793E7
2174;6619;2;1.1001174199599793E7
2175;6622;3;1.1001174199599793E7
2176;6624;2;1.1001174199599793E7
2177;6627;3;1.1001174199599793E7
2178;6627;0;1.1001174199599793E7
2179;6629;2;1.1001174199599793E7
2180;6631;2;1.1001174199599793E7
2181;6633;2;1.1001174199599793E7
2182;6635;2;1.1001174199599793E7
2183;6637;2;1.1001174199599793E7
2184;6638;1;1.1001174199599793E7
2185;6641;3;1.1001174199599793E7
2186;6645;4;1.1001174199599793E7
2187;6648;3;1.1001174199599793E7
2188;6650;2;1.1001174199599793E7
2189;6653;3;1.1001174199599793E7
2190;6655;2;1.1001174199599793E7
2191;6656;1;1.1001174199599793E7
2192;6658;2;1.1001174199599793E7
2193;6661;3;1.1001174199599793E7
2194;6663;2;1.1001174199599793E7
2195;6667;4;1.1001174199599793E7
2196;6670;3;1.1001174199599793E7
2197;6672;2;1.1001174199599793E7
2198;6674;2;1.1001174199599793E7
2199;6677;3;1.1001174199599793E7
2200;6680;3;1.1001174199599793E7
2201;6682;2;1.1001174199599793E7
2202;6685;3;1.1001174199599793E7
2203;6686;1;1.1001174199599793E7
2204;6688;2;1.1001174199599793E7
2205;6691;3;1.1001174199599793E7
2206;6692;1;1.1001174199599793E7
2207;6693;1;1.1001174199599793E7
2208;6695;2;1.1001174199599793E7
2209;6698;3;1.1001174199599793E7
2210;6699;1;1.1001174199599793E7
2211;6701;2;1.1001174199599793E7
2212;6703;2;1.1001153401282314E7
2213;6704;1;1.1001153401282314E7
2214;6706;2;1.1001153401282314E7
2215;6707;1;1.1001149554994173E7
2216;6709;2;1.100114031547409E7
2217;6711;2;1.100114031547409E7
2218;6711;0;1.100114031547409E7
2219;6712;1;1.100114031547409E7
2220;6713;1;1.1001138853303213E7
2221;6715;2;1.100113150139045E7
2222;6715;0;1.100113150139045E7
2223;6718;3;1.100113150139045E7
2224;6721;3;1.100113150139045E7
2225;6722;1;1.1001128533099838E7
2226;6724;2;1.1001128533099838E7
2227;6725;1;1.1001128533099838E7
2228;6728;3;1.1001128533099838E7
2229;6730;2;1.1001128533099838E7
2230;6733;3;1.1001128533099838E7
2231;6734;1;1.1001128533099838E7
2232;6736;2;1.1001128533099838E7
2233;6738;2;1.1001128533099838E7
2234;6739;1;1.1001128533099838E7
2235;6741;2;1.1001128533099838E7
2236;6744;3;1.1001128533099838E7
2237;6747;3;1.1001128533099838E7
2238;6750;3;1.1001128533099838E7
2239;6752;2;1.1001128533099838E7
2240;6755;3;1.1001128533099838E7
2241;6757;2;1.1001128533099838E7
2242;6760;3;1.1001128533099838E7
2243;6762;2;1.1001128533099838E7
2244;6765;3;1.1001128533099838E7
2245;6768;3;1.1001128533099838E7
2246;6771;3;1.1001128533099838E7
2247;6772;1;1.1001128533099838E7
2248;6773;1;1.1001128533099838E7
2249;6776;3;1.1001128533099838E7
2250;6777;1;1.1001128533099838E7
2251;6779;2;1.1001128533099838E7
2252;6781;2;1.1001128533099838E7
2253;6783;2;1.1001128533099838E7
2254;6785;2;1.1001128533099838E7
2255;6787;2;1.1001128533099838E7
2256;6788;1;1.1001128533099838E7
2257;6790;2;1.1001128533099838E7
2258;6791;1;1.1001128533099838E7
2259;6792;1;1.1001128533099838E7
2260;6794;2;1.1001128533099838E7
2261;6796;2;1.1001128533099838E7
2262;6797;1;1.1001128533099838E7
2263;6799;2;1.1001128533099838E7
2264;6799;0;1.1001128533099838E7
2265;6801;2;1.1001128533099838E7
2266;6803;2;1.1001128533099838E7
2267;6804;1;1.1001128533099838E7
2268;6805;1;1.1001128533099838E7
2269;6806;1;1.1001128533099838E7
2270;6807;1;1.1001128533099838E7
2271;6809;2;1.1001128533099838E7
2272;6812;3;1.1001128533099838E7
2273;6819;7;1.1001128533099838E7
2274;6822;3;1.1001128533099838E7
2275;6825;3;1.1001128533099838E7
2276;6828;3;1.1001128533099838E7
2277;6832;4;1.1001128533099838E7
2278;6833;1;1.1001128533099838E7
2279;6836;3;1.1001128533099838E7
2280;6839;3;1.1001128533099838E7
2281;6841;2;1.1001128533099838E7
2282;6844;3;1.1001128533099838E7
2283;6845;1;1.1001128533099838E7
2284;6850;5;1.1001128533099838E7
2285;6854;4;1.1001128533099838E7
2286;6857;3;1.1001128533099838E7
2287;6858;1;1.1001128533099838E7
2288;6863;5;1.1001128533099838E7
2289;6865;2;1.1001128533099838E7
2290;6869;4;1.1001128533099838E7
2291;6874;5;1.1001128533099838E7
2292;6877;3;1.1001128533099838E7
2293;6878;1;1.1001128533099838E7
2294;6879;1;1.1001128533099838E7
2295;6880;1;1.1001128533099838E7
2296;6884;4;1.1001128533099838E7
2297;6889;5;1.1001128533099838E7
2298;6894;5;1.1001128533099838E7
2299;6898;4;1.1001128533099838E7
2300;6901;3;1.1001128533099838E7
2301;6906;5;1.1001128533099838E7
2302;6907;1;1.1001128533099838E7
2303;6911;4;1.1001128533099838E7
2304;6917;6;1.1001128533099838E7
2305;6919;2;1.1001128533099838E7
2306;6924;5;1.1001128533099838E7
2307;6925;1;1.1001128533099838E7
2308;6928;3;1.1001128533099838E7
2309;6929;1;1.1001128533099838E7
2310;6933;4;1.1001128533099838E7
2311;6936;3;1.1001128533099838E7
2312;6937;1;1.1001128533099838E7
2313;6943;6;1.1001128533099838E7
2314;6948;5;1.1001128533099838E7
2315;6952;4;1.1001128533099838E7
2316;6955;3;1.1001128533099838E7
2317;6961;6;1.1001128533099838E7
2318;6965;4;1.1001128533099838E7
2319;6968;3;1.1001128533099838E7
2320;6973;5;1.1001128533099838E7
2321;6979;6;1.1001128533099838E7
2322;6980;1;1.1001128533099838E7
2323;6983;3;1.1001128533099838E7
2324;6986;3;1.1001128533099838E7
2325;6990;4;1.1001128533099838E7
2326;6991;1;1.1001128533099838E7
2327;6994;3;1.1001128533099838E7
2328;6997;3;1.1001128533099838E7
2329;7000;3;1.1001128533099838E7
2330;7003;3;1.1001128533099838E7
2331;7007;4;1.1001128533099838E7
2332;7011;4;1.1001128533099838E7
2333;7016;5;1.1001128533099838E7
2334;7019;3;1.1001128533099838E7
2335;7023;4;1.1001128533099838E7
2336;7027;4;1.1001128533099838E7
2337;7032;5;1.1001128533099838E7
2338;7033;1;1.1001128533099838E7
2339;7034;1;1.1001128533099838E7
2340;7039;5;1.1001128533099838E7
2341;7042;3;1.1001128533099838E7
2342;7047;5;1.1001128533099838E7
2343;7048;1;1.1001128533099838E7
2344;7049;1;1.1001128533099838E7
2345;7052;3;1.1001128533099838E7
2346;7057;5;1.1001128533099838E7
2347;7060;3;1.1001128533099838E7
2348;7064;4;1.1001128533099838E7
2349;7070;6;1.1001128533099838E7
2350;7076;6;1.1001128533099838E7
2351;7079;3;1.1001128533099838E7
2352;7083;4;1.1001128533099838E7
2353;7086;3;1.1001128533099838E7
2354;7089;3;1.1001128533099838E7
2355;7092;3;1.1001128533099838E7
2356;7100;8;1.1001128533099838E7
2357;7102;2;1.1001128533099838E7
2358;7104;2;1.1001128533099838E7
2359;7106;2;1.1001128533099838E7
2360;7109;3;1.1001128533099838E7
2361;7115;6;1.1001128533099838E7
2362;7117;2;1.1001128533099838E7
2363;7120;3;1.1001128533099838E7
2364;7122;2;1.1001128533099838E7
2365;7125;3;1.1001128533099838E7
2366;7128;3;1.1001128533099838E7
2367;7129;1;1.1001128533099838E7
2368;7131;2;1.1001128533099838E7
2369;7131;0;1.1001128533099838E7
2370;7137;6;1.1001128533099838E7
2371;7141;4;1.1001128533099838E7
2372;7146;5;1.1001128533099838E7
2373;7152;6;1.1001128533099838E7
2374;7156;4;1.1001128533099838E7
2375;7161;5;1.1001128533099838E7
2376;7164;3;1.1001128533099838E7
2377;7165;1;1.1001128533099838E7
2378;7173;8;1.1001128533099838E7
2379;7174;1;1.1001128533099838E7
2380;7178;4;1.1001128533099838E7
2381;7181;3;1.1001128533099838E7
2382;7187;6;1.1001128533099838E7
2383;7191;4;1.1001128533099838E7
2384;7192;1;1.1001128533099838E7
2385;7196;4;1.1001128533099838E7
2386;7197;1;1.1001128533099838E7
2387;7200;3;1.1001128533099838E7
2388;7201;1;1.1001128533099838E7
2389;7204;3;1.1001128533099838E7
2390;7208;4;1.1001128533099838E7
2391;7211;3;1.1001128533099838E7
2392;7214;3;1.1001128533099838E7
2393;7218;4;1.1001128533099838E7
2394;7221;3;1.1001128533099838E7
2395;7224;3;1.1001128533099838E7
2396;7226;2;1.1001128533099838E7
2397;7229;3;1.1001128533099838E7
2398;7233;4;1.1001128533099838E7
2399;7236;3;1.1001128533099838E7
2400;7239;3;1.1001128533099838E7
2401;7245;6;1.1001128533099838E7
2402;7250;5;1.1001128533099838E7
2403;7251;1;1.1001128533099838E7
2404;7255;4;1.1001128533099838E7
2405;7258;3;1.1001128533099838E7
2406;7261;3;1.1001128533099838E7
2407;7263;2;1.1001128533099838E7
2408;7270;7;1.1001128533099838E7
2409;7274;4;1.1001128533099838E7
2410;7275;1;1.1001128533099838E7
2411;7280;5;1.1001128533099838E7
2412;7284;4;1.1001128533099838E7
2413;7288;4;1.1001128533099838E7
2414;7293;5;1.1001128533099838E7
2415;7298;5;1.1001128533099838E7
2416;7302;4;1.1001128533099838E7
2417;7305;3;1.1001128533099838E7
2418;7307;2;1.1001128533099838E7
2419;7310;3;1.1001128533099838E7
2420;7311;1;1.1001128533099838E7
2421;7314;3;1.1001128533099838E7
2422;7323;9;1.1001128533099838E7
2423;7327;4;1.1001128533099838E7
2424;7331;4;1.1001128533099838E7
2425;7335;4;1.1001128533099838E7
2426;7336;1;1.1001128533099838E7
2427;7349;13;1.1001128533099838E7
2428;7352;3;1.1001128533099838E7
2429;7356;4;1.1001128533099838E7
2430;7360;4;1.1001128533099838E7
2431;7362;2;1.1001128533099838E7
2432;7364;2;1.1001128533099838E7
2433;7365;1;1.1001128533099838E7
2434;7369;4;1.1001128533099838E7
2435;7370;1;1.1001128533099838E7
2436;7374;4;1.1001128533099838E7
2437;7375;1;1.1001128533099838E7
2438;7378;3;1.1001128533099838E7
2439;7381;3;1.1001128533099838E7
2440;7382;1;1.1001128533099838E7
2441;7385;3;1.1001128533099838E7
2442;7391;6;1.1001128533099838E7
2443;7395;4;1.1001128533099838E7
2444;7399;4;1.1001128533099838E7
2445;7403;4;1.1001128533099838E7
2446;7405;2;1.1001128533099838E7
2447;7407;2;1.1001128533099838E7
2448;7410;3;1.1001128533099838E7
2449;7412;2;1.1001128533099838E7
2450;7414;2;1.1001128533099838E7
2451;7416;2;1.1001128533099838E7
2452;7418;2;1.1001128533099838E7
2453;7418;0;1.1001128533099838E7
2454;7420;2;1.1001128533099838E7
2455;7423;3;1.1001128533099838E7
2456;7428;5;1.1001128533099838E7
2457;7432;4;1.1001128533099838E7
2458;7433;1;1.1001128533099838E7
2459;7434;1;1.1001128533099838E7
2460;7437;3;1.1001128533099838E7
2461;7438;1;1.1001128533099838E7
2462;7463;25;1.1001128533099838E7
2463;7467;4;1.1001128533099838E7
2464;7470;3;1.1001128533099838E7
2465;7474;4;1.1001128533099838E7
2466;7480;6;1.1001089556831034E7
2467;7484;4;1.1001089556831034E7
2468;7487;3;1.1001089556831034E7
2469;7490;3;1.1001089556831034E7
2470;7497;7;1.1001089556831034E7
2471;7501;4;1.1001089556831034E7
2472;7509;8;1.1001089556831034E7
2473;7514;5;1.1001089556831034E7
2474;7516;2;1.1001089556831034E7
2475;7519;3;1.1001089556831034E7
2476;7520;1;1.1001089556831034E7
2477;7522;2;1.10010831744265E7
2478;7528;6;1.10010831744265E7
2479;7531;3;1.10010831744265E7
2480;7534;3;1.10010831744265E7
2481;7536;2;1.10010831744265E7
2482;7538;2;1.10010831744265E7
2483;7539;1;1.10010831744265E7
2484;7556;17;1.10010831744265E7
2485;7558;2;1.10010831744265E7
2486;7565;7;1.10010831744265E7
2487;7569;4;1.10010831744265E7
2488;7572;3;1.10010831744265E7
2489;7578;6;1.10010831744265E7
2490;7581;3;1.10010831744265E7
2491;7584;3;1.10010831744265E7
2492;7588;4;1.10010831744265E7
2493;7589;1;1.10010831744265E7
2494;7590;1;1.10010831744265E7
2495;7601;11;1.10010831744265E7
2496;7603;2;1.10010831744265E7
2497;7607;4;1.10010831744265E7
2498;7613;6;1.10010831744265E7
2499;7617;4;1.10010831744265E7
2500;7621;4;1.10010831744265E7
2501;7624;3;1.10010831744265E7
2502;7633;9;1.10010831744265E7
2503;7634;1;1.10010831744265E7
2504;7638;4;1.10010831744265E7
2505;7657;19;1.10010831744265E7
2506;7659;2;1.10010831744265E7
2507;7665;6;1.10010831744265E7
2508;7667;2;1.10010831744265E7
2509;7669;2;1.10010831744265E7
2510;7670;1;1.10010831744265E7
2511;7671;1;1.10010831744265E7
2512;7676;5;1.10010831744265E7
2513;7690;14;1.10010831744265E7
2514;7693;3;1.10010831744265E7
2515;7697;4;1.10010831744265E7
2516;7698;1;1.10010831744265E7
2517;7699;1;1.10010831744265E7
2518;7702;3;1.10010831744265E7
2519;7704;2;1.10010831744265E7
2520;7705;1;1.10010831744265E7
2521;7707;2;1.10010831744265E7
2522;7709;2;1.10010831744265E7
2523;7715;6;1.10010831744265E7
2524;7719;4;1.10010831744265E7
2525;7720;1;1.10010831744265E7
2526;7731;11;1.10010831744265E7
2527;7736;5;1.10010831744265E7
2528;7739;3;1.10010831744265E7
2529;7755;16;1.1001080729172893E7
2530;7767;12;1.1001080729172893E7
2531;7771;4;1.1001080729172893E7
2532;7775;4;1.100107744481033E7
2533;7778;3;1.100107744481033E7
2534;7780;2;1.100107744481033E7
2535;7781;1;1.100107744481033E7
2536;7794;13;1.100107744481033E7
2537;7797;3;1.100107744481033E7
2538;7800;3;1.100107744481033E7
2539;7801;1;1.100107744481033E7
2540;7803;2;1.100107744481033E7
2541;7806;3;1.100107744481033E7
2542;7808;2;1.100107744481033E7
2543;7816;8;1.100107744481033E7
2544;7822;6;1.100107744481033E7
2545;7826;4;1.100107744481033E7
2546;7827;1;1.100107744481033E7
2547;7836;9;1.100107744481033E7
2548;7840;4;1.100107744481033E7
2549;7845;5;1.100107744481033E7
2550;7849;4;1.100107744481033E7
2551;7855;6;1.100107744481033E7
2552;7856;1;1.100107744481033E7
2553;7859;3;1.100107744481033E7
2554;7860;1;1.100107744481033E7
2555;7865;5;1.100107744481033E7
2556;7871;6;1.100107744481033E7
2557;7873;2;1.100107744481033E7
2558;7879;6;1.100107744481033E7
2559;7884;5;1.100107744481033E7
2560;7885;1;1.100107744481033E7
2561;7889;4;1.100107744481033E7
2562;7892;3;1.100107744481033E7
2563;7895;3;1.100107744481033E7
2564;7896;1;1.100107744481033E7
2565;7897;1;1.100107744481033E7
2566;7898;1;1.100107744481033E7
2567;7900;2;1.100107744481033E7
2568;7904;4;1.100107744481033E7
2569;7907;3;1.100107744481033E7
2570;7911;4;1.100107744481033E7
2571;7916;5;1.100107744481033E7
2572;7919;3;1.100107744481033E7
2573;7923;4;1.100107744481033E7
2574;7926;3;1.100107744481033E7
2575;7928;2;1.100107744481033E7
2576;7931;3;1.100107744481033E7
2577;7934;3;1.100107744481033E7
2578;7935;1;1.100107744481033E7
2579;7937;2;1.100107744481033E7
2580;7940;3;1.100107744481033E7
2581;7943;3;1.100107744481033E7
2582;7946;3;1.100107744481033E7
2583;7950;4;1.100107744481033E7
2584;7951;1;1.100107744481033E7
2585;7957;6;1.100107744481033E7
2586;7960;3;1.100107744481033E7
2587;7963;3;1.100107744481033E7
2588;7966;3;1.100107744481033E7
2589;7971;5;1.100107744481033E7
2590;7976;5;1.100107744481033E7
2591;7982;6;1.100107744481033E7
2592;7985;3;1.100107744481033E7
2593;7990;5;1.100107744481033E7
2594;7993;3;1.100107744481033E7
2595;7997;4;1.100107744481033E7
2596;7999;2;1.100107744481033E7
2597;8004;5;1.100107744481033E7
2598;8008;4;1.100107744481033E7
2599;8010;2;1.100107744481033E7
2600;8013;3;1.100107744481033E7
2601;8018;5;1.100107744481033E7
2602;8022;4;1.100107744481033E7
2603;8026;4;1.100107744481033E7
2604;8031;5;1.100107744481033E7
2605;8032;1;1.100107744481033E7
2606;8035;3;1.100107744481033E7
2607;8036;1;1.100107744481033E7
2608;8039;3;1.100107744481033E7
2609;8041;2;1.100107744481033E7
2610;8042;1;1.100107744481033E7
2611;8043;1;1.100107744481033E7
2612;8049;6;1.100107744481033E7
2613;8052;3;1.100107744481033E7
2614;8056;4;1.100107744481033E7
2615;8060;4;1.100107744481033E7
2616;8064;4;1.100107744481033E7
2617;8067;3;1.100107744481033E7
2618;8068;1;1.100107744481033E7
2619;8069;1;1.100107744481033E7
2620;8070;1;1.100107744481033E7
2621;8072;2;1.100107744481033E7
2622;8077;5;1.100107744481033E7
2623;8081;4;1.100107744481033E7
2624;8083;2;1.100107744481033E7
2625;8087;4;1.100107744481033E7
2626;8087;0;1.100107744481033E7
2627;8090;3;1.100107744481033E7
2628;8095;5;1.100107744481033E7
2629;8099;4;1.100107744481033E7
2630;8102;3;1.100107744481033E7
2631;8103;1;1.100107744481033E7
2632;8105;2;1.100107744481033E7
2633;8109;4;1.100107744481033E7
2634;8112;3;1.100107744481033E7
2635;8112;0;1.100107744481033E7
2636;8115;3;1.100107744481033E7
2637;8118;3;1.100107744481033E7
2638;8120;2;1.100107744481033E7
2639;8121;1;1.100107744481033E7
2640;8124;3;1.100107744481033E7
2641;8127;3;1.100107744481033E7
2642;8129;2;1.100107744481033E7
2643;8131;2;1.100107744481033E7
2644;8133;2;1.100107744481033E7
2645;8134;1;1.100107744481033E7
2646;8136;2;1.100107744481033E7
2647;8137;1;1.100107744481033E7
2648;8138;1;1.100107744481033E7
2649;8140;2;1.100107744481033E7
2650;8140;0;1.100107744481033E7
2651;8142;2;1.100107744481033E7
2652;8144;2;1.100107744481033E7
2653;8146;2;1.100107744481033E7
2654;8148;2;1.100107744481033E7
2655;8151;3;1.100107744481033E7
2656;8152;1;1.100107744481033E7
2657;8154;2;1.100107744481033E7
2658;8158;4;1.100107744481033E7
2659;8163;5;1.100107744481033E7
2660;8165;2;1.100107744481033E7
2661;8167;2;1.100107744481033E7
2662;8169;2;1.100107744481033E7
2663;8169;0;1.100107744481033E7
2664;8171;2;1.100107744481033E7
2665;8173;2;1.100107744481033E7
2666;8175;2;1.100107744481033E7
2667;8178;3;1.100107744481033E7
2668;8180;2;1.100107744481033E7
2669;8181;1;1.100107744481033E7
2670;8183;2;1.100107744481033E7
2671;8185;2;1.100107744481033E7
2672;8186;1;1.100107744481033E7
2673;8188;2;1.100107744481033E7
2674;8190;2;1.100107744481033E7
2675;8193;3;1.100107744481033E7
2676;8194;1;1.100107744481033E7
2677;8195;1;1.100107744481033E7
2678;8195;0;1.100107744481033E7
2679;8197;2;1.100107744481033E7
2680;8198;1;1.100107744481033E7
2681;8198;0;1.100107744481033E7
2682;8201;3;1.100107744481033E7
2683;8204;3;1.100107744481033E7
2684;8207;3;1.100107744481033E7
2685;8208;1;1.100107744481033E7
2686;8212;4;1.100107744481033E7
2687;8214;2;1.100107744481033E7
2688;8215;1;1.100107744481033E7
2689;8217;2;1.100107744481033E7
2690;8220;3;1.100107744481033E7
2691;8222;2;1.100107744481033E7
2692;8223;1;1.100107744481033E7
2693;8224;1;1.100107744481033E7
2694;8227;3;1.100107744481033E7
2695;8229;2;1.100107744481033E7
2696;8231;2;1.100107744481033E7
2697;8233;2;1.100107744481033E7
2698;8235;2;1.100107744481033E7
2699;8236;1;1.100107744481033E7
2700;8240;4;1.100107744481033E7
2701;8240;0;1.100107744481033E7
2702;8241;1;1.100107744481033E7
2703;8243;2;1.100107744481033E7
2704;8245;2;1.100107744481033E7
2705;8247;2;1.100107744481033E7
2706;8249;2;1.100107744481033E7
2707;8251;2;1.100107744481033E7
2708;8254;3;1.100107744481033E7
2709;8256;2;1.100107744481033E7
2710;8258;2;1.100107744481033E7
2711;8261;3;1.100107744481033E7
2712;8264;3;1.100107744481033E7
2713;8264;0;1.100107744481033E7
2714;8266;2;1.100107744481033E7
2715;8269;3;1.100107744481033E7
2716;8272;3;1.100107744481033E7
2717;8274;2;1.100107744481033E7
2718;8277;3;1.100107744481033E7
2719;8278;1;1.100107744481033E7
2720;8279;1;1.100107744481033E7
2721;8281;2;1.100107744481033E7
2722;8281;0;1.100107744481033E7
2723;8282;1;1.100107744481033E7
2724;8284;2;1.100107744481033E7
2725;8285;1;1.100107744481033E7
2726;8289;4;1.100107744481033E7
2727;8292;3;1.100107744481033E7
2728;8293;1;1.100107744481033E7
2729;8295;2;1.100107744481033E7
2730;8297;2;1.100107744481033E7
2731;8299;2;1.100107744481033E7
2732;8303;4;1.100107744481033E7
2733;8305;2;1.100107744481033E7
2734;8305;0;1.100107744481033E7
2735;8307;2;1.100107744481033E7
2736;8310;3;1.100107744481033E7
2737;8314;4;1.100107744481033E7
2738;8316;2;1.100107744481033E7
2739;8318;2;1.100107744481033E7
2740;8320;2;1.100107744481033E7
2741;8323;3;1.100107744481033E7
2742;8325;2;1.100107744481033E7
2743;8326;1;1.100107744481033E7
2744;8329;3;1.100107744481033E7
2745;8331;2;1.100107744481033E7
2746;8334;3;1.100107744481033E7
2747;8335;1;1.100107744481033E7
2748;8337;2;1.100107744481033E7
2749;8338;1;1.100107744481033E7
2750;8339;1;1.100107744481033E7
2751;8340;1;1.100107744481033E7
2752;8341;1;1.100107744481033E7
2753;8342;1;1.100107744481033E7
2754;8343;1;1.100107744481033E7
2755;8344;1;1.100107744481033E7
2756;8345;1;1.100107744481033E7
2757;8347;2;1.100107744481033E7
2758;8349;2;1.100107744481033E7
2759;8352;3;1.100107744481033E7
2760;8354;2;1.100107744481033E7
2761;8355;1;1.100107744481033E7
2762;8358;3;1.100107744481033E7
2763;8360;2;1.100107744481033E7
2764;8362;2;1.100107744481033E7
2765;8363;1;1.100107744481033E7
2766;8365;2;1.100107744481033E7
2767;8365;0;1.100107744481033E7
2768;8366;1;1.100107744481033E7
2769;8367;1;1.100107744481033E7
2770;8370;3;1.100107744481033E7
2771;8372;2;1.100107744481033E7
2772;8374;2;1.100107744481033E7
2773;8376;2;1.100107744481033E7
2774;8377;1;1.100107744481033E7
2775;8378;1;1.100107744481033E7
2776;8378;0;1.100107744481033E7
2777;8378;0;1.100107744481033E7
2778;8381;3;1.100107744481033E7
2779;8383;2;1.100107744481033E7
2780;8386;3;1.100107744481033E7
2781;8387;1;1.100107744481033E7
2782;8389;2;1.100107744481033E7
2783;8389;0;1.100107744481033E7
2784;8391;2;1.100107744481033E7
2785;8393;2;1.100107744481033E7
2786;8394;1;1.100107744481033E7
2787;8397;3;1.100107744481033E7
2788;8399;2;1.100107744481033E7
2789;8400;1;1.100107744481033E7
2790;8402;2;1.100107744481033E7
2791;8404;2;1.100107744481033E7
2792;8406;2;1.100107744481033E7
2793;8408;2;1.100107744481033E7
2794;8411;3;1.100107386822692E7
2795;8412;1;1.100107386822692E7
2796;8415;3;1.100107386822692E7
2797;8417;2;1.100107386822692E7
2798;8420;3;1.100107386822692E7
2799;8422;2;1.100107386822692E7
2800;8424;2;1.100107386822692E7
2801;8426;2;1.100107386822692E7
2802;8427;1;1.100107386822692E7
2803;8429;2;1.100107386822692E7
2804;8432;3;1.100107386822692E7
2805;8433;1;1.1001073424964601E7
2806;8434;1;1.1001073424964601E7
2807;8436;2;1.1001073424964601E7
2808;8438;2;1.1001073424964601E7
2809;8440;2;1.1001073424964601E7
2810;8444;4;1.1001073424964601E7
2811;8449;5;1.1001073424964601E7
2812;8452;3;1.1001073424964601E7
2813;8455;3;1.1001073424964601E7
2814;8457;2;1.1001073424964601E7
2815;8459;2;1.1001073424964601E7
2816;8461;2;1.1001073424964601E7
2817;8463;2;1.1001073424964601E7
2818;8465;2;1.1001073424964601E7
2819;8467;2;1.1001073424964601E7
2820;8469;2;1.1001073424964601E7
2821;8471;2;1.1001073424964601E7
2822;8473;2;1.1001073424964601E7
2823;8474;1;1.1001073424964601E7
2824;8476;2;1.1001073424964601E7
2825;8479;3;1.1001073424964601E7
2826;8481;2;1.1001073424964601E7
2827;8483;2;1.1001073424964601E7
2828;8485;2;1.1001073424964601E7
2829;8486;1;1.1001073424964601E7
2830;8487;1;1.1001073424964601E7
2831;8488;1;1.1001073424964601E7
2832;8491;3;1.1001073424964601E7
2833;8491;0;1.1001073424964601E7
2834;8493;2;1.1001073424964601E7
2835;8495;2;1.1001073424964601E7
2836;8497;2;1.1001073424964601E7
2837;8499;2;1.1001073424964601E7
2838;8500;1;1.1001073424964601E7
2839;8503;3;1.1001073424964601E7
2840;8504;1;1.1001073424964601E7
2841;8506;2;1.1001073424964601E7
2842;8508;2;1.1001073424964601E7
2843;8509;1;1.1001073424964601E7
2844;8511;2;1.1001073424964601E7
2845;8512;1;1.1001073424964601E7
2846;8514;2;1.1001073424964601E7
2847;8517;3;1.1001073424964601E7
2848;8519;2;1.1001073424964601E7
2849;8520;1;1.1001073424964601E7
2850;8523;3;1.1001073424964601E7
2851;8525;2;1.1001073424964601E7
2852;8526;1;1.1001073424964601E7
2853;8529;3;1.1001073424964601E7
2854;8529;0;1.1001073424964601E7
2855;8531;2;1.1001073424964601E7
2856;8532;1;1.1001073424964601E7
2857;8534;2;1.1001073424964601E7
2858;8536;2;1.1001073424964601E7
2859;8537;1;1.1001073424964601E7
2860;8539;2;1.1001073424964601E7
2861;8540;1;1.1001073424964601E7
2862;8545;5;1.1001073424964601E7
2863;8549;4;1.1001073424964601E7
2864;8554;5;1.1001073424964601E7
2865;8555;1;1.1001073424964601E7
2866;8557;2;1.1001073424964601E7
2867;8559;2;1.1001073424964601E7
2868;8560;1;1.1001073424964601E7
2869;8562;2;1.1001073424964601E7
2870;8563;1;1.1001073424964601E7
2871;8565;2;1.1001073424964601E7
2872;8568;3;1.1001073424964601E7
2873;8569;1;1.1001073424964601E7
2874;8571;2;1.1001073424964601E7
2875;8573;2;1.1001073424964601E7
2876;8576;3;1.1001073424964601E7
2877;8578;2;1.1001073424964601E7
2878;8580;2;1.1001073424964601E7
2879;8582;2;1.1001073424964601E7
2880;8584;2;1.1001073424964601E7
2881;8587;3;1.1001073424964601E7
2882;8589;2;1.1001073424964601E7
2883;8591;2;1.1001073424964601E7
2884;8593;2;1.1001073424964601E7
2885;8596;3;1.1001073424964601E7
2886;8598;2;1.1001073424964601E7
2887;8600;2;1.1001073424964601E7
2888;8602;2;1.1001073424964601E7
2889;8604;2;1.1001073424964601E7
2890;8604;0;1.1001073424964601E7
2891;8607;3;1.1001073424964601E7
2892;8609;2;1.1001073424964601E7
2893;8611;2;1.1001073424964601E7
2894;8613;2;1.1001073424964601E7
2895;8614;1;1.1001073424964601E7
2896;8617;3;1.1001073424964601E7
2897;8619;2;1.1001073424964601E7
2898;8622;3;1.1001073424964601E7
2899;8624;2;1.1001073424964601E7
2900;8626;2;1.1001073424964601E7
2901;8628;2;1.1001073424964601E7
2902;8630;2;1.1001073424964601E7
2903;8632;2;1.1001073424964601E7
2904;8633;1;1.1001073424964601E7
2905;8635;2;1.1001073424964601E7
2906;8638;3;1.1001073424964601E7
2907;8640;2;1.1001073424964601E7
2908;8645;5;1.1001073424964601E7
2909;8648;3;1.1001073424964601E7
2910;8653;5;1.1001073424964601E7
2911;8655;2;1.1001073424964601E7
2912;8655;0;1.1001073424964601E7
2913;8657;2;1.1001073424964601E7
2914;8658;1;1.1001073424964601E7
2915;8660;2;1.1001073424964601E7
2916;8663;3;1.1001073424964601E7
2917;8665;2;1.1001073424964601E7
2918;8667;2;1.1001073424964601E7
2919;8668;1;1.1001073424964601E7
2920;8670;2;1.1001073424964601E7
2921;8672;2;1.1001073424964601E7
2922;8673;1;1.1001073424964601E7
2923;8676;3;1.1001073424964601E7
2924;8677;1;1.1001071921281751E7
2925;8678;1;1.1001071921281751E7
2926;8679;1;1.1001071921281751E7
2927;8681;2;1.1001071921281751E7
2928;8682;1;1.1001071921281751E7
2929;8684;2;1.1001071921281751E7
2930;8687;3;1.1001071921281751E7
2931;8689;2;1.1001071921281751E7
2932;8689;0;1.1001071921281751E7
2933;8691;2;1.1001071921281751E7
2934;8693;2;1.1001071921281751E7
2935;8696;3;1.1001071921281751E7
2936;8698;2;1.1001071921281751E7
2937;8700;2;1.1001071921281751E7
2938;8700;0;1.1001071921281751E7
2939;8701;1;1.1001071921281751E7
2940;8702;1;1.1001071921281751E7
2941;8703;1;1.1001071921281751E7
2942;8705;2;1.1001071921281751E7
2943;8707;2;1.1001071921281751E7
2944;8709;2;1.1001071921281751E7
2945;8711;2;1.1001071921281751E7
2946;8713;2;1.1001071921281751E7
2947;8715;2;1.1001071921281751E7
2948;8715;0;1.1001071921281751E7
2949;8718;3;1.1001071921281751E7
2950;8720;2;1.1001071921281751E7
2951;8722;2;1.1001071921281751E7
2952;8725;3;1.1001071921281751E7
2953;8725;0;1.1001071921281751E7
2954;8726;1;1.1001071921281751E7
2955;8727;1;1.1001071921281751E7
2956;8729;2;1.1001071921281751E7
2957;8731;2;1.1001071921281751E7
2958;8733;2;1.1001071921281751E7
2959;8735;2;1.1001071921281751E7
2960;8738;3;1.1001071921281751E7
2961;8740;2;1.1001071921281751E7
2962;8745;5;1.1001071921281751E7
2963;8746;1;1.1001071921281751E7
2964;8747;1;1.1001071921281751E7
2965;8749;2;1.1001071921281751E7
2966;8753;4;1.1001071921281751E7
2967;8755;2;1.1001071921281751E7
2968;8757;2;1.1001071921281751E7
2969;8760;3;1.1001071921281751E7
2970;8761;1;1.1001071921281751E7
2971;8764;3;1.1001071921281751E7
2972;8765;1;1.1001071921281751E7
2973;8766;1;1.1001071921281751E7
2974;8768;2;1.1001071921281751E7
2975;8770;2;1.1001071921281751E7
2976;8773;3;1.1001071921281751E7
2977;8775;2;1.1001071921281751E7
2978;8777;2;1.1001071921281751E7
2979;8779;2;1.1001071921281751E7
2980;8781;2;1.1001071921281751E7
2981;8782;1;1.1001071921281751E7
2982;8784;2;1.1001071921281751E7
2983;8786;2;1.1001071921281751E7
2984;8787;1;1.1001071921281751E7
2985;8789;2;1.1001071921281751E7
2986;8789;0;1.1001071921281751E7
2987;8792;3;1.1001071921281751E7
2988;8792;0;1.1001071921281751E7
2989;8794;2;1.1001071921281751E7
2990;8796;2;1.1001071921281751E7
2991;8799;3;1.1001071921281751E7
2992;8800;1;1.1001071921281751E7
2993;8800;0;1.1001071921281751E7
2994;8802;2;1.1001071921281751E7
2995;8804;2;1.1001071921281751E7
2996;8806;2;1.1001071921281751E7
2997;8810;4;1.1001071921281751E7
2998;8815;5;1.1001071921281751E7
2999;8817;2;1.1001071921281751E7
