Index;Time point [ms];Iteration length [ms];Cost
0;7;7;5001804.152269139
1;12;5;5001774.827306951
2;17;5;5001774.827306951
3;21;4;5001637.769308519
4;26;5;5001637.769308519
5;30;4;5001498.88919134
6;37;7;5001498.88919134
7;41;4;5001498.88919134
8;45;4;5001498.88919134
9;48;3;5001498.88919134
10;51;3;5001498.88919134
11;54;3;5001498.88919134
12;55;1;5001498.88919134
13;63;8;4001446.499520559
14;63;0;4001446.499520559
15;68;5;4001421.7145417808
16;73;5;4001421.7145417808
17;77;4;4001421.7145417808
18;82;5;4001421.7145417808
19;86;4;4001421.7145417808
20;89;3;4001394.6136598242
21;95;6;4001394.6136598242
22;101;6;4001394.6136598242
23;107;6;4001394.6136598242
24;113;6;4001394.6136598242
25;122;9;4001394.6136598242
26;131;9;4001394.6136598242
27;137;6;4001394.6136598242
28;142;5;4001394.6136598242
29;147;5;4001394.6136598242
30;148;1;4001394.6136598242
31;153;5;4001394.6136598242
32;159;6;4001394.6136598242
33;165;6;4001394.6136598242
34;169;4;4001394.6136598242
35;173;4;4001394.6136598242
36;177;4;4001394.6136598242
37;177;0;4001394.6136598242
38;179;2;4001394.6136598242
39;184;5;4001394.6136598242
40;189;5;4001394.6136598242
41;196;7;4001394.6136598242
42;202;6;4001394.6136598242
43;206;4;4001394.6136598242
44;212;6;4001394.6136598242
45;216;4;4001394.6136598242
46;217;1;4001394.6136598242
47;224;7;4001394.6136598242
48;226;2;4001394.6136598242
49;227;1;4001394.6136598242
50;234;7;4001394.6136598242
51;240;6;4001394.6136598242
52;244;4;4001394.6136598242
53;245;1;4001394.6136598242
54;246;1;4001394.6136598242
55;250;4;4001394.6136598242
56;255;5;4001394.6136598242
57;255;0;4001394.6136598242
58;256;1;4001394.6136598242
59;261;5;4001394.6136598242
60;264;3;4001394.6136598242
61;270;6;4001394.6136598242
62;276;6;4001394.6136598242
63;280;4;4001394.6136598242
64;280;0;4001394.6136598242
65;285;5;4001394.6136598242
66;286;1;4001394.6136598242
67;295;9;4001394.6136598242
68;296;1;4001394.6136598242
69;301;5;4001394.6136598242
70;308;7;4001394.6136598242
71;311;3;4001394.6136598242
72;316;5;4001394.6136598242
73;321;5;4001385.4409038816
74;334;13;4001385.4409038816
75;339;5;4001385.4409038816
76;344;5;4001385.4409038816
77;349;5;4001385.4409038816
78;352;3;4001385.4409038816
79;357;5;4001385.4409038816
80;358;1;4001385.4409038816
81;362;4;4001385.4409038816
82;368;6;4001385.4409038816
83;373;5;4001385.4409038816
84;377;4;4001385.4409038816
85;381;4;4001385.4409038816
86;384;3;4001385.4409038816
87;390;6;4001385.4409038816
88;393;3;4001385.4409038816
89;397;4;4001385.4409038816
90;401;4;4001385.4409038816
91;406;5;4001385.4409038816
92;409;3;4001385.4409038816
93;413;4;4001385.4409038816
94;413;0;4001385.4409038816
95;420;7;4001385.4409038816
96;429;9;4001385.4409038816
97;434;5;4001385.4409038816
98;438;4;4001385.4409038816
99;442;4;4001385.4409038816
100;448;6;4001385.4409038816
101;454;6;4001385.4409038816
102;459;5;4001385.4409038816
103;465;6;4001385.4409038816
104;465;0;4001385.4409038816
105;474;9;4001385.4409038816
106;478;4;4001385.4409038816
107;483;5;4001385.4409038816
108;486;3;4001385.4409038816
109;491;5;4001385.4409038816
110;494;3;4001385.4409038816
111;498;4;4001385.4409038816
112;503;5;4001385.4409038816
113;507;4;4001385.4409038816
114;513;6;4001385.4409038816
115;517;4;4001385.4409038816
116;525;8;4001385.4409038816
117;533;8;4001385.4409038816
118;536;3;4001385.4409038816
119;539;3;4001385.4409038816
120;540;1;4001385.4409038816
121;543;3;4001385.4409038816
122;546;3;4001385.4409038816
123;552;6;4001385.4409038816
124;558;6;4001385.4409038816
125;559;1;4001385.4409038816
126;560;1;4001385.4409038816
127;561;1;4001385.4409038816
128;564;3;4001385.4409038816
129;568;4;4001385.4409038816
130;571;3;4001385.4409038816
131;577;6;4001385.4409038816
132;577;0;4001385.4409038816
133;582;5;4001385.4409038816
134;589;7;4001385.4409038816
135;595;6;4001385.4409038816
136;598;3;4001385.4409038816
137;601;3;4001385.4409038816
138;604;3;4001385.4409038816
139;610;6;4001385.4409038816
140;615;5;4001385.4409038816
141;620;5;4001385.4409038816
142;630;10;4001385.4409038816
143;638;8;4001385.4409038816
144;641;3;4001385.4409038816
145;644;3;4001385.4409038816
146;647;3;4001385.4409038816
147;651;4;4001385.4409038816
148;657;6;4001385.4409038816
149;661;4;4001385.4409038816
150;666;5;4001385.4409038816
151;670;4;4001385.4409038816
152;670;0;4001385.4409038816
153;671;1;4001385.4409038816
154;678;7;4001385.4409038816
155;684;6;4001385.4409038816
156;684;0;4001385.4409038816
157;687;3;4001385.4409038816
158;691;4;4001385.4409038816
159;695;4;4001385.4409038816
160;699;4;4001385.4409038816
161;704;5;4001385.4409038816
162;710;6;4001385.4409038816
163;714;4;4001385.4409038816
164;720;6;4001385.4409038816
165;721;1;4001385.4409038816
166;730;9;4001385.4409038816
167;736;6;4001385.4409038816
168;743;7;4001385.4409038816
169;750;7;4001385.4409038816
170;755;5;4001385.4409038816
171;764;9;4001385.4409038816
172;769;5;4001385.4409038816
173;770;1;4001385.4409038816
174;774;4;4001385.4409038816
175;779;5;4001385.4409038816
176;780;1;4001385.4409038816
177;784;4;4001385.4409038816
178;785;1;4001385.4409038816
179;785;0;4001385.4409038816
180;786;1;4001385.4409038816
181;790;4;4001385.4409038816
182;795;5;4001385.4409038816
183;795;0;4001385.4409038816
184;799;4;4001385.4409038816
185;805;6;4001385.4409038816
186;806;1;4001385.4409038816
187;806;0;4001385.4409038816
188;812;6;4001385.4409038816
189;817;5;4001385.4409038816
190;821;4;4001385.4409038816
191;825;4;4001385.4409038816
192;828;3;4001385.4409038816
193;832;4;4001385.4409038816
194;833;1;4001385.4409038816
195;833;0;4001385.4409038816
196;834;1;4001385.4409038816
197;836;2;4001385.4409038816
198;837;1;4001385.4409038816
199;837;0;4001385.4409038816
200;843;6;4001385.4409038816
201;846;3;4001385.4409038816
202;852;6;4001385.4409038816
203;856;4;4001385.4409038816
204;862;6;4001385.4409038816
205;868;6;4001385.4409038816
206;872;4;4001385.4409038816
207;877;5;4001385.4409038816
208;883;6;4001385.4409038816
209;887;4;4001385.4409038816
210;891;4;4001385.4409038816
211;896;5;4001385.4409038816
212;900;4;4001385.4409038816
213;905;5;4001385.4409038816
214;910;5;4001385.4409038816
215;913;3;4001385.4409038816
216;918;5;4001385.4409038816
217;924;6;4001385.4409038816
218;932;8;4001385.4409038816
219;936;4;4001385.4409038816
220;943;7;4001385.4409038816
221;946;3;4001385.4409038816
222;951;5;4001385.4409038816
223;954;3;4001385.4409038816
224;960;6;4001385.4409038816
225;965;5;4001385.4409038816
226;965;0;4001385.4409038816
227;972;7;4001385.4409038816
228;978;6;4001385.4409038816
229;985;7;4001385.4409038816
230;988;3;4001385.4409038816
231;994;6;4001385.4409038816
232;998;4;4001385.4409038816
233;1001;3;4001385.4409038816
234;1005;4;4001385.4409038816
235;1011;6;4001385.4409038816
236;1012;1;4001385.4409038816
237;1017;5;4001385.4409038816
238;1020;3;4001385.4409038816
239;1025;5;4001385.4409038816
240;1030;5;4001385.4409038816
241;1034;4;4001385.4409038816
242;1038;4;4001385.4409038816
243;1042;4;4001385.4409038816
244;1044;2;4001385.4409038816
245;1049;5;4001385.4409038816
246;1052;3;4001385.4409038816
247;1057;5;4001385.4409038816
248;1062;5;4001385.4409038816
249;1062;0;4001385.4409038816
250;1067;5;4001385.4409038816
251;1072;5;4001385.4409038816
252;1077;5;4001385.4409038816
253;1083;6;4001385.4409038816
254;1086;3;4001385.4409038816
255;1093;7;4001385.4409038816
256;1099;6;4001385.4409038816
257;1104;5;4001385.4409038816
258;1107;3;4001385.4409038816
259;1111;4;4001385.4409038816
260;1116;5;4001385.4409038816
261;1121;5;4001385.4409038816
262;1124;3;4001341.892089723
263;1129;5;4001333.3240498626
264;1136;7;4001333.3240498626
265;1140;4;4001333.3240498626
266;1142;2;4001333.3240498626
267;1147;5;4001329.653649247
268;1150;3;4001329.653649247
269;1157;7;4001329.653649247
270;1163;6;4001288.924565251
271;1168;5;4001268.110543666
272;1169;1;4001268.110543666
273;1172;3;4001268.110543666
274;1175;3;4001268.110543666
275;1179;4;4001268.110543666
276;1184;5;4001268.110543666
277;1189;5;4001268.110543666
278;1192;3;4001268.110543666
279;1196;4;4001268.110543666
280;1201;5;4001268.110543666
281;1206;5;4001260.904565862
282;1210;4;4001260.904565862
283;1214;4;4001248.514647251
284;1220;6;4001248.514647251
285;1224;4;4001248.514647251
286;1229;5;4001248.514647251
287;1233;4;4001248.514647251
288;1239;6;4001248.514647251
289;1240;1;4001248.514647251
290;1248;8;4001248.514647251
291;1253;5;4001248.514647251
292;1258;5;4001248.514647251
293;1264;6;4001248.514647251
294;1265;1;4001248.514647251
295;1269;4;4001248.514647251
296;1274;5;4001248.514647251
297;1279;5;4001248.514647251
298;1279;0;4001248.514647251
299;1283;4;4001248.514647251
300;1283;0;4001248.514647251
301;1287;4;4001248.514647251
302;1293;6;4001248.514647251
303;1297;4;4001248.514647251
304;1301;4;4001248.514647251
305;1301;0;4001248.514647251
306;1304;3;4001248.514647251
307;1309;5;4001248.514647251
308;1313;4;4001248.514647251
309;1318;5;4001248.514647251
310;1321;3;4001248.514647251
311;1326;5;4001248.514647251
312;1333;7;4001248.514647251
313;1341;8;4001248.514647251
314;1345;4;4001248.514647251
315;1351;6;4001248.514647251
316;1356;5;4001248.514647251
317;1359;3;4001248.514647251
318;1362;3;4001248.514647251
319;1366;4;4001248.514647251
320;1370;4;4001248.514647251
321;1372;2;4001248.514647251
322;1375;3;4001248.514647251
323;1380;5;4001248.514647251
324;1384;4;4001248.514647251
325;1387;3;4001248.514647251
326;1390;3;4001248.514647251
327;1397;7;4001248.514647251
328;1400;3;4001248.514647251
329;1401;1;4001248.514647251
330;1406;5;4001248.514647251
331;1407;1;4001248.514647251
332;1413;6;4001248.514647251
333;1416;3;4001248.514647251
334;1418;2;4001248.514647251
335;1422;4;4001248.514647251
336;1427;5;4001248.514647251
337;1431;4;4001248.514647251
338;1436;5;4001248.514647251
339;1440;4;4001248.514647251
340;1444;4;4001248.514647251
341;1445;1;4001248.514647251
342;1447;2;4001248.514647251
343;1451;4;4001248.514647251
344;1452;1;4001248.514647251
345;1459;7;4001248.514647251
346;1460;1;4001248.514647251
347;1461;1;4001248.514647251
348;1466;5;4001248.514647251
349;1472;6;4001248.514647251
350;1476;4;4001248.514647251
351;1479;3;4001248.514647251
352;1484;5;4001248.514647251
353;1490;6;4001248.514647251
354;1495;5;4001248.514647251
355;1499;4;4001248.514647251
356;1499;0;4001248.514647251
357;1502;3;4001248.514647251
358;1508;6;4001248.514647251
359;1511;3;4001248.514647251
360;1516;5;4001248.514647251
361;1521;5;4001248.514647251
362;1525;4;4001248.514647251
363;1526;1;4001248.514647251
364;1526;0;4001248.514647251
365;1533;7;4001248.514647251
366;1536;3;4001248.514647251
367;1537;1;4001248.514647251
368;1541;4;4001248.514647251
369;1545;4;4001248.514647251
370;1549;4;4001248.514647251
371;1554;5;4001248.514647251
372;1561;7;4001248.514647251
373;1568;7;4001248.514647251
374;1570;2;4001248.514647251
375;1576;6;4001248.514647251
376;1581;5;4001248.514647251
377;1585;4;4001248.514647251
378;1587;2;4001248.514647251
379;1591;4;4001248.514647251
380;1596;5;4001248.514647251
381;1601;5;4001248.514647251
382;1606;5;4001248.514647251
383;1611;5;4001248.514647251
384;1616;5;4001248.514647251
385;1617;1;4001248.514647251
386;1622;5;4001248.514647251
387;1627;5;4001248.514647251
388;1630;3;4001248.514647251
389;1631;1;4001248.514647251
390;1635;4;4001248.514647251
391;1641;6;4001248.514647251
392;1641;0;4001248.514647251
393;1642;1;4001248.514647251
394;1646;4;4001248.514647251
395;1647;1;4001248.514647251
396;1649;2;4001248.514647251
397;1650;1;4001248.514647251
398;1654;4;4001248.514647251
399;1658;4;4001248.514647251
400;1662;4;4001248.514647251
401;1662;0;4001248.514647251
402;1663;1;4001248.514647251
403;1670;7;4001248.514647251
404;1671;1;4001248.514647251
405;1674;3;4001248.514647251
406;1677;3;4001248.514647251
407;1682;5;4001248.514647251
408;1686;4;4001248.514647251
409;1687;1;4001248.514647251
410;1693;6;4001248.514647251
411;1698;5;4001248.514647251
412;1702;4;4001248.514647251
413;1708;6;4001248.514647251
414;1712;4;4001248.514647251
415;1716;4;4001248.514647251
416;1717;1;4001248.514647251
417;1722;5;4001248.514647251
418;1728;6;4001248.514647251
419;1731;3;4001248.514647251
420;1736;5;4001248.514647251
421;1741;5;4001248.514647251
422;1745;4;4001248.514647251
423;1749;4;4001248.514647251
424;1753;4;4001248.514647251
425;1754;1;4001248.514647251
426;1762;8;4001248.514647251
427;1766;4;4001248.514647251
428;1771;5;4001248.514647251
429;1775;4;4001248.514647251
430;1780;5;4001248.514647251
431;1785;5;4001248.514647251
432;1790;5;4001248.514647251
433;1791;1;4001248.514647251
434;1792;1;4001248.514647251
435;1793;1;4001248.514647251
436;1793;0;4001248.514647251
437;1799;6;4001248.514647251
438;1800;1;4001248.514647251
439;1804;4;4001248.514647251
440;1808;4;4001248.514647251
441;1809;1;4001248.514647251
442;1811;2;4001248.514647251
443;1814;3;4001248.514647251
444;1818;4;4001248.514647251
445;1821;3;4001248.514647251
446;1825;4;4001248.514647251
447;1826;1;4001248.514647251
448;1830;4;4001248.514647251
449;1835;5;4001248.514647251
450;1839;4;4001248.514647251
451;1844;5;4001248.514647251
452;1844;0;4001248.514647251
453;1849;5;4001248.514647251
454;1854;5;4001248.514647251
455;1859;5;4001248.514647251
456;1864;5;4001248.514647251
457;1868;4;4001248.514647251
458;1870;2;4001248.514647251
459;1874;4;4001248.514647251
460;1876;2;4001248.514647251
461;1881;5;4001248.514647251
462;1883;2;4001248.514647251
463;1885;2;4001248.514647251
464;1888;3;4001248.514647251
465;1893;5;4001248.514647251
466;1897;4;4001248.514647251
467;1899;2;4001248.514647251
468;1903;4;4001248.514647251
469;1906;3;4001248.514647251
470;1910;4;4001248.514647251
471;1913;3;4001248.514647251
472;1918;5;4001248.514647251
473;1921;3;4001248.514647251
474;1924;3;4001248.514647251
475;1930;6;4001248.514647251
476;1930;0;4001248.514647251
477;1935;5;4001248.514647251
478;1937;2;4001248.514647251
479;1940;3;4001248.514647251
480;1944;4;4001248.514647251
481;1947;3;4001248.514647251
482;1953;6;4001248.514647251
483;1958;5;4001248.514647251
484;1963;5;4001248.514647251
485;1966;3;4001248.514647251
486;1971;5;4001248.514647251
487;1976;5;4001248.514647251
488;1981;5;4001248.514647251
489;1985;4;4001248.514647251
490;1989;4;4001248.514647251
491;1994;5;4001248.514647251
492;1997;3;4001248.514647251
493;2000;3;4001248.514647251
494;2005;5;4001248.514647251
495;2008;3;4001248.514647251
496;2013;5;4001248.514647251
497;2014;1;4001248.514647251
498;2017;3;4001248.514647251
499;2020;3;4001248.514647251
500;2025;5;4001248.514647251
501;2030;5;4001248.514647251
502;2035;5;4001248.514647251
503;2040;5;4001248.514647251
504;2045;5;4001248.514647251
505;2050;5;4001248.514647251
506;2051;1;4001248.514647251
507;2056;5;4001248.514647251
508;2061;5;4001248.514647251
509;2065;4;4001248.514647251
510;2069;4;4001248.514647251
511;2074;5;4001248.514647251
512;2075;1;4001248.514647251
513;2078;3;4001248.514647251
514;2084;6;4001248.514647251
515;2086;2;4001248.514647251
516;2089;3;4001248.514647251
517;2089;0;4001248.514647251
518;2093;4;4001248.514647251
519;2098;5;4001248.514647251
520;2101;3;4001248.514647251
521;2107;6;4001248.514647251
522;2111;4;4001248.514647251
523;2116;5;4001248.514647251
524;2116;0;4001248.514647251
525;2117;1;4001248.514647251
526;2121;4;4001248.514647251
527;2123;2;4001248.514647251
528;2126;3;4001248.514647251
529;2130;4;4001248.514647251
530;2135;5;4001248.514647251
531;2139;4;4001248.514647251
532;2146;7;4001248.514647251
533;2150;4;4001248.514647251
534;2156;6;4001248.514647251
535;2156;0;4001248.514647251
536;2157;1;4001248.514647251
537;2158;1;4001248.514647251
538;2161;3;4001248.514647251
539;2162;1;4001248.514647251
540;2165;3;4001248.514647251
541;2166;1;4001248.514647251
542;2170;4;4001248.514647251
543;2174;4;4001248.514647251
544;2178;4;4001248.514647251
545;2180;2;4001248.514647251
546;2186;6;4001248.514647251
547;2191;5;4001248.514647251
548;2191;0;4001248.514647251
549;2195;4;4001248.514647251
550;2200;5;4001248.514647251
551;2204;4;4001248.514647251
552;2208;4;4001248.514647251
553;2213;5;4001248.514647251
554;2219;6;4001248.514647251
555;2221;2;4001248.514647251
556;2225;4;4001248.514647251
557;2229;4;4001248.514647251
558;2232;3;4001248.514647251
559;2236;4;4001248.514647251
560;2240;4;4001248.514647251
561;2245;5;4001248.514647251
562;2251;6;4001248.514647251
563;2255;4;4001248.514647251
564;2260;5;4001248.514647251
565;2266;6;4001248.514647251
566;2269;3;4001248.514647251
567;2270;1;4001248.514647251
568;2275;5;4001248.514647251
569;2280;5;4001248.514647251
570;2281;1;4001248.514647251
571;2285;4;4001248.514647251
572;2288;3;4001248.514647251
573;2289;1;4001248.514647251
574;2294;5;4001248.514647251
575;2298;4;4001248.514647251
576;2301;3;4001248.514647251
577;2301;0;4001248.514647251
578;2305;4;4001248.514647251
579;2311;6;4001248.514647251
580;2314;3;4001248.514647251
581;2319;5;4001248.514647251
582;2325;6;4001248.514647251
583;2325;0;4001248.514647251
584;2332;7;4001248.514647251
585;2333;1;4001248.514647251
586;2339;6;4001248.514647251
587;2342;3;4001248.514647251
588;2348;6;4001248.514647251
589;2352;4;4001248.514647251
590;2357;5;4001248.514647251
591;2360;3;4001248.514647251
592;2365;5;4001248.514647251
593;2367;2;4001248.514647251
594;2370;3;4001248.514647251
595;2372;2;4001248.514647251
596;2375;3;4001248.514647251
597;2381;6;4001248.514647251
598;2382;1;4001248.514647251
599;2384;2;4001248.514647251
600;2390;6;4001248.514647251
601;2393;3;4001248.514647251
602;2397;4;4001248.514647251
603;2400;3;4001248.514647251
604;2406;6;4001248.514647251
605;2406;0;4001248.514647251
606;2412;6;4001248.514647251
607;2416;4;4001248.514647251
608;2420;4;4001248.514647251
609;2421;1;4001248.514647251
610;2424;3;4001248.514647251
611;2429;5;4001248.514647251
612;2433;4;4001248.514647251
613;2437;4;4001248.514647251
614;2441;4;4001248.514647251
615;2445;4;4001248.514647251
616;2449;4;4001248.514647251
617;2455;6;4001248.514647251
618;2460;5;4001248.514647251
619;2463;3;4001248.514647251
620;2471;8;4001248.514647251
621;2475;4;4001248.514647251
622;2476;1;4001248.514647251
623;2479;3;4001248.514647251
624;2479;0;4001248.514647251
625;2480;1;4001248.514647251
626;2484;4;4001248.514647251
627;2488;4;4001248.514647251
628;2494;6;4001248.514647251
629;2497;3;4001248.514647251
630;2499;2;4001248.514647251
631;2502;3;4001248.514647251
632;2508;6;4001248.514647251
633;2512;4;4001248.514647251
634;2517;5;4001248.514647251
635;2521;4;4001248.514647251
636;2525;4;4001248.514647251
637;2531;6;4001248.514647251
638;2535;4;4001248.514647251
639;2536;1;4001248.514647251
640;2539;3;4001248.514647251
641;2540;1;4001248.514647251
642;2545;5;4001248.514647251
643;2550;5;4001248.514647251
644;2552;2;4001248.514647251
645;2553;1;4001248.514647251
646;2555;2;4001248.514647251
647;2557;2;4001248.514647251
648;2562;5;4001248.514647251
649;2565;3;4001248.514647251
650;2571;6;4001248.514647251
651;2576;5;4001248.514647251
652;2577;1;4001248.514647251
653;2582;5;4001248.514647251
654;2587;5;4001248.514647251
655;2588;1;4001248.514647251
656;2593;5;4001248.514647251
657;2598;5;4001248.514647251
658;2602;4;4001248.514647251
659;2607;5;4001248.514647251
660;2610;3;4001248.514647251
661;2614;4;4001248.514647251
662;2617;3;4001248.514647251
663;2622;5;4001248.514647251
664;2626;4;4001248.514647251
665;2632;6;4001248.514647251
666;2640;8;4001248.514647251
667;2644;4;4001248.514647251
668;2644;0;4001248.514647251
669;2647;3;4001248.514647251
670;2648;1;4001248.514647251
671;2648;0;4001248.514647251
672;2654;6;4001248.514647251
673;2659;5;4001248.514647251
674;2660;1;4001248.514647251
675;2664;4;4001248.514647251
676;2669;5;4001248.514647251
677;2674;5;4001248.514647251
678;2678;4;4001248.514647251
679;2682;4;4001248.514647251
680;2685;3;4001248.514647251
681;2689;4;4001248.514647251
682;2691;2;4001248.514647251
683;2695;4;4001248.514647251
684;2698;3;4001248.514647251
685;2701;3;4001248.514647251
686;2705;4;4001248.514647251
687;2707;2;4001248.514647251
688;2711;4;4001248.514647251
689;2715;4;4001248.514647251
690;2719;4;4001248.514647251
691;2720;1;4001248.514647251
692;2727;7;4001248.514647251
693;2729;2;4001248.514647251
694;2729;0;4001248.514647251
695;2733;4;4001248.514647251
696;2735;2;4001248.514647251
697;2742;7;4001248.514647251
698;2745;3;4001248.514647251
699;2746;1;4001248.514647251
700;2750;4;4001248.514647251
701;2753;3;4001248.514647251
702;2756;3;4001248.514647251
703;2760;4;4001248.514647251
704;2764;4;4001248.514647251
705;2769;5;4001248.514647251
706;2774;5;4001248.514647251
707;2775;1;4001248.514647251
708;2777;2;4001248.514647251
709;2784;7;4001248.514647251
710;2789;5;4001248.514647251
711;2795;6;4001248.514647251
712;2798;3;4001248.514647251
713;2801;3;4001248.514647251
714;2803;2;4001248.514647251
715;2803;0;4001248.514647251
716;2806;3;4001248.514647251
717;2810;4;4001248.514647251
718;2815;5;4001248.514647251
719;2820;5;4001248.514647251
720;2826;6;4001248.514647251
721;2828;2;4001248.514647251
722;2831;3;4001248.514647251
723;2835;4;4001248.514647251
724;2838;3;4001248.514647251
725;2844;6;4001248.514647251
726;2847;3;4001248.514647251
727;2851;4;4001248.514647251
728;2856;5;4001248.514647251
729;2861;5;4001248.514647251
730;2867;6;4001248.514647251
731;2871;4;4001248.514647251
732;2872;1;4001248.514647251
733;2872;0;4001248.514647251
734;2877;5;4001248.514647251
735;2882;5;4001248.514647251
736;2884;2;4001248.514647251
737;2890;6;4001248.514647251
738;2895;5;4001248.514647251
739;2901;6;4001248.514647251
740;2905;4;4001248.514647251
741;2910;5;4001248.514647251
742;2917;7;4001248.514647251
743;2921;4;4001248.514647251
744;2924;3;4001248.514647251
745;2928;4;4001248.514647251
746;2933;5;4001248.514647251
747;2938;5;4001248.514647251
748;2940;2;4001248.514647251
749;2943;3;4001248.514647251
750;2945;2;4001248.514647251
751;2947;2;4001248.514647251
752;2954;7;4001248.514647251
753;2960;6;4001248.514647251
754;2961;1;4001248.514647251
755;2965;4;4001248.514647251
756;2969;4;4001248.514647251
757;2972;3;4001248.514647251
758;2977;5;4001248.514647251
759;2979;2;4001248.514647251
760;2983;4;4001248.514647251
761;2987;4;4001248.514647251
762;2991;4;4001248.514647251
763;2995;4;4001248.514647251
764;2999;4;4001248.514647251
765;3000;1;4001248.514647251
766;3001;1;4001248.514647251
767;3006;5;4001248.514647251
768;3008;2;4001248.514647251
769;3012;4;4001248.514647251
770;3014;2;4001248.514647251
771;3018;4;4001248.514647251
772;3021;3;4001248.514647251
773;3026;5;4001248.514647251
774;3033;7;4001248.514647251
775;3038;5;4001248.514647251
776;3039;1;4001248.514647251
777;3043;4;4001248.514647251
778;3048;5;4001248.514647251
779;3051;3;4001248.514647251
780;3055;4;4001248.514647251
781;3058;3;4001248.514647251
782;3061;3;4001248.514647251
783;3064;3;4001248.514647251
784;3069;5;4001248.514647251
785;3072;3;4001248.514647251
786;3076;4;4001248.514647251
787;3081;5;4001248.514647251
788;3085;4;4001248.514647251
789;3086;1;4001248.514647251
790;3091;5;4001248.514647251
791;3096;5;4001248.514647251
792;3102;6;4001248.514647251
793;3103;1;4001248.514647251
794;3106;3;4001248.514647251
795;3112;6;4001248.514647251
796;3117;5;4001248.514647251
797;3123;6;4001248.514647251
798;3125;2;4001248.514647251
799;3130;5;4001248.514647251
800;3134;4;4001248.514647251
801;3138;4;4001248.514647251
802;3142;4;4001248.514647251
803;3146;4;4001248.514647251
804;3151;5;4001248.514647251
805;3154;3;4001248.514647251
806;3159;5;4001248.514647251
807;3163;4;4001248.514647251
808;3168;5;4001248.514647251
809;3171;3;4001248.514647251
810;3175;4;4001248.514647251
811;3175;0;4001248.514647251
812;3176;1;4001248.514647251
813;3179;3;4001248.514647251
814;3183;4;4001248.514647251
815;3188;5;4001248.514647251
816;3195;7;4001248.514647251
817;3198;3;4001248.514647251
818;3203;5;4001248.514647251
819;3209;6;4001248.514647251
820;3211;2;4001248.514647251
821;3216;5;4001248.514647251
822;3221;5;4001248.514647251
823;3226;5;4001248.514647251
824;3227;1;4001248.514647251
825;3228;1;4001248.514647251
826;3231;3;4001248.514647251
827;3233;2;4001248.514647251
828;3239;6;4001248.514647251
829;3245;6;4001248.514647251
830;3250;5;4001248.514647251
831;3255;5;4001248.514647251
832;3261;6;4001248.514647251
833;3262;1;4001248.514647251
834;3263;1;4001248.514647251
835;3267;4;4001248.514647251
836;3275;8;4001248.514647251
837;3278;3;4001248.514647251
838;3279;1;4001248.514647251
839;3281;2;4001248.514647251
840;3285;4;4001248.514647251
841;3288;3;4001248.514647251
842;3294;6;4001248.514647251
843;3297;3;4001248.514647251
844;3300;3;4001248.514647251
845;3303;3;4001248.514647251
846;3307;4;4001248.514647251
847;3311;4;4001248.514647251
848;3314;3;4001248.514647251
849;3314;0;4001248.514647251
850;3317;3;4001248.514647251
851;3318;1;4001248.514647251
852;3319;1;4001248.514647251
853;3319;0;4001248.514647251
854;3325;6;4001248.514647251
855;3325;0;4001248.514647251
856;3333;8;4001248.514647251
857;3338;5;4001248.514647251
858;3343;5;4001248.514647251
859;3346;3;4001248.514647251
860;3348;2;4001248.514647251
861;3351;3;4001248.514647251
862;3357;6;4001248.514647251
863;3362;5;4001248.514647251
864;3366;4;4001248.514647251
865;3369;3;4001248.514647251
866;3373;4;4001248.514647251
867;3378;5;4001248.514647251
868;3381;3;4001248.514647251
869;3385;4;4001248.514647251
870;3389;4;4001248.514647251
871;3395;6;4001248.514647251
872;3399;4;4001248.514647251
873;3404;5;4001248.514647251
874;3408;4;4001248.514647251
875;3410;2;4001248.514647251
876;3415;5;4001248.514647251
877;3419;4;4001248.514647251
878;3424;5;4001248.514647251
879;3425;1;4001248.514647251
880;3429;4;4001248.514647251
881;3434;5;4001248.514647251
882;3439;5;4001248.514647251
883;3442;3;4001248.514647251
884;3446;4;4001248.514647251
885;3449;3;4001248.514647251
886;3452;3;4001248.514647251
887;3457;5;4001248.514647251
888;3458;1;4001248.514647251
889;3463;5;4001248.514647251
890;3465;2;4001248.514647251
891;3472;7;4001248.514647251
892;3476;4;4001248.514647251
893;3482;6;4001248.514647251
894;3485;3;4001248.514647251
895;3486;1;4001248.514647251
896;3490;4;4001248.514647251
897;3494;4;4001248.514647251
898;3494;0;4001248.514647251
899;3499;5;4001248.514647251
900;3500;1;4001248.514647251
901;3503;3;4001248.514647251
902;3504;1;4001248.514647251
903;3506;2;4001248.514647251
904;3512;6;4001248.514647251
905;3514;2;4001248.514647251
906;3515;1;4001248.514647251
907;3519;4;4001248.514647251
908;3521;2;4001248.514647251
909;3522;1;4001248.514647251
910;3529;7;4001248.514647251
911;3530;1;4001248.514647251
912;3534;4;4001248.514647251
913;3539;5;4001248.514647251
914;3540;1;4001248.514647251
915;3543;3;4001248.514647251
916;3546;3;4001248.514647251
917;3551;5;4001248.514647251
918;3556;5;4001248.514647251
919;3562;6;4001248.514647251
920;3565;3;4001248.514647251
921;3570;5;4001248.514647251
922;3574;4;4001248.514647251
923;3579;5;4001248.514647251
924;3584;5;4001248.514647251
925;3592;8;4001248.514647251
926;3598;6;4001248.514647251
927;3603;5;4001248.514647251
928;3606;3;4001248.514647251
929;3610;4;4001248.514647251
930;3613;3;4001248.514647251
931;3617;4;4001248.514647251
932;3620;3;4001248.514647251
933;3627;7;4001248.514647251
934;3632;5;4001248.514647251
935;3637;5;4001248.514647251
936;3638;1;4001248.514647251
937;3642;4;4001248.514647251
938;3645;3;4001248.514647251
939;3647;2;4001248.514647251
940;3653;6;4001248.514647251
941;3658;5;4001248.514647251
942;3661;3;4001248.514647251
943;3662;1;4001248.514647251
944;3665;3;4001248.514647251
945;3669;4;4001248.514647251
946;3675;6;4001248.514647251
947;3678;3;4001248.514647251
948;3681;3;4001248.514647251
949;3686;5;4001248.514647251
950;3686;0;4001248.514647251
951;3690;4;4001248.514647251
952;3693;3;4001248.514647251
953;3698;5;4001248.514647251
954;3702;4;4001248.514647251
955;3706;4;4001248.514647251
956;3707;1;4001248.514647251
957;3710;3;4001248.514647251
958;3713;3;4001248.514647251
959;3718;5;4001248.514647251
960;3719;1;4001248.514647251
961;3723;4;4001248.514647251
962;3728;5;4001248.514647251
963;3733;5;4001248.514647251
964;3737;4;4001248.514647251
965;3743;6;4001248.514647251
966;3747;4;4001248.514647251
967;3752;5;4001248.514647251
968;3757;5;4001248.514647251
969;3761;4;4001248.514647251
970;3764;3;4001248.514647251
971;3767;3;4001248.514647251
972;3770;3;4001248.514647251
973;3776;6;4001248.514647251
974;3776;0;4001248.514647251
975;3780;4;4001248.514647251
976;3785;5;4001248.514647251
977;3789;4;4001248.514647251
978;3794;5;4001248.514647251
979;3796;2;4001248.514647251
980;3801;5;4001248.514647251
981;3801;0;4001248.514647251
982;3805;4;4001248.514647251
983;3810;5;4001248.514647251
984;3814;4;4001248.514647251
985;3817;3;4001248.514647251
986;3818;1;4001248.514647251
987;3821;3;4001248.514647251
988;3821;0;4001248.514647251
989;3826;5;4001248.514647251
990;3831;5;4001248.514647251
991;3834;3;4001248.514647251
992;3837;3;4001248.514647251
993;3843;6;4001248.514647251
994;3847;4;4001248.514647251
995;3852;5;4001248.514647251
996;3858;6;4001248.514647251
997;3859;1;4001248.514647251
998;3859;0;4001248.514647251
999;3865;6;4001248.514647251
1000;3868;3;4001248.514647251
1001;3869;1;4001248.514647251
1002;3872;3;4001248.514647251
1003;3872;0;4001248.514647251
1004;3873;1;4001248.514647251
1005;3873;0;4001248.514647251
1006;3874;1;4001248.514647251
1007;3877;3;4001248.514647251
1008;3881;4;4001248.514647251
1009;3885;4;4001248.514647251
1010;3889;4;4001248.514647251
1011;3892;3;4001248.514647251
1012;3897;5;4001248.514647251
1013;3899;2;4001248.514647251
1014;3902;3;4001248.514647251
1015;3905;3;4001248.514647251
1016;3908;3;4001248.514647251
1017;3912;4;4001248.514647251
1018;3916;4;4001248.514647251
1019;3918;2;4001248.514647251
1020;3923;5;4001248.514647251
1021;3926;3;4001248.514647251
1022;3929;3;4001248.514647251
1023;3936;7;4001248.514647251
1024;3942;6;4001248.514647251
1025;3947;5;4001248.514647251
1026;3951;4;4001248.514647251
1027;3955;4;4001248.514647251
1028;3959;4;4001248.514647251
1029;3962;3;4001248.514647251
1030;3965;3;4001248.514647251
1031;3966;1;4001248.514647251
1032;3971;5;4001248.514647251
1033;3975;4;4001248.514647251
1034;3979;4;4001248.514647251
1035;3983;4;4001248.514647251
1036;3986;3;4001248.514647251
1037;3990;4;4001248.514647251
1038;3994;4;4001248.514647251
1039;3997;3;4001248.514647251
1040;4001;4;4001248.514647251
1041;4002;1;4001248.514647251
1042;4006;4;4001248.514647251
1043;4008;2;4001248.514647251
1044;4012;4;4001248.514647251
1045;4016;4;4001248.514647251
1046;4019;3;4001248.514647251
1047;4023;4;4001248.514647251
1048;4028;5;4001248.514647251
1049;4029;1;4001248.514647251
1050;4036;7;4001248.514647251
1051;4039;3;4001248.514647251
1052;4041;2;4001248.514647251
1053;4045;4;4001248.514647251
1054;4051;6;4001248.514647251
1055;4052;1;4001248.514647251
1056;4057;5;4001248.514647251
1057;4059;2;4001248.514647251
1058;4062;3;4001248.514647251
1059;4067;5;4001248.514647251
1060;4073;6;4001248.514647251
1061;4076;3;4001248.514647251
1062;4077;1;4001248.514647251
1063;4080;3;4001248.514647251
1064;4082;2;4001248.514647251
1065;4087;5;4001248.514647251
1066;4094;7;4001248.514647251
1067;4101;7;4001248.514647251
1068;4109;8;4001248.514647251
1069;4114;5;4001248.514647251
1070;4121;7;4001248.514647251
1071;4122;1;4001248.514647251
1072;4126;4;4001248.514647251
1073;4130;4;4001248.514647251
1074;4133;3;4001248.514647251
1075;4139;6;4001248.514647251
1076;4143;4;4001248.514647251
1077;4148;5;4001248.514647251
1078;4151;3;4001248.514647251
1079;4155;4;4001248.514647251
1080;4160;5;4001248.514647251
1081;4164;4;4001248.514647251
1082;4169;5;4001248.514647251
1083;4172;3;4001248.514647251
1084;4176;4;4001248.514647251
1085;4180;4;4001248.514647251
1086;4183;3;4001248.514647251
1087;4189;6;4001248.514647251
1088;4189;0;4001248.514647251
1089;4194;5;4001248.514647251
1090;4196;2;4001248.514647251
1091;4200;4;4001248.514647251
1092;4205;5;4001248.514647251
1093;4207;2;4001248.514647251
1094;4211;4;4001248.514647251
1095;4216;5;4001248.514647251
1096;4219;3;4001248.514647251
1097;4221;2;4001248.514647251
1098;4223;2;4001248.514647251
1099;4227;4;4001248.514647251
1100;4233;6;4001248.514647251
1101;4238;5;4001248.514647251
1102;4241;3;4001248.514647251
1103;4245;4;4001248.514647251
1104;4250;5;4001248.514647251
1105;4253;3;4001248.514647251
1106;4258;5;4001248.514647251
1107;4261;3;4001248.514647251
1108;4265;4;4001248.514647251
1109;4271;6;4001248.514647251
1110;4274;3;4001248.514647251
1111;4278;4;4001248.514647251
1112;4281;3;4001248.514647251
1113;4286;5;4001248.514647251
1114;4293;7;4001248.514647251
1115;4294;1;4001248.514647251
1116;4298;4;4001248.514647251
1117;4301;3;4001248.514647251
1118;4305;4;4001248.514647251
1119;4305;0;4001248.514647251
1120;4310;5;4001248.514647251
1121;4313;3;4001248.514647251
1122;4316;3;4001248.514647251
1123;4319;3;4001248.514647251
1124;4323;4;4001248.514647251
1125;4329;6;4001248.514647251
1126;4334;5;4001248.514647251
1127;4340;6;4001248.514647251
1128;4343;3;4001248.514647251
1129;4347;4;4001248.514647251
1130;4352;5;4001248.514647251
1131;4352;0;4001248.514647251
1132;4355;3;4001248.514647251
1133;4358;3;4001248.514647251
1134;4361;3;4001248.514647251
1135;4365;4;4001248.514647251
1136;4366;1;4001248.514647251
1137;4370;4;4001248.514647251
1138;4370;0;4001248.514647251
1139;4374;4;4001248.514647251
1140;4377;3;4001248.514647251
1141;4381;4;4001248.514647251
1142;4381;0;4001248.514647251
1143;4383;2;4001248.514647251
1144;4389;6;4001248.514647251
1145;4393;4;4001248.514647251
1146;4394;1;4001248.514647251
1147;4398;4;4001248.514647251
1148;4402;4;4001248.514647251
1149;4405;3;4001248.514647251
1150;4410;5;4001248.514647251
1151;4412;2;4001248.514647251
1152;4416;4;4001248.514647251
1153;4419;3;4001248.514647251
1154;4419;0;4001248.514647251
1155;4420;1;4001248.514647251
1156;4425;5;4001248.514647251
1157;4429;4;4001248.514647251
1158;4434;5;4001248.514647251
1159;4439;5;4001248.514647251
1160;4444;5;4001248.514647251
1161;4447;3;4001248.514647251
1162;4448;1;4001248.514647251
1163;4451;3;4001248.514647251
1164;4454;3;4001248.514647251
1165;4461;7;4001248.514647251
1166;4461;0;4001248.514647251
1167;4464;3;4001248.514647251
1168;4466;2;4001248.514647251
1169;4471;5;4001248.514647251
1170;4476;5;4001248.514647251
1171;4480;4;4001248.514647251
1172;4485;5;4001248.514647251
1173;4488;3;4001248.514647251
1174;4493;5;4001248.514647251
1175;4499;6;4001248.514647251
1176;4502;3;4001248.514647251
1177;4504;2;4001248.514647251
1178;4507;3;4001248.514647251
1179;4509;2;4001248.514647251
1180;4513;4;4001248.514647251
1181;4516;3;4001248.514647251
1182;4520;4;4001248.514647251
1183;4524;4;4001248.514647251
1184;4527;3;4001248.514647251
1185;4531;4;4001248.514647251
1186;4535;4;4001248.514647251
1187;4538;3;4001248.514647251
1188;4541;3;4001248.514647251
1189;4544;3;4001248.514647251
1190;4548;4;4001248.514647251
1191;4553;5;4001248.514647251
1192;4556;3;4001248.514647251
1193;4559;3;4001248.514647251
1194;4564;5;4001248.514647251
1195;4570;6;4001248.514647251
1196;4571;1;4001248.514647251
1197;4576;5;4001248.514647251
1198;4580;4;4001248.514647251
1199;4581;1;4001248.514647251
1200;4584;3;4001248.514647251
1201;4587;3;4001248.514647251
1202;4589;2;4001248.514647251
1203;4594;5;4001248.514647251
1204;4594;0;4001248.514647251
1205;4597;3;4001248.514647251
1206;4603;6;4001248.514647251
1207;4606;3;4001248.514647251
1208;4610;4;4001248.514647251
1209;4614;4;4001248.514647251
1210;4616;2;4001248.514647251
1211;4618;2;4001248.514647251
1212;4619;1;4001248.514647251
1213;4624;5;4001248.514647251
1214;4627;3;4001248.514647251
1215;4630;3;4001248.514647251
1216;4635;5;4001248.514647251
1217;4639;4;4001248.514647251
1218;4640;1;4001248.514647251
1219;4643;3;4001248.514647251
1220;4646;3;4001248.514647251
1221;4653;7;4001248.514647251
1222;4656;3;4001248.514647251
1223;4661;5;4001248.514647251
1224;4662;1;4001248.514647251
1225;4663;1;4001248.514647251
1226;4667;4;4001248.514647251
1227;4672;5;4001248.514647251
1228;4674;2;4001248.514647251
1229;4677;3;4001248.514647251
1230;4679;2;4001248.514647251
1231;4682;3;4001248.514647251
1232;4686;4;4001248.514647251
1233;4690;4;4001248.514647251
1234;4695;5;4001248.514647251
1235;4698;3;4001248.514647251
1236;4699;1;4001248.514647251
1237;4701;2;4001248.514647251
1238;4706;5;4001248.514647251
1239;4708;2;4001248.514647251
1240;4709;1;4001248.514647251
1241;4713;4;4001248.514647251
1242;4716;3;4001248.514647251
1243;4719;3;4001248.514647251
1244;4723;4;4001248.514647251
1245;4727;4;4001248.514647251
1246;4731;4;4001248.514647251
1247;4736;5;4001248.514647251
1248;4739;3;4001248.514647251
1249;4744;5;4001248.514647251
1250;4747;3;4001248.514647251
1251;4749;2;4001248.514647251
1252;4753;4;4001248.514647251
1253;4759;6;4001248.514647251
1254;4760;1;4001248.514647251
1255;4764;4;4001248.514647251
1256;4769;5;4001248.514647251
1257;4772;3;4001248.514647251
1258;4777;5;4001248.514647251
1259;4780;3;4001248.514647251
1260;4782;2;4001248.514647251
1261;4787;5;4001248.514647251
1262;4794;7;4001248.514647251
1263;4798;4;4001248.514647251
1264;4798;0;4001248.514647251
1265;4799;1;4001248.514647251
1266;4804;5;4001248.514647251
1267;4809;5;4001248.514647251
1268;4813;4;4001248.514647251
1269;4816;3;4001248.514647251
1270;4817;1;4001248.514647251
1271;4820;3;4001248.514647251
1272;4825;5;4001248.514647251
1273;4828;3;4001248.514647251
1274;4829;1;4001248.514647251
1275;4831;2;4001248.514647251
1276;4835;4;4001248.514647251
1277;4841;6;4001248.514647251
1278;4845;4;4001248.514647251
1279;4846;1;4001248.514647251
1280;4849;3;4001248.514647251
1281;4850;1;4001248.514647251
1282;4851;1;4001248.514647251
1283;4855;4;4001248.514647251
1284;4860;5;4001248.514647251
1285;4864;4;4001248.514647251
1286;4867;3;4001248.514647251
1287;4871;4;4001248.514647251
1288;4874;3;4001248.514647251
1289;4878;4;4001248.514647251
1290;4878;0;4001248.514647251
1291;4882;4;4001248.514647251
1292;4885;3;4001248.514647251
1293;4889;4;4001248.514647251
1294;4892;3;4001248.514647251
1295;4893;1;4001248.514647251
1296;4898;5;4001248.514647251
1297;4901;3;4001248.514647251
1298;4904;3;4001248.514647251
1299;4907;3;4001248.514647251
1300;4911;4;4001248.514647251
1301;4914;3;4001248.514647251
1302;4919;5;4001248.514647251
1303;4924;5;4001248.514647251
1304;4926;2;4001248.514647251
1305;4929;3;4001248.514647251
1306;4930;1;4001248.514647251
1307;4931;1;4001248.514647251
1308;4932;1;4001248.514647251
1309;4932;0;4001248.514647251
1310;4936;4;4001248.514647251
1311;4941;5;4001248.514647251
1312;4943;2;4001248.514647251
1313;4946;3;4001248.514647251
1314;4950;4;4001248.514647251
1315;4956;6;4001248.514647251
1316;4959;3;4001248.514647251
1317;4963;4;4001248.514647251
1318;4967;4;4001248.514647251
1319;4970;3;4001248.514647251
1320;4973;3;4001248.514647251
1321;4979;6;4001248.514647251
1322;4984;5;4001248.514647251
1323;4989;5;4001248.514647251
1324;4992;3;4001248.514647251
1325;4997;5;4001248.514647251
1326;5000;3;4001248.514647251
1327;5005;5;4001248.514647251
1328;5007;2;4001248.514647251
1329;5009;2;4001248.514647251
1330;5012;3;4001248.514647251
1331;5014;2;4001248.514647251
1332;5021;7;4001248.514647251
1333;5022;1;4001248.514647251
1334;5027;5;4001248.514647251
1335;5030;3;4001248.514647251
1336;5033;3;4001248.514647251
1337;5036;3;4001248.514647251
1338;5042;6;4001248.514647251
1339;5048;6;4001248.514647251
1340;5049;1;4001248.514647251
1341;5050;1;4001248.514647251
1342;5055;5;4001248.514647251
1343;5059;4;4001248.514647251
1344;5060;1;4001248.514647251
1345;5066;6;4001248.514647251
1346;5068;2;4001248.514647251
1347;5071;3;4001248.514647251
1348;5075;4;4001248.514647251
1349;5078;3;4001248.514647251
1350;5079;1;4001248.514647251
1351;5080;1;4001248.514647251
1352;5086;6;4001248.514647251
1353;5089;3;4001248.514647251
1354;5094;5;4001248.514647251
1355;5096;2;4001248.514647251
1356;5101;5;4001248.514647251
1357;5104;3;4001248.514647251
1358;5107;3;4001248.514647251
1359;5110;3;4001248.514647251
1360;5112;2;4001248.514647251
1361;5115;3;4001248.514647251
1362;5119;4;4001248.514647251
1363;5123;4;4001248.514647251
1364;5128;5;4001248.514647251
1365;5133;5;4001248.514647251
1366;5137;4;4001248.514647251
1367;5138;1;4001248.514647251
1368;5140;2;4001248.514647251
1369;5143;3;4001248.514647251
1370;5146;3;4001248.514647251
1371;5151;5;4001248.514647251
1372;5154;3;4001248.514647251
1373;5158;4;4001248.514647251
1374;5161;3;4001248.514647251
1375;5165;4;4001248.514647251
1376;5167;2;4001248.514647251
1377;5171;4;4001248.514647251
1378;5171;0;4001248.514647251
1379;5174;3;4001248.514647251
1380;5178;4;4001248.514647251
1381;5180;2;4001248.514647251
1382;5181;1;4001248.514647251
1383;5185;4;4001248.514647251
1384;5189;4;4001248.514647251
1385;5191;2;4001248.514647251
1386;5197;6;4001248.514647251
1387;5200;3;4001248.514647251
1388;5201;1;4001248.514647251
1389;5204;3;4001248.514647251
1390;5207;3;4001248.514647251
1391;5212;5;4001248.514647251
1392;5217;5;4001248.514647251
1393;5221;4;4001248.514647251
1394;5225;4;4001248.514647251
1395;5229;4;4001248.514647251
1396;5230;1;4001248.514647251
1397;5232;2;4001248.514647251
1398;5236;4;4001248.514647251
1399;5240;4;4001248.514647251
1400;5244;4;4001248.514647251
1401;5249;5;4001248.514647251
1402;5253;4;4001248.514647251
1403;5258;5;4001248.514647251
1404;5261;3;4001248.514647251
1405;5266;5;4001248.514647251
1406;5269;3;4001248.514647251
1407;5270;1;4001248.514647251
1408;5273;3;4001248.514647251
1409;5277;4;4001248.514647251
1410;5281;4;4001248.514647251
1411;5282;1;4001248.514647251
1412;5285;3;4001248.514647251
1413;5288;3;4001248.514647251
1414;5291;3;4001248.514647251
1415;5296;5;4001248.514647251
1416;5300;4;4001248.514647251
1417;5304;4;4001248.514647251
1418;5307;3;4001248.514647251
1419;5313;6;4001248.514647251
1420;5314;1;4001248.514647251
1421;5316;2;4001248.514647251
1422;5320;4;4001248.514647251
1423;5324;4;4001248.514647251
1424;5325;1;4001248.514647251
1425;5328;3;4001248.514647251
1426;5332;4;4001248.514647251
1427;5337;5;4001248.514647251
1428;5338;1;4001248.514647251
1429;5343;5;4001248.514647251
1430;5346;3;4001248.514647251
1431;5347;1;4001248.514647251
1432;5351;4;4001248.514647251
1433;5354;3;4001248.514647251
1434;5358;4;4001248.514647251
1435;5361;3;4001248.514647251
1436;5366;5;4001248.514647251
1437;5369;3;4001248.514647251
1438;5372;3;4001248.514647251
1439;5375;3;4001248.514647251
1440;5379;4;4001248.514647251
1441;5383;4;4001248.514647251
1442;5384;1;4001248.514647251
1443;5386;2;4001248.514647251
1444;5387;1;4001248.514647251
1445;5391;4;4001248.514647251
1446;5392;1;4001248.514647251
1447;5396;4;4001248.514647251
1448;5398;2;4001248.514647251
1449;5402;4;4001248.514647251
1450;5406;4;4001248.514647251
1451;5408;2;4001248.514647251
1452;5411;3;4001248.514647251
1453;5417;6;4001248.514647251
1454;5420;3;4001248.514647251
1455;5424;4;4001248.514647251
1456;5428;4;4001248.514647251
1457;5432;4;4001248.514647251
1458;5434;2;4001248.514647251
1459;5434;0;4001248.514647251
1460;5435;1;4001248.514647251
1461;5439;4;4001248.514647251
1462;5442;3;4001248.514647251
1463;5446;4;4001248.514647251
1464;5451;5;4001248.514647251
1465;5455;4;4001248.514647251
1466;5459;4;4001248.514647251
1467;5464;5;4001248.514647251
1468;5471;7;4001248.514647251
1469;5472;1;4001248.514647251
1470;5475;3;4001248.514647251
1471;5478;3;4001248.514647251
1472;5482;4;4001248.514647251
1473;5486;4;4001248.514647251
1474;5490;4;4001248.514647251
1475;5495;5;4001248.514647251
1476;5499;4;4001248.514647251
1477;5503;4;4001248.514647251
1478;5506;3;4001248.514647251
1479;5512;6;4001248.514647251
1480;5519;7;4001248.514647251
1481;5526;7;4001248.514647251
1482;5528;2;4001248.514647251
1483;5531;3;4001248.514647251
1484;5534;3;4001248.514647251
1485;5537;3;4001248.514647251
1486;5540;3;4001248.514647251
1487;5543;3;4001248.514647251
1488;5547;4;4001248.514647251
1489;5551;4;4001248.514647251
1490;5552;1;4001248.514647251
1491;5558;6;4001248.514647251
1492;5563;5;4001248.514647251
1493;5567;4;4001248.514647251
1494;5570;3;4001248.514647251
1495;5576;6;4001248.514647251
1496;5579;3;4001248.514647251
1497;5583;4;4001248.514647251
1498;5587;4;4001248.514647251
1499;5588;1;4001248.514647251
1500;5592;4;4001248.514647251
1501;5595;3;4001248.514647251
1502;5600;5;4001248.514647251
1503;5602;2;4001248.514647251
1504;5606;4;4001248.514647251
1505;5611;5;4001248.514647251
1506;5615;4;4001248.514647251
1507;5615;0;4001248.514647251
1508;5619;4;4001248.514647251
1509;5624;5;4001248.514647251
1510;5630;6;4001248.514647251
1511;5630;0;4001248.514647251
1512;5635;5;4001248.514647251
1513;5639;4;4001246.1650346704
1514;5643;4;4001246.1650346704
1515;5645;2;4001246.1650346704
1516;5650;5;4001246.1650346704
1517;5651;1;4001246.1650346704
1518;5655;4;4001246.1650346704
1519;5660;5;4001246.1650346704
1520;5662;2;4001246.1650346704
1521;5665;3;4001246.1650346704
1522;5670;5;4001246.1650346704
1523;5674;4;4001246.1650346704
1524;5678;4;4001246.1650346704
1525;5680;2;4001246.1650346704
1526;5683;3;4001246.1650346704
1527;5686;3;4001246.1650346704
1528;5689;3;4001246.1650346704
1529;5694;5;4001246.1650346704
1530;5697;3;4001246.1650346704
1531;5698;1;4001246.1650346704
1532;5700;2;4001246.1650346704
1533;5701;1;4001246.1650346704
1534;5705;4;4001246.1650346704
1535;5708;3;4001246.1650346704
1536;5712;4;4001246.1650346704
1537;5718;6;4001246.1650346704
1538;5721;3;4001246.1650346704
1539;5723;2;4001246.1650346704
1540;5726;3;4001246.1650346704
1541;5730;4;4001246.1650346704
1542;5734;4;4001246.1650346704
1543;5738;4;4001246.1650346704
1544;5741;3;4001246.1650346704
1545;5745;4;4001246.1650346704
1546;5748;3;4001246.1650346704
1547;5753;5;4001246.1650346704
1548;5755;2;4001246.1650346704
1549;5758;3;4001246.1650346704
1550;5762;4;4001246.1650346704
1551;5765;3;4001246.1650346704
1552;5767;2;4001246.1650346704
1553;5772;5;4001246.1650346704
1554;5777;5;4001246.1650346704
1555;5778;1;4001246.1650346704
1556;5779;1;4001246.1650346704
1557;5781;2;4001246.1650346704
1558;5785;4;4001246.1650346704
1559;5788;3;4001246.1650346704
1560;5793;5;4001246.1650346704
1561;5796;3;4001246.1650346704
1562;5797;1;4001246.1650346704
1563;5798;1;4001246.1650346704
1564;5801;3;4001246.1650346704
1565;5806;5;4001246.1650346704
1566;5810;4;4001246.1650346704
1567;5814;4;4001246.1650346704
1568;5819;5;4001246.1650346704
1569;5822;3;4001246.1650346704
1570;5823;1;4001246.1650346704
1571;5827;4;4001246.1650346704
1572;5829;2;4001246.1650346704
1573;5832;3;4001246.1650346704
1574;5835;3;4001246.1650346704
1575;5842;7;4001246.1650346704
1576;5849;7;4001246.1650346704
1577;5853;4;4001246.1650346704
1578;5856;3;4001246.1650346704
1579;5861;5;4001246.1650346704
1580;5865;4;4001246.1650346704
1581;5869;4;4001246.1650346704
1582;5872;3;4001246.1650346704
1583;5876;4;4001246.1650346704
1584;5877;1;4001246.1650346704
1585;5877;0;4001246.1650346704
1586;5883;6;4001246.1650346704
1587;5883;0;4001246.1650346704
1588;5885;2;4001246.1650346704
1589;5888;3;4001246.1650346704
1590;5892;4;4001246.1650346704
1591;5895;3;4001246.1650346704
1592;5896;1;4001246.1650346704
1593;5898;2;4001246.1650346704
1594;5903;5;4001246.1650346704
1595;5907;4;4001246.1650346704
1596;5910;3;4001246.1650346704
1597;5915;5;4001246.1650346704
1598;5919;4;4001246.1650346704
1599;5920;1;4001246.1650346704
1600;5924;4;4001246.1650346704
1601;5927;3;4001246.1650346704
1602;5930;3;4001246.1650346704
1603;5933;3;4001246.1650346704
1604;5936;3;4001246.1650346704
1605;5936;0;4001246.1650346704
1606;5939;3;4001246.1650346704
1607;5942;3;4001246.1650346704
1608;5945;3;4001246.1650346704
1609;5949;4;4001246.1650346704
1610;5951;2;4001246.1650346704
1611;5955;4;4001246.1650346704
1612;5957;2;4001246.1650346704
1613;5962;5;4001246.1650346704
1614;5966;4;4001246.1650346704
1615;5970;4;4001246.1650346704
1616;5971;1;4001246.1650346704
1617;5976;5;4001246.1650346704
1618;5981;5;4001246.1650346704
1619;5985;4;4001246.1650346704
1620;5985;0;4001246.1650346704
1621;5991;6;4001246.1650346704
1622;5993;2;4001246.1650346704
1623;5997;4;4001246.1650346704
1624;5999;2;4001246.1650346704
1625;6000;1;4001246.1650346704
1626;6002;2;4001246.1650346704
1627;6007;5;4001246.1650346704
1628;6010;3;4001246.1650346704
1629;6014;4;4001246.1650346704
1630;6019;5;4001246.1650346704
1631;6021;2;4001246.1650346704
1632;6026;5;4001246.1650346704
1633;6029;3;4001246.1650346704
1634;6030;1;4001246.1650346704
1635;6034;4;4001246.1650346704
1636;6037;3;4001246.1650346704
1637;6040;3;4001246.1650346704
1638;6044;4;4001246.1650346704
1639;6049;5;4001246.1650346704
1640;6052;3;4001246.1650346704
1641;6053;1;4001246.1650346704
1642;6057;4;4001246.1650346704
1643;6061;4;4001246.1650346704
1644;6063;2;4001246.1650346704
1645;6066;3;4001246.1650346704
1646;6069;3;4001246.1650346704
1647;6073;4;4001246.1650346704
1648;6077;4;4001246.1650346704
1649;6081;4;4001246.1650346704
1650;6081;0;4001246.1650346704
1651;6082;1;4001246.1650346704
1652;6084;2;4001246.1650346704
1653;6087;3;4001246.1650346704
1654;6089;2;4001246.1650346704
1655;6093;4;4001246.1650346704
1656;6098;5;4001246.1650346704
1657;6103;5;4001246.1650346704
1658;6107;4;4001246.1650346704
1659;6109;2;4001246.1650346704
1660;6112;3;4001246.1650346704
1661;6117;5;4001246.1650346704
1662;6119;2;4001246.1650346704
1663;6125;6;4001246.1650346704
1664;6128;3;4001246.1650346704
1665;6131;3;4001246.1650346704
1666;6134;3;4001246.1650346704
1667;6138;4;4001246.1650346704
1668;6141;3;4001246.1650346704
1669;6143;2;4001246.1650346704
1670;6147;4;4001246.1650346704
1671;6151;4;4001246.1650346704
1672;6155;4;4001246.1650346704
1673;6158;3;4001246.1650346704
1674;6161;3;4001246.1650346704
1675;6162;1;4001246.1650346704
1676;6163;1;4001246.1650346704
1677;6169;6;4001246.1650346704
1678;6172;3;4001246.1650346704
1679;6177;5;4001246.1650346704
1680;6179;2;4001246.1650346704
1681;6182;3;4001246.1650346704
1682;6186;4;4001246.1650346704
1683;6189;3;4001246.1650346704
1684;6191;2;4001246.1650346704
1685;6194;3;4001246.1650346704
1686;6196;2;4001246.1650346704
1687;6201;5;4001246.1650346704
1688;6204;3;4001246.1650346704
1689;6206;2;4001246.1650346704
1690;6208;2;4001246.1650346704
1691;6211;3;4001246.1650346704
1692;6215;4;4001246.1650346704
1693;6219;4;4001246.1650346704
1694;6223;4;4001246.1650346704
1695;6227;4;4001246.1650346704
1696;6232;5;4001246.1650346704
1697;6236;4;4001246.1650346704
1698;6239;3;4001246.1650346704
1699;6242;3;4001246.1650346704
1700;6243;1;4001246.1650346704
1701;6247;4;4001246.1650346704
1702;6251;4;4001246.1650346704
1703;6255;4;4001246.1650346704
1704;6259;4;4001246.1650346704
1705;6264;5;4001246.1650346704
1706;6265;1;4001246.1650346704
1707;6268;3;4001246.1650346704
1708;6271;3;4001246.1650346704
1709;6274;3;4001246.1650346704
1710;6274;0;4001246.1650346704
1711;6275;1;4001246.1650346704
1712;6276;1;4001246.1650346704
1713;6277;1;4001225.914479673
1714;6281;4;4001220.5035863877
1715;6282;1;4001220.5035863877
1716;6287;5;4001220.5035863877
1717;6290;3;4001220.5035863877
1718;6293;3;4001220.5035863877
1719;6298;5;4001220.5035863877
1720;6300;2;4001220.5035863877
1721;6303;3;4001220.5035863877
1722;6304;1;4001220.5035863877
1723;6307;3;4001220.5035863877
1724;6310;3;4001220.5035863877
1725;6314;4;4001220.5035863877
1726;6319;5;4001220.5035863877
1727;6325;6;4001220.5035863877
1728;6332;7;4001220.5035863877
1729;6337;5;4001220.5035863877
1730;6337;0;4001220.5035863877
1731;6340;3;4001220.5035863877
1732;6341;1;4001220.5035863877
1733;6342;1;4001220.5035863877
1734;6346;4;4001220.5035863877
1735;6350;4;4001220.5035863877
1736;6355;5;4001220.5035863877
1737;6363;8;4001220.5035863877
1738;6367;4;4001220.5035863877
1739;6369;2;4001220.5035863877
1740;6373;4;4001220.5035863877
1741;6377;4;4001220.5035863877
1742;6383;6;4001220.5035863877
1743;6389;6;4001220.5035863877
1744;6394;5;4001220.5035863877
1745;6401;7;4001220.5035863877
1746;6404;3;4001218.6323243976
1747;6405;1;4001217.069030348
1748;6407;2;4001217.069030348
1749;6412;5;4001197.485242936
1750;6414;2;4001197.485242936
1751;6417;3;4001175.650106058
1752;6422;5;4001175.650106058
1753;6425;3;4001175.650106058
1754;6427;2;4001175.650106058
1755;6431;4;4001169.394348487
1756;6434;3;4001169.394348487
1757;6439;5;4001169.394348487
1758;6443;4;4001169.394348487
1759;6446;3;4001169.394348487
1760;6450;4;4001169.394348487
1761;6451;1;4001169.394348487
1762;6455;4;4001169.394348487
1763;6457;2;4001169.394348487
1764;6459;2;4001169.394348487
1765;6465;6;4001169.394348487
1766;6473;8;4001169.394348487
1767;6477;4;4001169.394348487
1768;6480;3;4001169.394348487
1769;6486;6;4001169.394348487
1770;6489;3;4001169.394348487
1771;6493;4;4001169.394348487
1772;6496;3;4001169.394348487
1773;6500;4;4001169.394348487
1774;6506;6;4001169.394348487
1775;6507;1;4001169.394348487
1776;6511;4;4001169.394348487
1777;6513;2;4001169.394348487
1778;6517;4;4001169.394348487
1779;6521;4;4001169.394348487
1780;6523;2;4001169.394348487
1781;6525;2;4001169.394348487
1782;6533;8;4001169.394348487
1783;6536;3;4001169.394348487
1784;6540;4;4001169.394348487
1785;6545;5;4001169.394348487
1786;6550;5;4001169.394348487
1787;6550;0;4001169.394348487
1788;6553;3;4001169.394348487
1789;6556;3;4001169.394348487
1790;6566;10;4001169.394348487
1791;6570;4;4001169.394348487
1792;6573;3;4001169.394348487
1793;6578;5;4001169.394348487
1794;6583;5;4001169.394348487
1795;6585;2;4001169.394348487
1796;6587;2;4001169.394348487
1797;6591;4;4001169.394348487
1798;6595;4;4001169.394348487
1799;6597;2;4001169.394348487
1800;6598;1;4001169.394348487
1801;6601;3;4001169.394348487
1802;6607;6;4001169.394348487
1803;6610;3;4001169.394348487
1804;6610;0;4001169.394348487
1805;6611;1;4001169.394348487
1806;6617;6;4001169.394348487
1807;6621;4;4001169.394348487
1808;6625;4;4001169.394348487
1809;6626;1;4001169.394348487
1810;6629;3;4001169.394348487
1811;6633;4;4001169.394348487
1812;6638;5;4001169.394348487
1813;6641;3;4001169.394348487
1814;6644;3;4001169.394348487
1815;6646;2;4001169.394348487
1816;6650;4;4001169.394348487
1817;6653;3;4001169.394348487
1818;6658;5;4001169.394348487
1819;6660;2;4001169.394348487
1820;6665;5;4001169.394348487
1821;6670;5;4001169.394348487
1822;6672;2;4001169.394348487
1823;6676;4;4001169.394348487
1824;6679;3;4001169.394348487
1825;6682;3;4001169.394348487
1826;6684;2;4001169.394348487
1827;6687;3;4001169.394348487
1828;6691;4;4001169.394348487
1829;6697;6;4001169.394348487
1830;6706;9;4001169.394348487
1831;6709;3;4001169.394348487
1832;6712;3;4001169.394348487
1833;6715;3;4001169.394348487
1834;6720;5;4001169.394348487
1835;6722;2;4001169.394348487
1836;6725;3;4001169.394348487
1837;6728;3;4001169.394348487
1838;6733;5;4001169.394348487
1839;6735;2;4001169.394348487
1840;6738;3;4001169.394348487
1841;6743;5;4001169.394348487
1842;6746;3;4001169.394348487
1843;6747;1;4001169.394348487
1844;6750;3;4001169.394348487
1845;6752;2;4001169.394348487
1846;6757;5;4001169.394348487
1847;6762;5;4001169.394348487
1848;6765;3;4001169.394348487
1849;6769;4;4001169.394348487
1850;6774;5;4001169.394348487
1851;6779;5;4001169.394348487
1852;6780;1;4001169.394348487
1853;6781;1;4001169.394348487
1854;6784;3;4001169.394348487
1855;6788;4;4001169.394348487
1856;6790;2;4001169.394348487
1857;6794;4;4001169.394348487
1858;6796;2;4001169.394348487
1859;6799;3;4001169.394348487
1860;6802;3;4001169.394348487
1861;6804;2;4001169.394348487
1862;6806;2;4001169.394348487
1863;6809;3;4001169.394348487
1864;6813;4;4001169.394348487
1865;6814;1;4001169.394348487
1866;6818;4;4001169.394348487
1867;6822;4;4001169.394348487
1868;6824;2;4001169.394348487
1869;6825;1;4001169.394348487
1870;6828;3;4001169.394348487
1871;6832;4;4001169.394348487
1872;6833;1;4001169.394348487
1873;6835;2;4001169.394348487
1874;6837;2;4001169.394348487
1875;6841;4;4001169.394348487
1876;6844;3;4001169.394348487
1877;6846;2;4001169.394348487
1878;6853;7;4001169.394348487
1879;6855;2;4001169.394348487
1880;6858;3;4001169.394348487
1881;6863;5;4001169.394348487
1882;6869;6;4001169.394348487
1883;6871;2;4001169.394348487
1884;6871;0;4001169.394348487
1885;6876;5;4001169.394348487
1886;6881;5;4001169.394348487
1887;6886;5;4001169.394348487
1888;6889;3;4001169.394348487
1889;6894;5;4001169.394348487
1890;6899;5;4001169.394348487
1891;6904;5;4001169.394348487
1892;6907;3;4001169.394348487
1893;6910;3;4001169.394348487
1894;6915;5;4001169.394348487
1895;6918;3;4001169.394348487
1896;6920;2;4001169.394348487
1897;6923;3;4001169.394348487
1898;6927;4;4001169.394348487
1899;6930;3;4001169.394348487
1900;6933;3;4001169.394348487
1901;6938;5;4001169.394348487
1902;6939;1;4001169.394348487
1903;6942;3;4001169.394348487
1904;6945;3;4001169.394348487
1905;6948;3;4001169.394348487
1906;6951;3;4001169.394348487
1907;6955;4;4001169.394348487
1908;6958;3;4001169.394348487
1909;6961;3;4001169.394348487
1910;6964;3;4001169.394348487
1911;6967;3;4001169.394348487
1912;6972;5;4001169.394348487
1913;6976;4;4001169.394348487
1914;6977;1;4001169.394348487
1915;6979;2;4001169.394348487
1916;6979;0;4001169.394348487
1917;6984;5;4001169.394348487
1918;6986;2;4001169.394348487
1919;6989;3;4001169.394348487
1920;6994;5;4001169.394348487
1921;6996;2;4001169.394348487
1922;6999;3;4001169.394348487
1923;7003;4;4001169.394348487
1924;7006;3;4001169.394348487
1925;7008;2;4001169.394348487
1926;7011;3;4001169.394348487
1927;7013;2;4001169.394348487
1928;7017;4;4001169.394348487
1929;7020;3;4001169.394348487
1930;7023;3;4001169.394348487
1931;7025;2;4001169.394348487
1932;7029;4;4001169.394348487
1933;7033;4;4001169.394348487
1934;7036;3;4001169.394348487
1935;7041;5;4001169.394348487
1936;7045;4;4001169.394348487
1937;7050;5;4001169.394348487
1938;7054;4;4001169.394348487
1939;7059;5;4001169.394348487
1940;7062;3;4001169.394348487
1941;7064;2;4001169.394348487
1942;7065;1;4001169.394348487
1943;7069;4;4001169.394348487
1944;7074;5;4001169.394348487
1945;7077;3;4001169.394348487
1946;7080;3;4001169.394348487
1947;7080;0;4001169.394348487
1948;7083;3;4001169.394348487
1949;7086;3;4001169.394348487
1950;7089;3;4001169.394348487
1951;7091;2;4001169.394348487
1952;7092;1;4001169.394348487
1953;7096;4;4001169.394348487
1954;7099;3;4001169.394348487
1955;7100;1;4001169.394348487
1956;7104;4;4001169.394348487
1957;7106;2;4001169.394348487
1958;7109;3;4001169.394348487
1959;7113;4;4001169.394348487
1960;7118;5;4001169.394348487
1961;7120;2;4001169.394348487
1962;7122;2;4001169.394348487
1963;7126;4;4001169.394348487
1964;7130;4;4001169.394348487
1965;7134;4;4001169.394348487
1966;7138;4;4001169.394348487
1967;7141;3;4001169.394348487
1968;7143;2;4001169.394348487
1969;7146;3;4001169.394348487
1970;7149;3;4001169.394348487
1971;7152;3;4001169.394348487
1972;7155;3;4001169.394348487
1973;7158;3;4001169.394348487
1974;7160;2;4001169.394348487
1975;7163;3;4001169.394348487
1976;7168;5;4001169.394348487
1977;7172;4;4001169.394348487
1978;7173;1;4001169.394348487
1979;7176;3;4001169.394348487
1980;7179;3;4001169.394348487
1981;7183;4;4001169.394348487
1982;7186;3;4001169.394348487
1983;7188;2;4001169.394348487
1984;7192;4;4001169.394348487
1985;7197;5;4001169.394348487
1986;7199;2;4001169.394348487
1987;7203;4;4001169.394348487
1988;7203;0;4001169.394348487
1989;7209;6;4001169.394348487
1990;7212;3;4001169.394348487
1991;7214;2;4001169.394348487
1992;7217;3;4001169.394348487
1993;7218;1;4001169.394348487
1994;7220;2;4001169.394348487
1995;7225;5;4001169.394348487
1996;7227;2;4001169.394348487
1997;7234;7;4001169.394348487
1998;7238;4;4001169.394348487
1999;7238;0;4001169.394348487
2000;7241;3;4001169.394348487
2001;7243;2;4001169.394348487
2002;7249;6;4001169.394348487
2003;7250;1;4001169.394348487
2004;7255;5;4001169.394348487
2005;7261;6;4001169.394348487
2006;7263;2;4001169.394348487
2007;7267;4;4001169.394348487
2008;7271;4;4001169.394348487
2009;7274;3;4001169.394348487
2010;7278;4;4001169.394348487
2011;7283;5;4001169.394348487
2012;7285;2;4001169.394348487
2013;7288;3;4001169.394348487
2014;7291;3;4001169.394348487
2015;7295;4;4001169.394348487
2016;7297;2;4001169.394348487
2017;7302;5;4001169.394348487
2018;7306;4;4001169.394348487
2019;7310;4;4001169.394348487
2020;7313;3;4001169.394348487
2021;7316;3;4001169.394348487
2022;7318;2;4001169.394348487
2023;7323;5;4001169.394348487
2024;7327;4;4001169.394348487
2025;7331;4;4001169.394348487
2026;7337;6;4001169.394348487
2027;7339;2;4001169.394348487
2028;7341;2;4001169.394348487
2029;7345;4;4001169.394348487
2030;7349;4;4001169.394348487
2031;7353;4;4001169.394348487
2032;7358;5;4001169.394348487
2033;7362;4;4001169.394348487
2034;7364;2;4001169.394348487
2035;7368;4;4001169.394348487
2036;7369;1;4001169.394348487
2037;7372;3;4001169.394348487
2038;7374;2;4001169.394348487
2039;7377;3;4001169.394348487
2040;7380;3;4001169.394348487
2041;7383;3;4001169.394348487
2042;7387;4;4001169.394348487
2043;7388;1;4001169.394348487
2044;7391;3;4001169.394348487
2045;7395;4;4001169.394348487
2046;7399;4;4001169.394348487
2047;7404;5;4001169.394348487
2048;7409;5;4001169.394348487
2049;7410;1;4001169.394348487
2050;7415;5;4001169.394348487
2051;7417;2;4001169.394348487
2052;7422;5;4001169.394348487
2053;7425;3;4001169.394348487
2054;7431;6;4001169.394348487
2055;7434;3;4001169.394348487
2056;7435;1;4001169.394348487
2057;7437;2;4001169.394348487
2058;7440;3;4001169.394348487
2059;7444;4;4001169.394348487
2060;7447;3;4001169.394348487
2061;7451;4;4001169.394348487
2062;7453;2;4001169.394348487
2063;7456;3;4001169.394348487
2064;7458;2;4001169.394348487
2065;7461;3;4001169.394348487
2066;7462;1;4001169.394348487
2067;7464;2;4001169.394348487
2068;7466;2;4001169.394348487
2069;7470;4;4001169.394348487
2070;7475;5;4001169.394348487
2071;7479;4;4001169.394348487
2072;7483;4;4001169.394348487
2073;7487;4;4001169.394348487
2074;7490;3;4001169.394348487
2075;7493;3;4001169.394348487
2076;7495;2;4001169.394348487
2077;7498;3;4001169.394348487
2078;7501;3;4001169.394348487
2079;7504;3;4001169.394348487
2080;7508;4;4001169.394348487
2081;7514;6;4001169.394348487
2082;7516;2;4001169.394348487
2083;7521;5;4001169.394348487
2084;7525;4;4001169.394348487
2085;7525;0;4001169.394348487
2086;7531;6;4001169.394348487
2087;7536;5;4001169.394348487
2088;7540;4;4001169.394348487
2089;7543;3;4001169.394348487
2090;7546;3;4001169.394348487
2091;7550;4;4001169.394348487
2092;7552;2;4001169.394348487
2093;7553;1;4001169.394348487
2094;7557;4;4001169.394348487
2095;7559;2;4001169.394348487
2096;7560;1;4001169.394348487
2097;7563;3;4001169.394348487
2098;7564;1;4001169.394348487
2099;7569;5;4001169.394348487
2100;7574;5;4001169.394348487
2101;7577;3;4001169.394348487
2102;7583;6;4001169.394348487
2103;7585;2;4001169.394348487
2104;7588;3;4001169.394348487
2105;7591;3;4001169.394348487
2106;7594;3;4001169.394348487
2107;7595;1;4001169.394348487
2108;7600;5;4001169.394348487
2109;7603;3;4001169.394348487
2110;7603;0;4001169.394348487
2111;7604;1;4001169.394348487
2112;7605;1;4001169.394348487
2113;7609;4;4001169.394348487
2114;7612;3;4001169.394348487
2115;7618;6;4001154.7895861897
2116;7618;0;4001154.7895861897
2117;7621;3;4001154.7895861897
2118;7625;4;4001148.8554489007
2119;7629;4;4001148.8554489007
2120;7630;1;4001148.8554489007
2121;7635;5;4001148.8554489007
2122;7635;0;4001148.8554489007
2123;7638;3;4001148.8554489007
2124;7640;2;4001148.8554489007
2125;7641;1;4001148.8554489007
2126;7646;5;4001148.8554489007
2127;7651;5;4001148.8554489007
2128;7652;1;4001148.8554489007
2129;7655;3;4001148.8554489007
2130;7656;1;4001148.8554489007
2131;7659;3;4001148.8554489007
2132;7661;2;4001148.8554489007
2133;7664;3;4001148.8554489007
2134;7666;2;4001148.8554489007
2135;7668;2;4001148.8554489007
2136;7671;3;4001148.8554489007
2137;7674;3;4001148.8554489007
2138;7677;3;4001148.8554489007
2139;7678;1;4001148.8554489007
2140;7681;3;4001148.8554489007
2141;7684;3;4001148.8554489007
2142;7687;3;4001148.8554489007
2143;7692;5;4001148.8554489007
2144;7698;6;4001148.8554489007
2145;7703;5;4001148.8554489007
2146;7707;4;4001148.8554489007
2147;7712;5;4001148.8554489007
2148;7718;6;4001148.8554489007
2149;7721;3;4001148.8554489007
2150;7724;3;4001148.8554489007
2151;7728;4;4001148.8554489007
2152;7731;3;4001148.8554489007
2153;7734;3;4001148.8554489007
2154;7735;1;4001148.8554489007
2155;7739;4;4001148.8554489007
2156;7744;5;4001148.8554489007
2157;7751;7;4001148.8554489007
2158;7753;2;4001148.8554489007
2159;7759;6;4001148.8554489007
2160;7762;3;4001148.8554489007
2161;7766;4;4001148.8554489007
2162;7770;4;4001148.8554489007
2163;7773;3;4001148.8554489007
2164;7775;2;4001148.8554489007
2165;7778;3;4001148.8554489007
2166;7782;4;4001148.8554489007
2167;7787;5;4001148.8554489007
2168;7790;3;4001148.8554489007
2169;7796;6;4001148.8554489007
2170;7797;1;4001148.8554489007
2171;7800;3;4001148.8554489007
2172;7802;2;4001148.8554489007
2173;7805;3;4001148.8554489007
2174;7809;4;4001148.8554489007
2175;7813;4;4001148.8554489007
2176;7815;2;4001148.8554489007
2177;7819;4;4001148.8554489007
2178;7823;4;4001148.8554489007
2179;7828;5;4001148.8554489007
2180;7831;3;4001148.8554489007
2181;7833;2;4001148.8554489007
2182;7836;3;4001148.8554489007
2183;7838;2;4001148.8554489007
2184;7841;3;4001148.8554489007
2185;7844;3;4001148.8554489007
2186;7847;3;4001148.8554489007
2187;7850;3;4001148.8554489007
2188;7853;3;4001148.8554489007
2189;7854;1;4001148.8554489007
2190;7854;0;4001148.8554489007
2191;7857;3;4001148.8554489007
2192;7858;1;4001148.8554489007
2193;7860;2;4001148.8554489007
2194;7861;1;4001148.8554489007
2195;7861;0;4001148.8554489007
2196;7865;4;4001148.8554489007
2197;7869;4;4001148.8554489007
2198;7871;2;4001148.8554489007
2199;7873;2;4001148.8554489007
2200;7877;4;4001148.8554489007
2201;7880;3;4001148.8554489007
2202;7882;2;4001148.8554489007
2203;7885;3;4001148.8554489007
2204;7888;3;4001148.8554489007
2205;7893;5;4001148.8554489007
2206;7897;4;4001148.8554489007
2207;7899;2;4001148.8554489007
2208;7907;8;4001148.8554489007
2209;7912;5;4001148.8554489007
2210;7916;4;4001148.8554489007
2211;7916;0;4001148.8554489007
2212;7918;2;4001148.8554489007
2213;7918;0;4001148.8554489007
2214;7923;5;4001148.8554489007
2215;7926;3;4001148.8554489007
2216;7931;5;4001148.8554489007
2217;7935;4;4001148.8554489007
2218;7940;5;4001148.8554489007
2219;7945;5;4001148.8554489007
2220;7948;3;4001148.8554489007
2221;7953;5;4001148.8554489007
2222;7955;2;4001148.8554489007
2223;7958;3;4001148.8554489007
2224;7963;5;4001148.8554489007
2225;7966;3;4001148.8554489007
2226;7969;3;4001148.8554489007
2227;7972;3;4001148.8554489007
2228;7974;2;4001148.8554489007
2229;7977;3;4001148.8554489007
2230;7982;5;4001148.8554489007
2231;7984;2;4001148.8554489007
2232;7987;3;4001148.8554489007
2233;7990;3;4001148.8554489007
2234;7994;4;4001148.8554489007
2235;7995;1;4001148.8554489007
2236;7997;2;4001148.8554489007
2237;8000;3;4001148.8554489007
2238;8004;4;4001148.8554489007
2239;8006;2;4001148.8554489007
2240;8011;5;4001148.8554489007
2241;8016;5;4001148.8554489007
2242;8020;4;4001148.8554489007
2243;8023;3;4001148.8554489007
2244;8026;3;4001148.8554489007
2245;8028;2;4001148.8554489007
2246;8031;3;4001148.8554489007
2247;8033;2;4001148.8554489007
2248;8036;3;4001148.8554489007
2249;8038;2;4001148.8554489007
2250;8043;5;4001148.8554489007
2251;8047;4;4001148.8554489007
2252;8047;0;4001148.8554489007
2253;8052;5;4001148.8554489007
2254;8055;3;4001148.8554489007
2255;8056;1;4001148.8554489007
2256;8058;2;4001148.8554489007
2257;8061;3;4001148.8554489007
2258;8063;2;4001148.8554489007
2259;8066;3;4001148.8554489007
2260;8068;2;4001148.8554489007
2261;8071;3;4001148.8554489007
2262;8075;4;4001148.8554489007
2263;8078;3;4001148.8554489007
2264;8080;2;4001148.8554489007
2265;8083;3;4001148.8554489007
2266;8084;1;4001148.8554489007
2267;8087;3;4001148.8554489007
2268;8093;6;4001148.8554489007
2269;8095;2;4001148.8554489007
2270;8100;5;4001148.8554489007
2271;8103;3;4001148.8554489007
2272;8105;2;4001148.8554489007
2273;8109;4;4001148.8554489007
2274;8111;2;4001148.8554489007
2275;8112;1;4001148.8554489007
2276;8112;0;4001148.8554489007
2277;8115;3;4001148.8554489007
2278;8117;2;4001148.8554489007
2279;8118;1;4001148.8554489007
2280;8118;0;4001148.8554489007
2281;8121;3;4001148.8554489007
2282;8126;5;4001148.8554489007
2283;8128;2;4001148.8554489007
2284;8129;1;4001148.8554489007
2285;8131;2;4001148.8554489007
2286;8134;3;4001148.8554489007
2287;8137;3;4001148.8554489007
2288;8139;2;4001148.8554489007
2289;8144;5;4001148.8554489007
2290;8145;1;4001148.8554489007
2291;8149;4;4001148.8554489007
2292;8149;0;4001148.8554489007
2293;8150;1;4001148.8554489007
2294;8154;4;4001148.8554489007
2295;8157;3;4001148.8554489007
2296;8157;0;4001148.8554489007
2297;8161;4;4001148.8554489007
2298;8162;1;4001148.8554489007
2299;8166;4;4001148.8554489007
2300;8167;1;4001148.8554489007
2301;8170;3;4001148.8554489007
2302;8172;2;4001148.8554489007
2303;8176;4;4001148.8554489007
2304;8177;1;4001148.8554489007
2305;8178;1;4001148.8554489007
2306;8179;1;4001148.8554489007
2307;8183;4;4001148.8554489007
2308;8184;1;4001148.8554489007
2309;8186;2;4001148.8554489007
2310;8193;7;4001148.8554489007
2311;8197;4;4001148.8554489007
2312;8202;5;4001148.8554489007
2313;8205;3;4001148.8554489007
2314;8209;4;4001148.8554489007
2315;8211;2;4001148.8554489007
2316;8215;4;4001148.8554489007
2317;8215;0;4001148.8554489007
2318;8218;3;4001148.8554489007
2319;8219;1;4001148.8554489007
2320;8221;2;4001148.8554489007
2321;8226;5;4001148.8554489007
2322;8229;3;4001148.8554489007
2323;8230;1;4001148.8554489007
2324;8233;3;4001148.8554489007
2325;8237;4;4001148.8554489007
2326;8239;2;4001148.8554489007
2327;8243;4;4001148.8554489007
2328;8247;4;4001148.8554489007
2329;8252;5;4001148.8554489007
2330;8254;2;4001148.8554489007
2331;8258;4;4001148.8554489007
2332;8262;4;4001148.8554489007
2333;8263;1;4001148.8554489007
2334;8265;2;4001148.8554489007
2335;8270;5;4001148.8554489007
2336;8273;3;4001148.8554489007
2337;8275;2;4001148.8554489007
2338;8279;4;4001148.8554489007
2339;8279;0;4001148.8554489007
2340;8280;1;4001148.8554489007
2341;8282;2;4001148.8554489007
2342;8285;3;4001148.8554489007
2343;8286;1;4001148.8554489007
2344;8289;3;4001148.8554489007
2345;8295;6;4001148.8554489007
2346;8297;2;4001148.8554489007
2347;8300;3;4001148.8554489007
2348;8302;2;4001148.8554489007
2349;8305;3;4001148.8554489007
2350;8307;2;4001148.8554489007
2351;8312;5;4001148.8554489007
2352;8317;5;4001148.8554489007
2353;8321;4;4001148.8554489007
2354;8325;4;4001148.8554489007
2355;8329;4;4001148.8554489007
2356;8331;2;4001148.8554489007
2357;8334;3;4001148.8554489007
2358;8337;3;4001148.8554489007
2359;8339;2;4001148.8554489007
2360;8343;4;4001148.8554489007
2361;8346;3;4001148.8554489007
2362;8348;2;4001148.8554489007
2363;8351;3;4001148.3005476925
2364;8355;4;4001148.3005476925
2365;8357;2;4001148.3005476925
2366;8358;1;4001148.3005476925
2367;8361;3;4001148.3005476925
2368;8365;4;4001148.3005476925
2369;8368;3;4001148.3005476925
2370;8371;3;4001148.3005476925
2371;8374;3;4001148.3005476925
2372;8378;4;4001148.3005476925
2373;8383;5;4001148.3005476925
2374;8385;2;4001148.3005476925
2375;8387;2;4001148.3005476925
2376;8389;2;4001148.3005476925
2377;8392;3;4001148.3005476925
2378;8393;1;4001148.3005476925
2379;8395;2;4001148.3005476925
2380;8399;4;4001148.3005476925
2381;8405;6;4001148.3005476925
2382;8407;2;4001148.3005476925
2383;8408;1;4001148.3005476925
2384;8411;3;4001148.3005476925
2385;8411;0;4001148.3005476925
2386;8415;4;4001148.3005476925
2387;8418;3;4001148.3005476925
2388;8422;4;4001148.3005476925
2389;8427;5;4001148.3005476925
2390;8428;1;4001148.3005476925
2391;8430;2;4001148.3005476925
2392;8434;4;4001148.3005476925
2393;8434;0;4001148.3005476925
2394;8443;9;4001148.3005476925
2395;8459;16;4001148.3005476925
2396;8464;5;4001148.3005476925
2397;8465;1;4001148.3005476925
2398;8470;5;4001148.3005476925
2399;8472;2;4001148.3005476925
2400;8473;1;4001148.3005476925
2401;8475;2;4001148.3005476925
2402;8476;1;4001148.3005476925
2403;8477;1;4001148.3005476925
2404;8478;1;4001148.3005476925
2405;8481;3;4001148.3005476925
2406;8487;6;4001148.3005476925
2407;8491;4;4001148.3005476925
2408;8492;1;4001148.3005476925
2409;8495;3;4001148.3005476925
2410;8496;1;4001148.3005476925
2411;8499;3;4001148.3005476925
2412;8504;5;4001148.3005476925
2413;8506;2;4001148.3005476925
2414;8507;1;4001148.3005476925
2415;8512;5;4001148.3005476925
2416;8514;2;4001148.3005476925
2417;8517;3;4001148.3005476925
2418;8520;3;4001148.3005476925
2419;8523;3;4001148.3005476925
2420;8525;2;4001148.3005476925
2421;8528;3;4001148.3005476925
2422;8533;5;4001148.3005476925
2423;8537;4;4001148.3005476925
2424;8542;5;4001148.3005476925
2425;8547;5;4001148.3005476925
2426;8551;4;4001148.3005476925
2427;8555;4;4001148.3005476925
2428;8558;3;4001148.3005476925
2429;8563;5;4001148.3005476925
2430;8568;5;4001148.3005476925
2431;8569;1;4001148.3005476925
2432;8572;3;4001148.3005476925
2433;8572;0;4001148.3005476925
2434;8577;5;4001148.3005476925
2435;8581;4;4001148.3005476925
2436;8584;3;4001148.3005476925
2437;8586;2;4001148.3005476925
2438;8589;3;4001148.3005476925
2439;8591;2;4001148.3005476925
2440;8593;2;4001148.3005476925
2441;8597;4;4001148.3005476925
2442;8600;3;4001148.3005476925
2443;8601;1;4001148.3005476925
2444;8605;4;4001148.3005476925
2445;8606;1;4001148.3005476925
2446;8609;3;4001148.3005476925
2447;8609;0;4001148.3005476925
2448;8610;1;4001148.3005476925
2449;8612;2;4001148.3005476925
2450;8614;2;4001148.3005476925
2451;8619;5;4001148.3005476925
2452;8621;2;4001148.3005476925
2453;8624;3;4001148.3005476925
2454;8629;5;4001148.3005476925
2455;8633;4;4001148.3005476925
2456;8638;5;4001148.3005476925
2457;8640;2;4001148.3005476925
2458;8643;3;4001148.3005476925
2459;8646;3;4001148.3005476925
2460;8649;3;4001148.3005476925
2461;8653;4;4001148.3005476925
2462;8655;2;4001148.3005476925
2463;8659;4;4001148.3005476925
2464;8664;5;4001148.3005476925
2465;8670;6;4001148.3005476925
2466;8675;5;4001148.3005476925
2467;8676;1;4001148.3005476925
2468;8676;0;4001148.3005476925
2469;8678;2;4001148.3005476925
2470;8682;4;4001148.3005476925
2471;8683;1;4001148.3005476925
2472;8685;2;4001148.3005476925
2473;8687;2;4001148.3005476925
2474;8689;2;4001148.3005476925
2475;8692;3;4001148.3005476925
2476;8695;3;4001148.3005476925
2477;8697;2;4001148.3005476925
2478;8700;3;4001148.3005476925
2479;8701;1;4001148.3005476925
2480;8705;4;4001148.3005476925
2481;8707;2;4001148.3005476925
2482;8708;1;4001148.3005476925
2483;8710;2;4001148.3005476925
2484;8712;2;4001148.3005476925
2485;8714;2;4001148.3005476925
2486;8719;5;4001148.3005476925
2487;8723;4;4001148.3005476925
2488;8726;3;4001148.3005476925
2489;8728;2;4001148.3005476925
2490;8732;4;4001148.3005476925
2491;8732;0;4001148.3005476925
2492;8736;4;4001148.3005476925
2493;8741;5;4001148.3005476925
2494;8744;3;4001148.3005476925
2495;8748;4;4001148.3005476925
2496;8751;3;4001148.3005476925
2497;8753;2;4001148.3005476925
2498;8756;3;4001148.3005476925
2499;8757;1;4001148.3005476925
2500;8760;3;4001148.3005476925
2501;8763;3;4001148.3005476925
2502;8766;3;4001148.3005476925
2503;8768;2;4001148.3005476925
2504;8772;4;4001147.8493517796
2505;8773;1;4001147.8493517796
2506;8774;1;4001147.265482403
2507;8777;3;4001147.265482403
2508;8779;2;4001144.7596205496
2509;8784;5;4001144.7596205496
2510;8788;4;4001144.7596205496
2511;8789;1;4001144.7596205496
2512;8794;5;4001144.7596205496
2513;8797;3;4001144.7596205496
2514;8799;2;4001144.7596205496
2515;8799;0;4001144.7596205496
2516;8800;1;4001144.7596205496
2517;8804;4;4001144.7596205496
2518;8808;4;4001144.7596205496
2519;8811;3;4001144.7596205496
2520;8816;5;4001144.7596205496
2521;8817;1;4001144.7596205496
2522;8817;0;4001144.7596205496
2523;8818;1;4001144.7596205496
2524;8821;3;4001144.7596205496
2525;8824;3;4001144.7596205496
2526;8826;2;4001144.7596205496
2527;8828;2;4001144.7596205496
2528;8831;3;4001144.7596205496
2529;8834;3;4001144.7596205496
2530;8837;3;4001144.7596205496
2531;8840;3;4001144.7596205496
2532;8845;5;4001144.7596205496
2533;8850;5;4001144.7596205496
2534;8853;3;4001144.7596205496
2535;8856;3;4001144.7596205496
2536;8861;5;4001144.7596205496
2537;8863;2;4001144.7596205496
2538;8869;6;4001144.7596205496
2539;8871;2;4001144.7596205496
2540;8876;5;4001144.7596205496
2541;8879;3;4001144.7596205496
2542;8882;3;4001144.7596205496
2543;8885;3;4001144.7596205496
2544;8887;2;4001144.7596205496
2545;8887;0;4001144.7596205496
2546;8890;3;4001144.7596205496
2547;8894;4;4001144.7596205496
2548;8897;3;4001144.7596205496
2549;8899;2;4001144.7596205496
2550;8904;5;4001144.7596205496
2551;8906;2;4001144.7596205496
2552;8909;3;4001144.7596205496
2553;8913;4;4001144.7596205496
2554;8916;3;4001144.7596205496
2555;8921;5;4001144.7596205496
2556;8925;4;4001144.7596205496
2557;8930;5;4001144.7596205496
2558;8931;1;4001144.7596205496
2559;8932;1;4001144.7596205496
2560;8936;4;4001144.7596205496
2561;8937;1;4001144.7596205496
2562;8939;2;4001144.7596205496
2563;8943;4;4001144.7596205496
2564;8945;2;4001144.7596205496
2565;8950;5;4001144.7596205496
2566;8953;3;4001144.7596205496
2567;8957;4;4001144.7596205496
2568;8959;2;4001144.7596205496
2569;8962;3;4001144.7596205496
2570;8965;3;4001144.7596205496
2571;8968;3;4001144.7596205496
2572;8972;4;4001144.7596205496
2573;8977;5;4001144.7596205496
2574;8978;1;4001144.7596205496
2575;8981;3;4001144.7596205496
2576;8984;3;4001144.7596205496
2577;8987;3;4001144.7596205496
2578;8989;2;4001144.7596205496
2579;8991;2;4001144.7596205496
2580;8994;3;4001144.7596205496
2581;8995;1;4001144.7596205496
2582;8999;4;4001144.7596205496
2583;8999;0;4001144.7596205496
2584;9000;1;4001144.7596205496
2585;9003;3;4001144.7596205496
2586;9006;3;4001144.7596205496
2587;9007;1;4001144.7596205496
2588;9012;5;4001144.7596205496
2589;9015;3;4001144.7596205496
2590;9017;2;4001144.7596205496
2591;9018;1;4001144.7596205496
2592;9019;1;4001144.7596205496
2593;9024;5;4001144.7596205496
2594;9025;1;4001144.7596205496
2595;9028;3;4001144.7596205496
2596;9030;2;4001144.7596205496
2597;9031;1;4001144.7596205496
2598;9031;0;4001144.7596205496
2599;9033;2;4001144.7596205496
2600;9036;3;4001144.7596205496
2601;9039;3;4001144.7596205496
2602;9043;4;4001144.3430838943
2603;9049;6;4001144.3430838943
2604;9053;4;4001144.3430838943
2605;9058;5;4001144.3430838943
2606;9062;4;4001144.3430838943
2607;9063;1;4001144.3430838943
2608;9065;2;4001144.3430838943
2609;9068;3;4001144.3430838943
2610;9068;0;4001144.3430838943
2611;9071;3;4001144.3430838943
2612;9072;1;4001144.3430838943
2613;9074;2;4001144.3430838943
2614;9078;4;4001144.3430838943
2615;9083;5;4001144.3430838943
2616;9087;4;4001144.3430838943
2617;9090;3;4001144.3430838943
2618;9092;2;4001144.3430838943
2619;9095;3;4001144.3430838943
2620;9098;3;4001144.3430838943
2621;9100;2;4001144.3430838943
2622;9104;4;4001144.3430838943
2623;9106;2;4001141.64557919
2624;9108;2;4001141.64557919
2625;9109;1;4001141.64557919
2626;9113;4;4001141.64557919
2627;9117;4;4001141.64557919
2628;9120;3;4001141.64557919
2629;9123;3;4001141.64557919
2630;9125;2;4001141.64557919
2631;9130;5;4001141.64557919
2632;9134;4;4001141.64557919
2633;9137;3;4001141.64557919
2634;9140;3;4001140.6548282593
2635;9144;4;4001140.6548282593
2636;9148;4;4001140.6548282593
2637;9149;1;4001140.6548282593
2638;9151;2;4001139.9622672116
2639;9151;0;4001139.9622672116
2640;9152;1;4001139.9622672116
2641;9156;4;4001139.9622672116
2642;9159;3;4001139.9622672116
2643;9163;4;4001139.9622672116
2644;9168;5;4001139.9622672116
2645;9173;5;4001139.9622672116
2646;9175;2;4001139.9622672116
2647;9177;2;4001139.9622672116
2648;9178;1;4001139.9622672116
2649;9183;5;4001139.9622672116
2650;9187;4;4001139.9622672116
2651;9188;1;4001139.9622672116
2652;9190;2;4001139.9622672116
2653;9190;0;4001139.9622672116
2654;9195;5;4001138.0794429155
2655;9199;4;4001138.0794429155
2656;9204;5;4001138.0794429155
2657;9208;4;4001138.0794429155
2658;9208;0;4001138.0794429155
2659;9210;2;4001138.0794429155
2660;9214;4;4001136.675548064
2661;9218;4;4001136.675548064
2662;9223;5;4001136.675548064
2663;9227;4;4001136.675548064
2664;9227;0;4001136.675548064
2665;9231;4;4001136.670420948
2666;9235;4;4001136.670420948
2667;9236;1;4001136.670420948
2668;9241;5;4001136.670420948
2669;9243;2;4001136.670420948
2670;9248;5;4001136.670420948
2671;9256;8;4001136.670420948
2672;9262;6;4001136.670420948
2673;9268;6;4001136.670420948
2674;9273;5;4001136.670420948
2675;9274;1;4001136.670420948
2676;9277;3;4001136.670420948
2677;9281;4;4001136.670420948
2678;9287;6;4001136.670420948
2679;9290;3;4001136.670420948
2680;9296;6;4001136.670420948
2681;9299;3;4001136.670420948
2682;9303;4;4001136.670420948
2683;9303;0;4001136.670420948
2684;9305;2;4001136.670420948
2685;9309;4;4001136.670420948
2686;9309;0;4001136.670420948
2687;9311;2;4001134.207728166
2688;9318;7;4001134.207728166
2689;9326;8;4001134.207728166
2690;9331;5;4001134.207728166
2691;9340;9;4001134.207728166
2692;9347;7;4001134.207728166
2693;9352;5;4001134.207728166
2694;9357;5;4001134.207728166
2695;9363;6;4001134.207728166
2696;9364;1;4001134.207728166
2697;9368;4;4001134.207728166
2698;9374;6;4001134.207728166
2699;9379;5;4001134.207728166
2700;9386;7;4001134.207728166
2701;9393;7;4001134.207728166
2702;9401;8;4001134.207728166
2703;9406;5;4001134.207728166
2704;9409;3;4001134.207728166
2705;9409;0;4001134.207728166
2706;9410;1;4001134.207728166
2707;9413;3;4001134.207728166
2708;9417;4;4001134.207728166
2709;9419;2;4001134.207728166
2710;9422;3;4001134.207728166
2711;9426;4;4001134.207728166
2712;9435;9;4001134.207728166
2713;9439;4;4001134.207728166
2714;9446;7;4001134.207728166
2715;9447;1;4001134.207728166
2716;9451;4;4001134.207728166
2717;9461;10;4001134.207728166
2718;9461;0;4001134.207728166
2719;9464;3;4001134.207728166
2720;9468;4;4001133.6196720703
2721;9472;4;4001133.6196720703
2722;9475;3;4001133.6196720703
2723;9477;2;4001133.6196720703
2724;9478;1;4001133.6196720703
2725;9481;3;4001133.6196720703
2726;9481;0;4001133.6196720703
2727;9482;1;4001133.6196720703
2728;9484;2;4001133.6196720703
2729;9487;3;4001133.6196720703
2730;9489;2;4001133.6196720703
2731;9491;2;4001133.6196720703
2732;9493;2;4001133.6196720703
2733;9498;5;4001133.6196720703
2734;9501;3;4001133.6196720703
2735;9506;5;4001133.2391756484
2736;9507;1;4001133.234048532
2737;9511;4;4001133.234048532
2738;9515;4;4001133.234048532
2739;9516;1;4001133.234048532
2740;9521;5;4001133.234048532
2741;9526;5;4001133.234048532
2742;9527;1;4001133.234048532
2743;9531;4;4001133.234048532
2744;9532;1;4001133.234048532
2745;9534;2;4001133.234048532
2746;9536;2;4001133.234048532
2747;9537;1;4001133.234048532
2748;9539;2;4001133.234048532
2749;9544;5;4001133.234048532
2750;9548;4;4001133.234048532
2751;9551;3;4001133.234048532
2752;9553;2;4001133.234048532
2753;9556;3;4001133.234048532
2754;9560;4;4001133.234048532
2755;9561;1;4001133.234048532
2756;9561;0;4001133.234048532
2757;9564;3;4001133.234048532
2758;9568;4;4001133.234048532
2759;9572;4;4001132.7397515518
2760;9575;3;4001132.7397515518
2761;9579;4;4001132.7397515518
2762;9583;4;4001132.7397515518
2763;9585;2;4001132.7397515518
2764;9587;2;4001132.7397515518
2765;9590;3;4001132.7397515518
2766;9593;3;4001132.7397515518
2767;9596;3;4001132.7397515518
2768;9599;3;4001132.7397515518
2769;9601;2;4001132.7397515518
2770;9605;4;4001132.7397515518
2771;9608;3;4001132.7397515518
2772;9610;2;4001132.7397515518
2773;9614;4;4001132.7397515518
2774;9617;3;4001132.7397515518
2775;9623;6;4001132.7397515518
2776;9625;2;4001132.7397515518
2777;9628;3;4001132.7397515518
2778;9632;4;4001132.7397515518
2779;9633;1;4001132.7397515518
2780;9635;2;4001132.7397515518
2781;9637;2;4001132.7397515518
2782;9642;5;4001132.7397515518
2783;9646;4;4001132.7397515518
2784;9648;2;4001132.7397515518
2785;9652;4;4001132.7397515518
2786;9653;1;4001132.7397515518
2787;9656;3;4001132.7397515518
2788;9660;4;4001132.7397515518
2789;9664;4;4001132.7397515518
2790;9666;2;4001132.7397515518
2791;9668;2;4001132.7397515518
2792;9669;1;4001132.7397515518
2793;9671;2;4001132.7397515518
2794;9674;3;4001132.7397515518
2795;9675;1;4001132.7397515518
2796;9678;3;4001132.7397515518
2797;9684;6;4001132.627309429
2798;9685;1;4001132.627309429
2799;9687;2;4001132.627309429
2800;9688;1;4001132.627309429
2801;9694;6;4001132.627309429
2802;9696;2;4001132.627309429
2803;9699;3;4001132.627309429
2804;9702;3;4001132.627309429
2805;9705;3;4001132.627309429
2806;9709;4;4001130.414754182
2807;9714;5;4001128.9835667955
2808;9717;3;4001128.9835667955
2809;9721;4;4001128.966856342
2810;9724;3;4001128.966856342
2811;9727;3;4001128.966856342
2812;9730;3;4001128.966856342
2813;9733;3;4001128.966856342
2814;9735;2;4001128.966856342
2815;9738;3;4001128.966856342
2816;9743;5;4001128.966856342
2817;9746;3;4001128.966856342
2818;9751;5;4001128.966856342
2819;9755;4;4001128.966856342
2820;9757;2;4001128.966856342
2821;9760;3;4001128.966856342
2822;9763;3;4001128.966856342
2823;9764;1;4001128.966856342
2824;9769;5;4001128.966856342
2825;9771;2;4001128.966856342
2826;9774;3;4001128.966856342
2827;9777;3;4001128.966856342
2828;9780;3;4001128.966856342
2829;9782;2;4001128.966856342
2830;9785;3;4001128.966856342
2831;9789;4;4001128.966856342
2832;9792;3;4001128.966856342
2833;9793;1;4001128.966856342
2834;9794;1;4001128.966856342
2835;9799;5;4001128.966856342
2836;9802;3;4001128.966856342
2837;9805;3;4001128.966856342
2838;9807;2;4001128.966856342
2839;9812;5;4001128.966856342
2840;9816;4;4001128.966856342
2841;9819;3;4001128.966856342
2842;9823;4;4001128.966856342
2843;9827;4;4001128.966856342
2844;9830;3;4001128.966856342
2845;9833;3;4001128.966856342
2846;9837;4;4001128.966856342
2847;9838;1;4001128.966856342
2848;9843;5;4001128.966856342
2849;9845;2;4001128.966856342
2850;9848;3;4001128.966856342
2851;9852;4;4001128.966856342
2852;9855;3;4001128.966856342
2853;9857;2;4001128.966856342
2854;9861;4;4001128.966856342
2855;9861;0;4001128.966856342
2856;9864;3;4001128.966856342
2857;9868;4;4001128.966856342
2858;9871;3;4001128.966856342
2859;9875;4;4001128.966856342
2860;9877;2;4001128.966856342
2861;9881;4;4001128.966856342
2862;9883;2;4001128.966856342
2863;9885;2;4001128.966856342
2864;9886;1;4001128.966856342
2865;9889;3;4001128.966856342
2866;9892;3;4001128.966856342
2867;9894;2;4001128.966856342
2868;9896;2;4001128.966856342
2869;9897;1;4001128.966856342
2870;9898;1;4001128.966856342
2871;9900;2;4001128.966856342
2872;9903;3;4001128.966856342
2873;9904;1;4001128.966856342
2874;9909;5;4001128.966856342
2875;9911;2;4001128.966856342
2876;9915;4;4001128.966856342
2877;9919;4;4001128.966856342
2878;9921;2;4001128.966856342
2879;9924;3;4001128.966856342
2880;9927;3;4001128.966856342
2881;9930;3;4001128.966856342
2882;9933;3;4001128.966856342
2883;9935;2;4001128.966856342
2884;9938;3;4001128.966856342
2885;9939;1;4001128.966856342
2886;9940;1;4001128.966856342
2887;9942;2;4001128.966856342
2888;9943;1;4001128.966856342
2889;9945;2;4001128.966856342
2890;9948;3;4001128.966856342
2891;9948;0;4001128.966856342
2892;9949;1;4001128.966856342
2893;9951;2;4001128.966856342
2894;9952;1;4001128.966856342
2895;9952;0;4001128.966856342
2896;9955;3;4001128.966856342
2897;9959;4;4001128.966856342
2898;9960;1;4001128.966856342
2899;9963;3;4001128.966856342
2900;9965;2;4001128.966856342
2901;9968;3;4001128.966856342
2902;9972;4;4001128.966856342
2903;9975;3;4001128.966856342
2904;9977;2;4001128.966856342
2905;9979;2;4001128.966856342
2906;9982;3;4001128.966856342
2907;9985;3;4001128.966856342
2908;9987;2;4001128.966856342
2909;9990;3;4001128.966856342
2910;9992;2;4001128.966856342
2911;9997;5;4001128.966856342
2912;9998;1;4001128.966856342
2913;10002;4;4001128.966856342
2914;10003;1;4001128.966856342
2915;10009;6;4001128.966856342
2916;10014;5;4001128.966856342
2917;10015;1;4001128.966856342
2918;10021;6;4001128.966856342
2919;10030;9;4001128.966856342
2920;10035;5;4001128.966856342
2921;10040;5;4001128.966856342
2922;10044;4;4001128.966856342
2923;10047;3;4001128.966856342
2924;10048;1;4001128.966856342
2925;10056;8;4001128.966856342
2926;10060;4;4001128.966856342
2927;10063;3;4001128.966856342
2928;10066;3;4001128.966856342
2929;10070;4;4001128.966856342
2930;10073;3;4001128.966856342
2931;10078;5;4001128.966856342
2932;10082;4;4001128.966856342
2933;10085;3;4001128.966856342
2934;10088;3;4001128.966856342
2935;10091;3;4001128.966856342
2936;10094;3;4001128.966856342
2937;10097;3;4001128.966856342
2938;10099;2;4001128.966856342
2939;10103;4;4001128.966856342
2940;10104;1;4001128.966856342
2941;10106;2;4001128.966856342
2942;10107;1;4001128.966856342
2943;10111;4;4001128.966856342
2944;10112;1;4001128.966856342
2945;10115;3;4001128.966856342
2946;10119;4;4001128.966856342
2947;10122;3;4001128.966856342
2948;10126;4;4001128.966856342
2949;10130;4;4001128.966856342
2950;10133;3;4001128.966856342
2951;10136;3;4001128.966856342
2952;10142;6;4001128.966856342
2953;10148;6;4001128.966856342
2954;10153;5;4001128.966856342
2955;10159;6;4001128.966856342
2956;10161;2;4001128.966856342
2957;10164;3;4001128.966856342
2958;10168;4;4001128.966856342
2959;10172;4;4001128.966856342
2960;10179;7;4001128.966856342
2961;10185;6;4001128.966856342
2962;10188;3;4001128.966856342
2963;10192;4;4001128.966856342
2964;10197;5;4001128.966856342
2965;10199;2;4001128.966856342
2966;10199;0;4001128.966856342
2967;10201;2;4001128.966856342
2968;10202;1;4001128.966856342
2969;10204;2;4001128.966856342
2970;10209;5;4001128.966856342
2971;10210;1;4001128.966856342
2972;10212;2;4001128.966856342
2973;10214;2;4001128.966856342
2974;10217;3;4001128.966856342
2975;10220;3;4001128.966856342
2976;10223;3;4001128.595058917
2977;10227;4;4001128.595058917
2978;10233;6;4001128.595058917
2979;10234;1;4001128.595058917
2980;10237;3;4001128.595058917
2981;10240;3;4001128.595058917
2982;10243;3;4001128.595058917
2983;10245;2;4001128.595058917
2984;10249;4;4001128.595058917
2985;10254;5;4001128.595058917
2986;10254;0;4001128.595058917
2987;10255;1;4001128.595058917
2988;10258;3;4001128.595058917
2989;10260;2;4001128.595058917
2990;10265;5;4001128.595058917
2991;10267;2;4001128.595058917
2992;10268;1;4001128.595058917
2993;10269;1;4001128.595058917
2994;10273;4;4001128.595058917
2995;10276;3;4001128.595058917
2996;10279;3;4001128.595058917
2997;10285;6;4001128.595058917
2998;10288;3;4001128.595058917
2999;10289;1;4001128.595058917
