Index;Time point [ms];Iteration length [ms];Cost
0;7;7;1.4002349651235797E7
1;9;2;1.4002348916003628E7
2;12;3;1.4002313650184084E7
3;15;3;1.4001865479391007E7
4;17;2;1.4001865479391007E7
5;18;1;1.4001865479391007E7
6;20;2;1.400180439828098E7
7;22;2;1.400180439828098E7
8;24;2;1.4001731005021181E7
9;26;2;1.4001724919769444E7
10;30;4;1.4001724919769444E7
11;34;4;1.4001724919769444E7
12;37;3;1.4001724919769444E7
13;38;1;1.4001724919769444E7
14;40;2;1.3001882650190268E7
15;45;5;1.3001808202874592E7
16;47;2;1.3001808202874592E7
17;52;5;1.3001808202874592E7
18;53;1;1.3001808202874592E7
19;56;3;1.3001808202874592E7
20;58;2;1.3001808202874592E7
21;60;2;1.3001808202874592E7
22;62;2;1.3001808202874592E7
23;64;2;1.3001808202874592E7
24;65;1;1.3001808202874592E7
25;68;3;1.3001808202874592E7
26;70;2;1.3001549504834646E7
27;70;0;1.3001549504834646E7
28;73;3;1.3001392763877792E7
29;75;2;1.3001392763877792E7
30;78;3;1.3001392763877792E7
31;82;4;1.3001392763877792E7
32;84;2;1.3001392763877792E7
33;87;3;1.3001392763877792E7
34;89;2;1.3001392763877792E7
35;89;0;1.3001392763877792E7
36;90;1;1.3001392763877792E7
37;90;0;1.3001392763877792E7
38;91;1;1.3001392763877792E7
39;93;2;1.3001246147918317E7
40;95;2;1.3001246147918317E7
41;96;1;1.3001246147918317E7
42;97;1;1.3001246147918317E7
43;100;3;1.3001246147918317E7
44;102;2;1.3001246147918317E7
45;104;2;1.3001246147918317E7
46;107;3;1.3001246147918317E7
47;109;2;1.3001246147918317E7
48;112;3;1.3001246147918317E7
49;116;4;1.3001246147918317E7
50;118;2;1.3001246147918317E7
51;120;2;1.3001246147918317E7
52;123;3;1.3001246147918317E7
53;125;2;1.3001246147918317E7
54;126;1;1.3001246147918317E7
55;129;3;1.3001246147918317E7
56;132;3;1.3001246147918317E7
57;132;0;1.3001246147918317E7
58;135;3;1.3001246147918317E7
59;140;5;1.3001246147918317E7
60;143;3;1.3001246147918317E7
61;145;2;1.3001246147918317E7
62;148;3;1.3001246147918317E7
63;153;5;1.3001246147918317E7
64;156;3;1.3001246147918317E7
65;157;1;1.3001246147918317E7
66;161;4;1.3001246147918317E7
67;164;3;1.3001246147918317E7
68;169;5;1.3001246147918317E7
69;170;1;1.3001246147918317E7
70;172;2;1.3001246147918317E7
71;177;5;1.3001246147918317E7
72;179;2;1.3001246147918317E7
73;180;1;1.3001246147918317E7
74;182;2;1.3001246147918317E7
75;185;3;1.3001246147918317E7
76;195;10;1.3001246147918317E7
77;198;3;1.3001246147918317E7
78;200;2;1.3001246147918317E7
79;204;4;1.3001246147918317E7
80;205;1;1.3001246147918317E7
81;209;4;1.3001246147918317E7
82;215;6;1.3001246147918317E7
83;218;3;1.3001246147918317E7
84;220;2;1.3001246147918317E7
85;225;5;1.3001246147918317E7
86;228;3;1.3001246147918317E7
87;231;3;1.2001250455207588E7
88;234;3;1.2001250455207588E7
89;237;3;1.2001250455207588E7
90;238;1;1.2001250455207588E7
91;241;3;1.2001250455207588E7
92;242;1;1.2001250455207588E7
93;246;4;1.2001250455207588E7
94;249;3;1.2001250455207588E7
95;253;4;1.2001250455207588E7
96;255;2;1.2001250455207588E7
97;256;1;1.2001250455207588E7
98;258;2;1.2001250455207588E7
99;260;2;1.2001250455207588E7
100;261;1;1.2001250455207588E7
101;262;1;1.2001250455207588E7
102;265;3;1.2001250455207588E7
103;267;2;1.2001250455207588E7
104;268;1;1.2001250455207588E7
105;271;3;1.2001250455207588E7
106;274;3;1.2001250455207588E7
107;276;2;1.2001250455207588E7
108;280;4;1.2001250455207588E7
109;283;3;1.2001250455207588E7
110;285;2;1.2001250455207588E7
111;287;2;1.2001250455207588E7
112;290;3;1.2001250455207588E7
113;292;2;1.2001250455207588E7
114;296;4;1.2001250455207588E7
115;299;3;1.2001250455207588E7
116;301;2;1.2001250455207588E7
117;302;1;1.2001250455207588E7
118;305;3;1.2001250455207588E7
119;309;4;1.2001250455207588E7
120;313;4;1.2001250455207588E7
121;316;3;1.2001250455207588E7
122;319;3;1.2001250455207588E7
123;323;4;1.2001250455207588E7
124;330;7;1.2001250455207588E7
125;335;5;1.2001250455207588E7
126;336;1;1.2001250455207588E7
127;341;5;1.2001250455207588E7
128;348;7;1.2001250455207588E7
129;354;6;1.2001250455207588E7
130;358;4;1.2001250455207588E7
131;361;3;1.2001142752536047E7
132;368;7;1.2001142752536047E7
133;370;2;1.2001142752536047E7
134;372;2;1.2001142752536047E7
135;378;6;1.2001142752536047E7
136;383;5;1.2001142752536047E7
137;384;1;1.2001142752536047E7
138;387;3;1.2001142752536047E7
139;388;1;1.2001142752536047E7
140;390;2;1.2001142752536047E7
141;391;1;1.2001142752536047E7
142;395;4;1.2001142752536047E7
143;396;1;1.2001142752536047E7
144;397;1;1.2001142752536047E7
145;398;1;1.2001142752536047E7
146;400;2;1.2001142752536047E7
147;403;3;1.2001142752536047E7
148;405;2;1.2001142752536047E7
149;408;3;1.2001142752536047E7
150;409;1;1.2001142752536047E7
151;413;4;1.2001142752536047E7
152;416;3;1.2001142752536047E7
153;418;2;1.2001142752536047E7
154;422;4;1.2001142752536047E7
155;426;4;1.2001142752536047E7
156;430;4;1.2001142752536047E7
157;433;3;1.2001142752536047E7
158;437;4;1.2001142752536047E7
159;440;3;1.2001142752536047E7
160;443;3;1.2001142752536047E7
161;445;2;1.2001142752536047E7
162;448;3;1.2001142752536047E7
163;449;1;1.2001142752536047E7
164;452;3;1.2001142752536047E7
165;455;3;1.2001142752536047E7
166;456;1;1.2001142752536047E7
167;459;3;1.2001142752536047E7
168;461;2;1.2001142752536047E7
169;464;3;1.2001142752536047E7
170;467;3;1.2001142752536047E7
171;469;2;1.2001142752536047E7
172;472;3;1.2001142752536047E7
173;475;3;1.2001142752536047E7
174;478;3;1.2001142752536047E7
175;480;2;1.2001142752536047E7
176;483;3;1.2001142752536047E7
177;486;3;1.2001142752536047E7
178;489;3;1.2001142752536047E7
179;491;2;1.2001142752536047E7
180;494;3;1.2001142752536047E7
181;497;3;1.2001142752536047E7
182;499;2;1.2001142752536047E7
183;502;3;1.2001142752536047E7
184;503;1;1.2001142752536047E7
185;504;1;1.2001142752536047E7
186;507;3;1.2001142752536047E7
187;509;2;1.2001142752536047E7
188;512;3;1.2001142752536047E7
189;515;3;1.2001142752536047E7
190;517;2;1.2001142752536047E7
191;520;3;1.2001142752536047E7
192;521;1;1.2001142752536047E7
193;522;1;1.2001142752536047E7
194;525;3;1.2001142752536047E7
195;529;4;1.2001142752536047E7
196;533;4;1.2001142752536047E7
197;534;1;1.2001142752536047E7
198;536;2;1.2001142752536047E7
199;540;4;1.2001142752536047E7
200;545;5;1.2001142752536047E7
201;548;3;1.2001142752536047E7
202;548;0;1.2001142752536047E7
203;552;4;1.2001142752536047E7
204;555;3;1.2001142752536047E7
205;555;0;1.2001142752536047E7
206;557;2;1.2001142752536047E7
207;559;2;1.2001142752536047E7
208;561;2;1.2001142752536047E7
209;563;2;1.2001142752536047E7
210;565;2;1.2001142752536047E7
211;567;2;1.2001142752536047E7
212;569;2;1.2001142752536047E7
213;573;4;1.2001142752536047E7
214;576;3;1.2001142752536047E7
215;580;4;1.2001142752536047E7
216;582;2;1.2001142752536047E7
217;585;3;1.2001142752536047E7
218;587;2;1.2001142752536047E7
219;590;3;1.2001142752536047E7
220;592;2;1.2001142752536047E7
221;594;2;1.2001142752536047E7
222;595;1;1.2001142752536047E7
223;596;1;1.2001142752536047E7
224;598;2;1.2001142752536047E7
225;601;3;1.2001142752536047E7
226;602;1;1.2001142752536047E7
227;605;3;1.2001142752536047E7
228;609;4;1.2001142752536047E7
229;612;3;1.2001142752536047E7
230;612;0;1.2001142752536047E7
231;613;1;1.2001142752536047E7
232;615;2;1.2001142752536047E7
233;618;3;1.2001142752536047E7
234;620;2;1.2001142752536047E7
235;621;1;1.2001142752536047E7
236;621;0;1.2001142752536047E7
237;625;4;1.2001142752536047E7
238;626;1;1.2001142752536047E7
239;628;2;1.2001142752536047E7
240;630;2;1.2001142752536047E7
241;635;5;1.2001142752536047E7
242;639;4;1.2001142752536047E7
243;644;5;1.2001142752536047E7
244;648;4;1.2001142752536047E7
245;653;5;1.2001142752536047E7
246;657;4;1.2001142752536047E7
247;660;3;1.2001142752536047E7
248;663;3;1.2001142752536047E7
249;666;3;1.2001142752536047E7
250;667;1;1.2001142752536047E7
251;672;5;1.2001142752536047E7
252;679;7;1.2001142752536047E7
253;684;5;1.2001142752536047E7
254;688;4;1.2001142752536047E7
255;693;5;1.2001142752536047E7
256;696;3;1.2001142752536047E7
257;702;6;1.2001142752536047E7
258;706;4;1.2001142752536047E7
259;708;2;1.2001142752536047E7
260;713;5;1.2001142752536047E7
261;714;1;1.2001142752536047E7
262;715;1;1.2001142752536047E7
263;716;1;1.2001142752536047E7
264;720;4;1.2001142752536047E7
265;721;1;1.2001142752536047E7
266;725;4;1.2001142752536047E7
267;731;6;1.2001142752536047E7
268;735;4;1.2001142752536047E7
269;740;5;1.2001142752536047E7
270;745;5;1.2001142752536047E7
271;749;4;1.2001142752536047E7
272;754;5;1.2001142752536047E7
273;758;4;1.2001142752536047E7
274;763;5;1.2001142752536047E7
275;766;3;1.2001142752536047E7
276;771;5;1.2001142752536047E7
277;774;3;1.2001142752536047E7
278;780;6;1.2001142752536047E7
279;781;1;1.2001142752536047E7
280;788;7;1.2001142752536047E7
281;792;4;1.2001142752536047E7
282;794;2;1.2001142752536047E7
283;798;4;1.2001142752536047E7
284;799;1;1.2001142752536047E7
285;802;3;1.2001142752536047E7
286;815;13;1.2001142752536047E7
287;820;5;1.2001142752536047E7
288;824;4;1.2001142752536047E7
289;827;3;1.2001142752536047E7
290;831;4;1.2001142752536047E7
291;836;5;1.2001142752536047E7
292;837;1;1.2001142752536047E7
293;842;5;1.2001142752536047E7
294;847;5;1.2001142752536047E7
295;853;6;1.2001142752536047E7
296;859;6;1.2001142752536047E7
297;864;5;1.2001142752536047E7
298;869;5;1.2001142752536047E7
299;873;4;1.2001142752536047E7
300;876;3;1.2001142752536047E7
301;881;5;1.2001142752536047E7
302;886;5;1.2001142752536047E7
303;888;2;1.2001142752536047E7
304;893;5;1.2001142752536047E7
305;897;4;1.2001142752536047E7
306;898;1;1.2001142752536047E7
307;899;1;1.2001142752536047E7
308;903;4;1.2001142752536047E7
309;908;5;1.2001142752536047E7
310;909;1;1.2001142752536047E7
311;917;8;1.2001142752536047E7
312;921;4;1.2001142752536047E7
313;924;3;1.2001142752536047E7
314;929;5;1.2001142752536047E7
315;936;7;1.2001142752536047E7
316;941;5;1.2001142752536047E7
317;944;3;1.2001142752536047E7
318;948;4;1.2001142752536047E7
319;951;3;1.2001142752536047E7
320;954;3;1.2001142752536047E7
321;958;4;1.2001142752536047E7
322;962;4;1.2001142752536047E7
323;967;5;1.2001142752536047E7
324;971;4;1.2001142752536047E7
325;977;6;1.2001142752536047E7
326;981;4;1.2001142752536047E7
327;987;6;1.2001142752536047E7
328;989;2;1.2001142752536047E7
329;995;6;1.2001142752536047E7
330;998;3;1.2001142752536047E7
331;1002;4;1.2001142752536047E7
332;1005;3;1.2001142752536047E7
333;1009;4;1.2001142752536047E7
334;1014;5;1.2001142752536047E7
335;1018;4;1.2001142752536047E7
336;1024;6;1.2001142752536047E7
337;1028;4;1.2001142752536047E7
338;1033;5;1.2001142752536047E7
339;1038;5;1.2001142752536047E7
340;1042;4;1.2001142752536047E7
341;1043;1;1.2001142752536047E7
342;1048;5;1.2001142752536047E7
343;1052;4;1.2001142752536047E7
344;1057;5;1.2001142752536047E7
345;1062;5;1.2001142752536047E7
346;1068;6;1.2001142752536047E7
347;1073;5;1.2001142752536047E7
348;1077;4;1.2001142752536047E7
349;1080;3;1.2001142752536047E7
350;1085;5;1.2001142752536047E7
351;1090;5;1.2001142752536047E7
352;1091;1;1.2001142752536047E7
353;1094;3;1.2001142752536047E7
354;1097;3;1.2001142752536047E7
355;1102;5;1.2001142752536047E7
356;1107;5;1.2001142752536047E7
357;1110;3;1.2001142752536047E7
358;1114;4;1.2001142752536047E7
359;1118;4;1.2001142752536047E7
360;1122;4;1.2001142752536047E7
361;1123;1;1.2001142752536047E7
362;1126;3;1.2001142752536047E7
363;1130;4;1.2001142752536047E7
364;1132;2;1.2001142752536047E7
365;1135;3;1.2001142752536047E7
366;1136;1;1.2001142752536047E7
367;1138;2;1.2001142752536047E7
368;1140;2;1.2001142752536047E7
369;1140;0;1.2001142752536047E7
370;1141;1;1.2001142752536047E7
371;1144;3;1.2001142752536047E7
372;1145;1;1.2001142752536047E7
373;1148;3;1.2001142752536047E7
374;1151;3;1.2001142752536047E7
375;1152;1;1.2001142752536047E7
376;1155;3;1.2001142752536047E7
377;1158;3;1.2001142752536047E7
378;1161;3;1.2001142752536047E7
379;1166;5;1.2001142752536047E7
380;1169;3;1.2001142752536047E7
381;1174;5;1.2001142752536047E7
382;1177;3;1.2001142752536047E7
383;1178;1;1.2001142752536047E7
384;1182;4;1.2001142752536047E7
385;1183;1;1.2001142752536047E7
386;1183;0;1.2001142752536047E7
387;1185;2;1.2001142752536047E7
388;1187;2;1.2001142752536047E7
389;1190;3;1.2001142752536047E7
390;1193;3;1.2001142752536047E7
391;1198;5;1.2001142752536047E7
392;1201;3;1.2001142752536047E7
393;1203;2;1.2001142752536047E7
394;1206;3;1.2001142752536047E7
395;1208;2;1.2001142752536047E7
396;1210;2;1.2001142752536047E7
397;1211;1;1.2001142752536047E7
398;1216;5;1.2001142752536047E7
399;1218;2;1.2001142752536047E7
400;1221;3;1.2001142752536047E7
401;1223;2;1.2001142752536047E7
402;1226;3;1.2001142752536047E7
403;1227;1;1.2001142752536047E7
404;1230;3;1.2001142752536047E7
405;1232;2;1.2001142752536047E7
406;1234;2;1.2001142752536047E7
407;1236;2;1.2001142752536047E7
408;1238;2;1.2001142752536047E7
409;1241;3;1.2001142752536047E7
410;1245;4;1.2001142752536047E7
411;1248;3;1.2001142752536047E7
412;1250;2;1.2001142752536047E7
413;1251;1;1.2001142752536047E7
414;1254;3;1.2001142752536047E7
415;1257;3;1.2001142752536047E7
416;1259;2;1.2001142752536047E7
417;1261;2;1.2001142752536047E7
418;1263;2;1.2001142752536047E7
419;1266;3;1.2001142752536047E7
420;1270;4;1.2001142752536047E7
421;1278;8;1.2001142752536047E7
422;1280;2;1.2001142752536047E7
423;1281;1;1.2001142752536047E7
424;1286;5;1.2001142752536047E7
425;1290;4;1.2001142752536047E7
426;1294;4;1.2001142752536047E7
427;1296;2;1.2001142752536047E7
428;1299;3;1.2001142752536047E7
429;1300;1;1.2001142752536047E7
430;1302;2;1.2001142752536047E7
431;1305;3;1.2001142752536047E7
432;1307;2;1.2001142752536047E7
433;1311;4;1.2001142752536047E7
434;1314;3;1.2001142752536047E7
435;1318;4;1.2001142752536047E7
436;1321;3;1.2001142752536047E7
437;1324;3;1.2001142752536047E7
438;1328;4;1.2001142752536047E7
439;1331;3;1.2001142752536047E7
440;1333;2;1.2001142752536047E7
441;1336;3;1.2001142752536047E7
442;1338;2;1.2001142752536047E7
443;1341;3;1.2001142752536047E7
444;1346;5;1.2001142752536047E7
445;1349;3;1.2001142752536047E7
446;1351;2;1.2001142752536047E7
447;1354;3;1.2001142752536047E7
448;1357;3;1.2001142752536047E7
449;1360;3;1.2001142752536047E7
450;1363;3;1.2001142752536047E7
451;1365;2;1.2001142752536047E7
452;1368;3;1.2001142752536047E7
453;1370;2;1.2001142752536047E7
454;1372;2;1.2001142752536047E7
455;1375;3;1.2001142752536047E7
456;1378;3;1.2001142752536047E7
457;1378;0;1.2001142752536047E7
458;1380;2;1.2001142752536047E7
459;1384;4;1.2001142752536047E7
460;1385;1;1.2001142752536047E7
461;1387;2;1.2001142752536047E7
462;1390;3;1.2001142752536047E7
463;1393;3;1.2001142752536047E7
464;1396;3;1.2001142752536047E7
465;1398;2;1.2001142752536047E7
466;1402;4;1.2001142752536047E7
467;1403;1;1.2001142752536047E7
468;1406;3;1.2001142752536047E7
469;1410;4;1.2001142752536047E7
470;1412;2;1.2001142752536047E7
471;1414;2;1.2001142752536047E7
472;1417;3;1.2001142752536047E7
473;1419;2;1.2001142752536047E7
474;1423;4;1.2001142752536047E7
475;1425;2;1.2001142752536047E7
476;1426;1;1.2001142752536047E7
477;1429;3;1.2001142752536047E7
478;1430;1;1.2001142752536047E7
479;1432;2;1.2001142752536047E7
480;1434;2;1.2001142752536047E7
481;1436;2;1.2001142752536047E7
482;1438;2;1.2001142752536047E7
483;1441;3;1.2001142752536047E7
484;1443;2;1.2001142752536047E7
485;1443;0;1.2001142752536047E7
486;1445;2;1.2001142752536047E7
487;1449;4;1.2001142752536047E7
488;1451;2;1.2001142752536047E7
489;1453;2;1.2001142752536047E7
490;1456;3;1.2001142752536047E7
491;1458;2;1.2001142752536047E7
492;1461;3;1.2001142752536047E7
493;1461;0;1.2001142752536047E7
494;1464;3;1.2001142752536047E7
495;1465;1;1.2001142752536047E7
496;1467;2;1.2001142752536047E7
497;1469;2;1.2001142752536047E7
498;1470;1;1.2001142752536047E7
499;1472;2;1.2001142752536047E7
500;1472;0;1.2001142752536047E7
501;1474;2;1.2001142752536047E7
502;1474;0;1.2001142752536047E7
503;1477;3;1.2001142752536047E7
504;1478;1;1.2001142752536047E7
505;1481;3;1.2001142752536047E7
506;1486;5;1.2001142752536047E7
507;1488;2;1.2001142752536047E7
508;1490;2;1.2001142752536047E7
509;1493;3;1.2001142752536047E7
510;1495;2;1.2001142752536047E7
511;1498;3;1.2001142752536047E7
512;1501;3;1.2001142752536047E7
513;1504;3;1.2001142752536047E7
514;1508;4;1.2001142752536047E7
515;1511;3;1.2001142752536047E7
516;1514;3;1.2001142752536047E7
517;1517;3;1.2001142752536047E7
518;1520;3;1.2001142752536047E7
519;1523;3;1.2001142752536047E7
520;1525;2;1.2001142752536047E7
521;1528;3;1.2001142752536047E7
522;1530;2;1.2001142752536047E7
523;1533;3;1.2001142752536047E7
524;1534;1;1.2001142752536047E7
525;1534;0;1.2001142752536047E7
526;1537;3;1.2001142752536047E7
527;1538;1;1.2001142752536047E7
528;1541;3;1.2001142752536047E7
529;1544;3;1.2001142752536047E7
530;1547;3;1.2001142752536047E7
531;1549;2;1.2001142752536047E7
532;1551;2;1.2001142752536047E7
533;1554;3;1.2001142752536047E7
534;1556;2;1.2001142752536047E7
535;1556;0;1.2001142752536047E7
536;1557;1;1.2001142752536047E7
537;1560;3;1.2001142752536047E7
538;1563;3;1.2001142752536047E7
539;1565;2;1.2001142752536047E7
540;1568;3;1.2001142752536047E7
541;1571;3;1.2001142752536047E7
542;1573;2;1.2001142752536047E7
543;1574;1;1.2001142752536047E7
544;1579;5;1.2001142752536047E7
545;1582;3;1.2001142752536047E7
546;1585;3;1.2001142752536047E7
547;1589;4;1.2001142752536047E7
548;1592;3;1.2001142752536047E7
549;1595;3;1.2001142752536047E7
550;1596;1;1.2001142752536047E7
551;1600;4;1.2001142752536047E7
552;1603;3;1.2001142752536047E7
553;1603;0;1.2001142752536047E7
554;1607;4;1.2001142752536047E7
555;1610;3;1.2001142752536047E7
556;1611;1;1.2001142752536047E7
557;1612;1;1.2001142752536047E7
558;1617;5;1.2001142752536047E7
559;1618;1;1.2001142752536047E7
560;1621;3;1.2001142752536047E7
561;1623;2;1.2001142752536047E7
562;1626;3;1.2001142752536047E7
563;1629;3;1.2001142752536047E7
564;1632;3;1.2001142752536047E7
565;1635;3;1.2001142752536047E7
566;1637;2;1.2001142752536047E7
567;1639;2;1.2001142752536047E7
568;1643;4;1.2001142752536047E7
569;1646;3;1.2001142752536047E7
570;1646;0;1.2001142752536047E7
571;1649;3;1.2001142752536047E7
572;1651;2;1.2001142752536047E7
573;1652;1;1.2001142752536047E7
574;1654;2;1.2001142752536047E7
575;1655;1;1.2001142752536047E7
576;1657;2;1.2001142752536047E7
577;1659;2;1.2001142752536047E7
578;1662;3;1.2001142752536047E7
579;1664;2;1.2001142752536047E7
580;1666;2;1.2001142752536047E7
581;1668;2;1.2001142752536047E7
582;1670;2;1.2001142752536047E7
583;1672;2;1.2001142752536047E7
584;1672;0;1.2001142752536047E7
585;1673;1;1.2001142752536047E7
586;1675;2;1.2001142752536047E7
587;1678;3;1.2001142752536047E7
588;1679;1;1.2001142752536047E7
589;1680;1;1.2001142752536047E7
590;1680;0;1.2001142752536047E7
591;1683;3;1.2001094408250116E7
592;1684;1;1.2001094408250116E7
593;1685;1;1.2001094408250116E7
594;1688;3;1.2001094408250116E7
595;1690;2;1.2001094408250116E7
596;1692;2;1.2001094408250116E7
597;1696;4;1.2001094408250116E7
598;1698;2;1.2001094408250116E7
599;1701;3;1.2001094408250116E7
600;1702;1;1.2001094408250116E7
601;1704;2;1.2001094408250116E7
602;1705;1;1.2001094408250116E7
603;1710;5;1.2001094408250116E7
604;1711;1;1.2001094408250116E7
605;1714;3;1.2001094408250116E7
606;1716;2;1.2001094408250116E7
607;1718;2;1.2001094408250116E7
608;1720;2;1.2001094408250116E7
609;1723;3;1.2001094408250116E7
610;1724;1;1.2001094408250116E7
611;1726;2;1.2001094408250116E7
612;1729;3;1.2001094408250116E7
613;1731;2;1.2001094408250116E7
614;1734;3;1.2001094408250116E7
615;1736;2;1.2001094408250116E7
616;1738;2;1.2001094408250116E7
617;1740;2;1.2001094408250116E7
618;1744;4;1.2001094408250116E7
619;1747;3;1.2001094408250116E7
620;1750;3;1.2001094408250116E7
621;1752;2;1.2001094408250116E7
622;1754;2;1.2001094408250116E7
623;1757;3;1.2001094408250116E7
624;1759;2;1.2001094408250116E7
625;1762;3;1.2001094408250116E7
626;1764;2;1.2001094408250116E7
627;1767;3;1.2001094408250116E7
628;1769;2;1.2001094408250116E7
629;1772;3;1.2001094408250116E7
630;1776;4;1.2001094408250116E7
631;1777;1;1.2001094408250116E7
632;1778;1;1.2001094408250116E7
633;1780;2;1.2001094408250116E7
634;1782;2;1.2001094408250116E7
635;1784;2;1.2001094408250116E7
636;1787;3;1.2001094408250116E7
637;1787;0;1.2001094408250116E7
638;1789;2;1.2001094408250116E7
639;1789;0;1.2001094408250116E7
640;1791;2;1.2001094408250116E7
641;1794;3;1.2001094408250116E7
642;1797;3;1.2001094408250116E7
643;1797;0;1.2001094408250116E7
644;1800;3;1.2001094408250116E7
645;1801;1;1.2001094408250116E7
646;1804;3;1.2001094408250116E7
647;1805;1;1.2001094408250116E7
648;1806;1;1.2001094408250116E7
649;1809;3;1.2001094408250116E7
650;1811;2;1.2001094408250116E7
651;1812;1;1.2001094408250116E7
652;1816;4;1.2001094408250116E7
653;1818;2;1.2001094408250116E7
654;1820;2;1.2001094408250116E7
655;1823;3;1.2001094408250116E7
656;1824;1;1.2001094408250116E7
657;1826;2;1.2001094408250116E7
658;1829;3;1.2001094408250116E7
659;1832;3;1.2001094408250116E7
660;1836;4;1.2001094408250116E7
661;1839;3;1.2001094408250116E7
662;1841;2;1.2001074224068454E7
663;1843;2;1.2001074224068454E7
664;1845;2;1.2001074224068454E7
665;1846;1;1.2001074224068454E7
666;1850;4;1.2001074224068454E7
667;1854;4;1.2001074224068454E7
668;1857;3;1.2001074224068454E7
669;1860;3;1.2001074224068454E7
670;1862;2;1.2001074224068454E7
671;1865;3;1.2001074224068454E7
672;1867;2;1.2001074224068454E7
673;1868;1;1.2001074224068454E7
674;1869;1;1.2001074224068454E7
675;1871;2;1.2001074224068454E7
676;1874;3;1.2001074224068454E7
677;1876;2;1.2001074224068454E7
678;1878;2;1.2001074224068454E7
679;1880;2;1.2001074224068454E7
680;1880;0;1.2001074224068454E7
681;1884;4;1.2001074224068454E7
682;1886;2;1.2001074224068454E7
683;1887;1;1.2001074224068454E7
684;1887;0;1.2001074224068454E7
685;1889;2;1.2001074224068454E7
686;1898;9;1.2001074224068454E7
687;1904;6;1.2001074224068454E7
688;1910;6;1.2001074224068454E7
689;1914;4;1.2001074224068454E7
690;1918;4;1.2001074224068454E7
691;1923;5;1.2001074224068454E7
692;1925;2;1.2001074224068454E7
693;1929;4;1.2001074224068454E7
694;1933;4;1.2001074224068454E7
695;1937;4;1.2001074224068454E7
696;1940;3;1.2001074224068454E7
697;1942;2;1.2001074224068454E7
698;1946;4;1.2001074224068454E7
699;1951;5;1.2001074224068454E7
700;1954;3;1.2001074224068454E7
701;1958;4;1.2001074224068454E7
702;1959;1;1.2001074224068454E7
703;1961;2;1.2001074224068454E7
704;1963;2;1.2001074224068454E7
705;1967;4;1.2001074224068454E7
706;1970;3;1.2001074224068454E7
707;1975;5;1.2001074224068454E7
708;1978;3;1.2001074224068454E7
709;1980;2;1.2001074224068454E7
710;1980;0;1.2001074224068454E7
711;1984;4;1.2001074224068454E7
712;1987;3;1.2001074224068454E7
713;1988;1;1.2001074224068454E7
714;1989;1;1.2001074224068454E7
715;1994;5;1.2001074224068454E7
716;1997;3;1.2001074224068454E7
717;1999;2;1.2001074224068454E7
718;2002;3;1.2001074224068454E7
719;2002;0;1.2001074224068454E7
720;2006;4;1.2001074224068454E7
721;2009;3;1.2001074224068454E7
722;2013;4;1.2001074224068454E7
723;2015;2;1.2001074224068454E7
724;2018;3;1.2001074224068454E7
725;2022;4;1.2001074224068454E7
726;2026;4;1.2001074224068454E7
727;2031;5;1.2001074224068454E7
728;2035;4;1.2001074224068454E7
729;2037;2;1.2001074224068454E7
730;2039;2;1.2001074224068454E7
731;2044;5;1.2001074224068454E7
732;2048;4;1.2001074224068454E7
733;2048;0;1.2001074224068454E7
734;2052;4;1.2001074224068454E7
735;2057;5;1.2001074224068454E7
736;2058;1;1.2001074224068454E7
737;2061;3;1.2001074224068454E7
738;2063;2;1.2001074224068454E7
739;2066;3;1.2001074224068454E7
740;2068;2;1.2001074224068454E7
741;2070;2;1.2001074224068454E7
742;2072;2;1.2001074224068454E7
743;2074;2;1.2001074224068454E7
744;2075;1;1.2001074224068454E7
745;2078;3;1.2001074224068454E7
746;2079;1;1.2001074224068454E7
747;2082;3;1.2001074224068454E7
748;2085;3;1.2001074224068454E7
749;2087;2;1.2001074224068454E7
750;2089;2;1.2001074224068454E7
751;2090;1;1.2001074224068454E7
752;2094;4;1.2001074224068454E7
753;2096;2;1.2001074224068454E7
754;2099;3;1.2001074224068454E7
755;2101;2;1.2001074224068454E7
756;2104;3;1.2001074224068454E7
757;2105;1;1.2001074224068454E7
758;2109;4;1.2001074224068454E7
759;2109;0;1.2001074224068454E7
760;2110;1;1.2001074224068454E7
761;2113;3;1.2001074224068454E7
762;2115;2;1.2001074224068454E7
763;2116;1;1.2001074224068454E7
764;2118;2;1.2001074224068454E7
765;2121;3;1.2001074224068454E7
766;2122;1;1.2001074224068454E7
767;2124;2;1.2001074224068454E7
768;2126;2;1.2001074224068454E7
769;2128;2;1.2001074224068454E7
770;2131;3;1.2001074224068454E7
771;2135;4;1.2001074224068454E7
772;2137;2;1.2001074224068454E7
773;2141;4;1.2001074224068454E7
774;2145;4;1.2001074224068454E7
775;2149;4;1.2001074224068454E7
776;2149;0;1.2001074224068454E7
777;2152;3;1.2001074224068454E7
778;2154;2;1.2001074224068454E7
779;2156;2;1.2001074224068454E7
780;2158;2;1.2001074224068454E7
781;2160;2;1.2001074224068454E7
782;2161;1;1.2001074224068454E7
783;2167;6;1.2001074224068454E7
784;2169;2;1.2001074224068454E7
785;2170;1;1.2001074224068454E7
786;2172;2;1.2001074224068454E7
787;2174;2;1.2001074224068454E7
788;2175;1;1.2001074224068454E7
789;2177;2;1.2001074224068454E7
790;2179;2;1.2001074224068454E7
791;2183;4;1.2001074224068454E7
792;2184;1;1.2001074224068454E7
793;2186;2;1.2001074224068454E7
794;2188;2;1.2001074224068454E7
795;2192;4;1.2001074224068454E7
796;2195;3;1.2001074224068454E7
797;2199;4;1.2001074224068454E7
798;2201;2;1.2001074224068454E7
799;2203;2;1.2001074224068454E7
800;2205;2;1.2001074224068454E7
801;2206;1;1.2001074224068454E7
802;2209;3;1.2001074224068454E7
803;2210;1;1.2001074224068454E7
804;2214;4;1.2001074224068454E7
805;2216;2;1.2001074224068454E7
806;2218;2;1.2001074224068454E7
807;2220;2;1.2001074224068454E7
808;2224;4;1.2001074224068454E7
809;2227;3;1.2001074224068454E7
810;2228;1;1.2001074224068454E7
811;2230;2;1.2001074224068454E7
812;2232;2;1.2001074224068454E7
813;2235;3;1.2001074224068454E7
814;2237;2;1.2001074224068454E7
815;2239;2;1.2001074224068454E7
816;2242;3;1.2001074224068454E7
817;2245;3;1.2001074224068454E7
818;2247;2;1.2001074224068454E7
819;2249;2;1.2001074224068454E7
820;2253;4;1.2001074224068454E7
821;2255;2;1.2001074224068454E7
822;2258;3;1.2001074224068454E7
823;2260;2;1.2001074224068454E7
824;2263;3;1.2001074224068454E7
825;2265;2;1.2001074224068454E7
826;2267;2;1.2001074224068454E7
827;2268;1;1.2001074224068454E7
828;2269;1;1.2001074224068454E7
829;2271;2;1.2001074224068454E7
830;2274;3;1.2001074224068454E7
831;2276;2;1.2001074224068454E7
832;2278;2;1.2001074224068454E7
833;2280;2;1.2001074224068454E7
834;2281;1;1.2001074224068454E7
835;2283;2;1.2001074224068454E7
836;2284;1;1.2001074224068454E7
837;2287;3;1.2001074224068454E7
838;2288;1;1.2001074224068454E7
839;2290;2;1.2001074224068454E7
840;2293;3;1.2001074224068454E7
841;2296;3;1.2001074224068454E7
842;2299;3;1.2001074224068454E7
843;2301;2;1.2001074224068454E7
844;2303;2;1.2001074224068454E7
845;2307;4;1.2001074224068454E7
846;2310;3;1.2001074224068454E7
847;2313;3;1.2001074224068454E7
848;2317;4;1.2001074224068454E7
849;2321;4;1.2001074224068454E7
850;2324;3;1.2001074224068454E7
851;2329;5;1.2001074224068454E7
852;2331;2;1.2001074224068454E7
853;2335;4;1.2001074224068454E7
854;2338;3;1.2001074224068454E7
855;2345;7;1.2001074224068454E7
856;2349;4;1.2001074224068454E7
857;2356;7;1.2001074224068454E7
858;2357;1;1.2001074224068454E7
859;2359;2;1.2001074224068454E7
860;2362;3;1.2001074224068454E7
861;2366;4;1.2001074224068454E7
862;2372;6;1.2001074224068454E7
863;2378;6;1.2001074224068454E7
864;2381;3;1.2001074224068454E7
865;2385;4;1.2001074224068454E7
866;2389;4;1.2001074224068454E7
867;2390;1;1.2001074224068454E7
868;2397;7;1.2001074224068454E7
869;2401;4;1.2001074224068454E7
870;2402;1;1.2001074224068454E7
871;2404;2;1.2001074224068454E7
872;2406;2;1.2001074224068454E7
873;2411;5;1.2001074224068454E7
874;2415;4;1.2001074224068454E7
875;2418;3;1.2001074224068454E7
876;2420;2;1.2001074224068454E7
877;2424;4;1.2001074224068454E7
878;2429;5;1.2001074224068454E7
879;2432;3;1.2001074224068454E7
880;2434;2;1.2001074224068454E7
881;2437;3;1.2001074224068454E7
882;2439;2;1.2001074224068454E7
883;2444;5;1.2001074224068454E7
884;2447;3;1.2001074224068454E7
885;2449;2;1.2001074224068454E7
886;2452;3;1.2001074224068454E7
887;2454;2;1.2001074224068454E7
888;2456;2;1.2001074224068454E7
889;2458;2;1.2001074224068454E7
890;2461;3;1.2001074224068454E7
891;2463;2;1.2001074224068454E7
892;2464;1;1.2001074224068454E7
893;2466;2;1.2001074224068454E7
894;2468;2;1.2001074224068454E7
895;2470;2;1.2001074224068454E7
896;2473;3;1.2001074224068454E7
897;2476;3;1.2001074224068454E7
898;2477;1;1.2001074224068454E7
899;2480;3;1.2001074224068454E7
900;2482;2;1.2001074224068454E7
901;2485;3;1.2001074224068454E7
902;2488;3;1.2001074224068454E7
903;2490;2;1.2001074224068454E7
904;2490;0;1.2001074224068454E7
905;2493;3;1.2001074224068454E7
906;2496;3;1.2001074224068454E7
907;2498;2;1.2001074224068454E7
908;2501;3;1.2001074224068454E7
909;2503;2;1.2001074224068454E7
910;2504;1;1.2001074224068454E7
911;2507;3;1.2001074224068454E7
912;2509;2;1.2001074224068454E7
913;2513;4;1.2001074224068454E7
914;2516;3;1.2001074224068454E7
915;2519;3;1.2001074224068454E7
916;2521;2;1.2001074224068454E7
917;2521;0;1.2001074224068454E7
918;2523;2;1.2001074224068454E7
919;2526;3;1.2001074224068454E7
920;2529;3;1.2001074224068454E7
921;2531;2;1.2001074224068454E7
922;2532;1;1.2001074224068454E7
923;2535;3;1.2001074224068454E7
924;2537;2;1.2001074224068454E7
925;2540;3;1.2001074224068454E7
926;2542;2;1.2001074224068454E7
927;2546;4;1.2001074224068454E7
928;2548;2;1.2001074224068454E7
929;2551;3;1.2001074224068454E7
930;2553;2;1.2001074224068454E7
931;2556;3;1.2001074224068454E7
932;2558;2;1.2001074224068454E7
933;2562;4;1.2001074224068454E7
934;2565;3;1.2001074224068454E7
935;2567;2;1.2001074224068454E7
936;2569;2;1.2001074224068454E7
937;2573;4;1.2001074224068454E7
938;2577;4;1.2001074224068454E7
939;2580;3;1.2001074224068454E7
940;2582;2;1.2001074224068454E7
941;2583;1;1.2001074224068454E7
942;2585;2;1.2001074224068454E7
943;2585;0;1.2001074224068454E7
944;2588;3;1.2001074224068454E7
945;2590;2;1.2001074224068454E7
946;2592;2;1.2001074224068454E7
947;2593;1;1.2001074224068454E7
948;2595;2;1.2001074224068454E7
949;2597;2;1.2001074224068454E7
950;2599;2;1.2001074224068454E7
951;2603;4;1.2001074224068454E7
952;2607;4;1.2001074224068454E7
953;2612;5;1.2001074224068454E7
954;2614;2;1.2001074224068454E7
955;2615;1;1.2001074224068454E7
956;2617;2;1.2001074224068454E7
957;2619;2;1.2001074224068454E7
958;2622;3;1.2001074224068454E7
959;2626;4;1.2001074224068454E7
960;2627;1;1.2001074224068454E7
961;2632;5;1.2001074224068454E7
962;2634;2;1.2001074224068454E7
963;2636;2;1.2001074224068454E7
964;2638;2;1.2001074224068454E7
965;2640;2;1.2001074224068454E7
966;2645;5;1.2001074224068454E7
967;2649;4;1.2001074224068454E7
968;2651;2;1.2001074224068454E7
969;2652;1;1.2001074224068454E7
970;2655;3;1.2001074224068454E7
971;2657;2;1.2001074224068454E7
972;2662;5;1.2001074224068454E7
973;2665;3;1.2001074224068454E7
974;2668;3;1.2001074224068454E7
975;2668;0;1.2001074224068454E7
976;2672;4;1.2001074224068454E7
977;2675;3;1.2001074224068454E7
978;2678;3;1.2001074224068454E7
979;2680;2;1.2001074224068454E7
980;2681;1;1.2001074224068454E7
981;2683;2;1.2001074224068454E7
982;2686;3;1.2001074224068454E7
983;2689;3;1.2001074224068454E7
984;2690;1;1.2001074224068454E7
985;2692;2;1.2001074224068454E7
986;2697;5;1.2001074224068454E7
987;2699;2;1.2001074224068454E7
988;2700;1;1.2001074224068454E7
989;2704;4;1.2001074224068454E7
990;2707;3;1.2001074224068454E7
991;2708;1;1.2001074224068454E7
992;2714;6;1.2001074224068454E7
993;2717;3;1.2001074224068454E7
994;2718;1;1.2001074224068454E7
995;2718;0;1.2001074224068454E7
996;2721;3;1.2001074224068454E7
997;2722;1;1.2001074224068454E7
998;2727;5;1.2001074224068454E7
999;2729;2;1.2001074224068454E7
1000;2731;2;1.2001074224068454E7
1001;2734;3;1.2001074224068454E7
1002;2736;2;1.2001074224068454E7
1003;2739;3;1.2001074224068454E7
1004;2741;2;1.2001074224068454E7
1005;2745;4;1.2001074224068454E7
1006;2747;2;1.2001074224068454E7
1007;2749;2;1.2001074224068454E7
1008;2752;3;1.2001074224068454E7
1009;2753;1;1.2001074224068454E7
1010;2755;2;1.2001074224068454E7
1011;2758;3;1.2001074224068454E7
1012;2760;2;1.2001074224068454E7
1013;2763;3;1.2001074224068454E7
1014;2764;1;1.2001074224068454E7
1015;2766;2;1.2001074224068454E7
1016;2767;1;1.2001074224068454E7
1017;2771;4;1.2001074224068454E7
1018;2773;2;1.2001074224068454E7
1019;2776;3;1.2001074224068454E7
1020;2779;3;1.2001074224068454E7
1021;2783;4;1.2001074224068454E7
1022;2786;3;1.2001074224068454E7
1023;2787;1;1.2001074224068454E7
1024;2789;2;1.2001074224068454E7
1025;2791;2;1.2001074224068454E7
1026;2793;2;1.2001074224068454E7
1027;2794;1;1.2001074224068454E7
1028;2796;2;1.2001074224068454E7
1029;2798;2;1.2001074224068454E7
1030;2801;3;1.2001074224068454E7
1031;2803;2;1.2001074224068454E7
1032;2805;2;1.2001074224068454E7
1033;2806;1;1.2001074224068454E7
1034;2808;2;1.2001074224068454E7
1035;2811;3;1.2001074224068454E7
1036;2812;1;1.2001074224068454E7
1037;2813;1;1.2001074224068454E7
1038;2815;2;1.2001074224068454E7
1039;2818;3;1.2001074224068454E7
1040;2820;2;1.2001074224068454E7
1041;2820;0;1.2001074224068454E7
1042;2824;4;1.2001074224068454E7
1043;2828;4;1.2001074224068454E7
1044;2833;5;1.2001074224068454E7
1045;2835;2;1.2001074224068454E7
1046;2836;1;1.2001074224068454E7
1047;2838;2;1.2001074224068454E7
1048;2841;3;1.2001074224068454E7
1049;2846;5;1.2001074224068454E7
1050;2850;4;1.2001074224068454E7
1051;2852;2;1.2001074224068454E7
1052;2853;1;1.2001074224068454E7
1053;2854;1;1.2001074224068454E7
1054;2857;3;1.2001074224068454E7
1055;2860;3;1.2001074224068454E7
1056;2862;2;1.2001074224068454E7
1057;2865;3;1.2001074224068454E7
1058;2866;1;1.2001074224068454E7
1059;2868;2;1.2001074224068454E7
1060;2869;1;1.2001074224068454E7
1061;2874;5;1.2001074224068454E7
1062;2877;3;1.2001074224068454E7
1063;2880;3;1.2001074224068454E7
1064;2882;2;1.2001074224068454E7
1065;2884;2;1.2001074224068454E7
1066;2887;3;1.2001074224068454E7
1067;2888;1;1.2001074224068454E7
1068;2891;3;1.2001074224068454E7
1069;2895;4;1.2001074224068454E7
1070;2898;3;1.2001074224068454E7
1071;2899;1;1.2001074224068454E7
1072;2899;0;1.2001074224068454E7
1073;2900;1;1.2001074224068454E7
1074;2903;3;1.2001074224068454E7
1075;2906;3;1.2001074224068454E7
1076;2908;2;1.2001074224068454E7
1077;2908;0;1.2001074224068454E7
1078;2910;2;1.2001074224068454E7
1079;2911;1;1.2001074224068454E7
1080;2912;1;1.2001074224068454E7
1081;2913;1;1.2001074224068454E7
1082;2916;3;1.2001074224068454E7
1083;2919;3;1.2001074224068454E7
1084;2919;0;1.2001074224068454E7
1085;2922;3;1.2001074224068454E7
1086;2925;3;1.2001074224068454E7
1087;2928;3;1.2001074224068454E7
1088;2929;1;1.2001074224068454E7
1089;2931;2;1.2001074224068454E7
1090;2932;1;1.2001074224068454E7
1091;2934;2;1.2001074224068454E7
1092;2935;1;1.2001074224068454E7
1093;2937;2;1.2001074224068454E7
1094;2939;2;1.2001074224068454E7
1095;2940;1;1.2001074224068454E7
1096;2943;3;1.2001074224068454E7
1097;2943;0;1.2001074224068454E7
1098;2945;2;1.2001074224068454E7
1099;2946;1;1.2001074224068454E7
1100;2949;3;1.2001074224068454E7
1101;2951;2;1.2001074224068454E7
1102;2953;2;1.2001074224068454E7
1103;2955;2;1.2001074224068454E7
1104;2958;3;1.2001074224068454E7
1105;2959;1;1.2001074224068454E7
1106;2962;3;1.2001074224068454E7
1107;2963;1;1.2001074224068454E7
1108;2966;3;1.2001074224068454E7
1109;2966;0;1.2001074224068454E7
1110;2968;2;1.2001074224068454E7
1111;2972;4;1.2001074224068454E7
1112;2975;3;1.2001074224068454E7
1113;2981;6;1.2001074224068454E7
1114;2984;3;1.2001074224068454E7
1115;2985;1;1.2001074224068454E7
1116;2989;4;1.2001074224068454E7
1117;2990;1;1.2001074224068454E7
1118;2997;7;1.2001074224068454E7
1119;2998;1;1.2001074224068454E7
1120;3002;4;1.2001074224068454E7
1121;3005;3;1.2001074224068454E7
1122;3008;3;1.2001074224068454E7
1123;3010;2;1.2001074224068454E7
1124;3012;2;1.2001074224068454E7
1125;3015;3;1.2001074224068454E7
1126;3017;2;1.2001074224068454E7
1127;3019;2;1.2001074224068454E7
1128;3021;2;1.2001074224068454E7
1129;3022;1;1.2001074224068454E7
1130;3024;2;1.2001074224068454E7
1131;3027;3;1.2001074224068454E7
1132;3032;5;1.2001074224068454E7
1133;3034;2;1.2001074224068454E7
1134;3034;0;1.2001074224068454E7
1135;3037;3;1.2001074224068454E7
1136;3038;1;1.2001074224068454E7
1137;3040;2;1.2001074224068454E7
1138;3042;2;1.2001074224068454E7
1139;3043;1;1.2001074224068454E7
1140;3045;2;1.2001074224068454E7
1141;3047;2;1.2001074224068454E7
1142;3049;2;1.2001074224068454E7
1143;3050;1;1.2001074224068454E7
1144;3052;2;1.2001074224068454E7
1145;3054;2;1.2001074224068454E7
1146;3056;2;1.2001074224068454E7
1147;3057;1;1.2001074224068454E7
1148;3059;2;1.2001074224068454E7
1149;3061;2;1.2001074224068454E7
1150;3063;2;1.2001074224068454E7
1151;3064;1;1.2001074224068454E7
1152;3066;2;1.2001074224068454E7
1153;3068;2;1.2001074224068454E7
1154;3069;1;1.2001074224068454E7
1155;3072;3;1.2001074224068454E7
1156;3074;2;1.2001074224068454E7
1157;3077;3;1.2001074224068454E7
1158;3079;2;1.2001074224068454E7
1159;3081;2;1.2001074224068454E7
1160;3084;3;1.2001074224068454E7
1161;3086;2;1.2001074224068454E7
1162;3087;1;1.2001074224068454E7
1163;3090;3;1.2001074224068454E7
1164;3092;2;1.2001074224068454E7
1165;3094;2;1.2001074224068454E7
1166;3095;1;1.2001074224068454E7
1167;3097;2;1.2001074224068454E7
1168;3098;1;1.2001074224068454E7
1169;3100;2;1.2001074224068454E7
1170;3103;3;1.2001074224068454E7
1171;3106;3;1.2001074224068454E7
1172;3108;2;1.2001074224068454E7
1173;3110;2;1.2001074224068454E7
1174;3113;3;1.2001074224068454E7
1175;3115;2;1.2001074224068454E7
1176;3117;2;1.2001074224068454E7
1177;3120;3;1.2001074224068454E7
1178;3121;1;1.2001074224068454E7
1179;3123;2;1.2001074224068454E7
1180;3125;2;1.2001074224068454E7
1181;3127;2;1.2001074224068454E7
1182;3128;1;1.2001074224068454E7
1183;3130;2;1.2001074224068454E7
1184;3132;2;1.2001074224068454E7
1185;3133;1;1.2001074224068454E7
1186;3135;2;1.2001074224068454E7
1187;3140;5;1.2001074224068454E7
1188;3142;2;1.2001074224068454E7
1189;3144;2;1.2001074224068454E7
1190;3144;0;1.2001074224068454E7
1191;3145;1;1.2001074224068454E7
1192;3150;5;1.2001074224068454E7
1193;3154;4;1.2001074224068454E7
1194;3159;5;1.2001074224068454E7
1195;3161;2;1.2001074224068454E7
1196;3166;5;1.2001074224068454E7
1197;3168;2;1.2001074224068454E7
1198;3172;4;1.2001074224068454E7
1199;3173;1;1.2001074224068454E7
1200;3174;1;1.2001074224068454E7
1201;3175;1;1.2001074224068454E7
1202;3179;4;1.2001074224068454E7
1203;3181;2;1.2001074224068454E7
1204;3185;4;1.2001074224068454E7
1205;3186;1;1.2001074224068454E7
1206;3187;1;1.2001074224068454E7
1207;3188;1;1.2001074224068454E7
1208;3190;2;1.2001074224068454E7
1209;3192;2;1.2001074224068454E7
1210;3194;2;1.2001074224068454E7
1211;3197;3;1.2001074224068454E7
1212;3199;2;1.2001074224068454E7
1213;3201;2;1.2001074224068454E7
1214;3203;2;1.2001074224068454E7
1215;3206;3;1.2001074224068454E7
1216;3208;2;1.2001074224068454E7
1217;3208;0;1.2001074224068454E7
1218;3210;2;1.2001074224068454E7
1219;3212;2;1.2001074224068454E7
1220;3214;2;1.2001074224068454E7
1221;3217;3;1.2001074224068454E7
1222;3219;2;1.2001074224068454E7
1223;3221;2;1.2001074224068454E7
1224;3221;0;1.2001074224068454E7
1225;3225;4;1.2001074224068454E7
1226;3227;2;1.2001074224068454E7
1227;3228;1;1.2001074224068454E7
1228;3230;2;1.2001074224068454E7
1229;3232;2;1.2001074224068454E7
1230;3232;0;1.2001074224068454E7
1231;3236;4;1.2001074224068454E7
1232;3237;1;1.2001074224068454E7
1233;3240;3;1.2001074224068454E7
1234;3243;3;1.2001074224068454E7
1235;3245;2;1.2001074224068454E7
1236;3247;2;1.2001074224068454E7
1237;3250;3;1.2001074224068454E7
1238;3250;0;1.2001074224068454E7
1239;3253;3;1.2001074224068454E7
1240;3255;2;1.2001074224068454E7
1241;3260;5;1.2001074224068454E7
1242;3263;3;1.2001074224068454E7
1243;3266;3;1.2001074224068454E7
1244;3269;3;1.2001074224068454E7
1245;3272;3;1.2001074224068454E7
1246;3274;2;1.2001074224068454E7
1247;3275;1;1.2001074224068454E7
1248;3276;1;1.2001074224068454E7
1249;3280;4;1.2001074224068454E7
1250;3283;3;1.2001074224068454E7
1251;3287;4;1.2001074224068454E7
1252;3290;3;1.2001074224068454E7
1253;3294;4;1.2001074224068454E7
1254;3296;2;1.2001074224068454E7
1255;3297;1;1.2001074224068454E7
1256;3299;2;1.2001074224068454E7
1257;3302;3;1.2001074224068454E7
1258;3305;3;1.2001074224068454E7
1259;3307;2;1.2001074224068454E7
1260;3309;2;1.2001074224068454E7
1261;3312;3;1.2001074224068454E7
1262;3315;3;1.2001074224068454E7
1263;3317;2;1.2001074224068454E7
1264;3319;2;1.2001074224068454E7
1265;3322;3;1.2001074224068454E7
1266;3324;2;1.2001074224068454E7
1267;3327;3;1.2001074224068454E7
1268;3332;5;1.2001074224068454E7
1269;3336;4;1.2001074224068454E7
1270;3341;5;1.2001074224068454E7
1271;3348;7;1.2001074224068454E7
1272;3349;1;1.2001074224068454E7
1273;3350;1;1.2001074224068454E7
1274;3354;4;1.2001074224068454E7
1275;3359;5;1.2001074224068454E7
1276;3363;4;1.2001074224068454E7
1277;3366;3;1.2001074224068454E7
1278;3368;2;1.2001074224068454E7
1279;3371;3;1.2001074224068454E7
1280;3372;1;1.2001074224068454E7
1281;3378;6;1.2001074224068454E7
1282;3383;5;1.2001074224068454E7
1283;3387;4;1.2001074224068454E7
1284;3390;3;1.2001074224068454E7
1285;3394;4;1.2001074224068454E7
1286;3399;5;1.2001074224068454E7
1287;3404;5;1.2001074224068454E7
1288;3405;1;1.2001074224068454E7
1289;3410;5;1.2001074224068454E7
1290;3415;5;1.2001074224068454E7
1291;3420;5;1.2001074224068454E7
1292;3424;4;1.2001074224068454E7
1293;3428;4;1.2001074224068454E7
1294;3431;3;1.2001074224068454E7
1295;3432;1;1.2001074224068454E7
1296;3437;5;1.2001074224068454E7
1297;3440;3;1.2001074224068454E7
1298;3442;2;1.2001074224068454E7
1299;3443;1;1.2001074224068454E7
1300;3447;4;1.2001074224068454E7
1301;3448;1;1.2001074224068454E7
1302;3451;3;1.2001074224068454E7
1303;3455;4;1.2001074224068454E7
1304;3459;4;1.2001074224068454E7
1305;3465;6;1.2001074224068454E7
1306;3467;2;1.2001074224068454E7
1307;3470;3;1.2001074224068454E7
1308;3474;4;1.2001074224068454E7
1309;3477;3;1.2001074224068454E7
1310;3480;3;1.2001074224068454E7
1311;3483;3;1.2001074224068454E7
1312;3484;1;1.2001074224068454E7
1313;3490;6;1.2001074224068454E7
1314;3494;4;1.2001074224068454E7
1315;3499;5;1.2001074224068454E7
1316;3503;4;1.2001074224068454E7
1317;3504;1;1.2001074224068454E7
1318;3506;2;1.2001074224068454E7
1319;3509;3;1.2001074224068454E7
1320;3512;3;1.2001074224068454E7
1321;3516;4;1.2001074224068454E7
1322;3521;5;1.2001074224068454E7
1323;3522;1;1.2001074224068454E7
1324;3526;4;1.2001074224068454E7
1325;3526;0;1.2001074224068454E7
1326;3530;4;1.2001074224068454E7
1327;3533;3;1.2001074224068454E7
1328;3538;5;1.2001074224068454E7
1329;3539;1;1.2001074224068454E7
1330;3542;3;1.2001074224068454E7
1331;3544;2;1.2001074224068454E7
1332;3546;2;1.2001074224068454E7
1333;3547;1;1.2001074224068454E7
1334;3549;2;1.2001074224068454E7
1335;3551;2;1.2001074224068454E7
1336;3554;3;1.2001074224068454E7
1337;3556;2;1.2001074224068454E7
1338;3558;2;1.2001074224068454E7
1339;3561;3;1.2001074224068454E7
1340;3562;1;1.2001074224068454E7
1341;3563;1;1.2001074224068454E7
1342;3564;1;1.2001074224068454E7
1343;3566;2;1.2001074224068454E7
1344;3568;2;1.2001074224068454E7
1345;3571;3;1.2001074224068454E7
1346;3573;2;1.2001074224068454E7
1347;3577;4;1.2001074224068454E7
1348;3579;2;1.2001074224068454E7
1349;3582;3;1.2001074224068454E7
1350;3586;4;1.2001074224068454E7
1351;3588;2;1.2001074224068454E7
1352;3589;1;1.2001074224068454E7
1353;3591;2;1.2001074224068454E7
1354;3593;2;1.2001074224068454E7
1355;3595;2;1.2001074224068454E7
1356;3597;2;1.2001074224068454E7
1357;3600;3;1.2001074224068454E7
1358;3602;2;1.2001074224068454E7
1359;3606;4;1.2001074224068454E7
1360;3608;2;1.2001074224068454E7
1361;3610;2;1.2001074224068454E7
1362;3612;2;1.2001074224068454E7
1363;3615;3;1.2001074224068454E7
1364;3617;2;1.2001074224068454E7
1365;3620;3;1.2001074224068454E7
1366;3623;3;1.2001074224068454E7
1367;3625;2;1.2001074224068454E7
1368;3627;2;1.2001074224068454E7
1369;3630;3;1.2001074224068454E7
1370;3632;2;1.2001074224068454E7
1371;3635;3;1.2001074224068454E7
1372;3637;2;1.2001074224068454E7
1373;3638;1;1.2001074224068454E7
1374;3641;3;1.2001074224068454E7
1375;3644;3;1.2001074224068454E7
1376;3646;2;1.2001074224068454E7
1377;3648;2;1.2001074224068454E7
1378;3650;2;1.2001074224068454E7
1379;3653;3;1.2001074224068454E7
1380;3656;3;1.2001074224068454E7
1381;3657;1;1.2001074224068454E7
1382;3659;2;1.2001074224068454E7
1383;3661;2;1.2001074224068454E7
1384;3665;4;1.2001074224068454E7
1385;3666;1;1.2001074224068454E7
1386;3668;2;1.2001074224068454E7
1387;3670;2;1.2001074224068454E7
1388;3671;1;1.2001074224068454E7
1389;3674;3;1.2001074224068454E7
1390;3676;2;1.2001074224068454E7
1391;3678;2;1.2001074224068454E7
1392;3680;2;1.2001074224068454E7
1393;3682;2;1.2001074224068454E7
1394;3682;0;1.2001074224068454E7
1395;3683;1;1.2001074224068454E7
1396;3685;2;1.2001074224068454E7
1397;3688;3;1.2001074224068454E7
1398;3691;3;1.2001074224068454E7
1399;3692;1;1.2001074224068454E7
1400;3693;1;1.2001074224068454E7
1401;3695;2;1.2001074224068454E7
1402;3696;1;1.2001074224068454E7
1403;3696;0;1.2001074224068454E7
1404;3698;2;1.2001074224068454E7
1405;3699;1;1.2001074224068454E7
1406;3701;2;1.2001074224068454E7
1407;3701;0;1.2001074224068454E7
1408;3703;2;1.2001074224068454E7
1409;3706;3;1.2001074224068454E7
1410;3708;2;1.2001074224068454E7
1411;3709;1;1.2001074224068454E7
1412;3709;0;1.2001074224068454E7
1413;3712;3;1.2001074224068454E7
1414;3714;2;1.2001074224068454E7
1415;3717;3;1.2001074224068454E7
1416;3719;2;1.2001074224068454E7
1417;3720;1;1.2001074224068454E7
1418;3722;2;1.2001074224068454E7
1419;3724;2;1.2001074224068454E7
1420;3726;2;1.2001074224068454E7
1421;3727;1;1.2001074224068454E7
1422;3731;4;1.2001074224068454E7
1423;3734;3;1.2001074224068454E7
1424;3737;3;1.2001074224068454E7
1425;3743;6;1.2001074224068454E7
1426;3744;1;1.2001074224068454E7
1427;3747;3;1.2001074224068454E7
1428;3751;4;1.2001074224068454E7
1429;3751;0;1.2001074224068454E7
1430;3753;2;1.2001074224068454E7
1431;3756;3;1.2001074224068454E7
1432;3757;1;1.2001074224068454E7
1433;3760;3;1.2001074224068454E7
1434;3763;3;1.2001074224068454E7
1435;3768;5;1.2001074224068454E7
1436;3772;4;1.2001074224068454E7
1437;3776;4;1.2001074224068454E7
1438;3777;1;1.2001074224068454E7
1439;3780;3;1.2001074224068454E7
1440;3780;0;1.2001074224068454E7
1441;3784;4;1.2001074224068454E7
1442;3789;5;1.2001074224068454E7
1443;3791;2;1.2001074224068454E7
1444;3793;2;1.2001074224068454E7
1445;3795;2;1.2001074224068454E7
1446;3796;1;1.2001074224068454E7
1447;3798;2;1.2001074224068454E7
1448;3804;6;1.2001074224068454E7
1449;3805;1;1.2001074224068454E7
1450;3809;4;1.2001074224068454E7
1451;3811;2;1.2001074224068454E7
1452;3815;4;1.2001074224068454E7
1453;3818;3;1.2001074224068454E7
1454;3822;4;1.2001074224068454E7
1455;3824;2;1.2001074224068454E7
1456;3832;8;1.2001074224068454E7
1457;3835;3;1.2001074224068454E7
1458;3839;4;1.2001074224068454E7
1459;3841;2;1.2001074224068454E7
1460;3846;5;1.2001074224068454E7
1461;3846;0;1.2001074224068454E7
1462;3849;3;1.2001074224068454E7
1463;3852;3;1.2001074224068454E7
1464;3853;1;1.2001074224068454E7
1465;3857;4;1.2001074224068454E7
1466;3860;3;1.2001074224068454E7
1467;3863;3;1.2001074224068454E7
1468;3865;2;1.2001074224068454E7
1469;3867;2;1.2001074224068454E7
1470;3869;2;1.2001074224068454E7
1471;3871;2;1.2001074224068454E7
1472;3873;2;1.2001074224068454E7
1473;3876;3;1.2001074224068454E7
1474;3877;1;1.2001074224068454E7
1475;3879;2;1.2001074224068454E7
1476;3880;1;1.2001074224068454E7
1477;3880;0;1.2001074224068454E7
1478;3882;2;1.2001074224068454E7
1479;3884;2;1.2001074224068454E7
1480;3886;2;1.2001074224068454E7
1481;3888;2;1.2001074224068454E7
1482;3890;2;1.2001074224068454E7
1483;3892;2;1.2001074224068454E7
1484;3895;3;1.2001074224068454E7
1485;3897;2;1.2001074224068454E7
1486;3898;1;1.2001074224068454E7
1487;3901;3;1.2001074224068454E7
1488;3903;2;1.2001074224068454E7
1489;3905;2;1.2001074224068454E7
1490;3905;0;1.2001074224068454E7
1491;3907;2;1.2001074224068454E7
1492;3909;2;1.2001074224068454E7
1493;3911;2;1.2001074224068454E7
1494;3911;0;1.2001074224068454E7
1495;3914;3;1.2001074224068454E7
1496;3914;0;1.2001074224068454E7
1497;3919;5;1.2001074224068454E7
1498;3922;3;1.2001074224068454E7
1499;3924;2;1.2001074224068454E7
1500;3927;3;1.2001074224068454E7
1501;3930;3;1.2001074224068454E7
1502;3934;4;1.2001074224068454E7
1503;3940;6;1.2001074224068454E7
1504;3946;6;1.2001074224068454E7
1505;3948;2;1.2001074224068454E7
1506;3950;2;1.2001074224068454E7
1507;3952;2;1.2001074224068454E7
1508;3953;1;1.2001074224068454E7
1509;3956;3;1.2001074224068454E7
1510;3958;2;1.2001074224068454E7
1511;3960;2;1.2001074224068454E7
1512;3961;1;1.2001074224068454E7
1513;3962;1;1.2001074224068454E7
1514;3963;1;1.2001074224068454E7
1515;3966;3;1.2001074224068454E7
1516;3968;2;1.2001074224068454E7
1517;3970;2;1.2001074224068454E7
1518;3972;2;1.2001074224068454E7
1519;3974;2;1.2001074224068454E7
1520;3976;2;1.2001074224068454E7
1521;3979;3;1.2001074224068454E7
1522;3980;1;1.2001074224068454E7
1523;3982;2;1.2001074224068454E7
1524;3985;3;1.2001074224068454E7
1525;3988;3;1.2001074224068454E7
1526;3989;1;1.2001074224068454E7
1527;3991;2;1.2001074224068454E7
1528;3994;3;1.2001074224068454E7
1529;3997;3;1.2001074224068454E7
1530;4000;3;1.2001074224068454E7
1531;4001;1;1.2001074224068454E7
1532;4002;1;1.2001074224068454E7
1533;4006;4;1.2001074224068454E7
1534;4009;3;1.2001074224068454E7
1535;4010;1;1.2001074224068454E7
1536;4014;4;1.2001074224068454E7
1537;4016;2;1.2001074224068454E7
1538;4017;1;1.2001074224068454E7
1539;4018;1;1.2001074224068454E7
1540;4020;2;1.2001074224068454E7
1541;4021;1;1.2001074224068454E7
1542;4025;4;1.2001074224068454E7
1543;4030;5;1.2001074224068454E7
1544;4032;2;1.2001074224068454E7
1545;4034;2;1.2001074224068454E7
1546;4036;2;1.2001074224068454E7
1547;4036;0;1.2001074224068454E7
1548;4040;4;1.2001074224068454E7
1549;4041;1;1.2001074224068454E7
1550;4043;2;1.2001074224068454E7
1551;4046;3;1.2001074224068454E7
1552;4046;0;1.2001074224068454E7
1553;4049;3;1.2001074224068454E7
1554;4051;2;1.2001074224068454E7
1555;4054;3;1.2001074224068454E7
1556;4056;2;1.2001074224068454E7
1557;4059;3;1.2001074224068454E7
1558;4059;0;1.2001074224068454E7
1559;4061;2;1.2001074224068454E7
1560;4065;4;1.2001074224068454E7
1561;4066;1;1.2001074224068454E7
1562;4068;2;1.2001074224068454E7
1563;4071;3;1.2001074224068454E7
1564;4072;1;1.2001074224068454E7
1565;4075;3;1.2001074224068454E7
1566;4076;1;1.2001074224068454E7
1567;4079;3;1.2001074224068454E7
1568;4079;0;1.2001074224068454E7
1569;4080;1;1.2001074224068454E7
1570;4082;2;1.20010310650816E7
1571;4084;2;1.20010310650816E7
1572;4086;2;1.20010310650816E7
1573;4087;1;1.20010310650816E7
1574;4088;1;1.20010310650816E7
1575;4091;3;1.20010310650816E7
1576;4091;0;1.20010310650816E7
1577;4094;3;1.20010310650816E7
1578;4096;2;1.20010310650816E7
1579;4097;1;1.20010310650816E7
1580;4098;1;1.20010310650816E7
1581;4100;2;1.20010310650816E7
1582;4102;2;1.20010310650816E7
1583;4103;1;1.20010310650816E7
1584;4104;1;1.20010310650816E7
1585;4107;3;1.20010310650816E7
1586;4109;2;1.20010310650816E7
1587;4109;0;1.20010310650816E7
1588;4111;2;1.20010310650816E7
1589;4114;3;1.20010310650816E7
1590;4116;2;1.20010310650816E7
1591;4118;2;1.20010310650816E7
1592;4120;2;1.20010310650816E7
1593;4123;3;1.20010310650816E7
1594;4126;3;1.20010310650816E7
1595;4128;2;1.20010310650816E7
1596;4129;1;1.20010310650816E7
1597;4131;2;1.20010310650816E7
1598;4132;1;1.20010310650816E7
1599;4134;2;1.20010310650816E7
1600;4135;1;1.20010310650816E7
1601;4137;2;1.20010310650816E7
1602;4138;1;1.20010310650816E7
1603;4139;1;1.20010310650816E7
1604;4142;3;1.20010310650816E7
1605;4144;2;1.20010310650816E7
1606;4147;3;1.20010310650816E7
1607;4148;1;1.20010310650816E7
1608;4152;4;1.20010310650816E7
1609;4153;1;1.20010310650816E7
1610;4157;4;1.20010310650816E7
1611;4160;3;1.20010310650816E7
1612;4161;1;1.20010310650816E7
1613;4165;4;1.20010310650816E7
1614;4168;3;1.20010310650816E7
1615;4169;1;1.20010310650816E7
1616;4170;1;1.20010310650816E7
1617;4171;1;1.20010310650816E7
1618;4176;5;1.20010310650816E7
1619;4179;3;1.20010310650816E7
1620;4183;4;1.20010310650816E7
1621;4186;3;1.20010310650816E7
1622;4191;5;1.20010310650816E7
1623;4195;4;1.20010310650816E7
1624;4199;4;1.20010310650816E7
1625;4203;4;1.20010310650816E7
1626;4204;1;1.20010310650816E7
1627;4209;5;1.20010310650816E7
1628;4213;4;1.20010310650816E7
1629;4216;3;1.20010310650816E7
1630;4223;7;1.20010310650816E7
1631;4227;4;1.20010310650816E7
1632;4229;2;1.20010310650816E7
1633;4232;3;1.20010310650816E7
1634;4236;4;1.20010310650816E7
1635;4240;4;1.20010310650816E7
1636;4241;1;1.20010310650816E7
1637;4244;3;1.20010310650816E7
1638;4247;3;1.20010310650816E7
1639;4251;4;1.20010310650816E7
1640;4252;1;1.20010310650816E7
1641;4259;7;1.20010310650816E7
1642;4265;6;1.20010310650816E7
1643;4268;3;1.20010310650816E7
1644;4274;6;1.20010310650816E7
1645;4277;3;1.20010310650816E7
1646;4283;6;1.20010310650816E7
1647;4287;4;1.20010310650816E7
1648;4292;5;1.20010310650816E7
1649;4298;6;1.20010310650816E7
1650;4301;3;1.20010310650816E7
1651;4304;3;1.20010310650816E7
1652;4308;4;1.20010310650816E7
1653;4314;6;1.20010310650816E7
1654;4318;4;1.20010310650816E7
1655;4319;1;1.20010310650816E7
1656;4320;1;1.20010310650816E7
1657;4322;2;1.20010310650816E7
1658;4324;2;1.20010310650816E7
1659;4329;5;1.20010310650816E7
1660;4331;2;1.20010310650816E7
1661;4336;5;1.20010310650816E7
1662;4341;5;1.20010310650816E7
1663;4342;1;1.20010310650816E7
1664;4348;6;1.20010310650816E7
1665;4351;3;1.20010310650816E7
1666;4354;3;1.20010310650816E7
1667;4359;5;1.20010310650816E7
1668;4362;3;1.20010310650816E7
1669;4364;2;1.20010310650816E7
1670;4368;4;1.20010310650816E7
1671;4372;4;1.20010310650816E7
1672;4374;2;1.20010310650816E7
1673;4377;3;1.20010310650816E7
1674;4379;2;1.20010310650816E7
1675;4383;4;1.20010310650816E7
1676;4385;2;1.20010310650816E7
1677;4388;3;1.20010310650816E7
1678;4390;2;1.20010310650816E7
1679;4391;1;1.20010310650816E7
1680;4393;2;1.20010310650816E7
1681;4394;1;1.20010310650816E7
1682;4396;2;1.20010310650816E7
1683;4400;4;1.20010310650816E7
1684;4401;1;1.20010310650816E7
1685;4403;2;1.20010310650816E7
1686;4404;1;1.20010310650816E7
1687;4407;3;1.20010310650816E7
1688;4409;2;1.20010310650816E7
1689;4411;2;1.20010310650816E7
1690;4413;2;1.20010310650816E7
1691;4415;2;1.20010310650816E7
1692;4418;3;1.20010310650816E7
1693;4422;4;1.20010310650816E7
1694;4426;4;1.20010310650816E7
1695;4431;5;1.20010310650816E7
1696;4434;3;1.20010310650816E7
1697;4436;2;1.20010310650816E7
1698;4445;9;1.20010310650816E7
1699;4449;4;1.20010310650816E7
1700;4452;3;1.20010310650816E7
1701;4455;3;1.20010310650816E7
1702;4457;2;1.20010310650816E7
1703;4460;3;1.20010310650816E7
1704;4462;2;1.20010310650816E7
1705;4465;3;1.20010310650816E7
1706;4467;2;1.20010310650816E7
1707;4470;3;1.20010310650816E7
1708;4472;2;1.20010310650816E7
1709;4473;1;1.20010310650816E7
1710;4476;3;1.20010310650816E7
1711;4477;1;1.20010310650816E7
1712;4480;3;1.20010310650816E7
1713;4481;1;1.20010310650816E7
1714;4483;2;1.20010310650816E7
1715;4485;2;1.20010310650816E7
1716;4486;1;1.20010310650816E7
1717;4489;3;1.20010310650816E7
1718;4491;2;1.20010310650816E7
1719;4494;3;1.20010310650816E7
1720;4496;2;1.20010310650816E7
1721;4499;3;1.20010310650816E7
1722;4501;2;1.20010310650816E7
1723;4504;3;1.20010310650816E7
1724;4505;1;1.20010310650816E7
1725;4507;2;1.20010310650816E7
1726;4509;2;1.20010310650816E7
1727;4511;2;1.20010310650816E7
1728;4512;1;1.20010310650816E7
1729;4514;2;1.20010310650816E7
1730;4517;3;1.20010310650816E7
1731;4521;4;1.20010310650816E7
1732;4524;3;1.20010310650816E7
1733;4525;1;1.20010310650816E7
1734;4527;2;1.20010310650816E7
1735;4529;2;1.20010310650816E7
1736;4530;1;1.20010310650816E7
1737;4533;3;1.20010310650816E7
1738;4533;0;1.20010310650816E7
1739;4534;1;1.20010310650816E7
1740;4536;2;1.20010310650816E7
1741;4537;1;1.20010310650816E7
1742;4539;2;1.20010310650816E7
1743;4542;3;1.20010310650816E7
1744;4544;2;1.20010310650816E7
1745;4546;2;1.20010310650816E7
1746;4547;1;1.20010310650816E7
1747;4548;1;1.20010310650816E7
1748;4550;2;1.20010310650816E7
1749;4552;2;1.20010310650816E7
1750;4554;2;1.20010310650816E7
1751;4558;4;1.20010310650816E7
1752;4562;4;1.20010310650816E7
1753;4565;3;1.20010310650816E7
1754;4568;3;1.20010310650816E7
1755;4569;1;1.20010310650816E7
1756;4573;4;1.20010310650816E7
1757;4577;4;1.20010310650816E7
1758;4578;1;1.20010310650816E7
1759;4578;0;1.20010310650816E7
1760;4581;3;1.20010310650816E7
1761;4584;3;1.20010310650816E7
1762;4586;2;1.20010310650816E7
1763;4588;2;1.20010310650816E7
1764;4589;1;1.20010310650816E7
1765;4591;2;1.20010310650816E7
1766;4594;3;1.20010310650816E7
1767;4597;3;1.20010310650816E7
1768;4599;2;1.20010310650816E7
1769;4604;5;1.20010310650816E7
1770;4607;3;1.20010310650816E7
1771;4612;5;1.20010310650816E7
1772;4615;3;1.20010310650816E7
1773;4619;4;1.20010310650816E7
1774;4624;5;1.20010310650816E7
1775;4629;5;1.20010310650816E7
1776;4633;4;1.20010310650816E7
1777;4636;3;1.20010310650816E7
1778;4640;4;1.20010310650816E7
1779;4642;2;1.20010310650816E7
1780;4644;2;1.20010310650816E7
1781;4647;3;1.20010310650816E7
1782;4651;4;1.20010310650816E7
1783;4653;2;1.20010310650816E7
1784;4654;1;1.20010310650816E7
1785;4657;3;1.20010310650816E7
1786;4659;2;1.20010310650816E7
1787;4662;3;1.20010310650816E7
1788;4663;1;1.20010310650816E7
1789;4668;5;1.20010310650816E7
1790;4670;2;1.20010310650816E7
1791;4674;4;1.20010310650816E7
1792;4678;4;1.20010310650816E7
1793;4680;2;1.20010310650816E7
1794;4681;1;1.20010310650816E7
1795;4686;5;1.20010310650816E7
1796;4688;2;1.20010310650816E7
1797;4690;2;1.20010310650816E7
1798;4698;8;1.20010310650816E7
1799;4700;2;1.20010310650816E7
1800;4702;2;1.20010310650816E7
1801;4703;1;1.20010310650816E7
1802;4708;5;1.20010310650816E7
1803;4711;3;1.20010310650816E7
1804;4714;3;1.20010310650816E7
1805;4719;5;1.20010310650816E7
1806;4724;5;1.20010310650816E7
1807;4725;1;1.20010310650816E7
1808;4731;6;1.20010310650816E7
1809;4733;2;1.20010310650816E7
1810;4735;2;1.20010310650816E7
1811;4739;4;1.20010310650816E7
1812;4743;4;1.20010310650816E7
1813;4749;6;1.20010310650816E7
1814;4750;1;1.20010310650816E7
1815;4752;2;1.20010310650816E7
1816;4753;1;1.20010310650816E7
1817;4755;2;1.20010310650816E7
1818;4757;2;1.20010310650816E7
1819;4758;1;1.20010310650816E7
1820;4761;3;1.20010310650816E7
1821;4763;2;1.20010310650816E7
1822;4766;3;1.20010310650816E7
1823;4768;2;1.20010310650816E7
1824;4770;2;1.20010310650816E7
1825;4773;3;1.20010310650816E7
1826;4774;1;1.20010310650816E7
1827;4776;2;1.20010310650816E7
1828;4777;1;1.20010310650816E7
1829;4779;2;1.20010310650816E7
1830;4781;2;1.20010310650816E7
1831;4783;2;1.20010310650816E7
1832;4785;2;1.20010310650816E7
1833;4787;2;1.20010310650816E7
1834;4789;2;1.20010310650816E7
1835;4790;1;1.20010310650816E7
1836;4792;2;1.20010310650816E7
1837;4795;3;1.20010310650816E7
1838;4796;1;1.20010310650816E7
1839;4799;3;1.20010310650816E7
1840;4800;1;1.20010310650816E7
1841;4802;2;1.20010310650816E7
1842;4802;0;1.20010310650816E7
1843;4808;6;1.20010310650816E7
1844;4811;3;1.20010310650816E7
1845;4815;4;1.20010310650816E7
1846;4817;2;1.20010310650816E7
1847;4819;2;1.20010310650816E7
1848;4821;2;1.20010310650816E7
1849;4823;2;1.20010310650816E7
1850;4825;2;1.20010310650816E7
1851;4826;1;1.20010310650816E7
1852;4828;2;1.20010310650816E7
1853;4831;3;1.20010310650816E7
1854;4832;1;1.20010310650816E7
1855;4834;2;1.20010310650816E7
1856;4836;2;1.20010310650816E7
1857;4839;3;1.20010310650816E7
1858;4844;5;1.20010310650816E7
1859;4848;4;1.20010310650816E7
1860;4854;6;1.20010310650816E7
1861;4859;5;1.20010310650816E7
1862;4863;4;1.20010310650816E7
1863;4864;1;1.20010310650816E7
1864;4864;0;1.20010310650816E7
1865;4867;3;1.20010310650816E7
1866;4868;1;1.20010310650816E7
1867;4871;3;1.20010310650816E7
1868;4873;2;1.20010310650816E7
1869;4875;2;1.20010310650816E7
1870;4878;3;1.20010310650816E7
1871;4880;2;1.20010310650816E7
1872;4883;3;1.20010310650816E7
1873;4883;0;1.20010310650816E7
1874;4886;3;1.20010310650816E7
1875;4889;3;1.20010310650816E7
1876;4891;2;1.20010310650816E7
1877;4893;2;1.20010310650816E7
1878;4895;2;1.20010310650816E7
1879;4897;2;1.20010310650816E7
1880;4898;1;1.20010310650816E7
1881;4900;2;1.20010310650816E7
1882;4903;3;1.20010310650816E7
1883;4905;2;1.20010310650816E7
1884;4906;1;1.20010310650816E7
1885;4907;1;1.20010310650816E7
1886;4908;1;1.20010310650816E7
1887;4910;2;1.20010310650816E7
1888;4912;2;1.20010310650816E7
1889;4913;1;1.20010310650816E7
1890;4916;3;1.20010310650816E7
1891;4918;2;1.20010310650816E7
1892;4920;2;1.20010310650816E7
1893;4921;1;1.20010310650816E7
1894;4923;2;1.20010310650816E7
1895;4925;2;1.20010310650816E7
1896;4925;0;1.20010310650816E7
1897;4928;3;1.20010310650816E7
1898;4930;2;1.20010310650816E7
1899;4933;3;1.20010310650816E7
1900;4935;2;1.20010310650816E7
1901;4937;2;1.20010310650816E7
1902;4937;0;1.20010310650816E7
1903;4939;2;1.20010310650816E7
1904;4942;3;1.20010310650816E7
1905;4944;2;1.20010310650816E7
1906;4944;0;1.20010310650816E7
1907;4945;1;1.20010310650816E7
1908;4947;2;1.20010310650816E7
1909;4949;2;1.20010310650816E7
1910;4951;2;1.20010310650816E7
1911;4953;2;1.20010310650816E7
1912;4956;3;1.20010310650816E7
1913;4957;1;1.20010310650816E7
1914;4960;3;1.20010310650816E7
1915;4962;2;1.20010310650816E7
1916;4964;2;1.20010310650816E7
1917;4965;1;1.20010310650816E7
1918;4967;2;1.20010310650816E7
1919;4967;0;1.20010310650816E7
1920;4968;1;1.20010310650816E7
1921;4969;1;1.20010310650816E7
1922;4972;3;1.20010310650816E7
1923;4973;1;1.20010310650816E7
1924;4976;3;1.20010310650816E7
1925;4979;3;1.20010310650816E7
1926;4983;4;1.20010310650816E7
1927;4984;1;1.20010310650816E7
1928;4988;4;1.20010310650816E7
1929;4993;5;1.20010310650816E7
1930;4997;4;1.20010310650816E7
1931;4999;2;1.20010310650816E7
1932;5002;3;1.20010310650816E7
1933;5004;2;1.20010310650816E7
1934;5007;3;1.20010310650816E7
1935;5010;3;1.20010310650816E7
1936;5013;3;1.20010310650816E7
1937;5017;4;1.20010310650816E7
1938;5023;6;1.20010310650816E7
1939;5024;1;1.20010310650816E7
1940;5027;3;1.20010310650816E7
1941;5029;2;1.20010310650816E7
1942;5037;8;1.20010310650816E7
1943;5041;4;1.20010310650816E7
1944;5045;4;1.20010310650816E7
1945;5049;4;1.20010310650816E7
1946;5053;4;1.20010310650816E7
1947;5056;3;1.20010310650816E7
1948;5059;3;1.20010310650816E7
1949;5061;2;1.20010310650816E7
1950;5062;1;1.20010310650816E7
1951;5065;3;1.20010310650816E7
1952;5065;0;1.20010310650816E7
1953;5066;1;1.20010310650816E7
1954;5069;3;1.20010310650816E7
1955;5072;3;1.20010310650816E7
1956;5075;3;1.20010310650816E7
1957;5080;5;1.20010310650816E7
1958;5084;4;1.20010310650816E7
1959;5086;2;1.20010310650816E7
1960;5089;3;1.20010310650816E7
1961;5094;5;1.20010310650816E7
1962;5101;7;1.20010310650816E7
1963;5105;4;1.20010310650816E7
1964;5109;4;1.20010310650816E7
1965;5115;6;1.20010310650816E7
1966;5116;1;1.20010310650816E7
1967;5118;2;1.20010310650816E7
1968;5120;2;1.20010310650816E7
1969;5122;2;1.20010310650816E7
1970;5125;3;1.20010310650816E7
1971;5128;3;1.20010310650816E7
1972;5132;4;1.20010310650816E7
1973;5136;4;1.20010310650816E7
1974;5138;2;1.20010310650816E7
1975;5142;4;1.20010310650816E7
1976;5147;5;1.20010310650816E7
1977;5150;3;1.20010310650816E7
1978;5155;5;1.20010310650816E7
1979;5160;5;1.20010310650816E7
1980;5169;9;1.20010310650816E7
1981;5172;3;1.20010310650816E7
1982;5175;3;1.20010310650816E7
1983;5178;3;1.20010310650816E7
1984;5182;4;1.2001018125875853E7
1985;5186;4;1.2001018125875853E7
1986;5190;4;1.2001018125875853E7
1987;5195;5;1.2001018125875853E7
1988;5197;2;1.1001074235602679E7
1989;5198;1;1.1001074235602679E7
1990;5202;4;1.1001074235602679E7
1991;5205;3;1.1000994068639455E7
1992;5210;5;1.1000994068639455E7
1993;5214;4;1.1000994068639455E7
1994;5216;2;1.1000994068639455E7
1995;5218;2;1.1000994068639455E7
1996;5223;5;1.1000994068639455E7
1997;5225;2;1.1000994068639455E7
1998;5227;2;1.1000964048444219E7
1999;5229;2;1.1000964048444219E7
2000;5233;4;1.1000964048444219E7
2001;5236;3;1.1000964048444219E7
2002;5240;4;1.1000964048444219E7
2003;5242;2;1.1000964048444219E7
2004;5248;6;1.1000964048444219E7
2005;5249;1;1.1000964048444219E7
2006;5251;2;1.1000964048444219E7
2007;5254;3;1.1000963765092244E7
2008;5257;3;1.1000963765092244E7
2009;5259;2;1.1000963765092244E7
2010;5265;6;1.1000963765092244E7
2011;5268;3;1.1000963765092244E7
2012;5269;1;1.1000963765092244E7
2013;5273;4;1.1000963765092244E7
2014;5277;4;1.1000963765092244E7
2015;5278;1;1.1000963765092244E7
2016;5280;2;1.1000963765092244E7
2017;5283;3;1.1000963765092244E7
2018;5289;6;1.1000963765092244E7
2019;5297;8;1.1000963765092244E7
2020;5301;4;1.1000963765092244E7
2021;5309;8;1.1000963765092244E7
2022;5313;4;1.1000963765092244E7
2023;5316;3;1.1000963765092244E7
2024;5318;2;1.1000963765092244E7
2025;5322;4;1.1000963765092244E7
2026;5325;3;1.1000963765092244E7
2027;5331;6;1.1000963765092244E7
2028;5331;0;1.1000963765092244E7
2029;5336;5;1.1000963765092244E7
2030;5340;4;1.1000963765092244E7
2031;5342;2;1.1000963765092244E7
2032;5344;2;1.1000963765092244E7
2033;5345;1;1.1000963765092244E7
2034;5349;4;1.1000963765092244E7
2035;5352;3;1.1000963765092244E7
2036;5354;2;1.1000963765092244E7
2037;5357;3;1.1000963765092244E7
2038;5358;1;1.1000963765092244E7
2039;5358;0;1.1000963765092244E7
2040;5362;4;1.1000963765092244E7
2041;5366;4;1.1000963765092244E7
2042;5367;1;1.1000963765092244E7
2043;5370;3;1.1000963765092244E7
2044;5372;2;1.1000963765092244E7
2045;5373;1;1.1000963765092244E7
2046;5375;2;1.1000963765092244E7
2047;5376;1;1.1000963765092244E7
2048;5378;2;1.1000963765092244E7
2049;5381;3;1.1000963765092244E7
2050;5385;4;1.1000963765092244E7
2051;5390;5;1.1000963765092244E7
2052;5394;4;1.1000963765092244E7
2053;5398;4;1.1000963765092244E7
2054;5403;5;1.1000963765092244E7
2055;5406;3;1.1000963765092244E7
2056;5412;6;1.1000963765092244E7
2057;5418;6;1.1000963765092244E7
2058;5419;1;1.1000963765092244E7
2059;5422;3;1.1000963765092244E7
2060;5424;2;1.1000963765092244E7
2061;5427;3;1.1000963765092244E7
2062;5431;4;1.1000963765092244E7
2063;5435;4;1.1000963765092244E7
2064;5438;3;1.1000963765092244E7
2065;5441;3;1.1000963765092244E7
2066;5444;3;1.1000963765092244E7
2067;5445;1;1.1000963765092244E7
2068;5450;5;1.1000963765092244E7
2069;5451;1;1.1000963765092244E7
2070;5452;1;1.1000963765092244E7
2071;5456;4;1.1000963765092244E7
2072;5458;2;1.1000963765092244E7
2073;5459;1;1.1000963765092244E7
2074;5462;3;1.1000963765092244E7
2075;5466;4;1.1000963765092244E7
2076;5470;4;1.1000963765092244E7
2077;5474;4;1.1000963765092244E7
2078;5476;2;1.1000963765092244E7
2079;5479;3;1.1000963765092244E7
2080;5483;4;1.1000963765092244E7
2081;5487;4;1.1000963765092244E7
2082;5488;1;1.1000963765092244E7
2083;5492;4;1.1000963765092244E7
2084;5496;4;1.1000963765092244E7
2085;5497;1;1.1000963765092244E7
2086;5501;4;1.1000963765092244E7
2087;5504;3;1.1000963765092244E7
2088;5505;1;1.1000963765092244E7
2089;5508;3;1.1000963765092244E7
2090;5510;2;1.1000963765092244E7
2091;5513;3;1.1000963765092244E7
2092;5516;3;1.1000963765092244E7
2093;5517;1;1.1000963765092244E7
2094;5518;1;1.1000963765092244E7
2095;5520;2;1.1000963765092244E7
2096;5521;1;1.1000963765092244E7
2097;5525;4;1.1000963765092244E7
2098;5527;2;1.1000963765092244E7
2099;5530;3;1.1000963765092244E7
2100;5531;1;1.1000963765092244E7
2101;5534;3;1.1000963765092244E7
2102;5537;3;1.1000963765092244E7
2103;5538;1;1.1000963765092244E7
2104;5539;1;1.1000963765092244E7
2105;5542;3;1.1000963765092244E7
2106;5545;3;1.1000963765092244E7
2107;5547;2;1.1000963765092244E7
2108;5549;2;1.1000963765092244E7
2109;5550;1;1.1000963765092244E7
2110;5552;2;1.1000963765092244E7
2111;5554;2;1.1000963765092244E7
2112;5556;2;1.1000963765092244E7
2113;5559;3;1.1000963765092244E7
2114;5560;1;1.1000963765092244E7
2115;5562;2;1.1000963765092244E7
2116;5564;2;1.1000963765092244E7
2117;5567;3;1.1000963765092244E7
2118;5569;2;1.1000963765092244E7
2119;5570;1;1.1000963765092244E7
2120;5570;0;1.1000963765092244E7
2121;5571;1;1.1000963765092244E7
2122;5572;1;1.1000963765092244E7
2123;5574;2;1.1000963765092244E7
2124;5574;0;1.1000963765092244E7
2125;5576;2;1.1000963765092244E7
2126;5577;1;1.1000963765092244E7
2127;5578;1;1.1000963765092244E7
2128;5581;3;1.1000963765092244E7
2129;5581;0;1.1000963765092244E7
2130;5584;3;1.1000963765092244E7
2131;5585;1;1.1000963765092244E7
2132;5587;2;1.1000963765092244E7
2133;5589;2;1.1000963765092244E7
2134;5592;3;1.1000963765092244E7
2135;5594;2;1.1000963765092244E7
2136;5597;3;1.1000963765092244E7
2137;5598;1;1.1000963765092244E7
2138;5600;2;1.1000963765092244E7
2139;5603;3;1.1000963765092244E7
2140;5605;2;1.1000963765092244E7
2141;5607;2;1.1000963765092244E7
2142;5609;2;1.1000963765092244E7
2143;5611;2;1.1000963765092244E7
2144;5611;0;1.1000963765092244E7
2145;5613;2;1.1000963765092244E7
2146;5615;2;1.1000963765092244E7
2147;5617;2;1.1000963765092244E7
2148;5619;2;1.1000963765092244E7
2149;5620;1;1.1000963765092244E7
2150;5622;2;1.1000963765092244E7
2151;5625;3;1.1000963765092244E7
2152;5625;0;1.1000963765092244E7
2153;5629;4;1.1000963765092244E7
2154;5631;2;1.1000963765092244E7
2155;5632;1;1.1000963765092244E7
2156;5634;2;1.1000963765092244E7
2157;5637;3;1.1000963765092244E7
2158;5639;2;1.1000963765092244E7
2159;5641;2;1.1000963765092244E7
2160;5643;2;1.1000963765092244E7
2161;5646;3;1.1000963765092244E7
2162;5649;3;1.1000963765092244E7
2163;5651;2;1.1000963765092244E7
2164;5654;3;1.1000963765092244E7
2165;5656;2;1.1000963765092244E7
2166;5657;1;1.1000963765092244E7
2167;5659;2;1.1000963765092244E7
2168;5661;2;1.1000963765092244E7
2169;5664;3;1.1000963765092244E7
2170;5666;2;1.1000963765092244E7
2171;5667;1;1.1000963765092244E7
2172;5668;1;1.1000963765092244E7
2173;5669;1;1.1000963765092244E7
2174;5671;2;1.1000963765092244E7
2175;5675;4;1.1000963765092244E7
2176;5677;2;1.1000963765092244E7
2177;5680;3;1.1000963765092244E7
2178;5681;1;1.1000963765092244E7
2179;5683;2;1.1000963765092244E7
2180;5684;1;1.1000963765092244E7
2181;5686;2;1.1000963765092244E7
2182;5687;1;1.1000963765092244E7
2183;5690;3;1.1000963765092244E7
2184;5691;1;1.1000963765092244E7
2185;5693;2;1.1000963765092244E7
2186;5696;3;1.1000963765092244E7
2187;5698;2;1.1000963765092244E7
2188;5700;2;1.1000963765092244E7
2189;5701;1;1.1000963765092244E7
2190;5704;3;1.1000963765092244E7
2191;5706;2;1.1000963765092244E7
2192;5709;3;1.1000963765092244E7
2193;5712;3;1.1000963765092244E7
2194;5717;5;1.1000963765092244E7
2195;5723;6;1.1000963765092244E7
2196;5727;4;1.1000963765092244E7
2197;5730;3;1.1000963765092244E7
2198;5735;5;1.1000963765092244E7
2199;5738;3;1.1000963765092244E7
2200;5740;2;1.1000963765092244E7
2201;5742;2;1.1000963765092244E7
2202;5742;0;1.1000963765092244E7
2203;5745;3;1.1000963765092244E7
2204;5748;3;1.1000963765092244E7
2205;5749;1;1.1000963765092244E7
2206;5750;1;1.1000963765092244E7
2207;5750;0;1.1000963765092244E7
2208;5751;1;1.1000963765092244E7
2209;5755;4;1.1000963765092244E7
2210;5758;3;1.1000963765092244E7
2211;5758;0;1.1000963765092244E7
2212;5762;4;1.1000963765092244E7
2213;5764;2;1.1000963765092244E7
2214;5765;1;1.1000963765092244E7
2215;5768;3;1.1000963765092244E7
2216;5771;3;1.1000963765092244E7
2217;5771;0;1.1000963765092244E7
2218;5773;2;1.1000963765092244E7
2219;5775;2;1.1000963765092244E7
2220;5777;2;1.1000963765092244E7
2221;5779;2;1.1000963765092244E7
2222;5781;2;1.1000963765092244E7
2223;5782;1;1.1000963765092244E7
2224;5784;2;1.1000963765092244E7
2225;5785;1;1.1000963765092244E7
2226;5787;2;1.1000963765092244E7
2227;5788;1;1.1000963765092244E7
2228;5790;2;1.1000963765092244E7
2229;5792;2;1.1000963765092244E7
2230;5794;2;1.1000963765092244E7
2231;5796;2;1.1000963765092244E7
2232;5798;2;1.1000963765092244E7
2233;5800;2;1.1000963765092244E7
2234;5802;2;1.1000963765092244E7
2235;5805;3;1.1000963765092244E7
2236;5805;0;1.1000963765092244E7
2237;5808;3;1.1000963765092244E7
2238;5810;2;1.1000963765092244E7
2239;5811;1;1.1000963765092244E7
2240;5813;2;1.1000963765092244E7
2241;5815;2;1.1000963765092244E7
2242;5818;3;1.1000963765092244E7
2243;5818;0;1.1000963765092244E7
2244;5820;2;1.1000963765092244E7
2245;5822;2;1.1000963765092244E7
2246;5826;4;1.1000963765092244E7
2247;5828;2;1.1000963765092244E7
2248;5830;2;1.1000963765092244E7
2249;5831;1;1.1000963765092244E7
2250;5832;1;1.1000963765092244E7
2251;5834;2;1.1000963765092244E7
2252;5835;1;1.1000963765092244E7
2253;5837;2;1.1000963765092244E7
2254;5838;1;1.1000963765092244E7
2255;5841;3;1.1000963765092244E7
2256;5842;1;1.1000963765092244E7
2257;5845;3;1.1000963765092244E7
2258;5848;3;1.1000963765092244E7
2259;5849;1;1.1000963765092244E7
2260;5851;2;1.1000963765092244E7
2261;5855;4;1.1000963765092244E7
2262;5857;2;1.1000963765092244E7
2263;5859;2;1.1000963765092244E7
2264;5861;2;1.1000963765092244E7
2265;5862;1;1.1000963765092244E7
2266;5864;2;1.1000963765092244E7
2267;5867;3;1.1000963765092244E7
2268;5870;3;1.1000963765092244E7
2269;5872;2;1.1000963765092244E7
2270;5875;3;1.1000963765092244E7
2271;5877;2;1.1000963765092244E7
2272;5880;3;1.1000963765092244E7
2273;5881;1;1.1000963765092244E7
2274;5883;2;1.1000963765092244E7
2275;5885;2;1.1000963765092244E7
2276;5886;1;1.1000963765092244E7
2277;5888;2;1.1000963765092244E7
2278;5890;2;1.1000963765092244E7
2279;5891;1;1.1000963765092244E7
2280;5891;0;1.1000963765092244E7
2281;5894;3;1.1000963765092244E7
2282;5895;1;1.1000963765092244E7
2283;5897;2;1.1000963765092244E7
2284;5898;1;1.1000963765092244E7
2285;5900;2;1.1000963765092244E7
2286;5903;3;1.1000963765092244E7
2287;5905;2;1.1000963765092244E7
2288;5908;3;1.1000963765092244E7
2289;5910;2;1.1000963765092244E7
2290;5911;1;1.1000963765092244E7
2291;5913;2;1.1000963765092244E7
2292;5914;1;1.1000963765092244E7
2293;5916;2;1.1000963765092244E7
2294;5918;2;1.1000963765092244E7
2295;5919;1;1.1000963765092244E7
2296;5922;3;1.1000963765092244E7
2297;5923;1;1.1000963765092244E7
2298;5925;2;1.1000963765092244E7
2299;5928;3;1.1000963765092244E7
2300;5928;0;1.1000963765092244E7
2301;5931;3;1.1000963765092244E7
2302;5932;1;1.1000963765092244E7
2303;5934;2;1.1000963765092244E7
2304;5936;2;1.1000963765092244E7
2305;5938;2;1.1000963765092244E7
2306;5941;3;1.1000963765092244E7
2307;5942;1;1.1000963765092244E7
2308;5944;2;1.1000963765092244E7
2309;5945;1;1.1000963765092244E7
2310;5947;2;1.1000963765092244E7
2311;5950;3;1.1000963765092244E7
2312;5951;1;1.1000963765092244E7
2313;5953;2;1.1000963765092244E7
2314;5955;2;1.1000963765092244E7
2315;5957;2;1.1000963765092244E7
2316;5960;3;1.1000963765092244E7
2317;5962;2;1.1000963765092244E7
2318;5964;2;1.1000963765092244E7
2319;5966;2;1.1000963765092244E7
2320;5968;2;1.1000963765092244E7
2321;5970;2;1.1000963765092244E7
2322;5972;2;1.1000963765092244E7
2323;5973;1;1.1000963765092244E7
2324;5975;2;1.1000963765092244E7
2325;5975;0;1.1000963765092244E7
2326;5977;2;1.1000963765092244E7
2327;5978;1;1.1000963765092244E7
2328;5979;1;1.1000963765092244E7
2329;5980;1;1.1000963765092244E7
2330;5982;2;1.1000963765092244E7
2331;5984;2;1.1000963765092244E7
2332;5986;2;1.1000963765092244E7
2333;5989;3;1.1000963765092244E7
2334;5990;1;1.1000963765092244E7
2335;5991;1;1.1000963765092244E7
2336;5993;2;1.1000963765092244E7
2337;5996;3;1.1000963765092244E7
2338;5998;2;1.1000963765092244E7
2339;5999;1;1.1000963765092244E7
2340;6001;2;1.1000963765092244E7
2341;6002;1;1.1000963765092244E7
2342;6005;3;1.1000963765092244E7
2343;6007;2;1.1000963765092244E7
2344;6008;1;1.1000963765092244E7
2345;6009;1;1.1000963765092244E7
2346;6010;1;1.1000963765092244E7
2347;6012;2;1.1000963765092244E7
2348;6014;2;1.1000963765092244E7
2349;6016;2;1.1000963765092244E7
2350;6018;2;1.1000963765092244E7
2351;6020;2;1.1000963765092244E7
2352;6022;2;1.1000963765092244E7
2353;6024;2;1.1000963765092244E7
2354;6027;3;1.1000963765092244E7
2355;6030;3;1.1000963765092244E7
2356;6032;2;1.1000963765092244E7
2357;6034;2;1.1000963765092244E7
2358;6036;2;1.1000963765092244E7
2359;6038;2;1.1000963765092244E7
2360;6040;2;1.1000963765092244E7
2361;6042;2;1.1000963765092244E7
2362;6042;0;1.1000963765092244E7
2363;6043;1;1.1000963765092244E7
2364;6045;2;1.1000963765092244E7
2365;6047;2;1.1000963765092244E7
2366;6050;3;1.1000963765092244E7
2367;6052;2;1.1000963765092244E7
2368;6055;3;1.1000963765092244E7
2369;6059;4;1.1000908163660346E7
2370;6060;1;1.1000908163660346E7
2371;6062;2;1.1000908163660346E7
2372;6065;3;1.1000908163660346E7
2373;6067;2;1.1000908163660346E7
2374;6071;4;1.1000908163660346E7
2375;6076;5;1.1000908163660346E7
2376;6081;5;1.1000908163660346E7
2377;6086;5;1.1000908163660346E7
2378;6087;1;1.1000908163660346E7
2379;6091;4;1.1000899700672396E7
2380;6093;2;1.1000899700672396E7
2381;6098;5;1.1000899700672396E7
2382;6100;2;1.100089551806162E7
2383;6103;3;1.100089551806162E7
2384;6110;7;1.1000892322010536E7
2385;6118;8;1.1000892322010536E7
2386;6121;3;1.1000892322010536E7
2387;6127;6;1.1000891259427764E7
2388;6130;3;1.1000891259427764E7
2389;6132;2;1.1000891259427764E7
2390;6136;4;1.1000891259427764E7
2391;6142;6;1.1000891259427764E7
2392;6144;2;1.1000891259427764E7
2393;6146;2;1.1000891259427764E7
2394;6149;3;1.1000891259427764E7
2395;6154;5;1.1000891259427764E7
2396;6158;4;1.1000891259427764E7
2397;6159;1;1.1000891259427764E7
2398;6163;4;1.1000891259427764E7
2399;6168;5;1.1000891259427764E7
2400;6170;2;1.1000891259427764E7
2401;6173;3;1.1000891259427764E7
2402;6176;3;1.1000891259427764E7
2403;6181;5;1.1000891259427764E7
2404;6182;1;1.1000891259427764E7
2405;6184;2;1.1000891259427764E7
2406;6186;2;1.1000891259427764E7
2407;6187;1;1.1000891259427764E7
2408;6189;2;1.1000891259427764E7
2409;6190;1;1.1000891259427764E7
2410;6192;2;1.1000891259427764E7
2411;6195;3;1.1000891259427764E7
2412;6197;2;1.1000891259427764E7
2413;6199;2;1.1000891259427764E7
2414;6201;2;1.1000891259427764E7
2415;6203;2;1.1000891259427764E7
2416;6203;0;1.1000891259427764E7
2417;6206;3;1.1000891259427764E7
2418;6209;3;1.1000891259427764E7
2419;6209;0;1.1000891259427764E7
2420;6212;3;1.1000891259427764E7
2421;6215;3;1.1000891259427764E7
2422;6217;2;1.1000891259427764E7
2423;6219;2;1.1000891259427764E7
2424;6220;1;1.1000891259427764E7
2425;6221;1;1.1000891259427764E7
2426;6223;2;1.1000891259427764E7
2427;6224;1;1.1000891259427764E7
2428;6226;2;1.1000891259427764E7
2429;6229;3;1.1000891259427764E7
2430;6230;1;1.1000891259427764E7
2431;6231;1;1.1000891259427764E7
2432;6234;3;1.1000891259427764E7
2433;6237;3;1.1000891259427764E7
2434;6238;1;1.1000891259427764E7
2435;6241;3;1.1000891259427764E7
2436;6242;1;1.1000891259427764E7
2437;6243;1;1.1000891259427764E7
2438;6244;1;1.1000891259427764E7
2439;6245;1;1.1000891259427764E7
2440;6247;2;1.1000891259427764E7
2441;6249;2;1.1000891259427764E7
2442;6250;1;1.1000891259427764E7
2443;6251;1;1.1000891259427764E7
2444;6252;1;1.1000891259427764E7
2445;6254;2;1.1000891259427764E7
2446;6255;1;1.1000891259427764E7
2447;6257;2;1.1000891259427764E7
2448;6258;1;1.1000891259427764E7
2449;6260;2;1.1000891259427764E7
2450;6262;2;1.1000891259427764E7
2451;6265;3;1.1000891259427764E7
2452;6268;3;1.1000891259427764E7
2453;6270;2;1.1000891259427764E7
2454;6271;1;1.1000891259427764E7
2455;6273;2;1.1000891259427764E7
2456;6275;2;1.1000891259427764E7
2457;6277;2;1.1000891259427764E7
2458;6279;2;1.1000891259427764E7
2459;6281;2;1.1000891259427764E7
2460;6282;1;1.1000891259427764E7
2461;6283;1;1.1000891259427764E7
2462;6284;1;1.1000891259427764E7
2463;6286;2;1.1000891259427764E7
2464;6288;2;1.1000891259427764E7
2465;6289;1;1.1000891259427764E7
2466;6292;3;1.1000891259427764E7
2467;6294;2;1.1000891259427764E7
2468;6297;3;1.1000891259427764E7
2469;6300;3;1.1000891259427764E7
2470;6302;2;1.1000891259427764E7
2471;6305;3;1.1000891259427764E7
2472;6306;1;1.1000891259427764E7
2473;6308;2;1.1000891259427764E7
2474;6310;2;1.1000891259427764E7
2475;6311;1;1.1000891259427764E7
2476;6311;0;1.1000891259427764E7
2477;6312;1;1.1000891259427764E7
2478;6314;2;1.1000891259427764E7
2479;6316;2;1.1000891259427764E7
2480;6318;2;1.1000891259427764E7
2481;6321;3;1.1000891259427764E7
2482;6323;2;1.1000891259427764E7
2483;6325;2;1.1000891259427764E7
2484;6327;2;1.1000891259427764E7
2485;6328;1;1.1000891259427764E7
2486;6329;1;1.1000891259427764E7
2487;6332;3;1.1000891259427764E7
2488;6334;2;1.1000891259427764E7
2489;6335;1;1.1000891259427764E7
2490;6337;2;1.1000891259427764E7
2491;6340;3;1.1000891259427764E7
2492;6340;0;1.1000891259427764E7
2493;6342;2;1.1000891259427764E7
2494;6343;1;1.1000891259427764E7
2495;6345;2;1.1000891259427764E7
2496;6347;2;1.1000891259427764E7
2497;6348;1;1.1000891259427764E7
2498;6348;0;1.1000891259427764E7
2499;6349;1;1.1000891259427764E7
2500;6350;1;1.1000891259427764E7
2501;6352;2;1.1000891259427764E7
2502;6354;2;1.1000891259427764E7
2503;6356;2;1.1000891259427764E7
2504;6358;2;1.1000891259427764E7
2505;6360;2;1.1000891259427764E7
2506;6362;2;1.1000891259427764E7
2507;6364;2;1.1000891259427764E7
2508;6366;2;1.1000891259427764E7
2509;6368;2;1.1000891259427764E7
2510;6370;2;1.1000891259427764E7
2511;6372;2;1.1000891259427764E7
2512;6375;3;1.1000891259427764E7
2513;6377;2;1.1000891259427764E7
2514;6379;2;1.1000891259427764E7
2515;6380;1;1.1000891259427764E7
2516;6382;2;1.1000891259427764E7
2517;6385;3;1.1000891259427764E7
2518;6386;1;1.1000891259427764E7
2519;6388;2;1.1000891259427764E7
2520;6390;2;1.1000891259427764E7
2521;6392;2;1.1000891259427764E7
2522;6394;2;1.1000891259427764E7
2523;6395;1;1.1000891259427764E7
2524;6396;1;1.1000891259427764E7
2525;6397;1;1.1000891259427764E7
2526;6399;2;1.1000891259427764E7
2527;6401;2;1.1000891259427764E7
2528;6402;1;1.1000891259427764E7
2529;6404;2;1.1000891259427764E7
2530;6407;3;1.1000891259427764E7
2531;6408;1;1.1000891259427764E7
2532;6411;3;1.1000891259427764E7
2533;6412;1;1.1000891259427764E7
2534;6413;1;1.1000891259427764E7
2535;6416;3;1.1000891259427764E7
2536;6417;1;1.1000891259427764E7
2537;6419;2;1.1000891259427764E7
2538;6420;1;1.1000891259427764E7
2539;6421;1;1.1000891259427764E7
2540;6422;1;1.1000891259427764E7
2541;6424;2;1.1000891259427764E7
2542;6425;1;1.1000891259427764E7
2543;6426;1;1.1000891259427764E7
2544;6427;1;1.1000891259427764E7
2545;6430;3;1.1000891259427764E7
2546;6431;1;1.1000891259427764E7
2547;6434;3;1.1000891259427764E7
2548;6436;2;1.1000891259427764E7
2549;6438;2;1.1000891259427764E7
2550;6440;2;1.1000891259427764E7
2551;6441;1;1.1000891259427764E7
2552;6443;2;1.1000891259427764E7
2553;6445;2;1.1000891259427764E7
2554;6447;2;1.1000891259427764E7
2555;6449;2;1.1000891259427764E7
2556;6451;2;1.1000891259427764E7
2557;6453;2;1.1000891259427764E7
2558;6456;3;1.1000891259427764E7
2559;6459;3;1.1000891259427764E7
2560;6462;3;1.1000891259427764E7
2561;6466;4;1.1000891259427764E7
2562;6467;1;1.1000891259427764E7
2563;6470;3;1.1000891259427764E7
2564;6473;3;1.1000891259427764E7
2565;6475;2;1.1000890320158431E7
2566;6478;3;1.1000890320158431E7
2567;6481;3;1.1000890320158431E7
2568;6483;2;1.1000890320158431E7
2569;6486;3;1.1000890320158431E7
2570;6489;3;1.1000890320158431E7
2571;6492;3;1.1000890320158431E7
2572;6494;2;1.1000890320158431E7
2573;6496;2;1.1000890320158431E7
2574;6497;1;1.1000890320158431E7
2575;6499;2;1.1000890320158431E7
2576;6501;2;1.1000890320158431E7
2577;6502;1;1.1000890320158431E7
2578;6505;3;1.1000890320158431E7
2579;6507;2;1.1000890320158431E7
2580;6508;1;1.1000890320158431E7
2581;6510;2;1.1000890320158431E7
2582;6510;0;1.1000890320158431E7
2583;6512;2;1.1000890320158431E7
2584;6516;4;1.1000890320158431E7
2585;6519;3;1.0000866572947752E7
2586;6521;2;1.0000866572947752E7
2587;6524;3;1.0000866572947752E7
2588;6524;0;1.0000866572947752E7
2589;6525;1;1.0000866572947752E7
2590;6525;0;1.0000866572947752E7
2591;6526;1;1.0000866572947752E7
2592;6529;3;1.0000866572947752E7
2593;6531;2;1.0000866572947752E7
2594;6533;2;1.0000866572947752E7
2595;6536;3;1.0000866572947752E7
2596;6538;2;1.0000866572947752E7
2597;6540;2;1.0000866572947752E7
2598;6542;2;1.0000866572947752E7
2599;6542;0;1.0000866572947752E7
2600;6544;2;1.0000866572947752E7
2601;6546;2;1.0000866572947752E7
2602;6548;2;1.0000866572947752E7
2603;6549;1;1.0000866572947752E7
2604;6551;2;1.0000866572947752E7
2605;6554;3;1.0000866572947752E7
2606;6556;2;1.0000866572947752E7
2607;6557;1;1.0000866572947752E7
2608;6565;8;1.0000866572947752E7
2609;6565;0;1.0000866572947752E7
2610;6569;4;1.0000866572947752E7
2611;6571;2;1.0000866572947752E7
2612;6571;0;1.0000866572947752E7
2613;6572;1;1.0000866572947752E7
2614;6574;2;1.0000866572947752E7
2615;6576;2;1.0000866572947752E7
2616;6578;2;1.0000866572947752E7
2617;6579;1;1.0000866572947752E7
2618;6581;2;1.0000866572947752E7
2619;6583;2;1.0000866572947752E7
2620;6586;3;1.0000866572947752E7
2621;6587;1;1.0000866572947752E7
2622;6588;1;1.0000866572947752E7
2623;6590;2;1.0000866572947752E7
2624;6591;1;1.0000866572947752E7
2625;6592;1;1.0000866572947752E7
2626;6594;2;1.0000866572947752E7
2627;6596;2;1.0000866572947752E7
2628;6599;3;1.0000866572947752E7
2629;6601;2;1.0000866572947752E7
2630;6603;2;1.0000866572947752E7
2631;6604;1;1.0000866572947752E7
2632;6606;2;1.0000866572947752E7
2633;6606;0;1.0000866572947752E7
2634;6609;3;1.0000866572947752E7
2635;6610;1;1.0000866572947752E7
2636;6612;2;1.0000863540822439E7
2637;6613;1;1.0000863540822439E7
2638;6615;2;1.0000863540822439E7
2639;6615;0;1.0000863540822439E7
2640;6618;3;1.0000863540822439E7
2641;6618;0;1.0000863540822439E7
2642;6622;4;1.0000863540822439E7
2643;6624;2;1.0000863540822439E7
2644;6625;1;1.0000863540822439E7
2645;6627;2;1.0000863540822439E7
2646;6628;1;1.0000863540822439E7
2647;6630;2;1.0000863540822439E7
2648;6632;2;1.0000863540822439E7
2649;6632;0;1.0000863540822439E7
2650;6634;2;1.0000863540822439E7
2651;6635;1;1.0000863540822439E7
2652;6636;1;1.0000863540822439E7
2653;6638;2;1.0000863540822439E7
2654;6641;3;1.0000863540822439E7
2655;6643;2;1.0000863540822439E7
2656;6645;2;1.0000863540822439E7
2657;6645;0;1.0000863540822439E7
2658;6648;3;1.0000863540822439E7
2659;6651;3;1.0000863540822439E7
2660;6652;1;1.0000863540822439E7
2661;6654;2;1.0000863540822439E7
2662;6656;2;1.0000863540822439E7
2663;6657;1;1.0000863540822439E7
2664;6659;2;1.0000863540822439E7
2665;6661;2;1.0000863540822439E7
2666;6662;1;1.0000863540822439E7
2667;6664;2;1.0000863540822439E7
2668;6665;1;1.0000863540822439E7
2669;6668;3;1.0000863540822439E7
2670;6669;1;1.0000863540822439E7
2671;6671;2;1.0000863540822439E7
2672;6674;3;1.0000863540822439E7
2673;6677;3;1.0000863540822439E7
2674;6680;3;1.0000863540822439E7
2675;6682;2;1.0000863540822439E7
2676;6684;2;1.0000863540822439E7
2677;6686;2;1.0000863540822439E7
2678;6688;2;1.0000863540822439E7
2679;6689;1;1.0000863540822439E7
2680;6690;1;1.0000863540822439E7
2681;6692;2;1.0000863540822439E7
2682;6694;2;1.0000863540822439E7
2683;6694;0;1.0000863540822439E7
2684;6696;2;1.0000863540822439E7
2685;6697;1;1.0000863540822439E7
2686;6697;0;1.0000863540822439E7
2687;6699;2;1.0000863540822439E7
2688;6700;1;1.0000863540822439E7
2689;6702;2;1.0000863540822439E7
2690;6703;1;1.0000863540822439E7
2691;6705;2;1.0000863540822439E7
2692;6705;0;1.0000863540822439E7
2693;6707;2;1.0000863540822439E7
2694;6709;2;1.0000863540822439E7
2695;6711;2;1.0000863540822439E7
2696;6711;0;1.0000863540822439E7
2697;6712;1;1.0000863540822439E7
2698;6714;2;1.0000863540822439E7
2699;6714;0;1.0000863540822439E7
2700;6716;2;1.0000863540822439E7
2701;6718;2;1.0000863540822439E7
2702;6720;2;1.0000863540822439E7
2703;6720;0;1.0000863540822439E7
2704;6721;1;1.0000863540822439E7
2705;6724;3;1.0000863540822439E7
2706;6726;2;1.0000863540822439E7
2707;6728;2;1.0000863540822439E7
2708;6730;2;1.0000863540822439E7
2709;6731;1;1.0000863540822439E7
2710;6732;1;1.0000863540822439E7
2711;6734;2;1.0000863540822439E7
2712;6735;1;1.0000863540822439E7
2713;6736;1;1.0000863540822439E7
2714;6738;2;1.0000854964810666E7
2715;6740;2;1.000085426980285E7
2716;6742;2;1.000085426980285E7
2717;6744;2;1.0000828936866945E7
2718;6746;2;1.0000828936866945E7
2719;6747;1;1.0000828936866945E7
2720;6749;2;1.0000828936866945E7
2721;6751;2;1.0000828936866945E7
2722;6751;0;1.0000828936866945E7
2723;6753;2;1.0000828936866945E7
2724;6755;2;1.0000828936866945E7
2725;6757;2;1.0000828936866945E7
2726;6759;2;1.0000828936866945E7
2727;6760;1;1.0000828936866945E7
2728;6761;1;1.0000828936866945E7
2729;6762;1;1.0000828936866945E7
2730;6763;1;1.0000828936866945E7
2731;6765;2;1.0000828936866945E7
2732;6767;2;1.0000828936866945E7
2733;6768;1;1.0000828936866945E7
2734;6769;1;1.0000828936866945E7
2735;6769;0;1.0000828936866945E7
2736;6770;1;1.0000828936866945E7
2737;6770;0;1.0000828936866945E7
2738;6771;1;1.0000828936866945E7
2739;6774;3;1.0000828936866945E7
2740;6777;3;1.0000828936866945E7
2741;6779;2;1.0000828936866945E7
2742;6781;2;1.0000828936866945E7
2743;6782;1;1.0000828936866945E7
2744;6784;2;1.0000828936866945E7
2745;6786;2;1.0000828936866945E7
2746;6787;1;1.0000828936866945E7
2747;6788;1;1.0000828936866945E7
2748;6789;1;1.0000828936866945E7
2749;6791;2;1.0000828936866945E7
2750;6793;2;1.0000828936866945E7
2751;6794;1;1.0000828936866945E7
2752;6794;0;1.0000828936866945E7
2753;6796;2;1.0000828936866945E7
2754;6798;2;1.0000828936866945E7
2755;6799;1;1.0000828936866945E7
2756;6801;2;1.0000828936866945E7
2757;6801;0;1.0000828936866945E7
2758;6803;2;1.0000828936866945E7
2759;6805;2;1.0000828936866945E7
2760;6806;1;1.0000828936866945E7
2761;6807;1;1.0000828936866945E7
2762;6809;2;1.0000828936866945E7
2763;6810;1;1.0000828936866945E7
2764;6811;1;1.0000828936866945E7
2765;6813;2;1.0000828936866945E7
2766;6815;2;1.0000828936866945E7
2767;6817;2;1.0000828936866945E7
2768;6818;1;1.0000828936866945E7
2769;6819;1;1.0000828936866945E7
2770;6822;3;1.0000828936866945E7
2771;6823;1;1.0000828936866945E7
2772;6825;2;1.0000828936866945E7
2773;6828;3;1.0000828936866945E7
2774;6828;0;1.0000828936866945E7
2775;6831;3;1.0000828936866945E7
2776;6834;3;1.0000828936866945E7
2777;6836;2;1.0000828936866945E7
2778;6837;1;1.0000828936866945E7
2779;6839;2;1.0000828936866945E7
2780;6841;2;1.0000828936866945E7
2781;6843;2;1.0000828936866945E7
2782;6844;1;1.0000828936866945E7
2783;6845;1;1.0000828936866945E7
2784;6847;2;1.0000828936866945E7
2785;6849;2;1.0000828936866945E7
2786;6851;2;1.0000828936866945E7
2787;6851;0;1.0000828936866945E7
2788;6852;1;1.0000828936866945E7
2789;6854;2;1.0000828936866945E7
2790;6856;2;1.0000828936866945E7
2791;6858;2;1.0000828936866945E7
2792;6858;0;1.0000828936866945E7
2793;6860;2;1.0000828936866945E7
2794;6862;2;1.0000828936866945E7
2795;6862;0;1.0000828936866945E7
2796;6865;3;1.0000828936866945E7
2797;6866;1;1.0000828936866945E7
2798;6867;1;1.0000828936866945E7
2799;6869;2;1.0000828936866945E7
2800;6871;2;1.0000828936866945E7
2801;6873;2;1.0000828936866945E7
2802;6876;3;1.0000828936866945E7
2803;6877;1;1.0000828936866945E7
2804;6895;18;1.0000828936866945E7
2805;6900;5;1.0000828936866945E7
2806;6903;3;1.0000828936866945E7
2807;6905;2;1.0000828936866945E7
2808;6908;3;1.0000828936866945E7
2809;6910;2;1.0000828936866945E7
2810;6910;0;1.0000828936866945E7
2811;6913;3;1.0000828936866945E7
2812;6913;0;1.0000828936866945E7
2813;6914;1;1.0000828936866945E7
2814;6917;3;1.0000828936866945E7
2815;6918;1;1.0000828936866945E7
2816;6919;1;1.0000828936866945E7
2817;6921;2;1.0000828936866945E7
2818;6923;2;1.0000828936866945E7
2819;6924;1;1.0000828936866945E7
2820;6927;3;1.0000828936866945E7
2821;6929;2;1.0000828936866945E7
2822;6930;1;1.0000828936866945E7
2823;6933;3;1.0000828936866945E7
2824;6935;2;1.0000828936866945E7
2825;6937;2;1.0000828936866945E7
2826;6942;5;1.0000828936866945E7
2827;6947;5;1.0000828936866945E7
2828;6949;2;1.0000828936866945E7
2829;6951;2;1.0000828936866945E7
2830;6952;1;1.0000828936866945E7
2831;6954;2;1.0000828936866945E7
2832;6955;1;1.0000828936866945E7
2833;6958;3;1.0000828936866945E7
2834;6959;1;1.0000828936866945E7
2835;6960;1;1.0000828936866945E7
2836;6961;1;1.0000828936866945E7
2837;6964;3;1.0000828936866945E7
2838;6965;1;1.0000828936866945E7
2839;6967;2;1.0000828936866945E7
2840;6968;1;1.0000828936866945E7
2841;6970;2;1.0000828936866945E7
2842;6970;0;1.0000828936866945E7
2843;6972;2;1.0000828936866945E7
2844;6974;2;1.0000828936866945E7
2845;6975;1;1.0000828936866945E7
2846;6976;1;1.0000828936866945E7
2847;6977;1;1.0000828936866945E7
2848;6977;0;1.0000828936866945E7
2849;6978;1;1.0000828936866945E7
2850;6979;1;1.0000828936866943E7
2851;6981;2;1.0000828936866943E7
2852;6982;1;1.0000828936866943E7
2853;6985;3;1.0000828936866943E7
2854;6990;5;1.0000828936866943E7
2855;6992;2;1.0000828936866943E7
2856;6994;2;1.0000828936866943E7
2857;6996;2;1.0000828936866943E7
2858;6998;2;1.0000828936866943E7
2859;7001;3;1.0000828936866943E7
2860;7007;6;1.0000828936866943E7
2861;7008;1;1.0000828936866943E7
2862;7010;2;1.0000828936866943E7
2863;7011;1;1.0000828936866943E7
2864;7013;2;1.0000828936866943E7
2865;7013;0;1.0000828936866943E7
2866;7015;2;1.0000828936866943E7
2867;7017;2;1.0000828936866943E7
2868;7020;3;1.0000828936866943E7
2869;7024;4;1.0000828936866943E7
2870;7029;5;1.0000828936866943E7
2871;7031;2;1.0000828936866943E7
2872;7034;3;1.0000828936866943E7
2873;7036;2;1.0000828936866943E7
2874;7037;1;1.0000828936866943E7
2875;7039;2;1.0000828936866943E7
2876;7042;3;1.0000828936866943E7
2877;7044;2;1.0000828936866943E7
2878;7047;3;1.0000828936866943E7
2879;7050;3;1.0000828936866943E7
2880;7051;1;1.0000828936866943E7
2881;7055;4;1.0000828936866943E7
2882;7058;3;1.0000828936866943E7
2883;7062;4;1.0000828936866943E7
2884;7065;3;1.0000828936866943E7
2885;7067;2;1.0000828936866943E7
2886;7070;3;1.0000828936866943E7
2887;7072;2;1.0000828936866943E7
2888;7074;2;1.0000828936866943E7
2889;7077;3;1.0000828936866943E7
2890;7080;3;1.0000828936866943E7
2891;7082;2;1.0000828936866943E7
2892;7083;1;1.0000828936866943E7
2893;7085;2;1.0000828936866943E7
2894;7087;2;1.0000828936866943E7
2895;7089;2;1.0000828936866943E7
2896;7090;1;1.0000828936866943E7
2897;7093;3;1.0000828936866943E7
2898;7095;2;1.0000828936866943E7
2899;7095;0;1.0000828936866943E7
2900;7098;3;1.0000828936866943E7
2901;7100;2;1.0000828936866943E7
2902;7102;2;1.0000828936866943E7
2903;7102;0;1.0000828936866943E7
2904;7103;1;1.0000828936866943E7
2905;7105;2;1.0000828936866943E7
2906;7107;2;1.0000828936866943E7
2907;7108;1;1.0000828936866943E7
2908;7110;2;1.0000828936866943E7
2909;7112;2;1.0000828936866943E7
2910;7114;2;1.0000828936866943E7
2911;7117;3;1.0000828936866943E7
2912;7118;1;1.0000828936866943E7
2913;7120;2;1.0000828936866943E7
2914;7121;1;1.0000828936866943E7
2915;7123;2;1.0000828936866943E7
2916;7125;2;1.0000828936866943E7
2917;7126;1;1.0000828936866943E7
2918;7128;2;1.0000828936866943E7
2919;7129;1;1.0000828936866943E7
2920;7130;1;1.0000828936866943E7
2921;7131;1;1.0000828936866943E7
2922;7132;1;1.0000828936866943E7
2923;7133;1;1.0000828936866943E7
2924;7134;1;1.0000828936866943E7
2925;7135;1;1.0000828936866943E7
2926;7135;0;1.0000828936866943E7
2927;7137;2;1.0000828936866943E7
2928;7139;2;1.0000828936866943E7
2929;7141;2;1.0000828936866943E7
2930;7142;1;1.0000828936866943E7
2931;7143;1;1.0000828936866943E7
2932;7144;1;1.0000828936866943E7
2933;7145;1;1.0000828936866943E7
2934;7147;2;1.0000828936866943E7
2935;7149;2;1.0000828936866943E7
2936;7150;1;1.0000828936866943E7
2937;7151;1;1.0000828936866943E7
2938;7152;1;1.0000828936866943E7
2939;7154;2;1.0000828936866943E7
2940;7156;2;1.0000828936866943E7
2941;7157;1;1.0000828936866943E7
2942;7159;2;1.0000828936866943E7
2943;7161;2;1.0000828936866943E7
2944;7164;3;1.0000828936866943E7
2945;7167;3;1.0000828936866943E7
2946;7169;2;1.0000828936866943E7
2947;7175;6;1.0000828936866943E7
2948;7176;1;1.0000828936866943E7
2949;7179;3;1.0000828936866943E7
2950;7181;2;1.0000828936866943E7
2951;7185;4;1.0000828936866943E7
2952;7187;2;1.0000828936866943E7
2953;7189;2;1.0000828936866943E7
2954;7193;4;1.0000828936866943E7
2955;7195;2;1.0000828936866943E7
2956;7197;2;1.0000828936866943E7
2957;7198;1;1.0000828936866943E7
2958;7201;3;1.0000828936866943E7
2959;7205;4;1.0000828936866943E7
2960;7207;2;1.0000828936866943E7
2961;7208;1;1.0000828936866943E7
2962;7211;3;1.0000828936866943E7
2963;7212;1;1.0000828936866943E7
2964;7214;2;1.0000828936866943E7
2965;7216;2;1.0000828936866943E7
2966;7219;3;1.0000828936866943E7
2967;7220;1;1.0000828936866943E7
2968;7221;1;1.0000828936866943E7
2969;7223;2;1.0000828936866943E7
2970;7227;4;1.0000828936866943E7
2971;7230;3;1.0000828936866943E7
2972;7231;1;1.0000828936866943E7
2973;7234;3;1.0000828936866943E7
2974;7237;3;1.0000828936866943E7
2975;7239;2;1.0000828936866943E7
2976;7241;2;1.0000828936866943E7
2977;7244;3;1.0000828936866943E7
2978;7245;1;1.0000828936866943E7
2979;7247;2;1.0000828936866943E7
2980;7249;2;1.0000828936866943E7
2981;7251;2;1.0000828936866943E7
2982;7254;3;1.0000828936866943E7
2983;7255;1;1.0000828936866943E7
2984;7258;3;1.0000828936866943E7
2985;7260;2;1.0000828936866943E7
2986;7262;2;1.0000828936866943E7
2987;7264;2;1.0000828936866943E7
2988;7266;2;1.0000828936866943E7
2989;7268;2;1.0000828936866943E7
2990;7272;4;1.0000828936866943E7
2991;7275;3;1.0000828936866943E7
2992;7277;2;1.0000828936866943E7
2993;7278;1;1.0000828936866943E7
2994;7280;2;1.0000828936866943E7
2995;7284;4;1.0000828936866943E7
2996;7285;1;1.0000828936866943E7
2997;7287;2;1.0000828936866943E7
2998;7289;2;1.0000828936866943E7
2999;7291;2;1.0000828936866943E7
