Index;Time point [ms];Iteration length [ms];Cost
0;17;17;4001785.893086228
1;23;6;4001777.231274729
2;29;6;4001722.9685939653
3;33;4;4001693.3911982626
4;40;7;4001618.8372512897
5;44;4;4001453.3804654884
6;48;4;4001418.9919641446
7;49;1;4001418.9919641446
8;49;0;4001418.9919641446
9;52;3;4001418.9919641446
10;58;6;4001418.9919641446
11;61;3;4001418.9919641446
12;61;0;4001418.9919641446
13;72;11;4001418.9919641446
14;79;7;4001418.9919641446
15;89;10;4001418.9919641446
16;89;0;4001418.9919641446
17;100;11;4001341.8213197375
18;102;2;4001341.8213197375
19;110;8;4001341.8213197375
20;114;4;4001341.8213197375
21;130;16;4001341.8213197375
22;137;7;4001341.8213197375
23;144;7;4001341.8213197375
24;151;7;4001341.8213197375
25;159;8;4001341.8213197375
26;160;1;4001341.8213197375
27;171;11;4001341.8213197375
28;180;9;4001341.8213197375
29;188;8;4001341.8213197375
30;191;3;4001341.8213197375
31;192;1;4001341.8213197375
32;201;9;4001341.8213197375
33;215;14;4001341.8213197375
34;225;10;4001341.8213197375
35;226;1;4001341.8213197375
36;236;10;4001341.8213197375
37;248;12;4001341.8213197375
38;250;2;4001341.8213197375
39;262;12;4001341.8213197375
40;271;9;4001341.8213197375
41;275;4;4001341.8213197375
42;283;8;4001341.8213197375
43;284;1;4001341.8213197375
44;287;3;4001341.8213197375
45;293;6;4001341.8213197375
46;298;5;4001341.8213197375
47;321;23;4001341.8213197375
48;332;11;4001341.8213197375
49;343;11;4001341.8213197375
50;350;7;4001341.8213197375
51;351;1;4001341.8213197375
52;353;2;4001341.8213197375
53;354;1;4001341.8213197375
54;362;8;4001341.8213197375
55;372;10;4001341.8213197375
56;377;5;4001341.8213197375
57;381;4;4001341.8213197375
58;382;1;4001341.8213197375
59;389;7;4001341.8213197375
60;396;7;4001341.8213197375
61;397;1;4001341.8213197375
62;401;4;4001341.8213197375
63;405;4;4001294.4784862204
64;410;5;4001294.4784862204
65;413;3;4001294.4784862204
66;420;7;4001294.4784862204
67;426;6;4001294.4784862204
68;432;6;4001294.4784862204
69;437;5;4001294.4784862204
70;446;9;4001294.4784862204
71;454;8;4001294.4784862204
72;460;6;4001294.4784862204
73;467;7;4001294.4784862204
74;474;7;4001214.994531747
75;483;9;4001214.994531747
76;490;7;4001214.994531747
77;490;0;4001214.994531747
78;494;4;4001214.994531747
79;499;5;4001214.994531747
80;505;6;4001214.994531747
81;509;4;4001214.994531747
82;514;5;4001214.994531747
83;520;6;4001214.994531747
84;524;4;4001214.994531747
85;526;2;4001214.994531747
86;529;3;4001214.994531747
87;535;6;4001214.994531747
88;535;0;4001214.994531747
89;540;5;4001214.994531747
90;541;1;4001214.994531747
91;541;0;4001214.994531747
92;546;5;4001214.994531747
93;553;7;4001214.994531747
94;558;5;4001197.8926927964
95;563;5;4001197.8926927964
96;568;5;4001197.8926927964
97;572;4;4001197.8926927964
98;574;2;4001197.8926927964
99;580;6;4001197.8926927964
100;585;5;4001197.8926927964
101;592;7;4001197.8926927964
102;593;1;4001197.8926927964
103;593;0;4001197.8926927964
104;599;6;4001127.439888348
105;605;6;4001127.439888348
106;610;5;4001127.439888348
107;614;4;4001127.439888348
108;619;5;4001127.439888348
109;622;3;4001127.439888348
110;623;1;4001127.439888348
111;627;4;4001127.439888348
112;632;5;4001127.439888348
113;634;2;4001127.439888348
114;640;6;4001127.439888348
115;643;3;4001127.439888348
116;650;7;4001127.439888348
117;654;4;4001127.439888348
118;661;7;4001127.439888348
119;669;8;4001127.439888348
120;678;9;4001127.439888348
121;687;9;4001127.439888348
122;688;1;4001127.439888348
123;689;1;4001127.439888348
124;696;7;4001127.439888348
125;707;11;4001127.439888348
126;714;7;4001127.439888348
127;716;2;4001127.439888348
128;727;11;4001127.439888348
129;732;5;4001127.439888348
130;740;8;4001127.439888348
131;744;4;4001127.439888348
132;746;2;4001127.439888348
133;747;1;4001127.439888348
134;750;3;4001127.439888348
135;753;3;4001127.439888348
136;757;4;4001127.439888348
137;758;1;4001127.439888348
138;763;5;4001127.439888348
139;766;3;4001127.439888348
140;770;4;4001127.439888348
141;776;6;4001127.439888348
142;781;5;4001127.439888348
143;785;4;4001127.439888348
144;789;4;4001127.439888348
145;790;1;4001127.439888348
146;791;1;4001127.439888348
147;793;2;4001127.439888348
148;799;6;4001127.439888348
149;803;4;4001127.439888348
150;808;5;4001127.439888348
151;811;3;4001127.439888348
152;817;6;4001127.439888348
153;819;2;4001127.439888348
154;824;5;4001127.439888348
155;825;1;4001127.439888348
156;831;6;4001127.439888348
157;836;5;4001127.439888348
158;841;5;4001127.439888348
159;843;2;4001127.439888348
160;845;2;4001127.439888348
161;850;5;4001127.439888348
162;854;4;4001127.439888348
163;862;8;4001127.439888348
164;869;7;4001127.439888348
165;869;0;4001127.439888348
166;877;8;4001127.439888348
167;886;9;4001127.439888348
168;891;5;4001127.439888348
169;896;5;4001127.439888348
170;903;7;4001127.439888348
171;908;5;4001127.439888348
172;913;5;4001127.439888348
173;919;6;4001127.439888348
174;922;3;4001127.439888348
175;927;5;4001127.439888348
176;933;6;4001127.439888348
177;938;5;4001127.439888348
178;947;9;4001127.439888348
179;949;2;4001127.439888348
180;956;7;4001127.439888348
181;962;6;4001127.439888348
182;963;1;4001127.439888348
183;971;8;4001127.439888348
184;983;12;4001127.439888348
185;993;10;4001127.439888348
186;1000;7;4001127.439888348
187;1007;7;4001127.439888348
188;1018;11;4001127.439888348
189;1019;1;4001127.439888348
190;1026;7;4001127.439888348
191;1035;9;4001127.439888348
192;1054;19;4001127.439888348
193;1065;11;4001127.439888348
194;1071;6;4001127.439888348
195;1082;11;4001127.439888348
196;1092;10;4001127.439888348
197;1100;8;4001127.439888348
198;1109;9;4001127.439888348
199;1118;9;4001127.439888348
200;1119;1;4001127.439888348
201;1126;7;4001127.439888348
202;1127;1;4001127.439888348
203;1133;6;4001127.439888348
204;1136;3;4001127.439888348
205;1144;8;4001127.439888348
206;1148;4;4001127.439888348
207;1154;6;4001127.439888348
208;1160;6;4001127.439888348
209;1167;7;4001127.439888348
210;1172;5;4001127.439888348
211;1174;2;4001127.439888348
212;1182;8;4001127.439888348
213;1192;10;4001127.439888348
214;1204;12;4001127.439888348
215;1209;5;4001127.439888348
216;1211;2;4001127.439888348
217;1217;6;4001127.439888348
218;1224;7;4001127.439888348
219;1231;7;4001127.439888348
220;1236;5;4001127.439888348
221;1239;3;4001127.439888348
222;1246;7;4001127.439888348
223;1257;11;4001127.439888348
224;1259;2;4001127.439888348
225;1265;6;4001127.439888348
226;1270;5;4001127.439888348
227;1282;12;4001127.439888348
228;1285;3;4001127.439888348
229;1291;6;4001127.439888348
230;1297;6;4001127.439888348
231;1299;2;4001127.439888348
232;1305;6;4001127.439888348
233;1309;4;4001127.439888348
234;1312;3;4001127.439888348
235;1318;6;4001127.439888348
236;1323;5;4001127.439888348
237;1328;5;4001127.439888348
238;1334;6;4001127.439888348
239;1341;7;4001127.439888348
240;1344;3;4001127.439888348
241;1351;7;4001127.439888348
242;1357;6;4001127.439888348
243;1367;10;4001127.439888348
244;1371;4;4001127.439888348
245;1373;2;4001127.439888348
246;1374;1;4001127.439888348
247;1382;8;4001127.439888348
248;1393;11;4001127.439888348
249;1398;5;4001127.439888348
250;1405;7;4001127.439888348
251;1409;4;4001127.439888348
252;1414;5;4001127.439888348
253;1419;5;4001127.439888348
254;1425;6;4001127.439888348
255;1431;6;4001127.439888348
256;1431;0;4001127.439888348
257;1434;3;4001127.439888348
258;1445;11;4001127.439888348
259;1450;5;4001127.439888348
260;1455;5;4001127.439888348
261;1460;5;4001127.439888348
262;1466;6;4001127.439888348
263;1468;2;4001127.439888348
264;1476;8;4001127.439888348
265;1476;0;4001127.439888348
266;1483;7;4001127.439888348
267;1489;6;4001127.439888348
268;1499;10;4001127.439888348
269;1502;3;4001127.439888348
270;1507;5;4001127.439888348
271;1512;5;4001127.439888348
272;1512;0;4001127.439888348
273;1513;1;4001127.439888348
274;1516;3;4001127.439888348
275;1523;7;4001127.439888348
276;1526;3;4001127.439888348
277;1532;6;4001127.439888348
278;1536;4;4001127.439888348
279;1543;7;4001127.439888348
280;1547;4;4001127.439888348
281;1551;4;4001127.439888348
282;1558;7;4001127.439888348
283;1559;1;4001127.439888348
284;1561;2;4001127.439888348
285;1565;4;4001127.439888348
286;1570;5;4001127.439888348
287;1573;3;4001127.439888348
288;1579;6;4001127.439888348
289;1579;0;4001127.439888348
290;1583;4;4001127.439888348
291;1587;4;4001127.439888348
292;1592;5;4001127.439888348
293;1596;4;4001127.439888348
294;1597;1;4001127.439888348
295;1603;6;4001127.439888348
296;1603;0;4001127.439888348
297;1608;5;4001127.439888348
298;1612;4;4001127.439888348
299;1613;1;4001127.439888348
300;1613;0;4001127.439888348
301;1617;4;4001127.439888348
302;1618;1;4001127.439888348
303;1621;3;4001127.439888348
304;1625;4;4001127.439888348
305;1626;1;4001127.439888348
306;1632;6;4001127.439888348
307;1637;5;4001127.439888348
308;1642;5;4001127.439888348
309;1645;3;4001127.439888348
310;1650;5;4001127.439888348
311;1654;4;4001127.439888348
312;1655;1;4001127.439888348
313;1657;2;4001127.439888348
314;1664;7;4001127.439888348
315;1669;5;4001127.439888348
316;1673;4;4001127.439888348
317;1676;3;4001127.439888348
318;1680;4;4001127.439888348
319;1685;5;4001127.439888348
320;1690;5;4001127.439888348
321;1696;6;4001127.439888348
322;1699;3;4001127.439888348
323;1706;7;4001127.439888348
324;1711;5;4001127.439888348
325;1715;4;4001127.439888348
326;1717;2;4001127.439888348
327;1723;6;4001127.439888348
328;1729;6;4001127.439888348
329;1739;10;4001127.439888348
330;1745;6;4001127.439888348
331;1746;1;4001127.439888348
332;1748;2;4001127.439888348
333;1751;3;4001127.439888348
334;1756;5;4001127.439888348
335;1760;4;4001127.439888348
336;1762;2;4001127.439888348
337;1766;4;4001127.439888348
338;1772;6;4001127.439888348
339;1776;4;4001127.439888348
340;1782;6;4001127.439888348
341;1782;0;4001127.439888348
342;1787;5;4001127.439888348
343;1790;3;4001127.439888348
344;1791;1;4001127.439888348
345;1795;4;4001127.439888348
346;1796;1;4001127.439888348
347;1799;3;4001127.439888348
348;1802;3;4001127.439888348
349;1805;3;4001127.439888348
350;1811;6;4001127.439888348
351;1816;5;4001127.439888348
352;1823;7;4001127.439888348
353;1827;4;4001127.439888348
354;1829;2;4001127.439888348
355;1835;6;4001127.439888348
356;1839;4;4001127.439888348
357;1841;2;4001127.439888348
358;1847;6;4001127.439888348
359;1857;10;4001127.439888348
360;1862;5;4001127.439888348
361;1867;5;4001127.439888348
362;1873;6;4001127.439888348
363;1878;5;4001127.439888348
364;1883;5;4001127.439888348
365;1889;6;4001127.439888348
366;1894;5;4001127.439888348
367;1898;4;4001127.439888348
368;1898;0;4001127.439888348
369;1904;6;4001127.439888348
370;1905;1;4001127.439888348
371;1910;5;4001127.439888348
372;1914;4;4001127.439888348
373;1915;1;4001127.439888348
374;1919;4;4001127.439888348
375;1923;4;4001127.439888348
376;1927;4;4001127.439888348
377;1933;6;4001127.439888348
378;1938;5;4001127.439888348
379;1942;4;4001127.439888348
380;1944;2;4001127.439888348
381;1949;5;4001127.439888348
382;1954;5;4001127.439888348
383;1956;2;4001127.439888348
384;1961;5;4001127.439888348
385;1966;5;4001127.439888348
386;1972;6;4001127.439888348
387;1977;5;4001127.439888348
388;1984;7;4001127.439888348
389;1991;7;4001127.439888348
390;1997;6;4001127.439888348
391;2002;5;4001127.439888348
392;2005;3;4001127.439888348
393;2011;6;4001127.439888348
394;2013;2;4001127.439888348
395;2019;6;4001127.439888348
396;2025;6;4001127.439888348
397;2033;8;4001127.439888348
398;2040;7;4001127.439888348
399;2044;4;4001127.439888348
400;2045;1;4001127.439888348
401;2051;6;4001127.439888348
402;2054;3;4001127.439888348
403;2059;5;4001127.439888348
404;2063;4;4001127.439888348
405;2064;1;4001127.439888348
406;2064;0;4001127.439888348
407;2070;6;4001127.439888348
408;2074;4;4001127.439888348
409;2081;7;4001127.439888348
410;2087;6;4001127.439888348
411;2094;7;4001127.439888348
412;2099;5;4001127.439888348
413;2103;4;4001127.439888348
414;2107;4;4001127.439888348
415;2110;3;4001127.439888348
416;2117;7;4001127.439888348
417;2117;0;4001127.439888348
418;2123;6;4001127.439888348
419;2127;4;4001127.439888348
420;2129;2;4001127.439888348
421;2134;5;4001127.439888348
422;2140;6;4001127.439888348
423;2142;2;4001127.439888348
424;2149;7;4001127.439888348
425;2153;4;4001127.439888348
426;2155;2;4001127.439888348
427;2156;1;4001127.439888348
428;2159;3;4001127.439888348
429;2163;4;4001127.439888348
430;2169;6;4001127.439888348
431;2172;3;4001127.439888348
432;2176;4;4001127.439888348
433;2177;1;4001127.439888348
434;2181;4;4001127.439888348
435;2185;4;4001127.439888348
436;2191;6;4001127.439888348
437;2198;7;4001127.439888348
438;2203;5;4001127.439888348
439;2212;9;4001127.439888348
440;2217;5;4001127.439888348
441;2218;1;4001127.439888348
442;2226;8;4001127.439888348
443;2235;9;4001127.439888348
444;2241;6;4001127.439888348
445;2246;5;4001127.439888348
446;2252;6;4001127.439888348
447;2258;6;4001127.439888348
448;2261;3;4001127.439888348
449;2266;5;4001127.439888348
450;2269;3;4001127.439888348
451;2274;5;4001127.439888348
452;2278;4;4001127.439888348
453;2283;5;4001127.439888348
454;2288;5;4001127.439888348
455;2293;5;4001127.439888348
456;2298;5;4001127.439888348
457;2298;0;4001127.439888348
458;2307;9;4001127.439888348
459;2311;4;4001127.439888348
460;2316;5;4001127.439888348
461;2318;2;4001127.439888348
462;2323;5;4001127.439888348
463;2326;3;4001127.439888348
464;2331;5;4001127.439888348
465;2335;4;4001127.439888348
466;2341;6;4001127.439888348
467;2347;6;4001127.439888348
468;2351;4;4001127.439888348
469;2353;2;4001127.439888348
470;2354;1;4001127.439888348
471;2357;3;4001127.439888348
472;2363;6;4001127.439888348
473;2366;3;4001127.439888348
474;2371;5;4001127.439888348
475;2371;0;4001127.439888348
476;2376;5;4001127.439888348
477;2376;0;4001127.439888348
478;2383;7;4001127.439888348
479;2383;0;4001127.439888348
480;2386;3;4001127.439888348
481;2392;6;4001127.439888348
482;2395;3;4001127.439888348
483;2401;6;4001127.439888348
484;2405;4;4001127.439888348
485;2411;6;4001127.439888348
486;2413;2;4001127.439888348
487;2417;4;4001127.439888348
488;2422;5;4001127.439888348
489;2431;9;4001127.439888348
490;2436;5;4001127.439888348
491;2441;5;4001127.439888348
492;2444;3;4001127.439888348
493;2452;8;4001127.439888348
494;2457;5;4001127.439888348
495;2458;1;4001127.439888348
496;2464;6;4001127.439888348
497;2468;4;4001127.439888348
498;2473;5;4001127.439888348
499;2479;6;4001127.439888348
500;2481;2;4001127.439888348
501;2483;2;4001127.439888348
502;2489;6;4001127.439888348
503;2494;5;4001127.439888348
504;2497;3;4001127.439888348
505;2505;8;4001127.439888348
506;2515;10;4001127.439888348
507;2524;9;4001127.439888348
508;2536;12;4001127.439888348
509;2541;5;4001127.439888348
510;2550;9;4001127.439888348
511;2555;5;4001127.439888348
512;2565;10;4001127.439888348
513;2570;5;4001127.439888348
514;2583;13;4001127.439888348
515;2587;4;4001127.439888348
516;2590;3;4001127.439888348
517;2599;9;4001127.439888348
518;2606;7;4001127.439888348
519;2614;8;4001127.439888348
520;2623;9;4001127.439888348
521;2633;10;4001127.439888348
522;2634;1;4001127.439888348
523;2641;7;4001127.439888348
524;2649;8;4001127.439888348
525;2654;5;4001127.439888348
526;2664;10;4001127.439888348
527;2667;3;4001127.439888348
528;2672;5;4001127.439888348
529;2680;8;4001127.439888348
530;2690;10;4001127.439888348
531;2692;2;4001127.439888348
532;2699;7;4001127.439888348
533;2709;10;4001127.439888348
534;2715;6;4001127.439888348
535;2725;10;4001127.439888348
536;2726;1;4001127.439888348
537;2732;6;4001127.439888348
538;2736;4;4001127.439888348
539;2749;13;4001127.439888348
540;2755;6;4001127.439888348
541;2761;6;4001127.439888348
542;2768;7;4001127.439888348
543;2769;1;4001127.439888348
544;2774;5;4001127.439888348
545;2782;8;4001127.439888348
546;2787;5;4001127.439888348
547;2793;6;4001127.439888348
548;2800;7;4001127.439888348
549;2801;1;4001127.439888348
550;2803;2;4001127.439888348
551;2808;5;4001127.439888348
552;2813;5;4001127.439888348
553;2813;0;4001127.439888348
554;2820;7;4001127.439888348
555;2823;3;4001127.439888348
556;2826;3;4001127.439888348
557;2827;1;4001127.439888348
558;2831;4;4001104.47030381
559;2835;4;4001067.814263212
560;2839;4;4001067.814263212
561;2845;6;4001067.814263212
562;2850;5;4001067.814263212
563;2850;0;4001067.814263212
564;2853;3;4001067.814263212
565;2857;4;4001067.814263212
566;2860;3;4001067.814263212
567;2861;1;4001067.814263212
568;2865;4;4001067.814263212
569;2872;7;4001067.814263212
570;2875;3;4001067.814263212
571;2876;1;4001067.814263212
572;2881;5;4001067.814263212
573;2882;1;4001067.814263212
574;2885;3;4001067.814263212
575;2889;4;4001067.814263212
576;2893;4;4001067.814263212
577;2897;4;4001067.814263212
578;2900;3;4001067.814263212
579;2903;3;4001067.814263212
580;2908;5;4001067.814263212
581;2911;3;4001067.814263212
582;2912;1;4001067.814263212
583;2916;4;4001067.814263212
584;2921;5;4001067.814263212
585;2923;2;4001067.814263212
586;2930;7;4001067.814263212
587;2936;6;4001067.814263212
588;2947;11;4001067.814263212
589;2956;9;4001067.814263212
590;2958;2;4001067.814263212
591;2961;3;4001067.814263212
592;2964;3;4001067.814263212
593;2966;2;4001067.814263212
594;2972;6;4001067.814263212
595;2977;5;4001067.814263212
596;2981;4;4001067.814263212
597;2982;1;4001067.814263212
598;2990;8;4001067.814263212
599;2993;3;4001067.814263212
600;2997;4;4001067.814263212
601;2998;1;4001067.814263212
602;3002;4;4001067.814263212
603;3007;5;4001067.814263212
604;3014;7;4001067.814263212
605;3015;1;4001067.814263212
606;3021;6;4001067.814263212
607;3031;10;4001067.814263212
608;3043;12;4001067.814263212
609;3047;4;4001067.814263212
610;3056;9;4001067.814263212
611;3059;3;4001067.814263212
612;3061;2;4001067.814263212
613;3065;4;4001067.814263212
614;3070;5;4001067.814263212
615;3071;1;4001067.814263212
616;3072;1;4001067.814263212
617;3076;4;4001067.814263212
618;3080;4;4001067.814263212
619;3085;5;4001067.814263212
620;3088;3;4001067.814263212
621;3090;2;4001067.814263212
622;3093;3;4001067.814263212
623;3099;6;4001067.814263212
624;3102;3;4001067.814263212
625;3108;6;4001067.814263212
626;3109;1;4001067.814263212
627;3112;3;4001067.814263212
628;3116;4;4001067.814263212
629;3119;3;4001067.814263212
630;3125;6;4001067.814263212
631;3131;6;4001067.814263212
632;3135;4;4001067.814263212
633;3135;0;4001067.814263212
634;3140;5;4001067.814263212
635;3144;4;4001067.814263212
636;3149;5;4001067.814263212
637;3151;2;4001067.814263212
638;3156;5;4001067.814263212
639;3160;4;4001067.814263212
640;3161;1;4001067.814263212
641;3165;4;4001067.814263212
642;3166;1;4001067.814263212
643;3166;0;4001067.814263212
644;3171;5;4001067.814263212
645;3177;6;4001067.814263212
646;3180;3;4001067.814263212
647;3184;4;4001067.814263212
648;3184;0;4001067.814263212
649;3185;1;4001067.814263212
650;3190;5;4001067.814263212
651;3196;6;4001067.814263212
652;3201;5;4001067.814263212
653;3201;0;4001067.814263212
654;3206;5;4001067.814263212
655;3209;3;4001067.814263212
656;3216;7;4001067.814263212
657;3219;3;4001067.814263212
658;3225;6;4001067.814263212
659;3235;10;4001067.814263212
660;3239;4;4001067.814263212
661;3245;6;4001067.814263212
662;3251;6;4001067.814263212
663;3252;1;4001067.814263212
664;3254;2;4001067.814263212
665;3260;6;4001067.814263212
666;3260;0;4001067.814263212
667;3261;1;4001067.814263212
668;3262;1;4001067.814263212
669;3267;5;4001067.814263212
670;3271;4;4001067.814263212
671;3275;4;4001067.814263212
672;3278;3;4001067.814263212
673;3284;6;4001067.814263212
674;3289;5;4001067.814263212
675;3294;5;4001067.814263212
676;3295;1;4001067.814263212
677;3297;2;4001067.814263212
678;3304;7;4001067.814263212
679;3307;3;4001067.814263212
680;3315;8;4001067.814263212
681;3321;6;4001067.814263212
682;3322;1;4001067.814263212
683;3328;6;4001067.814263212
684;3339;11;4001067.814263212
685;3350;11;4001067.814263212
686;3358;8;4001067.814263212
687;3368;10;4001067.814263212
688;3371;3;4001067.814263212
689;3383;12;4001067.814263212
690;3395;12;4001067.814263212
691;3406;11;4001067.814263212
692;3417;11;4001067.814263212
693;3428;11;4001067.814263212
694;3435;7;4001067.814263212
695;3445;10;4001067.814263212
696;3455;10;4001067.814263212
697;3460;5;4001067.814263212
698;3464;4;4001067.814263212
699;3470;6;4001067.814263212
700;3478;8;4001067.814263212
701;3489;11;4001067.814263212
702;3494;5;4001067.814263212
703;3500;6;4001067.814263212
704;3509;9;4001067.814263212
705;3513;4;4001067.814263212
706;3514;1;4001067.814263212
707;3521;7;4001067.814263212
708;3528;7;4001067.814263212
709;3535;7;4001067.814263212
710;3541;6;4001067.814263212
711;3546;5;4001067.814263212
712;3550;4;4001067.814263212
713;3555;5;4001067.814263212
714;3563;8;4001067.814263212
715;3567;4;4001067.814263212
716;3577;10;4001067.814263212
717;3583;6;4001067.814263212
718;3587;4;4001067.814263212
719;3590;3;4001067.814263212
720;3596;6;4001067.814263212
721;3599;3;4001067.814263212
722;3600;1;4001067.814263212
723;3604;4;4001067.814263212
724;3610;6;4001067.814263212
725;3613;3;4001067.814263212
726;3613;0;4001067.814263212
727;3614;1;4001067.814263212
728;3615;1;4001067.814263212
729;3620;5;4001067.814263212
730;3626;6;4001067.814263212
731;3630;4;4001067.814263212
732;3636;6;4001067.814263212
733;3639;3;4001067.814263212
734;3645;6;4001067.814263212
735;3648;3;4001067.814263212
736;3651;3;4001067.814263212
737;3652;1;4001067.814263212
738;3656;4;4001067.814263212
739;3661;5;4001067.814263212
740;3664;3;4001067.814263212
741;3669;5;4001067.814263212
742;3674;5;4001067.814263212
743;3678;4;4001067.814263212
744;3684;6;4001067.814263212
745;3685;1;4001067.814263212
746;3689;4;4001067.814263212
747;3696;7;4001067.814263212
748;3699;3;4001067.814263212
749;3701;2;4001067.814263212
750;3708;7;4001067.814263212
751;3711;3;4001067.814263212
752;3712;1;4001067.814263212
753;3716;4;4001067.814263212
754;3722;6;4001067.814263212
755;3726;4;4001067.814263212
756;3727;1;4001067.814263212
757;3731;4;4001067.814263212
758;3740;9;4001067.814263212
759;3747;7;4001067.814263212
760;3755;8;4001067.814263212
761;3760;5;4001067.814263212
762;3768;8;4001067.814263212
763;3773;5;4001067.814263212
764;3779;6;4001067.814263212
765;3781;2;4001067.814263212
766;3784;3;4001067.814263212
767;3788;4;4001067.814263212
768;3794;6;4001067.814263212
769;3799;5;4001067.814263212
770;3802;3;4001067.814263212
771;3807;5;4001067.814263212
772;3823;16;4001067.814263212
773;3824;1;4001067.814263212
774;3833;9;4001067.814263212
775;3842;9;4001067.814263212
776;3847;5;4001067.814263212
777;3852;5;4001067.814263212
778;3859;7;4001067.814263212
779;3864;5;4001067.814263212
780;3872;8;4001067.814263212
781;3877;5;4001067.814263212
782;3884;7;4001067.814263212
783;3893;9;4001067.814263212
784;3901;8;4001067.814263212
785;3906;5;4001067.814263212
786;3907;1;4001067.814263212
787;3912;5;4001067.814263212
788;3923;11;4001067.814263212
789;3931;8;4001067.814263212
790;3938;7;4001067.814263212
791;3943;5;4001067.814263212
792;3948;5;4001067.814263212
793;3957;9;4001067.814263212
794;3962;5;4001067.814263212
795;3967;5;4001067.814263212
796;3968;1;4001067.814263212
797;3978;10;4001067.814263212
798;3988;10;4001067.814263212
799;4000;12;4001067.814263212
800;4004;4;4001067.814263212
801;4013;9;4001067.814263212
802;4022;9;4001067.814263212
803;4023;1;4001067.814263212
804;4032;9;4001067.814263212
805;4033;1;4001067.814263212
806;4041;8;4001067.814263212
807;4049;8;4001067.814263212
808;4056;7;4001067.814263212
809;4060;4;4001067.814263212
810;4061;1;4001067.814263212
811;4068;7;4001067.814263212
812;4076;8;4001067.814263212
813;4081;5;4001067.814263212
814;4095;14;4001067.814263212
815;4106;11;4001067.814263212
816;4115;9;4001067.814263212
817;4119;4;4001067.814263212
818;4124;5;4001067.814263212
819;4133;9;4001067.814263212
820;4139;6;4001067.814263212
821;4148;9;4001067.814263212
822;4149;1;4001067.814263212
823;4153;4;4001067.814263212
824;4163;10;4001067.814263212
825;4171;8;4001067.814263212
826;4185;14;4001067.814263212
827;4195;10;4001067.814263212
828;4205;10;4001067.814263212
829;4211;6;4001067.814263212
830;4220;9;4001067.814263212
831;4222;2;4001067.814263212
832;4229;7;4001067.814263212
833;4237;8;4001067.814263212
834;4246;9;4001067.814263212
835;4254;8;4001067.814263212
836;4263;9;4001067.814263212
837;4265;2;4001067.814263212
838;4270;5;4001067.814263212
839;4278;8;4001067.814263212
840;4285;7;4001067.814263212
841;4287;2;4001067.814263212
842;4292;5;4001067.814263212
843;4297;5;4001067.814263212
844;4301;4;4001067.814263212
845;4307;6;4001067.814263212
846;4318;11;4001067.814263212
847;4326;8;4001067.814263212
848;4327;1;4001067.814263212
849;4336;9;4001067.814263212
850;4345;9;4001067.814263212
851;4352;7;4001067.814263212
852;4359;7;4001067.814263212
853;4369;10;4001067.814263212
854;4382;13;4001067.814263212
855;4391;9;4001067.814263212
856;4400;9;4001067.814263212
857;4413;13;4001067.814263212
858;4419;6;4001067.814263212
859;4421;2;4001067.814263212
860;4430;9;4001067.814263212
861;4438;8;4001067.814263212
862;4454;16;4001067.814263212
863;4466;12;4001067.814263212
864;4473;7;4001067.814263212
865;4481;8;4001067.814263212
866;4488;7;4001067.814263212
867;4495;7;4001067.814263212
868;4499;4;4001067.814263212
869;4503;4;4001067.814263212
870;4504;1;4001067.814263212
871;4507;3;4001067.814263212
872;4510;3;4001067.814263212
873;4515;5;4001067.814263212
874;4523;8;4001067.814263212
875;4524;1;4001067.814263212
876;4530;6;4001067.814263212
877;4534;4;4001067.814263212
878;4535;1;4001067.814263212
879;4538;3;4001067.814263212
880;4543;5;4001067.814263212
881;4546;3;4001067.814263212
882;4547;1;4001067.814263212
883;4556;9;4001067.814263212
884;4562;6;4001067.814263212
885;4573;11;4001067.814263212
886;4580;7;4001067.814263212
887;4585;5;4001067.814263212
888;4590;5;4001067.814263212
889;4595;5;4001067.814263212
890;4596;1;4001067.814263212
891;4600;4;4001067.814263212
892;4601;1;4001067.814263212
893;4604;3;4001067.814263212
894;4608;4;4001067.814263212
895;4615;7;4001067.814263212
896;4620;5;4001067.814263212
897;4620;0;4001067.814263212
898;4627;7;4001067.814263212
899;4633;6;4001067.814263212
900;4637;4;4001067.814263212
901;4640;3;4001067.814263212
902;4646;6;4001067.814263212
903;4648;2;4001067.814263212
904;4653;5;4001067.814263212
905;4660;7;4001067.814263212
906;4664;4;4001067.814263212
907;4669;5;4001067.814263212
908;4675;6;4001067.814263212
909;4679;4;4001067.814263212
910;4682;3;4001067.814263212
911;4687;5;4001067.814263212
912;4690;3;4001067.814263212
913;4695;5;4001067.814263212
914;4702;7;4001067.814263212
915;4705;3;4001067.814263212
916;4708;3;4001067.814263212
917;4710;2;4001067.814263212
918;4715;5;4001067.814263212
919;4717;2;4001067.814263212
920;4720;3;4001067.814263212
921;4725;5;4001067.814263212
922;4726;1;4001067.814263212
923;4726;0;4001067.814263212
924;4729;3;4001067.814263212
925;4735;6;4001067.814263212
926;4739;4;4001067.814263212
927;4744;5;4001067.814263212
928;4748;4;4001067.814263212
929;4753;5;4001067.814263212
930;4755;2;4001067.814263212
931;4760;5;4001067.814263212
932;4764;4;4001067.814263212
933;4768;4;4001067.814263212
934;4774;6;4001067.814263212
935;4775;1;4001067.814263212
936;4781;6;4001067.814263212
937;4785;4;4001067.814263212
938;4788;3;4001067.814263212
939;4794;6;4001067.814263212
940;4799;5;4001067.814263212
941;4800;1;4001067.814263212
942;4803;3;4001067.814263212
943;4806;3;4001067.814263212
944;4812;6;4001067.814263212
945;4817;5;4001067.814263212
946;4822;5;4001067.814263212
947;4825;3;4001067.814263212
948;4832;7;4001067.814263212
949;4837;5;4001067.814263212
950;4841;4;4001067.814263212
951;4847;6;4001067.814263212
952;4854;7;4001067.814263212
953;4859;5;4001067.814263212
954;4865;6;4001067.814263212
955;4871;6;4001067.814263212
956;4876;5;4001067.814263212
957;4877;1;4001067.814263212
958;4884;7;4001067.814263212
959;4893;9;4001067.814263212
960;4896;3;4001067.814263212
961;4903;7;4001067.814263212
962;4917;14;4001067.814263212
963;4922;5;4001067.814263212
964;4929;7;4001067.814263212
965;4930;1;4001067.814263212
966;4934;4;4001067.814263212
967;4939;5;4001067.814263212
968;4943;4;4001067.814263212
969;4952;9;4001067.814263212
970;4953;1;4001067.814263212
971;4961;8;4001067.814263212
972;4966;5;4001067.814263212
973;4967;1;4001067.814263212
974;4968;1;4001067.814263212
975;4970;2;4001067.814263212
976;4975;5;4001067.814263212
977;4979;4;4001067.814263212
978;4980;1;4001067.814263212
979;4984;4;4001067.814263212
980;4989;5;4001067.814263212
981;4992;3;4001067.814263212
982;4992;0;4001067.814263212
983;4998;6;4001067.814263212
984;5002;4;4001067.814263212
985;5005;3;4001067.814263212
986;5006;1;4001067.814263212
987;5011;5;4001067.814263212
988;5016;5;4001067.814263212
989;5020;4;4001067.814263212
990;5024;4;4001067.814263212
991;5029;5;4001067.814263212
992;5032;3;4001067.814263212
993;5033;1;4001067.814263212
994;5037;4;4001067.814263212
995;5045;8;4001067.814263212
996;5052;7;4001067.814263212
997;5060;8;4001067.814263212
998;5069;9;4001067.814263212
999;5075;6;4001067.814263212
1000;5080;5;4001067.814263212
1001;5081;1;4001067.814263212
1002;5088;7;4001067.814263212
1003;5094;6;4001067.814263212
1004;5098;4;4001067.814263212
1005;5103;5;4001067.814263212
1006;5110;7;4001067.814263212
1007;5116;6;4001067.814263212
1008;5123;7;4001067.814263212
1009;5135;12;4001067.814263212
1010;5142;7;4001067.814263212
1011;5152;10;4001067.814263212
1012;5161;9;4001067.814263212
1013;5166;5;4001067.814263212
1014;5167;1;4001067.814263212
1015;5173;6;4001067.814263212
1016;5182;9;4001067.814263212
1017;5191;9;4001067.814263212
1018;5201;10;4001067.814263212
1019;5210;9;4001067.814263212
1020;5211;1;4001067.814263212
1021;5216;5;4001067.814263212
1022;5227;11;4001067.814263212
1023;5238;11;4001067.814263212
1024;5245;7;4001067.814263212
1025;5249;4;4001067.814263212
1026;5254;5;4001067.814263212
1027;5264;10;4001067.814263212
1028;5272;8;4001067.814263212
1029;5276;4;4001067.814263212
1030;5281;5;4001067.814263212
1031;5284;3;4001067.814263212
1032;5293;9;4001067.814263212
1033;5294;1;4001067.814263212
1034;5302;8;4001067.814263212
1035;5311;9;4001067.814263212
1036;5317;6;4001067.814263212
1037;5327;10;4001067.814263212
1038;5335;8;4001067.814263212
1039;5336;1;4001067.814263212
1040;5341;5;4001067.814263212
1041;5343;2;4001067.814263212
1042;5347;4;4001067.814263212
1043;5350;3;4001067.814263212
1044;5353;3;4001067.814263212
1045;5358;5;4001067.814263212
1046;5360;2;4001067.814263212
1047;5363;3;4001067.814263212
1048;5367;4;4001067.814263212
1049;5372;5;4001067.814263212
1050;5373;1;4001067.814263212
1051;5377;4;4001067.814263212
1052;5378;1;4001067.814263212
1053;5383;5;4001067.814263212
1054;5388;5;4001067.814263212
1055;5394;6;4001067.814263212
1056;5399;5;4001067.814263212
1057;5403;4;4001067.814263212
1058;5403;0;4001067.814263212
1059;5411;8;4001067.814263212
1060;5415;4;4001067.814263212
1061;5422;7;4001067.814263212
1062;5423;1;4001067.814263212
1063;5427;4;4001067.814263212
1064;5428;1;4001067.814263212
1065;5434;6;4001067.814263212
1066;5438;4;4001067.814263212
1067;5443;5;4001067.814263212
1068;5447;4;4001067.814263212
1069;5451;4;4001067.814263212
1070;5459;8;4001067.814263212
1071;5460;1;4001067.814263212
1072;5463;3;4001067.814263212
1073;5465;2;4001067.814263212
1074;5468;3;4001067.814263212
1075;5473;5;4001067.814263212
1076;5476;3;4001067.814263212
1077;5479;3;4001067.814263212
1078;5482;3;4001067.814263212
1079;5487;5;4001067.814263212
1080;5489;2;4001067.814263212
1081;5494;5;4001067.814263212
1082;5496;2;4001067.814263212
1083;5500;4;4001067.814263212
1084;5501;1;4001067.814263212
1085;5506;5;4001067.814263212
1086;5510;4;4001067.814263212
1087;5513;3;4001067.814263212
1088;5520;7;4001067.814263212
1089;5524;4;4001067.814263212
1090;5531;7;4001067.814263212
1091;5535;4;4001067.814263212
1092;5541;6;4001067.814263212
1093;5546;5;4001067.814263212
1094;5551;5;4001067.814263212
1095;5557;6;4001067.814263212
1096;5562;5;4001067.814263212
1097;5568;6;4001067.814263212
1098;5572;4;4001067.814263212
1099;5578;6;4001067.814263212
1100;5588;10;4001067.814263212
1101;5594;6;4001067.814263212
1102;5600;6;4001067.814263212
1103;5606;6;4001067.814263212
1104;5612;6;4001067.814263212
1105;5613;1;4001067.814263212
1106;5614;1;4001067.814263212
1107;5616;2;4001067.814263212
1108;5617;1;4001067.814263212
1109;5623;6;4001067.814263212
1110;5623;0;4001067.814263212
1111;5628;5;4001067.814263212
1112;5631;3;4001067.814263212
1113;5638;7;4001067.814263212
1114;5644;6;4001067.814263212
1115;5648;4;4001067.814263212
1116;5660;12;4001067.814263212
1117;5666;6;4001067.814263212
1118;5669;3;4001067.814263212
1119;5675;6;4001067.814263212
1120;5679;4;4001067.814263212
1121;5683;4;4001067.814263212
1122;5691;8;4001067.814263212
1123;5695;4;4001067.814263212
1124;5698;3;4001067.814263212
1125;5704;6;4001067.814263212
1126;5705;1;4001067.814263212
1127;5711;6;4001067.814263212
1128;5720;9;4001067.814263212
1129;5726;6;4001067.814263212
1130;5729;3;4001067.814263212
1131;5732;3;4001067.814263212
1132;5736;4;4001067.814263212
1133;5739;3;4001067.814263212
1134;5744;5;4001067.814263212
1135;5746;2;4001067.814263212
1136;5750;4;4001067.814263212
1137;5751;1;4001067.814263212
1138;5753;2;4001067.814263212
1139;5756;3;4001067.814263212
1140;5759;3;4001067.814263212
1141;5765;6;4001067.814263212
1142;5768;3;4001067.814263212
1143;5771;3;4001067.814263212
1144;5777;6;4001067.814263212
1145;5780;3;4001067.814263212
1146;5785;5;4001067.814263212
1147;5789;4;4001067.814263212
1148;5790;1;4001067.814263212
1149;5790;0;4001067.814263212
1150;5796;6;4001067.814263212
1151;5801;5;4001067.814263212
1152;5808;7;4001067.814263212
1153;5808;0;4001067.814263212
1154;5813;5;4001067.814263212
1155;5817;4;4001067.814263212
1156;5823;6;4001067.814263212
1157;5830;7;4001067.814263212
1158;5830;0;4001067.814263212
1159;5833;3;4001067.814263212
1160;5834;1;4001067.814263212
1161;5837;3;4001067.814263212
1162;5841;4;4001067.814263212
1163;5844;3;4001067.814263212
1164;5850;6;4001067.814263212
1165;5858;8;4001067.814263212
1166;5859;1;4001067.814263212
1167;5861;2;4001067.814263212
1168;5863;2;4001067.814263212
1169;5870;7;4001067.814263212
1170;5878;8;4001067.814263212
1171;5883;5;4001067.814263212
1172;5889;6;4001067.814263212
1173;5894;5;4001067.814263212
1174;5896;2;4001067.814263212
1175;5900;4;4001067.814263212
1176;5900;0;4001067.814263212
1177;5905;5;4001067.814263212
1178;5908;3;4001067.814263212
1179;5911;3;4001067.814263212
1180;5911;0;4001067.814263212
1181;5916;5;4001067.814263212
1182;5917;1;4001067.814263212
1183;5921;4;4001067.814263212
1184;5922;1;4001067.814263212
1185;5922;0;4001067.814263212
1186;5923;1;4001067.814263212
1187;5927;4;4001067.814263212
1188;5933;6;4001067.814263212
1189;5940;7;4001067.814263212
1190;5946;6;4001067.814263212
1191;5946;0;4001067.814263212
1192;5949;3;4001067.814263212
1193;5955;6;4001067.814263212
1194;5956;1;4001067.814263212
1195;5963;7;4001067.814263212
1196;5964;1;4001067.814263212
1197;5969;5;4001067.814263212
1198;5977;8;4001067.814263212
1199;5983;6;4001067.814263212
1200;5990;7;4001067.814263212
1201;5995;5;4001067.814263212
1202;5997;2;4001067.814263212
1203;5998;1;4001067.814263212
1204;6001;3;4001067.814263212
1205;6005;4;4001067.814263212
1206;6010;5;4001067.814263212
1207;6015;5;4001067.814263212
1208;6018;3;4001067.814263212
1209;6030;12;4001067.814263212
1210;6037;7;4001067.814263212
1211;6043;6;4001067.814263212
1212;6048;5;4001067.814263212
1213;6049;1;4001067.814263212
1214;6053;4;4001067.814263212
1215;6057;4;4001067.814263212
1216;6064;7;4001067.814263212
1217;6065;1;4001067.814263212
1218;6069;4;4001067.814263212
1219;6070;1;4001067.814263212
1220;6075;5;4001067.814263212
1221;6079;4;4001067.814263212
1222;6085;6;4001067.814263212
1223;6090;5;4001067.814263212
1224;6090;0;4001067.814263212
1225;6093;3;4001067.814263212
1226;6094;1;4001067.814263212
1227;6097;3;4001067.814263212
1228;6103;6;4001067.814263212
1229;6106;3;4001067.814263212
1230;6111;5;4001067.814263212
1231;6113;2;4001067.814263212
1232;6118;5;4001067.814263212
1233;6121;3;4001067.814263212
1234;6124;3;4001067.814263212
1235;6127;3;4001067.814263212
1236;6130;3;4001067.814263212
1237;6133;3;4001067.814263212
1238;6137;4;4001067.814263212
1239;6142;5;4001067.814263212
1240;6144;2;4001067.814263212
1241;6146;2;4001067.814263212
1242;6148;2;4001067.814263212
1243;6150;2;4001067.814263212
1244;6154;4;4001067.814263212
1245;6158;4;4001067.814263212
1246;6163;5;4001067.814263212
1247;6167;4;4001067.814263212
1248;6171;4;4001067.814263212
1249;6176;5;4001067.814263212
1250;6181;5;4001067.814263212
1251;6182;1;4001067.814263212
1252;6187;5;4001067.814263212
1253;6193;6;4001067.814263212
1254;6196;3;4001067.814263212
1255;6199;3;4001067.814263212
1256;6202;3;4001067.814263212
1257;6207;5;4001067.814263212
1258;6210;3;4001067.814263212
1259;6213;3;4001067.814263212
1260;6215;2;4001067.814263212
1261;6217;2;4001067.814263212
1262;6222;5;4001067.814263212
1263;6226;4;4001067.814263212
1264;6230;4;4001067.814263212
1265;6231;1;4001067.814263212
1266;6235;4;4001067.814263212
1267;6239;4;4001067.814263212
1268;6242;3;4001067.814263212
1269;6243;1;4001067.814263212
1270;6244;1;4001067.814263212
1271;6248;4;4001067.814263212
1272;6252;4;4001067.814263212
1273;6256;4;4001067.814263212
1274;6259;3;4001067.814263212
1275;6263;4;4001067.814263212
1276;6264;1;4001067.814263212
1277;6267;3;4001067.814263212
1278;6268;1;4001067.814263212
1279;6268;0;4001067.814263212
1280;6270;2;4001067.814263212
1281;6273;3;4001067.814263212
1282;6277;4;4001067.814263212
1283;6280;3;4001067.814263212
1284;6280;0;4001067.814263212
1285;6283;3;4001067.814263212
1286;6287;4;4001067.814263212
1287;6298;11;4001067.814263212
1288;6304;6;4001067.814263212
1289;6316;12;4001067.814263212
1290;6348;32;4001067.814263212
1291;6357;9;4001067.814263212
1292;6377;20;4001067.814263212
1293;6380;3;4001067.814263212
1294;6389;9;4001067.814263212
1295;6396;7;4001067.814263212
1296;6401;5;4001067.814263212
1297;6406;5;4001067.814263212
1298;6409;3;4001067.814263212
1299;6413;4;4001067.814263212
1300;6417;4;4001067.814263212
1301;6418;1;4001067.814263212
1302;6426;8;4001067.814263212
1303;6432;6;4001067.814263212
1304;6438;6;4001067.814263212
1305;6443;5;4001067.814263212
1306;6444;1;4001067.814263212
1307;6449;5;4001067.814263212
1308;6452;3;4001067.814263212
1309;6453;1;4001067.814263212
1310;6456;3;4001067.814263212
1311;6459;3;4001067.814263212
1312;6462;3;4001067.814263212
1313;6465;3;4001067.814263212
1314;6469;4;4001067.814263212
1315;6470;1;4001067.814263212
1316;6474;4;4001067.814263212
1317;6478;4;4001067.814263212
1318;6480;2;4001067.814263212
1319;6481;1;4001067.814263212
1320;6482;1;4001067.814263212
1321;6490;8;4001067.814263212
1322;6494;4;4001067.814263212
1323;6498;4;4001067.814263212
1324;6502;4;4001067.814263212
1325;6511;9;4001067.814263212
1326;6516;5;4001067.814263212
1327;6524;8;4001067.814263212
1328;6524;0;4001067.814263212
1329;6530;6;4001067.814263212
1330;6534;4;4001067.814263212
1331;6539;5;4001067.814263212
1332;6540;1;4001067.814263212
1333;6544;4;4001067.814263212
1334;6547;3;4001067.814263212
1335;6554;7;4001067.814263212
1336;6558;4;4001067.814263212
1337;6561;3;4001067.814263212
1338;6565;4;4001067.814263212
1339;6570;5;4001067.814263212
1340;6574;4;4001067.814263212
1341;6574;0;4001067.814263212
1342;6579;5;4001067.814263212
1343;6584;5;4001067.814263212
1344;6588;4;4001067.814263212
1345;6593;5;4001067.814263212
1346;6598;5;4001067.814263212
1347;6601;3;4001067.814263212
1348;6604;3;4001067.814263212
1349;6609;5;4001067.814263212
1350;6610;1;4001067.814263212
1351;6610;0;4001067.814263212
1352;6612;2;4001067.814263212
1353;6613;1;4001067.814263212
1354;6616;3;4001067.814263212
1355;6619;3;4001067.814263212
1356;6620;1;4001067.814263212
1357;6624;4;4001067.814263212
1358;6627;3;4001067.814263212
1359;6632;5;4001067.814263212
1360;6636;4;4001067.814263212
1361;6643;7;4001067.814263212
1362;6649;6;4001067.814263212
1363;6652;3;4001067.814263212
1364;6656;4;4001067.814263212
1365;6656;0;4001067.814263212
1366;6663;7;4001067.814263212
1367;6670;7;4001067.814263212
1368;6671;1;4001067.814263212
1369;6677;6;4001067.814263212
1370;6677;0;4001067.814263212
1371;6682;5;4001067.814263212
1372;6691;9;4001067.814263212
1373;6701;10;4001067.814263212
1374;6710;9;4001067.814263212
1375;6714;4;4001067.814263212
1376;6721;7;4001067.814263212
1377;6728;7;4001067.814263212
1378;6730;2;4001067.814263212
1379;6731;1;4001067.814263212
1380;6748;17;4001067.814263212
1381;6754;6;4001067.814263212
1382;6759;5;4001067.814263212
1383;6762;3;4001067.814263212
1384;6763;1;4001067.814263212
1385;6770;7;4001067.814263212
1386;6772;2;4001067.814263212
1387;6780;8;4001067.814263212
1388;6789;9;4001067.814263212
1389;6799;10;4001067.814263212
1390;6804;5;4001067.814263212
1391;6810;6;4001067.814263212
1392;6814;4;4001067.814263212
1393;6820;6;4001067.814263212
1394;6823;3;4001067.814263212
1395;6830;7;4001067.814263212
1396;6833;3;4001067.814263212
1397;6835;2;4001067.814263212
1398;6840;5;4001067.814263212
1399;6846;6;4001067.814263212
1400;6849;3;4001067.814263212
1401;6853;4;4001067.814263212
1402;6859;6;4001067.814263212
1403;6866;7;4001067.814263212
1404;6869;3;4001067.814263212
1405;6873;4;4001067.814263212
1406;6877;4;4001067.814263212
1407;6882;5;4001067.814263212
1408;6884;2;4001067.814263212
1409;6887;3;4001067.814263212
1410;6888;1;4001067.814263212
1411;6891;3;4001067.814263212
1412;6894;3;4001067.814263212
1413;6896;2;4001067.814263212
1414;6901;5;4001067.814263212
1415;6906;5;4001067.814263212
1416;6907;1;4001067.814263212
1417;6913;6;4001067.814263212
1418;6917;4;4001067.814263212
1419;6919;2;4001067.814263212
1420;6923;4;4001067.814263212
1421;6926;3;4001067.814263212
1422;6931;5;4001067.814263212
1423;6936;5;4001067.814263212
1424;6940;4;4001067.814263212
1425;6944;4;4001067.814263212
1426;6948;4;4001067.814263212
1427;6952;4;4001067.814263212
1428;6954;2;4001067.814263212
1429;6959;5;4001067.814263212
1430;6965;6;4001067.814263212
1431;6969;4;4001067.814263212
1432;6974;5;4001067.814263212
1433;6979;5;4001067.814263212
1434;6984;5;4001067.814263212
1435;6990;6;4001067.814263212
1436;6994;4;4001067.814263212
1437;6997;3;4001067.814263212
1438;6997;0;4001067.814263212
1439;6999;2;4001067.814263212
1440;7004;5;4001067.814263212
1441;7008;4;4001067.814263212
1442;7012;4;4001067.814263212
1443;7015;3;4001067.814263212
1444;7021;6;4001067.814263212
1445;7026;5;4001067.814263212
1446;7030;4;4001067.814263212
1447;7035;5;4001067.814263212
1448;7040;5;4001067.814263212
1449;7042;2;4001067.814263212
1450;7044;2;4001067.814263212
1451;7050;6;4001067.814263212
1452;7055;5;4001067.814263212
1453;7060;5;4001067.814263212
1454;7062;2;4001067.814263212
1455;7065;3;4001067.814263212
1456;7066;1;4001067.814263212
1457;7067;1;4001067.814263212
1458;7068;1;4001067.814263212
1459;7069;1;4001067.814263212
1460;7069;0;4001067.814263212
1461;7072;3;4001067.814263212
1462;7077;5;4001067.814263212
1463;7080;3;4001067.814263212
1464;7083;3;4001067.814263212
1465;7083;0;4001067.814263212
1466;7088;5;4001067.814263212
1467;7096;8;4001067.814263212
1468;7099;3;4001067.814263212
1469;7103;4;4001067.814263212
1470;7104;1;4001067.814263212
1471;7111;7;4001067.814263212
1472;7118;7;4001067.814263212
1473;7119;1;4001067.814263212
1474;7123;4;4001067.814263212
1475;7130;7;4001067.814263212
1476;7136;6;4001067.814263212
1477;7145;9;4001067.814263212
1478;7152;7;4001067.814263212
1479;7156;4;4001067.814263212
1480;7156;0;4001067.814263212
1481;7158;2;4001067.814263212
1482;7160;2;4001067.814263212
1483;7167;7;4001067.814263212
1484;7170;3;4001067.814263212
1485;7179;9;4001067.814263212
1486;7179;0;4001067.814263212
1487;7181;2;4001067.814263212
1488;7184;3;4001067.814263212
1489;7188;4;4001067.814263212
1490;7191;3;4001067.814263212
1491;7194;3;4001067.814263212
1492;7198;4;4001067.814263212
1493;7202;4;4001067.814263212
1494;7206;4;4001067.814263212
1495;7209;3;4001067.814263212
1496;7213;4;4001067.814263212
1497;7219;6;4001067.814263212
1498;7219;0;4001067.814263212
1499;7223;4;4001067.814263212
1500;7227;4;4001067.814263212
1501;7234;7;4001067.814263212
1502;7237;3;4001067.814263212
1503;7239;2;4001067.814263212
1504;7242;3;4001067.814263212
1505;7248;6;4001067.814263212
1506;7253;5;4001067.814263212
1507;7255;2;4001067.814263212
1508;7263;8;4001067.814263212
1509;7268;5;4001067.814263212
1510;7269;1;4001067.814263212
1511;7272;3;4001067.814263212
1512;7273;1;4001067.814263212
1513;7276;3;4001067.814263212
1514;7277;1;4001067.814263212
1515;7282;5;4001067.814263212
1516;7286;4;4001067.814263212
1517;7293;7;4001067.814263212
1518;7300;7;4001067.814263212
1519;7304;4;4001067.814263212
1520;7309;5;4001067.814263212
1521;7314;5;4001067.814263212
1522;7317;3;4001067.814263212
1523;7319;2;4001067.814263212
1524;7322;3;4001067.814263212
1525;7328;6;4001067.814263212
1526;7332;4;4001067.814263212
1527;7337;5;4001067.814263212
1528;7337;0;4001067.814263212
1529;7340;3;4001067.814263212
1530;7342;2;4001067.814263212
1531;7347;5;4001067.814263212
1532;7350;3;4001067.814263212
1533;7354;4;4001067.814263212
1534;7359;5;4001067.814263212
1535;7363;4;4001067.814263212
1536;7368;5;4001067.814263212
1537;7371;3;4001067.814263212
1538;7372;1;4001067.814263212
1539;7373;1;4001067.814263212
1540;7374;1;4001067.814263212
1541;7378;4;4001067.814263212
1542;7381;3;4001067.814263212
1543;7387;6;4001067.814263212
1544;7387;0;4001067.814263212
1545;7392;5;4001067.814263212
1546;7396;4;4001067.814263212
1547;7399;3;4001067.814263212
1548;7403;4;4001067.814263212
1549;7407;4;4001067.814263212
1550;7413;6;4001067.814263212
1551;7417;4;4001067.814263212
1552;7419;2;4001067.814263212
1553;7425;6;4001067.814263212
1554;7426;1;4001067.814263212
1555;7433;7;4001067.814263212
1556;7437;4;4001067.814263212
1557;7441;4;4001067.814263212
1558;7448;7;4001067.814263212
1559;7453;5;4001067.814263212
1560;7461;8;4001067.814263212
1561;7467;6;4001067.814263212
1562;7470;3;4001067.814263212
1563;7477;7;4001067.814263212
1564;7488;11;4001067.814263212
1565;7495;7;4001067.814263212
1566;7500;5;4001067.814263212
1567;7502;2;4001067.814263212
1568;7503;1;4001067.814263212
1569;7508;5;4001067.814263212
1570;7513;5;4001067.814263212
1571;7520;7;4001067.814263212
1572;7528;8;4001067.814263212
1573;7536;8;4001067.814263212
1574;7547;11;4001067.814263212
1575;7560;13;4001067.814263212
1576;7563;3;4001067.814263212
1577;7572;9;4001067.814263212
1578;7573;1;4001067.814263212
1579;7585;12;4001067.814263212
1580;7592;7;4001067.814263212
1581;7600;8;4001067.814263212
1582;7617;17;4001067.814263212
1583;7624;7;4001067.814263212
1584;7633;9;4001067.814263212
1585;7654;21;4001067.814263212
1586;7671;17;4001067.814263212
1587;7682;11;4001067.814263212
1588;7692;10;4001067.814263212
1589;7695;3;4001067.814263212
1590;7696;1;4001067.814263212
1591;7705;9;4001067.814263212
1592;7710;5;4001067.814263212
1593;7715;5;4001067.814263212
1594;7722;7;4001067.814263212
1595;7728;6;4001067.814263212
1596;7728;0;4001067.814263212
1597;7735;7;4001067.814263212
1598;7738;3;4001067.814263212
1599;7743;5;4001067.814263212
1600;7745;2;4001067.814263212
1601;7749;4;4001067.814263212
1602;7754;5;4001067.814263212
1603;7760;6;4001067.814263212
1604;7767;7;4001067.814263212
1605;7774;7;4001067.814263212
1606;7782;8;4001067.814263212
1607;7789;7;4001067.814263212
1608;7799;10;4001067.814263212
1609;7803;4;4001067.814263212
1610;7810;7;4001067.814263212
1611;7814;4;4001067.814263212
1612;7821;7;4001067.814263212
1613;7822;1;4001067.814263212
1614;7830;8;4001067.814263212
1615;7837;7;4001067.814263212
1616;7842;5;4001067.814263212
1617;7846;4;4001067.814263212
1618;7852;6;4001067.814263212
1619;7856;4;4001067.814263212
1620;7861;5;4001067.814263212
1621;7864;3;4001067.814263212
1622;7870;6;4001067.814263212
1623;7874;4;4001067.814263212
1624;7879;5;4001067.814263212
1625;7883;4;4001067.814263212
1626;7884;1;4001067.814263212
1627;7884;0;4001067.814263212
1628;7887;3;4001067.814263212
1629;7888;1;4001067.814263212
1630;7891;3;4001067.814263212
1631;7892;1;4001067.814263212
1632;7894;2;4001067.814263212
1633;7897;3;4001067.814263212
1634;7900;3;4001067.814263212
1635;7902;2;4001067.814263212
1636;7905;3;4001067.814263212
1637;7910;5;4001067.814263212
1638;7911;1;4001067.814263212
1639;7917;6;4001067.814263212
1640;7921;4;4001067.814263212
1641;7926;5;4001067.814263212
1642;7929;3;4001067.814263212
1643;7932;3;4001067.814263212
1644;7933;1;4001067.814263212
1645;7933;0;4001067.814263212
1646;7938;5;4001067.814263212
1647;7940;2;4001067.814263212
1648;7943;3;4001067.814263212
1649;7945;2;4001067.814263212
1650;7950;5;4001067.814263212
1651;7958;8;4001067.814263212
1652;7964;6;4001067.814263212
1653;7966;2;4001067.814263212
1654;7971;5;4001067.814263212
1655;7976;5;4001067.814263212
1656;7980;4;4001067.814263212
1657;7988;8;4001067.814263212
1658;7989;1;4001067.814263212
1659;7995;6;4001067.814263212
1660;8000;5;4001067.814263212
1661;8001;1;4001067.814263212
1662;8009;8;4001067.814263212
1663;8026;17;4001067.814263212
1664;8033;7;4001067.814263212
1665;8037;4;4001067.814263212
1666;8038;1;4001067.814263212
1667;8044;6;4001067.814263212
1668;8045;1;4001067.814263212
1669;8053;8;4001067.814263212
1670;8062;9;4001067.814263212
1671;8063;1;4001067.814263212
1672;8074;11;4001067.814263212
1673;8079;5;4001067.814263212
1674;8085;6;4001067.814263212
1675;8090;5;4001067.814263212
1676;8097;7;4001067.814263212
1677;8104;7;4001067.814263212
1678;8113;9;4001067.814263212
1679;8125;12;4001067.814263212
1680;8127;2;4001067.814263212
1681;8140;13;4001067.814263212
1682;8148;8;4001067.814263212
1683;8149;1;4001067.814263212
1684;8151;2;4001067.814263212
1685;8160;9;4001067.814263212
1686;8172;12;4001067.814263212
1687;8183;11;4001067.814263212
1688;8191;8;4001067.814263212
1689;8199;8;4001067.814263212
1690;8205;6;4001067.814263212
1691;8206;1;4001067.814263212
1692;8213;7;4001067.814263212
1693;8220;7;4001067.814263212
1694;8232;12;4001067.814263212
1695;8243;11;4001067.814263212
1696;8245;2;4001067.814263212
1697;8256;11;4001067.814263212
1698;8265;9;4001067.814263212
1699;8273;8;4001067.814263212
1700;8282;9;4001067.814263212
1701;8289;7;4001067.814263212
1702;8303;14;4001067.814263212
1703;8311;8;4001067.814263212
1704;8326;15;4001067.814263212
1705;8327;1;4001067.814263212
1706;8342;15;4001067.814263212
1707;8373;31;4001067.814263212
1708;8382;9;4001067.814263212
1709;8407;25;4001067.814263212
1710;8424;17;4001067.814263212
1711;8434;10;4001067.814263212
1712;8442;8;4001067.814263212
1713;8453;11;4001067.814263212
1714;8460;7;4001067.814263212
1715;8468;8;4001067.814263212
1716;8473;5;4001067.814263212
1717;8477;4;4001067.814263212
1718;8483;6;4001067.814263212
1719;8484;1;4001067.814263212
1720;8492;8;4001067.814263212
1721;8493;1;4001067.814263212
1722;8505;12;4001067.814263212
1723;8506;1;4001067.814263212
1724;8507;1;4001067.814263212
1725;8515;8;4001067.814263212
1726;8517;2;4001067.814263212
1727;8529;12;4001067.814263212
1728;8542;13;4001067.814263212
1729;8544;2;4001067.814263212
1730;8555;11;4001067.814263212
1731;8564;9;4001067.814263212
1732;8568;4;4001067.814263212
1733;8571;3;4001067.814263212
1734;8577;6;4001067.814263212
1735;8577;0;4001067.814263212
1736;8583;6;4001067.814263212
1737;8588;5;4001067.814263212
1738;8593;5;4001067.814263212
1739;8595;2;4001067.814263212
1740;8597;2;4001067.814263212
1741;8599;2;4001067.814263212
1742;8604;5;4001067.814263212
1743;8607;3;4001067.814263212
1744;8611;4;4001067.814263212
1745;8614;3;4001067.814263212
1746;8615;1;4001067.814263212
1747;8619;4;4001067.814263212
1748;8623;4;4001067.814263212
1749;8626;3;4001067.814263212
1750;8626;0;4001067.814263212
1751;8631;5;4001067.814263212
1752;8634;3;4001067.814263212
1753;8639;5;4001067.814263212
1754;8645;6;4001067.814263212
1755;8649;4;4001067.814263212
1756;8653;4;4001067.814263212
1757;8654;1;4001067.814263212
1758;8656;2;4001067.814263212
1759;8663;7;4001067.814263212
1760;8667;4;4001067.814263212
1761;8668;1;4001067.814263212
1762;8674;6;4001067.814263212
1763;8680;6;4001067.814263212
1764;8682;2;4001067.814263212
1765;8683;1;4001067.814263212
1766;8688;5;4001067.814263212
1767;8691;3;4001067.814263212
1768;8692;1;4001067.814263212
1769;8697;5;4001067.814263212
1770;8700;3;4001067.814263212
1771;8700;0;4001067.814263212
1772;8705;5;4001067.814263212
1773;8708;3;4001067.814263212
1774;8712;4;4001067.814263212
1775;8715;3;4001067.814263212
1776;8719;4;4001067.814263212
1777;8722;3;4001067.814263212
1778;8723;1;4001067.814263212
1779;8727;4;4001067.814263212
1780;8735;8;4001067.814263212
1781;8740;5;4001067.814263212
1782;8743;3;4001067.814263212
1783;8746;3;4001067.814263212
1784;8748;2;4001067.814263212
1785;8753;5;4001067.814263212
1786;8756;3;4001067.814263212
1787;8760;4;4001067.814263212
1788;8764;4;4001067.814263212
1789;8768;4;4001067.814263212
1790;8771;3;4001067.814263212
1791;8776;5;4001067.814263212
1792;8779;3;4001067.814263212
1793;8783;4;4001067.814263212
1794;8783;0;4001067.814263212
1795;8788;5;4001067.814263212
1796;8793;5;4001067.814263212
1797;8798;5;4001067.814263212
1798;8802;4;4001067.814263212
1799;8806;4;4001067.814263212
1800;8809;3;4001067.814263212
1801;8810;1;4001067.814263212
1802;8814;4;4001067.814263212
1803;8817;3;4001067.814263212
1804;8822;5;4001067.814263212
1805;8823;1;4001067.814263212
1806;8827;4;4001067.814263212
1807;8834;7;4001067.814263212
1808;8842;8;4001067.814263212
1809;8845;3;4001067.814263212
1810;8853;8;4001067.814263212
1811;8859;6;4001067.814263212
1812;8863;4;4001067.814263212
1813;8867;4;4001067.814263212
1814;8868;1;4001067.814263212
1815;8872;4;4001067.814263212
1816;8883;11;4001067.814263212
1817;8888;5;4001067.814263212
1818;8895;7;4001067.814263212
1819;8902;7;4001067.814263212
1820;8908;6;4001067.814263212
1821;8919;11;4001067.814263212
1822;8924;5;4001067.814263212
1823;8931;7;4001067.814263212
1824;8933;2;4001067.814263212
1825;8940;7;4001067.814263212
1826;8942;2;4001067.814263212
1827;8947;5;4001067.814263212
1828;8954;7;4001067.814263212
1829;8959;5;4001067.814263212
1830;8966;7;4001067.814263212
1831;8971;5;4001067.814263212
1832;8976;5;4001067.814263212
1833;8977;1;4001067.814263212
1834;8982;5;4001067.814263212
1835;8990;8;4001067.814263212
1836;8999;9;4001067.814263212
1837;9003;4;4001067.814263212
1838;9009;6;4001067.814263212
1839;9010;1;4001067.814263212
1840;9014;4;4001067.814263212
1841;9022;8;4001067.814263212
1842;9028;6;4001067.814263212
1843;9032;4;4001067.814263212
1844;9038;6;4001067.814263212
1845;9045;7;4001067.814263212
1846;9052;7;4001067.814263212
1847;9058;6;4001067.814263212
1848;9067;9;4001067.814263212
1849;9069;2;4001067.814263212
1850;9076;7;4001067.814263212
1851;9084;8;4001067.814263212
1852;9091;7;4001067.814263212
1853;9095;4;4001067.814263212
1854;9103;8;4001067.814263212
1855;9109;6;4001067.814263212
1856;9117;8;4001067.814263212
1857;9118;1;4001067.814263212
1858;9124;6;4001067.814263212
1859;9129;5;4001067.814263212
1860;9137;8;4001067.814263212
1861;9140;3;4001067.814263212
1862;9141;1;4001067.814263212
1863;9146;5;4001067.814263212
1864;9151;5;4001067.814263212
1865;9158;7;4001067.814263212
1866;9164;6;4001067.814263212
1867;9169;5;4001067.814263212
1868;9175;6;4001067.814263212
1869;9180;5;4001067.814263212
1870;9189;9;4001067.814263212
1871;9192;3;4001067.814263212
1872;9198;6;4001067.814263212
1873;9199;1;4001067.814263212
1874;9207;8;4001067.814263212
1875;9213;6;4001067.814263212
1876;9218;5;4001067.814263212
1877;9221;3;4001067.814263212
1878;9222;1;4001067.814263212
1879;9230;8;4001067.814263212
1880;9234;4;4001067.814263212
1881;9235;1;4001067.814263212
1882;9241;6;4001067.814263212
1883;9249;8;4001067.814263212
1884;9254;5;4001067.814263212
1885;9271;17;4001067.814263212
1886;9276;5;4001067.814263212
1887;9282;6;4001067.814263212
1888;9291;9;4001067.814263212
1889;9298;7;4001067.814263212
1890;9304;6;4001067.814263212
1891;9310;6;4001067.814263212
1892;9315;5;4001067.814263212
1893;9323;8;4001067.814263212
1894;9328;5;4001067.814263212
1895;9331;3;4001067.814263212
1896;9334;3;4001067.814263212
1897;9340;6;4001067.814263212
1898;9346;6;4001067.814263212
1899;9351;5;4001067.814263212
1900;9354;3;4001067.814263212
1901;9362;8;4001067.814263212
1902;9369;7;4001067.814263212
1903;9376;7;4001067.814263212
1904;9377;1;4001067.814263212
1905;9386;9;4001067.814263212
1906;9393;7;4001067.814263212
1907;9397;4;4001067.814263212
1908;9399;2;4001067.814263212
1909;9406;7;4001067.814263212
1910;9410;4;4001067.814263212
1911;9416;6;4001067.814263212
1912;9420;4;4001067.814263212
1913;9427;7;4001067.814263212
1914;9432;5;4001067.814263212
1915;9439;7;4001065.6495531723
1916;9451;12;4001065.6495531723
1917;9465;14;4001065.6495531723
1918;9470;5;4001065.6495531723
1919;9474;4;4001065.6495531723
1920;9479;5;4001065.6495531723
1921;9486;7;4001065.6495531723
1922;9497;11;4001065.6495531723
1923;9503;6;4001065.6495531723
1924;9510;7;4001065.6495531723
1925;9517;7;4001065.6495531723
1926;9523;6;4001065.6495531723
1927;9528;5;4001065.6495531723
1928;9533;5;4001065.6495531723
1929;9537;4;4001065.6495531723
1930;9543;6;4001065.6495531723
1931;9548;5;4001065.6495531723
1932;9553;5;4001065.6495531723
1933;9561;8;4001065.6495531723
1934;9579;18;4001065.6495531723
1935;9592;13;4001065.6495531723
1936;9596;4;4001065.6495531723
1937;9601;5;4001065.6495531723
1938;9608;7;4001065.6495531723
1939;9612;4;4001065.6495531723
1940;9617;5;4001065.6495531723
1941;9618;1;4001065.6495531723
1942;9619;1;4001065.6495531723
1943;9623;4;4001065.6495531723
1944;9630;7;4001065.6495531723
1945;9633;3;4001065.6495531723
1946;9640;7;4001065.6495531723
1947;9645;5;4001065.6495531723
1948;9646;1;4001065.6495531723
1949;9647;1;4001065.6495531723
1950;9648;1;4001065.6495531723
1951;9653;5;4001065.6495531723
1952;9656;3;4001065.6495531723
1953;9661;5;4001065.6495531723
1954;9665;4;4001065.6495531723
1955;9675;10;4001065.6495531723
1956;9677;2;4001065.6495531723
1957;9681;4;4001065.6495531723
1958;9685;4;4001065.6495531723
1959;9689;4;4001065.6495531723
1960;9696;7;4001065.6495531723
1961;9697;1;4001065.6495531723
1962;9703;6;4001065.6495531723
1963;9707;4;4001065.6495531723
1964;9713;6;4001065.6495531723
1965;9716;3;4001065.6495531723
1966;9723;7;4001065.6495531723
1967;9735;12;4001065.6495531723
1968;9744;9;4001065.6495531723
1969;9749;5;4001065.6495531723
1970;9753;4;4001065.6495531723
1971;9757;4;4001065.6495531723
1972;9769;12;4001065.6495531723
1973;9779;10;4001065.6495531723
1974;9785;6;4001065.6495531723
1975;9793;8;4001065.6495531723
1976;9795;2;4001065.6495531723
1977;9796;1;4001065.6495531723
1978;9804;8;4001065.6495531723
1979;9809;5;4001065.6495531723
1980;9816;7;4001065.6495531723
1981;9819;3;4001065.6495531723
1982;9823;4;4001065.6495531723
1983;9824;1;4001065.6495531723
1984;9830;6;4001065.6495531723
1985;9833;3;4001065.6495531723
1986;9839;6;4001065.6495531723
1987;9848;9;4001065.6495531723
1988;9855;7;4001065.6495531723
1989;9858;3;4001065.6495531723
1990;9859;1;4001065.6495531723
1991;9879;20;4001065.6495531723
1992;9884;5;4001065.6495531723
1993;9889;5;4001065.6495531723
1994;9895;6;4001065.6495531723
1995;9904;9;4001065.6495531723
1996;9908;4;4001065.6495531723
1997;9915;7;4001059.8610315877
1998;9922;7;4001053.19223937
1999;9933;11;4001053.19223937
2000;9939;6;4001037.1442088345
2001;9944;5;4001033.007039563
2002;9949;5;4001033.007039563
2003;9957;8;4001033.007039563
2004;9966;9;4001033.007039563
2005;9976;10;4001033.007039563
2006;9984;8;4001012.5961422273
2007;9992;8;4001009.268550106
2008;9998;6;4001009.268550106
2009;9999;1;4001009.268550106
2010;10007;8;4001009.268550106
2011;10011;4;4001009.268550106
2012;10016;5;4001009.268550106
2013;10022;6;4001009.268550106
2014;10024;2;4001009.268550106
2015;10030;6;4001009.268550106
2016;10038;8;4001009.268550106
2017;10039;1;4001009.268550106
2018;10041;2;4001009.268550106
2019;10042;1;4001009.268550106
2020;10050;8;4001009.268550106
2021;10054;4;4001009.268550106
2022;10060;6;4001009.268550106
2023;10061;1;4001009.268550106
2024;10069;8;4001009.268550106
2025;10070;1;4001009.268550106
2026;10075;5;4001009.268550106
2027;10081;6;4001009.268550106
2028;10085;4;4001009.268550106
2029;10088;3;4001009.268550106
2030;10092;4;4001009.268550106
2031;10096;4;4001009.268550106
2032;10106;10;4001009.268550106
2033;10106;0;4001009.268550106
2034;10112;6;4001009.268550106
2035;10113;1;4001009.268550106
2036;10119;6;4001009.268550106
2037;10126;7;4001009.268550106
2038;10132;6;4001009.268550106
2039;10141;9;4001009.268550106
2040;10149;8;4001009.268550106
2041;10163;14;4001009.268550106
2042;10167;4;4001009.268550106
2043;10172;5;4001009.268550106
2044;10178;6;4001009.268550106
2045;10184;6;4001009.268550106
2046;10186;2;4001009.268550106
2047;10191;5;4001009.268550106
2048;10198;7;4001009.268550106
2049;10208;10;3001144.677999902
2050;10218;10;3001138.012118511
2051;10231;13;3001138.012118511
2052;10239;8;3001136.237964658
2053;10243;4;3001136.237964658
2054;10247;4;3001136.237964658
2055;10252;5;3001118.5426839106
2056;10258;6;3001118.5426839106
2057;10263;5;3001118.5426839106
2058;10270;7;3001118.5426839106
2059;10279;9;3001118.5426839106
2060;10283;4;3001118.5426839106
2061;10284;1;3001118.5426839106
2062;10289;5;3001118.5426839106
2063;10291;2;3001113.5926418365
2064;10304;13;3001113.5926418365
2065;10310;6;3001113.5926418365
2066;10311;1;3001113.5926418365
2067;10312;1;3001113.5926418365
2068;10316;4;3001113.5926418365
2069;10318;2;3001113.5926418365
2070;10324;6;3001113.5926418365
2071;10331;7;3001113.5926418365
2072;10339;8;3001113.5926418365
2073;10344;5;3001095.61016997
2074;10357;13;3001085.154422722
2075;10362;5;3001085.154422722
2076;10363;1;3001085.154422722
2077;10370;7;3001085.154422722
2078;10375;5;3001085.154422722
2079;10382;7;3001085.154422722
2080;10385;3;3001063.823993413
2081;10394;9;3001063.823993413
2082;10400;6;3001063.823993413
2083;10408;8;3001062.150146661
2084;10416;8;3001057.700532496
2085;10431;15;3001057.700532496
2086;10433;2;3001056.8771549114
2087;10439;6;3001056.8771549114
2088;10447;8;3001056.8771549114
2089;10452;5;3001056.8771549114
2090;10476;24;3001056.8771549114
2091;10497;21;3001056.8771549114
2092;10532;35;3001056.8771549114
2093;10550;18;3001056.8771549114
2094;10551;1;3001056.8771549114
2095;10574;23;3001056.8771549114
2096;10591;17;3001045.318054455
2097;10596;5;3001040.2804995114
2098;10600;4;3001040.2804995114
2099;10608;8;3001040.2804995114
2100;10615;7;3001040.2804995114
2101;10619;4;3001040.2804995114
2102;10620;1;3001040.2804995114
2103;10630;10;3001040.2804995114
2104;10637;7;3001040.2804995114
2105;10643;6;3001040.2804995114
2106;10656;13;3001040.2804995114
2107;10659;3;3001040.2804995114
2108;10675;16;3001040.2804995114
2109;10679;4;3001040.2804995114
2110;10684;5;3001040.2804995114
2111;10690;6;3001040.2804995114
2112;10695;5;3001040.2804995114
2113;10705;10;3001040.2804995114
2114;10718;13;3001040.2804995114
2115;10729;11;3001040.2804995114
2116;10749;20;3001040.2804995114
2117;10750;1;3001040.2804995114
2118;10757;7;3001040.2804995114
2119;10764;7;3001040.2804995114
2120;10774;10;3001040.2804995114
2121;10783;9;3001040.2804995114
2122;10790;7;3001040.2804995114
2123;10796;6;3001040.2804995114
2124;10801;5;3001040.2804995114
2125;10806;5;3001040.2804995114
2126;10808;2;3001040.2804995114
2127;10809;1;3001040.2804995114
2128;10815;6;3001040.2804995114
2129;10824;9;3001040.2804995114
2130;10831;7;3001040.2804995114
2131;10837;6;3001040.2804995114
2132;10844;7;3001040.2804995114
2133;10854;10;3001040.2804995114
2134;10855;1;3001040.2804995114
2135;10884;29;3001040.2804995114
2136;10894;10;3001040.2804995114
2137;10897;3;3001040.2804995114
2138;10906;9;3001040.2804995114
2139;10920;14;3001040.2804995114
2140;10926;6;3001040.2804995114
2141;10932;6;3001040.2804995114
2142;10937;5;3001040.2804995114
2143;10944;7;3001040.2804995114
2144;10949;5;3001040.2804995114
2145;10950;1;3001040.2804995114
2146;10955;5;3001040.2804995114
2147;10961;6;3001040.2804995114
2148;10970;9;3001040.2804995114
2149;10976;6;3001040.2804995114
2150;10979;3;3001040.2804995114
2151;10983;4;3001040.2804995114
2152;10991;8;3001040.2804995114
2153;10999;8;3001040.2804995114
2154;11006;7;3001040.2804995114
2155;11011;5;3001040.2804995114
2156;11016;5;3001040.2804995114
2157;11023;7;3001040.2804995114
2158;11028;5;3001040.2804995114
2159;11029;1;3001040.2804995114
2160;11040;11;3001040.2804995114
2161;11044;4;3001040.2804995114
2162;11050;6;3001040.2804995114
2163;11051;1;3001040.2804995114
2164;11059;8;3001040.2804995114
2165;11066;7;3001040.2804995114
2166;11072;6;3001040.2804995114
2167;11076;4;3001040.2804995114
2168;11082;6;3001040.2804995114
2169;11090;8;3001040.2804995114
2170;11098;8;3001040.2804995114
2171;11105;7;3001040.2804995114
2172;11108;3;3001040.2804995114
2173;11118;10;3001040.2804995114
2174;11119;1;3001040.2804995114
2175;11128;9;3001040.2804995114
2176;11134;6;3001040.2804995114
2177;11139;5;3001040.2804995114
2178;11145;6;3001040.2804995114
2179;11152;7;3001040.2804995114
2180;11156;4;3001040.2804995114
2181;11162;6;3001040.2804995114
2182;11165;3;3001040.2804995114
2183;11169;4;3001040.2804995114
2184;11174;5;3001040.2804995114
2185;11180;6;3001040.2804995114
2186;11184;4;3001040.2804995114
2187;11189;5;3001040.2804995114
2188;11195;6;3001040.2804995114
2189;11201;6;3001040.2804995114
2190;11206;5;3001040.2804995114
2191;11216;10;3001040.2804995114
2192;11233;17;3001040.2804995114
2193;11239;6;3001040.2804995114
2194;11245;6;3001040.2804995114
2195;11252;7;3001040.2804995114
2196;11257;5;3001040.2804995114
2197;11269;12;3001040.2804995114
2198;11278;9;3001040.2804995114
2199;11283;5;3001040.2804995114
2200;11288;5;3001040.2804995114
2201;11289;1;3001040.2804995114
2202;11292;3;3001040.2804995114
2203;11299;7;3001040.2804995114
2204;11302;3;3001040.2804995114
2205;11312;10;3001040.2804995114
2206;11319;7;3001040.2804995114
2207;11326;7;3001040.2804995114
2208;11329;3;3001040.2804995114
2209;11340;11;3001040.2804995114
2210;11345;5;3001040.2804995114
2211;11346;1;3001040.2804995114
2212;11354;8;3001040.2804995114
2213;11359;5;3001040.2804995114
2214;11365;6;3001040.2804995114
2215;11372;7;3001040.2804995114
2216;11379;7;3001040.2804995114
2217;11383;4;3001040.2804995114
2218;11388;5;3001040.2804995114
2219;11389;1;3001040.2804995114
2220;11392;3;3001040.2804995114
2221;11401;9;3001040.2804995114
2222;11410;9;3001040.2804995114
2223;11419;9;3001040.2804995114
2224;11430;11;3001040.2804995114
2225;11435;5;3001040.2804995114
2226;11437;2;3001040.2804995114
2227;11454;17;3001040.2804995114
2228;11475;21;3001040.2804995114
2229;11486;11;3001040.2804995114
2230;11487;1;3001040.2804995114
2231;11508;21;3001040.2804995114
2232;11514;6;3001040.2804995114
2233;11520;6;3001040.2804995114
2234;11521;1;3001040.2804995114
2235;11530;9;3001040.2804995114
2236;11531;1;3001040.2804995114
2237;11540;9;3001031.0260508447
2238;11548;8;3001031.0260508447
2239;11550;2;3001031.0260508447
2240;11556;6;3001031.0260508447
2241;11566;10;3001031.0260508447
2242;11571;5;3001025.1474834997
2243;11575;4;3001025.1474834997
2244;11580;5;3001025.1474834997
2245;11585;5;3001017.967033077
2246;11589;4;3001017.967033077
2247;11594;5;3001017.967033077
2248;11598;4;3001017.967033077
2249;11603;5;3001017.967033077
2250;11610;7;3001017.967033077
2251;11613;3;3001017.967033077
2252;11617;4;3001017.967033077
2253;11622;5;3001017.967033077
2254;11624;2;3001017.967033077
2255;11628;4;3001017.967033077
2256;11632;4;3001017.967033077
2257;11635;3;3001017.967033077
2258;11639;4;3001017.967033077
2259;11642;3;3001017.967033077
2260;11647;5;3001017.967033077
2261;11652;5;3001017.967033077
2262;11657;5;3001017.967033077
2263;11661;4;3001017.967033077
2264;11665;4;3001017.967033077
2265;11670;5;3001017.967033077
2266;11673;3;3001017.967033077
2267;11676;3;3001016.5678389356
2268;11682;6;3001016.5678389356
2269;11688;6;3001016.5678389356
2270;11695;7;3001016.5678389356
2271;11698;3;3001016.5678389356
2272;11702;4;3001016.5678389356
2273;11708;6;3001012.3284971714
2274;11712;4;3001012.3284971714
2275;11715;3;3001012.3284971714
2276;11721;6;3001012.3284971714
2277;11726;5;3001012.3284971714
2278;11730;4;3001012.3284971714
2279;11736;6;3001012.3284971714
2280;11736;0;3001012.3284971714
2281;11739;3;3001012.3284971714
2282;11744;5;3001005.467939383
2283;11749;5;3001002.9009685824
2284;11754;5;3001002.9009685824
2285;11755;1;3001002.9009685824
2286;11760;5;3001002.9009685824
2287;11762;2;3001002.9009685824
2288;11769;7;3001002.9009685824
2289;11774;5;3001002.9009685824
2290;11778;4;3001002.9009685824
2291;11781;3;3001002.9009685824
2292;11784;3;3001002.9009685824
2293;11787;3;3001002.9009685824
2294;11792;5;3001002.9009685824
2295;11799;7;3001002.9009685824
2296;11800;1;3001002.9009685824
2297;11806;6;3001002.9009685824
2298;11809;3;3001002.9009685824
2299;11815;6;3001002.9009685824
2300;11821;6;3001002.9009685824
2301;11824;3;3001002.9009685824
2302;11831;7;3001002.9009685824
2303;11835;4;3001002.9009685824
2304;11842;7;3001002.9009685824
2305;11850;8;3001002.9009685824
2306;11856;6;3001002.9009685824
2307;11858;2;3001002.9009685824
2308;11862;4;3001002.9009685824
2309;11864;2;3001002.9009685824
2310;11868;4;3001002.9009685824
2311;11874;6;3001002.9009685824
2312;11875;1;3001002.9009685824
2313;11880;5;3001002.9009685824
2314;11886;6;3001002.9009685824
2315;11894;8;3001002.9009685824
2316;11900;6;3001002.9009685824
2317;11903;3;3001002.9009685824
2318;11911;8;3001002.9009685824
2319;11919;8;3001002.9009685824
2320;11930;11;3001002.9009685824
2321;11934;4;3001002.9009685824
2322;11938;4;3001002.9009685824
2323;11943;5;3001002.9009685824
2324;11951;8;3001002.9009685824
2325;11952;1;3001002.9009685824
2326;11958;6;3001002.9009685824
2327;11968;10;3001002.9009685824
2328;11974;6;3001002.9009685824
2329;11975;1;3001002.9009685824
2330;11983;8;3001002.9009685824
2331;11986;3;3001002.9009685824
2332;11998;12;3001002.9009685824
2333;12001;3;3001002.9009685824
2334;12005;4;3001002.9009685824
2335;12012;7;3001002.9009685824
2336;12017;5;3001002.9009685824
2337;12028;11;3001002.9009685824
2338;12031;3;3001002.9009685824
2339;12035;4;3001002.9009685824
2340;12045;10;3001002.9009685824
2341;12052;7;3001002.9009685824
2342;12059;7;3001002.9009685824
2343;12064;5;3001002.9009685824
2344;12069;5;3001002.9009685824
2345;12076;7;3001002.9009685824
2346;12082;6;3001002.9009685824
2347;12087;5;3001002.9009685824
2348;12099;12;3001002.9009685824
2349;12104;5;3001002.9009685824
2350;12115;11;3001002.9009685824
2351;12120;5;3001002.9009685824
2352;12121;1;3001002.9009685824
2353;12124;3;3001002.9009685824
2354;12129;5;3001002.9009685824
2355;12134;5;3001002.9009685824
2356;12135;1;3001002.9009685824
2357;12136;1;3001002.9009685824
2358;12140;4;3001002.9009685824
2359;12142;2;3001002.9009685824
2360;12146;4;3001002.9009685824
2361;12150;4;3001002.9009685824
2362;12151;1;3001002.9009685824
2363;12155;4;3001002.9009685824
2364;12160;5;3001002.9009685824
2365;12164;4;3001002.9009685824
2366;12167;3;3001002.9009685824
2367;12171;4;3001002.9009685824
2368;12172;1;3001002.9009685824
2369;12174;2;3001002.9009685824
2370;12178;4;3001002.9009685824
2371;12181;3;3001002.9009685824
2372;12185;4;3001002.9009685824
2373;12187;2;3001002.9009685824
2374;12189;2;3001002.9009685824
2375;12190;1;3001002.9009685824
2376;12194;4;3001002.9009685824
2377;12197;3;3001002.9009685824
2378;12199;2;3001002.9009685824
2379;12203;4;3001002.9009685824
2380;12204;1;3001002.9009685824
2381;12207;3;3001002.9009685824
2382;12209;2;3001002.9009685824
2383;12213;4;3001002.9009685824
2384;12216;3;3001002.9009685824
2385;12220;4;3001002.9009685824
2386;12223;3;3001002.9009685824
2387;12229;6;3001002.9009685824
2388;12232;3;3001002.9009685824
2389;12236;4;3001002.9009685824
2390;12236;0;3001002.9009685824
2391;12238;2;3001002.9009685824
2392;12242;4;3001002.9009685824
2393;12246;4;3001002.9009685824
2394;12250;4;3001002.9009685824
2395;12252;2;3001002.9009685824
2396;12255;3;3001002.9009685824
2397;12257;2;3001002.9009685824
2398;12262;5;3001002.9009685824
2399;12266;4;3001002.9009685824
2400;12271;5;3001002.9009685824
2401;12277;6;3001002.9009685824
2402;12283;6;3001002.9009685824
2403;12285;2;3001002.9009685824
2404;12289;4;3001002.9009685824
2405;12293;4;3001002.9009685824
2406;12297;4;3001002.9009685824
2407;12298;1;3001002.9009685824
2408;12298;0;3001002.9009685824
2409;12302;4;3001002.9009685824
2410;12307;5;3001002.9009685824
2411;12309;2;3001002.9009685824
2412;12312;3;3001002.9009685824
2413;12316;4;3001002.9009685824
2414;12321;5;3001002.9009685824
2415;12324;3;3001002.9009685824
2416;12328;4;3001002.9009685824
2417;12331;3;3001002.9009685824
2418;12336;5;3001002.9009685824
2419;12342;6;3001002.9009685824
2420;12348;6;3001002.9009685824
2421;12349;1;3001002.9009685824
2422;12351;2;3001002.9009685824
2423;12354;3;3001002.9009685824
2424;12357;3;3001002.9009685824
2425;12362;5;3001002.9009685824
2426;12367;5;3001002.9009685824
2427;12368;1;3001002.9009685824
2428;12369;1;3001002.9009685824
2429;12372;3;3001002.9009685824
2430;12373;1;3001002.9009685824
2431;12376;3;3001002.9009685824
2432;12377;1;3001002.9009685824
2433;12380;3;3001002.9009685824
2434;12386;6;3001002.9009685824
2435;12387;1;3001002.9009685824
2436;12389;2;3001002.9009685824
2437;12395;6;3001002.9009685824
2438;12397;2;3001002.9009685824
2439;12400;3;3001002.9009685824
2440;12404;4;3001002.9009685824
2441;12409;5;3001002.9009685824
2442;12415;6;3001002.9009685824
2443;12419;4;3001002.9009685824
2444;12424;5;3001002.9009685824
2445;12428;4;3001002.9009685824
2446;12433;5;3001002.9009685824
2447;12438;5;3001002.9009685824
2448;12441;3;3001002.9009685824
2449;12442;1;3001002.9009685824
2450;12443;1;3001002.9009685824
2451;12446;3;3001002.9009685824
2452;12447;1;3001002.9009685824
2453;12451;4;3001002.9009685824
2454;12454;3;3001002.9009685824
2455;12459;5;3001002.9009685824
2456;12462;3;3001002.9009685824
2457;12465;3;3001002.9009685824
2458;12466;1;3001002.9009685824
2459;12469;3;3001002.9009685824
2460;12473;4;3001002.9009685824
2461;12475;2;3001002.9009685824
2462;12478;3;3001002.9009685824
2463;12480;2;3001002.9009685824
2464;12481;1;3001002.9009685824
2465;12484;3;3001002.9009685824
2466;12488;4;3001002.9009685824
2467;12492;4;3001002.9009685824
2468;12495;3;3001002.9009685824
2469;12498;3;3001002.9009685824
2470;12503;5;3001002.9009685824
2471;12507;4;3001002.9009685824
2472;12510;3;3001002.9009685824
2473;12514;4;3001002.9009685824
2474;12519;5;3001002.9009685824
2475;12521;2;3001002.9009685824
2476;12526;5;3001002.9009685824
2477;12531;5;3001002.9009685824
2478;12532;1;3001002.9009685824
2479;12537;5;3001002.9009685824
2480;12542;5;3001002.377281029
2481;12546;4;3001002.377281029
2482;12547;1;3001002.377281029
2483;12550;3;3001002.377281029
2484;12555;5;3001002.377281029
2485;12564;9;3000999.5482294736
2486;12564;0;3000999.5482294736
2487;12569;5;3000999.5482294736
2488;12573;4;3000999.5482294736
2489;12580;7;3000999.5482294736
2490;12584;4;3000999.5482294736
2491;12590;6;3000999.5482294736
2492;12595;5;3000999.5482294736
2493;12602;7;3000999.5482294736
2494;12607;5;3000999.5482294736
2495;12610;3;3000999.5482294736
2496;12614;4;3000999.5482294736
2497;12619;5;3000999.5482294736
2498;12625;6;3000999.5482294736
2499;12629;4;3000999.5482294736
2500;12635;6;3000999.5482294736
2501;12638;3;3000999.5482294736
2502;12641;3;3000999.5482294736
2503;12641;0;3000999.5482294736
2504;12646;5;3000999.5482294736
2505;12647;1;3000999.5482294736
2506;12650;3;3000999.5482294736
2507;12652;2;3000999.5482294736
2508;12656;4;3000999.5482294736
2509;12661;5;3000999.5482294736
2510;12665;4;3000999.5482294736
2511;12666;1;3000999.5482294736
2512;12667;1;3000999.5482294736
2513;12668;1;3000999.5482294736
2514;12672;4;3000999.5482294736
2515;12678;6;3000999.5482294736
2516;12682;4;3000999.5482294736
2517;12687;5;3000999.5482294736
2518;12691;4;3000999.5482294736
2519;12695;4;3000999.5482294736
2520;12700;5;3000999.5482294736
2521;12703;3;3000999.5482294736
2522;12704;1;3000999.5482294736
2523;12707;3;3000999.5482294736
2524;12707;0;3000999.5482294736
2525;12712;5;3000999.5482294736
2526;12716;4;3000999.5482294736
2527;12719;3;3000999.5482294736
2528;12722;3;3000999.5482294736
2529;12726;4;3000999.5482294736
2530;12732;6;3000999.5482294736
2531;12736;4;3000999.5482294736
2532;12739;3;3000999.5482294736
2533;12745;6;3000999.5482294736
2534;12749;4;3000999.5482294736
2535;12750;1;3000999.5482294736
2536;12756;6;3000999.5482294736
2537;12759;3;3000999.5482294736
2538;12760;1;3000999.5482294736
2539;12761;1;3000999.5482294736
2540;12764;3;3000999.5482294736
2541;12768;4;3000999.5482294736
2542;12771;3;3000999.5482294736
2543;12774;3;3000999.5482294736
2544;12778;4;3000999.5482294736
2545;12785;7;3000999.5482294736
2546;12787;2;3000999.5482294736
2547;12790;3;3000996.881696672
2548;12791;1;3000996.881696672
2549;12795;4;3000996.881696672
2550;12801;6;3000996.881696672
2551;12805;4;3000996.881696672
2552;12808;3;3000996.881696672
2553;12809;1;3000996.881696672
2554;12812;3;3000996.881696672
2555;12818;6;3000996.881696672
2556;12821;3;3000996.881696672
2557;12826;5;3000996.881696672
2558;12830;4;3000996.881696672
2559;12836;6;3000996.881696672
2560;12840;4;3000996.881696672
2561;12844;4;3000996.881696672
2562;12851;7;3000996.881696672
2563;12853;2;3000996.881696672
2564;12854;1;3000996.881696672
2565;12858;4;3000996.881696672
2566;12863;5;3000996.881696672
2567;12864;1;3000996.881696672
2568;12868;4;3000996.881696672
2569;12874;6;3000996.881696672
2570;12879;5;3000996.881696672
2571;12885;6;3000996.881696672
2572;12888;3;3000996.881696672
2573;12891;3;3000996.881696672
2574;12894;3;3000996.881696672
2575;12896;2;3000996.881696672
2576;12899;3;3000996.881696672
2577;12900;1;3000996.881696672
2578;12905;5;3000996.881696672
2579;12909;4;3000996.881696672
2580;12913;4;3000996.881696672
2581;12915;2;3000996.881696672
2582;12919;4;3000996.881696672
2583;12922;3;3000996.881696672
2584;12926;4;3000996.881696672
2585;12930;4;3000996.881696672
2586;12936;6;3000996.881696672
2587;12941;5;3000996.881696672
2588;12944;3;3000996.881696672
2589;12950;6;3000996.881696672
2590;12953;3;3000996.881696672
2591;12957;4;3000996.881696672
2592;12958;1;3000996.881696672
2593;12962;4;3000996.881696672
2594;12964;2;3000996.881696672
2595;12966;2;3000996.881696672
2596;12973;7;3000996.881696672
2597;12976;3;3000996.881696672
2598;12977;1;3000996.881696672
2599;12978;1;3000996.881696672
2600;12983;5;3000996.881696672
2601;12987;4;3000996.881696672
2602;12992;5;3000996.881696672
2603;12995;3;3000996.881696672
2604;13000;5;3000996.881696672
2605;13001;1;3000996.881696672
2606;13003;2;3000996.881696672
2607;13005;2;3000996.881696672
2608;13006;1;3000996.881696672
2609;13009;3;3000996.881696672
2610;13013;4;3000996.881696672
2611;13016;3;3000996.881696672
2612;13020;4;3000996.881696672
2613;13023;3;3000996.881696672
2614;13024;1;3000996.881696672
2615;13026;2;3000996.881696672
2616;13029;3;3000996.881696672
2617;13033;4;3000996.881696672
2618;13038;5;3000996.881696672
2619;13042;4;3000996.881696672
2620;13047;5;3000996.881696672
2621;13052;5;3000996.881696672
2622;13055;3;3000996.881696672
2623;13059;4;3000996.881696672
2624;13060;1;3000996.881696672
2625;13064;4;3000996.881696672
2626;13068;4;3000996.881696672
2627;13072;4;3000996.881696672
2628;13075;3;3000996.881696672
2629;13078;3;3000996.881696672
2630;13081;3;3000996.881696672
2631;13085;4;3000996.881696672
2632;13088;3;3000996.881696672
2633;13092;4;3000996.881696672
2634;13100;8;3000996.881696672
2635;13104;4;3000996.881696672
2636;13107;3;3000996.881696672
2637;13113;6;3000996.2902982733
2638;13116;3;3000995.964438149
2639;13121;5;3000995.964438149
2640;13124;3;3000995.4170995727
2641;13128;4;3000995.4170995727
2642;13130;2;3000991.0312801637
2643;13132;2;3000991.0312801637
2644;13133;1;3000991.0312801637
2645;13134;1;3000991.0312801637
2646;13138;4;3000991.0312801637
2647;13140;2;3000991.0312801637
2648;13142;2;3000991.0312801637
2649;13145;3;3000991.0312801637
2650;13149;4;3000991.0312801637
2651;13153;4;3000991.0312801637
2652;13157;4;3000991.0312801637
2653;13161;4;3000991.0312801637
2654;13162;1;3000991.0312801637
2655;13167;5;3000991.0312801637
2656;13171;4;3000991.0312801637
2657;13177;6;3000991.0312801637
2658;13181;4;3000991.0312801637
2659;13185;4;3000991.0312801637
2660;13188;3;3000991.0312801637
2661;13194;6;3000991.0312801637
2662;13198;4;3000991.0312801637
2663;13204;6;3000991.0312801637
2664;13208;4;3000991.0312801637
2665;13214;6;3000991.0312801637
2666;13218;4;3000991.0312801637
2667;13222;4;3000991.0312801637
2668;13225;3;3000991.0312801637
2669;13227;2;3000991.0312801637
2670;13232;5;3000991.0312801637
2671;13236;4;3000991.0312801637
2672;13241;5;3000991.0312801637
2673;13244;3;3000991.0312801637
2674;13248;4;3000991.0312801637
2675;13251;3;3000991.0312801637
2676;13251;0;3000991.0312801637
2677;13256;5;3000991.0312801637
2678;13259;3;3000991.0312801637
2679;13259;0;3000991.0312801637
2680;13261;2;3000991.0312801637
2681;13263;2;3000991.0312801637
2682;13268;5;3000991.0312801637
2683;13271;3;3000991.0312801637
2684;13274;3;3000991.0312801637
2685;13276;2;3000991.0312801637
2686;13282;6;3000991.0312801637
2687;13285;3;3000990.250073321
2688;13287;2;3000990.250073321
2689;13288;1;3000990.250073321
2690;13289;1;3000990.250073321
2691;13290;1;3000990.250073321
2692;13294;4;3000990.250073321
2693;13298;4;3000990.250073321
2694;13302;4;3000990.250073321
2695;13308;6;3000990.250073321
2696;13309;1;3000990.250073321
2697;13313;4;3000990.250073321
2698;13316;3;3000990.250073321
2699;13317;1;3000990.250073321
2700;13318;1;3000990.250073321
2701;13325;7;3000990.250073321
2702;13335;10;3000990.250073321
2703;13338;3;3000990.250073321
2704;13350;12;3000990.250073321
2705;13353;3;3000990.250073321
2706;13356;3;3000990.250073321
2707;13358;2;3000990.250073321
2708;13364;6;3000990.250073321
2709;13368;4;3000990.250073321
2710;13372;4;3000990.250073321
2711;13375;3;3000990.250073321
2712;13379;4;3000990.250073321
2713;13382;3;3000990.250073321
2714;13385;3;3000990.250073321
2715;13389;4;3000990.250073321
2716;13393;4;3000990.250073321
2717;13394;1;3000990.250073321
2718;13398;4;3000990.250073321
2719;13400;2;3000990.250073321
2720;13404;4;3000990.250073321
2721;13406;2;3000990.250073321
2722;13413;7;3000990.250073321
2723;13418;5;3000990.250073321
2724;13421;3;3000990.250073321
2725;13425;4;3000990.250073321
2726;13428;3;3000990.250073321
2727;13434;6;3000990.250073321
2728;13438;4;3000990.250073321
2729;13446;8;3000990.250073321
2730;13449;3;3000990.250073321
2731;13451;2;3000990.250073321
2732;13453;2;3000990.250073321
2733;13456;3;3000990.250073321
2734;13460;4;3000990.250073321
2735;13464;4;3000990.250073321
2736;13467;3;3000990.250073321
2737;13468;1;3000990.250073321
2738;13472;4;3000990.250073321
2739;13475;3;3000990.250073321
2740;13479;4;3000990.250073321
2741;13480;1;3000990.250073321
2742;13483;3;3000990.250073321
2743;13488;5;3000990.250073321
2744;13489;1;3000990.250073321
2745;13491;2;3000990.250073321
2746;13494;3;3000990.250073321
2747;13498;4;3000990.250073321
2748;13500;2;3000981.038640881
2749;13504;4;3000981.038640881
2750;13507;3;3000981.038640881
2751;13512;5;3000981.038640881
2752;13517;5;3000981.038640881
2753;13520;3;3000981.038640881
2754;13522;2;3000978.565863726
2755;13527;5;3000978.565863726
2756;13529;2;3000978.565863726
2757;13536;7;3000978.565863726
2758;13540;4;3000978.565863726
2759;13540;0;3000978.565863726
2760;13543;3;3000978.565863726
2761;13546;3;3000978.565863726
2762;13551;5;3000978.565863726
2763;13553;2;3000978.565863726
2764;13558;5;3000978.565863726
2765;13562;4;3000978.565863726
2766;13563;1;3000978.565863726
2767;13567;4;3000978.565863726
2768;13571;4;3000977.614608728
2769;13575;4;3000977.614608728
2770;13580;5;3000977.614608728
2771;13583;3;3000977.614608728
2772;13586;3;3000977.614608728
2773;13590;4;3000977.614608728
2774;13594;4;3000977.614608728
2775;13601;7;3000977.614608728
2776;13602;1;3000977.614608728
2777;13607;5;3000977.614608728
2778;13611;4;3000977.614608728
2779;13616;5;3000977.614608728
2780;13618;2;3000977.614608728
2781;13622;4;3000977.614608728
2782;13628;6;3000977.614608728
2783;13632;4;3000977.614608728
2784;13638;6;3000977.614608728
2785;13642;4;3000977.614608728
2786;13644;2;3000977.614608728
2787;13646;2;3000977.614608728
2788;13651;5;3000977.614608728
2789;13652;1;3000977.614608728
2790;13658;6;3000977.614608728
2791;13662;4;3000977.614608728
2792;13664;2;3000977.614608728
2793;13668;4;3000977.614608728
2794;13673;5;3000977.614608728
2795;13673;0;3000977.614608728
2796;13675;2;3000977.614608728
2797;13677;2;3000977.614608728
2798;13682;5;3000977.614608728
2799;13683;1;3000977.614608728
2800;13686;3;3000977.614608728
2801;13689;3;3000977.614608728
2802;13690;1;3000977.614608728
2803;13694;4;3000977.614608728
2804;13696;2;3000977.067270152
2805;13698;2;3000977.067270152
2806;13703;5;3000977.067270152
2807;13707;4;3000977.067270152
2808;13712;5;3000977.067270152
2809;13715;3;3000977.067270152
2810;13718;3;3000977.067270152
2811;13721;3;3000977.067270152
2812;13726;5;3000977.067270152
2813;13730;4;3000977.067270152
2814;13734;4;3000977.067270152
2815;13738;4;3000977.067270152
2816;13744;6;3000977.067270152
2817;13749;5;3000977.067270152
2818;13752;3;3000977.067270152
2819;13757;5;3000977.067270152
2820;13762;5;3000977.067270152
2821;13766;4;3000977.067270152
2822;13766;0;3000977.067270152
2823;13769;3;3000977.067270152
2824;13773;4;3000977.067270152
2825;13776;3;3000977.067270152
2826;13778;2;3000977.067270152
2827;13784;6;3000977.067270152
2828;13788;4;3000977.067270152
2829;13792;4;3000977.067270152
2830;13795;3;3000977.067270152
2831;13798;3;3000977.067270152
2832;13799;1;3000977.067270152
2833;13801;2;3000977.067270152
2834;13805;4;3000977.067270152
2835;13808;3;3000977.067270152
2836;13812;4;3000977.067270152
2837;13814;2;3000977.067270152
2838;13818;4;3000977.067270152
2839;13821;3;3000977.067270152
2840;13825;4;3000977.067270152
2841;13829;4;3000977.067270152
2842;13834;5;3000977.067270152
2843;13838;4;3000977.067270152
2844;13841;3;3000977.067270152
2845;13847;6;3000977.067270152
2846;13852;5;3000977.067270152
2847;13857;5;3000977.067270152
2848;13863;6;3000977.067270152
2849;13865;2;3000977.067270152
2850;13867;2;3000977.067270152
2851;13874;7;3000977.067270152
2852;13875;1;3000977.067270152
2853;13882;7;3000977.067270152
2854;13887;5;3000977.067270152
2855;13890;3;3000977.067270152
2856;13892;2;3000977.067270152
2857;13899;7;3000977.067270152
2858;13903;4;3000977.067270152
2859;13906;3;3000977.067270152
2860;13906;0;3000977.067270152
2861;13910;4;3000977.067270152
2862;13914;4;3000977.067270152
2863;13916;2;3000977.067270152
2864;13921;5;3000977.067270152
2865;13924;3;3000977.067270152
2866;13928;4;3000977.067270152
2867;13932;4;3000977.067270152
2868;13937;5;3000977.067270152
2869;13940;3;3000977.067270152
2870;13945;5;3000977.067270152
2871;13948;3;3000977.067270152
2872;13949;1;3000977.067270152
2873;13954;5;3000977.067270152
2874;13960;6;3000977.067270152
2875;13964;4;3000977.067270152
2876;13964;0;3000977.067270152
2877;13965;1;3000977.067270152
2878;13970;5;3000977.067270152
2879;13974;4;3000977.067270152
2880;13974;0;3000977.067270152
2881;13978;4;3000977.067270152
2882;13984;6;3000977.067270152
2883;13987;3;3000977.067270152
2884;13991;4;3000977.067270152
2885;13995;4;3000977.067270152
2886;13997;2;3000977.067270152
2887;14000;3;3000977.067270152
2888;14004;4;3000977.067270152
2889;14008;4;3000977.067270152
2890;14012;4;3000977.067270152
2891;14016;4;3000977.067270152
2892;14020;4;3000977.067270152
2893;14024;4;3000977.067270152
2894;14024;0;3000977.067270152
2895;14028;4;3000977.067270152
2896;14032;4;3000977.067270152
2897;14036;4;3000977.067270152
2898;14040;4;3000977.067270152
2899;14041;1;3000977.067270152
2900;14042;1;3000977.067270152
2901;14043;1;3000977.067270152
2902;14049;6;3000977.067270152
2903;14057;8;3000977.067270152
2904;14060;3;3000977.067270152
2905;14060;0;3000977.067270152
2906;14063;3;3000977.067270152
2907;14066;3;3000977.067270152
2908;14069;3;3000977.067270152
2909;14072;3;3000977.067270152
2910;14075;3;3000977.067270152
2911;14080;5;3000977.067270152
2912;14085;5;3000977.067270152
2913;14090;5;3000977.067270152
2914;14093;3;3000977.067270152
2915;14096;3;3000977.067270152
2916;14102;6;3000977.067270152
2917;14106;4;3000977.067270152
2918;14108;2;3000977.067270152
2919;14111;3;3000977.067270152
2920;14114;3;3000977.067270152
2921;14118;4;3000977.067270152
2922;14123;5;3000977.067270152
2923;14126;3;3000977.067270152
2924;14128;2;3000977.067270152
2925;14131;3;3000977.067270152
2926;14132;1;3000977.067270152
2927;14135;3;3000977.067270152
2928;14137;2;3000977.067270152
2929;14144;7;3000977.067270152
2930;14147;3;3000977.067270152
2931;14152;5;3000977.067270152
2932;14155;3;3000977.067270152
2933;14158;3;3000977.067270152
2934;14162;4;3000977.067270152
2935;14162;0;3000977.067270152
2936;14167;5;3000977.067270152
2937;14167;0;3000977.067270152
2938;14173;6;3000977.067270152
2939;14176;3;3000977.067270152
2940;14178;2;3000977.067270152
2941;14183;5;3000977.067270152
2942;14187;4;3000977.067270152
2943;14189;2;3000977.067270152
2944;14193;4;3000977.067270152
2945;14197;4;3000977.067270152
2946;14200;3;3000977.067270152
2947;14202;2;3000977.067270152
2948;14206;4;3000977.067270152
2949;14209;3;3000977.067270152
2950;14214;5;3000977.067270152
2951;14214;0;3000977.067270152
2952;14218;4;3000977.067270152
2953;14219;1;3000977.067270152
2954;14222;3;3000977.067270152
2955;14223;1;3000977.067270152
2956;14229;6;3000977.067270152
2957;14231;2;3000977.067270152
2958;14233;2;3000977.067270152
2959;14237;4;3000977.067270152
2960;14241;4;3000977.067270152
2961;14242;1;3000977.067270152
2962;14243;1;3000977.067270152
2963;14244;1;3000977.067270152
2964;14245;1;3000977.067270152
2965;14251;6;3000977.067270152
2966;14255;4;3000977.067270152
2967;14257;2;3000977.067270152
2968;14263;6;3000977.067270152
2969;14264;1;3000977.067270152
2970;14266;2;3000977.067270152
2971;14269;3;3000977.067270152
2972;14273;4;3000977.067270152
2973;14277;4;3000977.067270152
2974;14283;6;3000977.067270152
2975;14283;0;3000977.067270152
2976;14287;4;3000977.067270152
2977;14290;3;3000977.067270152
2978;14294;4;3000977.067270152
2979;14298;4;3000977.067270152
2980;14300;2;3000977.067270152
2981;14302;2;3000977.067270152
2982;14306;4;3000977.067270152
2983;14306;0;3000977.067270152
2984;14310;4;3000977.067270152
2985;14312;2;3000977.067270152
2986;14317;5;3000977.067270152
2987;14323;6;3000977.067270152
2988;14327;4;3000977.067270152
2989;14331;4;3000977.067270152
2990;14337;6;3000977.067270152
2991;14341;4;3000977.067270152
2992;14347;6;3000977.067270152
2993;14349;2;3000977.067270152
2994;14354;5;3000977.067270152
2995;14354;0;3000977.067270152
2996;14356;2;3000977.067270152
2997;14357;1;3000977.067270152
2998;14360;3;3000977.067270152
2999;14363;3;3000977.067270152
