Index;Time point [ms];Iteration length [ms];Cost
0;613;613;4001987.3121793605
1;726;113;4001987.3121793605
2;833;107;4001660.050253883
3;862;29;4001581.1785461586
4;886;24;4001573.6544861486
5;891;5;4001573.6544861486
6;952;61;4001407.5270381523
7;1006;54;4001287.769867726
8;1090;84;4001287.769867726
9;1167;77;4001287.769867726
10;1221;54;4001287.769867726
11;1303;82;4001287.769867726
12;1384;81;4001287.769867726
13;1482;98;4001287.769867726
14;1492;10;4001287.769867726
15;1577;85;4001287.769867726
16;1650;73;4001287.769867726
17;1696;46;4001287.769867726
18;1718;22;4001287.769867726
19;1743;25;4001287.769867726
20;1771;28;4001287.769867726
21;1793;22;4001279.2773010354
22;1814;21;4001263.20586076
23;1819;5;4001263.20586076
24;1822;3;4001263.20586076
25;1850;28;4001263.20586076
26;1876;26;4001263.20586076
27;1879;3;4001263.20586076
28;1905;26;4001263.20586076
29;1957;52;4001263.20586076
30;1960;3;4001263.20586076
31;1980;20;4001263.20586076
32;2010;30;4001263.20586076
33;2028;18;4001258.9645023337
34;2040;12;4001258.9645023337
35;2063;23;4001258.9645023337
36;2085;22;4001248.594754412
37;2104;19;4001248.594754412
38;2126;22;4001248.594754412
39;2145;19;3001447.906695269
40;2156;11;3001407.51020489
41;2179;23;3001351.091187326
42;2200;21;3001351.091187326
43;2269;69;3001351.091187326
44;2297;28;3001351.091187326
45;2332;35;3001351.091187326
46;2366;34;3001351.091187326
47;2368;2;3001351.091187326
48;2383;15;3001298.254007984
49;2396;13;3001298.254007984
50;2405;9;3001296.152233827
51;2429;24;3001296.152233827
52;2444;15;3001292.861971033
53;2456;12;3001276.914899945
54;2474;18;3001276.914899945
55;2479;5;3001276.914899945
56;2484;5;3001276.914899945
57;2487;3;3001276.914899945
58;2499;12;3001276.914899945
59;2511;12;3001276.914899945
60;2525;14;3001276.914899945
61;2526;1;3001276.914899945
62;2537;11;3001276.914899945
63;2546;9;3001276.914899945
64;2548;2;3001276.914899945
65;2557;9;3001276.914899945
66;2567;10;3001276.914899945
67;2576;9;3001276.914899945
68;2593;17;3001276.914899945
69;2604;11;3001276.914899945
70;2610;6;3001276.914899945
71;2623;13;3001276.914899945
72;2631;8;3001276.914899945
73;2643;12;3001276.914899945
74;2645;2;3001276.914899945
75;2653;8;3001276.914899945
76;2654;1;3001276.914899945
77;2660;6;3001276.914899945
78;2666;6;3001276.914899945
79;2673;7;3001276.914899945
80;2681;8;3001276.914899945
81;2687;6;3001276.914899945
82;2706;19;3001276.914899945
83;2713;7;3001276.914899945
84;2726;13;3001276.914899945
85;2732;6;3001276.914899945
86;2742;10;3001276.914899945
87;2756;14;3001276.914899945
88;2763;7;3001276.914899945
89;2774;11;3001276.914899945
90;2784;10;3001276.914899945
91;2798;14;3001276.914899945
92;2823;25;3001276.914899945
93;2825;2;3001276.914899945
94;2837;12;3001276.914899945
95;2850;13;3001276.914899945
96;2857;7;3001276.914899945
97;2863;6;3001276.914899945
98;2876;13;3001276.914899945
99;2889;13;3001276.914899945
100;2894;5;3001276.914899945
101;2907;13;3001276.914899945
102;2919;12;3001276.914899945
103;2928;9;3001276.914899945
104;2939;11;3001276.914899945
105;2941;2;3001276.914899945
106;2946;5;3001276.914899945
107;2956;10;3001276.914899945
108;2967;11;3001276.914899945
109;2984;17;3001276.914899945
110;3000;16;3001276.914899945
111;3013;13;3001276.914899945
112;3024;11;3001276.914899945
113;3040;16;3001276.914899945
114;3050;10;3001276.914899945
115;3052;2;3001276.914899945
116;3069;17;3001276.914899945
117;3081;12;3001276.914899945
118;3100;19;3001276.914899945
119;3117;17;3001276.914899945
120;3129;12;3001276.914899945
121;3144;15;3001276.914899945
122;3160;16;3001276.914899945
123;3162;2;3001276.914899945
124;3171;9;3001276.914899945
125;3181;10;3001276.914899945
126;3190;9;3001276.914899945
127;3202;12;3001276.914899945
128;3215;13;3001276.914899945
129;3229;14;3001276.914899945
130;3236;7;3001276.914899945
131;3246;10;3001276.914899945
132;3255;9;3001276.914899945
133;3270;15;3001276.914899945
134;3271;1;3001276.914899945
135;3277;6;3001276.914899945
136;3281;4;3001276.914899945
137;3288;7;3001276.914899945
138;3293;5;3001276.914899945
139;3294;1;3001276.914899945
140;3306;12;3001276.914899945
141;3315;9;3001276.914899945
142;3320;5;3001276.914899945
143;3321;1;3001276.914899945
144;3325;4;3001276.914899945
145;3331;6;3001276.914899945
146;3338;7;3001276.914899945
147;3344;6;3001276.914899945
148;3345;1;3001276.914899945
149;3349;4;3001276.914899945
150;3355;6;3001276.914899945
151;3360;5;3001276.914899945
152;3365;5;3001276.914899945
153;3370;5;3001276.914899945
154;3376;6;3001276.914899945
155;3377;1;3001276.914899945
156;3384;7;3001276.914899945
157;3388;4;3001276.914899945
158;3393;5;3001276.914899945
159;3399;6;3001276.914899945
160;3406;7;3001276.914899945
161;3411;5;3001276.914899945
162;3413;2;3001276.914899945
163;3419;6;3001276.914899945
164;3420;1;3001276.914899945
165;3425;5;3001276.914899945
166;3426;1;3001276.914899945
167;3434;8;3001276.914899945
168;3441;7;3001276.914899945
169;3446;5;3001276.914899945
170;3452;6;3001276.914899945
171;3457;5;3001276.914899945
172;3462;5;3001276.914899945
173;3468;6;3001276.914899945
174;3472;4;3001276.914899945
175;3479;7;3001276.914899945
176;3483;4;3001276.914899945
177;3489;6;3001276.914899945
178;3494;5;3001276.914899945
179;3495;1;3001276.914899945
180;3500;5;3001276.914899945
181;3511;11;3001276.914899945
182;3521;10;3001276.914899945
183;3529;8;3001276.914899945
184;3533;4;3001276.914899945
185;3541;8;3001276.914899945
186;3546;5;3001276.914899945
187;3547;1;3001276.914899945
188;3548;1;3001276.914899945
189;3554;6;3001276.914899945
190;3562;8;3001276.914899945
191;3563;1;3001276.914899945
192;3568;5;3001276.914899945
193;3573;5;3001276.914899945
194;3577;4;3001276.914899945
195;3585;8;3001276.914899945
196;3591;6;3001276.914899945
197;3598;7;3001276.914899945
198;3601;3;3001276.914899945
199;3608;7;3001276.914899945
200;3615;7;3001276.914899945
201;3618;3;3001276.914899945
202;3623;5;3001276.914899945
203;3628;5;3001276.914899945
204;3633;5;3001276.914899945
205;3634;1;3001276.914899945
206;3640;6;3001276.914899945
207;3642;2;3001276.914899945
208;3643;1;3001276.914899945
209;3650;7;3001276.914899945
210;3651;1;3001276.914899945
211;3655;4;3001276.914899945
212;3659;4;3001276.914899945
213;3662;3;3001276.914899945
214;3668;6;3001276.914899945
215;3673;5;3001276.914899945
216;3679;6;3001276.914899945
217;3682;3;3001276.914899945
218;3687;5;3001276.914899945
219;3694;7;3001276.914899945
220;3700;6;3001276.914899945
221;3705;5;3001276.914899945
222;3710;5;3001276.914899945
223;3715;5;3001276.914899945
224;3721;6;3001276.914899945
225;3726;5;3001276.914899945
226;3733;7;3001276.914899945
227;3741;8;3001276.914899945
228;3746;5;3001276.914899945
229;3753;7;3001276.914899945
230;3758;5;3001276.914899945
231;3764;6;3001276.914899945
232;3769;5;3001276.914899945
233;3773;4;3001276.914899945
234;3777;4;3001276.914899945
235;3778;1;3001276.914899945
236;3781;3;3001276.914899945
237;3786;5;3001276.914899945
238;3792;6;3001276.914899945
239;3797;5;3001276.914899945
240;3800;3;3001276.914899945
241;3801;1;3001276.914899945
242;3805;4;3001276.914899945
243;3808;3;3001276.914899945
244;3814;6;3001276.914899945
245;3820;6;3001276.914899945
246;3827;7;3001276.914899945
247;3838;11;3001276.914899945
248;3849;11;3001276.914899945
249;3856;7;3001276.914899945
250;3858;2;3001276.914899945
251;3868;10;3001276.914899945
252;3878;10;3001276.914899945
253;3884;6;3001276.914899945
254;3896;12;3001276.914899945
255;3903;7;3001276.914899945
256;3912;9;3001276.914899945
257;3922;10;3001276.914899945
258;3924;2;3001276.914899945
259;3925;1;3001276.914899945
260;3928;3;3001276.914899945
261;3937;9;3001276.914899945
262;3946;9;3001276.914899945
263;3952;6;3001276.914899945
264;3959;7;3001276.914899945
265;3969;10;3001276.914899945
266;3979;10;3001276.914899945
267;3986;7;3001276.914899945
268;3991;5;3001276.914899945
269;4001;10;3001276.914899945
270;4013;12;3001276.914899945
271;4021;8;3001276.914899945
272;4028;7;3001276.914899945
273;4038;10;3001276.914899945
274;4041;3;3001276.914899945
275;4042;1;3001276.914899945
276;4053;11;3001276.914899945
277;4064;11;3001276.914899945
278;4072;8;3001276.914899945
279;4082;10;3001276.914899945
280;4091;9;3001276.914899945
281;4100;9;3001276.914899945
282;4115;15;3001276.914899945
283;4120;5;3001276.914899945
284;4133;13;3001276.914899945
285;4149;16;3001276.914899945
286;4160;11;3001276.914899945
287;4165;5;3001276.914899945
288;4172;7;3001276.914899945
289;4181;9;3001276.914899945
290;4193;12;3001276.914899945
291;4194;1;3001276.914899945
292;4204;10;3001276.914899945
293;4213;9;3001276.914899945
294;4218;5;3001276.914899945
295;4228;10;3001276.914899945
296;4239;11;3001276.914899945
297;4246;7;3001276.914899945
298;4255;9;3001276.914899945
299;4261;6;3001276.914899945
300;4265;4;3001276.914899945
301;4269;4;3001276.914899945
302;4274;5;3001276.914899945
303;4277;3;3001276.914899945
304;4281;4;3001276.914899945
305;4285;4;3001276.914899945
306;4290;5;3001276.914899945
307;4293;3;3001276.914899945
308;4302;9;3001276.914899945
309;4306;4;3001276.914899945
310;4310;4;3001276.914899945
311;4316;6;3001276.914899945
312;4320;4;3001276.914899945
313;4323;3;3001276.914899945
314;4331;8;3001276.914899945
315;4339;8;3001276.914899945
316;4340;1;3001276.914899945
317;4344;4;3001276.914899945
318;4350;6;3001276.914899945
319;4362;12;3001276.914899945
320;4373;11;3001276.914899945
321;4385;12;3001276.914899945
322;4392;7;3001276.914899945
323;4399;7;3001276.914899945
324;4405;6;3001276.914899945
325;4415;10;3001276.914899945
326;4424;9;3001276.914899945
327;4433;9;3001276.914899945
328;4440;7;3001276.914899945
329;4444;4;3001276.914899945
330;4451;7;3001276.914899945
331;4456;5;3001276.914899945
332;4462;6;3001276.914899945
333;4467;5;3001276.914899945
334;4470;3;3001276.914899945
335;4475;5;3001276.914899945
336;4481;6;3001276.914899945
337;4487;6;3001276.914899945
338;4494;7;3001276.914899945
339;4502;8;3001276.914899945
340;4505;3;3001276.914899945
341;4508;3;3001276.914899945
342;4515;7;3001276.914899945
343;4524;9;3001276.914899945
344;4528;4;3001276.914899945
345;4534;6;3001276.914899945
346;4540;6;3001276.914899945
347;4547;7;3001276.914899945
348;4550;3;3001276.914899945
349;4556;6;3001276.914899945
350;4563;7;3001276.914899945
351;4569;6;3001276.914899945
352;4572;3;3001276.914899945
353;4582;10;3001276.914899945
354;4587;5;3001276.914899945
355;4594;7;3001276.914899945
356;4603;9;3001276.914899945
357;4609;6;3001276.914899945
358;4613;4;3001276.914899945
359;4616;3;3001276.914899945
360;4620;4;3001276.914899945
361;4621;1;3001276.914899945
362;4629;8;3001276.914899945
363;4633;4;3001276.914899945
364;4640;7;3001276.914899945
365;4644;4;3001276.914899945
366;4650;6;3001276.914899945
367;4658;8;3001276.914899945
368;4664;6;3001276.914899945
369;4670;6;3001276.914899945
370;4679;9;3001276.914899945
371;4688;9;3001276.914899945
372;4693;5;3001276.914899945
373;4699;6;3001276.914899945
374;4703;4;3001276.914899945
375;4709;6;3001276.914899945
376;4713;4;3001276.914899945
377;4716;3;3001276.914899945
378;4721;5;3001276.914899945
379;4725;4;3001276.914899945
380;4731;6;3001276.914899945
381;4735;4;3001276.914899945
382;4740;5;3001276.914899945
383;4744;4;3001276.914899945
384;4747;3;3001276.914899945
385;4753;6;3001276.914899945
386;4757;4;3001276.914899945
387;4763;6;3001276.914899945
388;4768;5;3001276.914899945
389;4768;0;3001276.914899945
390;4772;4;3001276.914899945
391;4776;4;3001276.914899945
392;4780;4;3001276.914899945
393;4783;3;3001276.914899945
394;4789;6;3001276.914899945
395;4794;5;3001276.914899945
396;4797;3;3001276.914899945
397;4802;5;3001276.914899945
398;4803;1;3001276.914899945
399;4813;10;3001276.914899945
400;4820;7;3001276.914899945
401;4830;10;3001276.914899945
402;4837;7;3001276.914899945
403;4844;7;3001276.914899945
404;4852;8;3001276.914899945
405;4861;9;3001276.914899945
406;4869;8;3001276.914899945
407;4874;5;3001276.914899945
408;4879;5;3001276.914899945
409;4890;11;3001276.914899945
410;4896;6;3001276.914899945
411;4904;8;3001276.914899945
412;4910;6;3001276.914899945
413;4917;7;3001276.914899945
414;4927;10;3001276.914899945
415;4938;11;3001276.914899945
416;4944;6;3001276.914899945
417;4952;8;3001276.914899945
418;4953;1;3001276.914899945
419;4962;9;3001276.914899945
420;4970;8;3001276.914899945
421;4979;9;3001276.914899945
422;4984;5;3001276.914899945
423;4989;5;3001276.914899945
424;4993;4;3001276.914899945
425;5002;9;3001276.914899945
426;5007;5;3001276.914899945
427;5014;7;3001276.914899945
428;5021;7;3001276.914899945
429;5026;5;3001276.914899945
430;5031;5;3001276.914899945
431;5037;6;3001276.914899945
432;5039;2;3001276.914899945
433;5044;5;3001276.914899945
434;5047;3;3001276.914899945
435;5052;5;3001276.914899945
436;5056;4;3001276.914899945
437;5060;4;3001276.914899945
438;5063;3;3001276.914899945
439;5070;7;3001276.914899945
440;5077;7;3001276.914899945
441;5082;5;3001276.914899945
442;5086;4;3001276.914899945
443;5091;5;3001276.914899945
444;5097;6;3001276.914899945
445;5101;4;3001276.914899945
446;5103;2;3001276.914899945
447;5104;1;3001276.914899945
448;5105;1;3001276.914899945
449;5108;3;3001276.914899945
450;5110;2;3001276.914899945
451;5114;4;3001276.914899945
452;5118;4;3001276.914899945
453;5124;6;3001276.914899945
454;5129;5;3001276.914899945
455;5134;5;3001276.914899945
456;5139;5;3001276.914899945
457;5143;4;3001276.914899945
458;5146;3;3001276.914899945
459;5150;4;3001276.914899945
460;5155;5;3001276.914899945
461;5157;2;3001276.914899945
462;5164;7;3001276.914899945
463;5170;6;3001276.914899945
464;5174;4;3001276.914899945
465;5175;1;3001276.914899945
466;5176;1;3001276.914899945
467;5180;4;3001276.914899945
468;5183;3;3001276.914899945
469;5190;7;3001276.914899945
470;5194;4;3001276.914899945
471;5198;4;3001276.914899945
472;5199;1;3001276.914899945
473;5207;8;3001276.914899945
474;5216;9;3001276.914899945
475;5222;6;3001276.914899945
476;5228;6;3001276.914899945
477;5234;6;3001276.914899945
478;5240;6;3001276.914899945
479;5248;8;3001276.914899945
480;5250;2;3001276.914899945
481;5259;9;3001276.914899945
482;5261;2;3001276.914899945
483;5262;1;3001276.914899945
484;5264;2;3001276.914899945
485;5273;9;3001276.914899945
486;5280;7;3001276.914899945
487;5286;6;3001276.914899945
488;5291;5;3001276.914899945
489;5297;6;3001276.914899945
490;5300;3;3001276.914899945
491;5306;6;3001276.914899945
492;5311;5;3001276.914899945
493;5316;5;3001276.914899945
494;5318;2;3001276.914899945
495;5323;5;3001276.914899945
496;5323;0;3001276.914899945
497;5329;6;3001276.914899945
498;5332;3;3001276.914899945
499;5333;1;3001276.914899945
500;5338;5;3001276.914899945
501;5340;2;3001276.914899945
502;5341;1;3001276.914899945
503;5346;5;3001276.914899945
504;5350;4;3001276.914899945
505;5356;6;3001267.397980203
506;5363;7;3001267.397980203
507;5369;6;3001229.007573832
508;5379;10;3001223.068320829
509;5387;8;3001214.757156163
510;5394;7;3001214.757156163
511;5398;4;3001214.757156163
512;5400;2;3001214.757156163
513;5409;9;3001214.757156163
514;5418;9;3001214.757156163
515;5424;6;3001214.757156163
516;5430;6;3001214.757156163
517;5437;7;3001214.757156163
518;5443;6;3001214.757156163
519;5447;4;3001214.757156163
520;5451;4;3001214.757156163
521;5454;3;3001214.757156163
522;5461;7;3001214.757156163
523;5462;1;3001214.757156163
524;5465;3;3001214.757156163
525;5472;7;3001214.757156163
526;5478;6;3001214.757156163
527;5481;3;3001214.757156163
528;5486;5;3001214.757156163
529;5489;3;3001214.757156163
530;5496;7;3001214.757156163
531;5502;6;3001196.5948715676
532;5507;5;3001181.5358403027
533;5519;12;3001181.5358403027
534;5526;7;3001181.5358403027
535;5533;7;3001181.5358403027
536;5541;8;3001181.5358403027
537;5550;9;3001181.5358403027
538;5561;11;3001181.5358403027
539;5568;7;3001181.5358403027
540;5581;13;3001181.5358403027
541;5582;1;3001181.5358403027
542;5586;4;3001181.5358403027
543;5592;6;3001181.5358403027
544;5600;8;3001181.5358403027
545;5608;8;3001181.5358403027
546;5619;11;3001181.5358403027
547;5627;8;3001181.5358403027
548;5632;5;3001181.5358403027
549;5634;2;3001181.5358403027
550;5640;6;3001181.5358403027
551;5644;4;3001181.5358403027
552;5647;3;3001181.5358403027
553;5655;8;3001181.5358403027
554;5662;7;3001181.5358403027
555;5666;4;3001181.5358403027
556;5671;5;3001181.5358403027
557;5678;7;3001181.5358403027
558;5682;4;3001181.5358403027
559;5682;0;3001181.5358403027
560;5684;2;3001181.5358403027
561;5690;6;3001181.5358403027
562;5695;5;3001181.5358403027
563;5699;4;3001181.5358403027
564;5712;13;3001181.5358403027
565;5718;6;3001181.5358403027
566;5722;4;3001181.5358403027
567;5727;5;3001181.5358403027
568;5733;6;3001181.5358403027
569;5742;9;3001181.5358403027
570;5749;7;3001181.5358403027
571;5752;3;3001181.5358403027
572;5758;6;3001181.5358403027
573;5763;5;3001181.5358403027
574;5766;3;3001181.5358403027
575;5770;4;3001181.5358403027
576;5777;7;3001181.5358403027
577;5782;5;3001181.5358403027
578;5787;5;3001181.5358403027
579;5788;1;3001181.5358403027
580;5791;3;3001181.5358403027
581;5798;7;3001181.5358403027
582;5807;9;3001181.5358403027
583;5815;8;3001181.5358403027
584;5816;1;3001181.5358403027
585;5816;0;3001181.5358403027
586;5822;6;3001181.5358403027
587;5828;6;3001181.5358403027
588;5831;3;3001181.5358403027
589;5835;4;3001181.5358403027
590;5841;6;3001181.5358403027
591;5847;6;3001181.5358403027
592;5855;8;3001181.5358403027
593;5861;6;3001181.5358403027
594;5870;9;3001181.5358403027
595;5876;6;3001181.5358403027
596;5881;5;3001181.5358403027
597;5885;4;3001181.5358403027
598;5892;7;3001181.5358403027
599;5897;5;3001181.5358403027
600;5909;12;3001181.5358403027
601;5917;8;3001181.5358403027
602;5923;6;3001181.5358403027
603;5925;2;3001181.5358403027
604;5933;8;3001181.5358403027
605;5935;2;3001181.5358403027
606;5943;8;3001181.5358403027
607;5943;0;3001181.5358403027
608;5948;5;3001181.5358403027
609;5949;1;3001181.5358403027
610;5952;3;3001181.5358403027
611;5953;1;3001181.5358403027
612;5957;4;3001181.5358403027
613;5962;5;3001181.5358403027
614;5965;3;3001181.5358403027
615;5971;6;3001181.5358403027
616;5975;4;3001181.5358403027
617;5981;6;3001181.5358403027
618;5988;7;3001181.5358403027
619;5994;6;3001181.5358403027
620;6002;8;3001181.5358403027
621;6008;6;3001181.5358403027
622;6014;6;3001181.5358403027
623;6019;5;3001181.5358403027
624;6026;7;3001181.5358403027
625;6030;4;3001181.5358403027
626;6036;6;3001181.5358403027
627;6040;4;3001181.5358403027
628;6041;1;3001181.5358403027
629;6041;0;3001181.5358403027
630;6047;6;3001181.5358403027
631;6053;6;3001181.5358403027
632;6058;5;3001181.5358403027
633;6063;5;3001181.5358403027
634;6066;3;3001181.5358403027
635;6070;4;3001181.5358403027
636;6075;5;3001181.5358403027
637;6079;4;3001181.5358403027
638;6083;4;3001181.5358403027
639;6084;1;3001181.5358403027
640;6090;6;3001181.5358403027
641;6091;1;3001181.5358403027
642;6092;1;3001181.5358403027
643;6099;7;3001181.5358403027
644;6107;8;3001181.5358403027
645;6110;3;3001181.5358403027
646;6118;8;3001181.5358403027
647;6124;6;3001181.5358403027
648;6129;5;3001181.5358403027
649;6136;7;3001181.5358403027
650;6142;6;3001181.5358403027
651;6149;7;3001181.5358403027
652;6149;0;3001181.5358403027
653;6154;5;3001181.5358403027
654;6155;1;3001181.5358403027
655;6157;2;3001181.5358403027
656;6160;3;3001181.5358403027
657;6160;0;3001181.5358403027
658;6164;4;3001181.5358403027
659;6170;6;3001181.5358403027
660;6170;0;3001181.5358403027
661;6173;3;3001181.5358403027
662;6174;1;3001181.5358403027
663;6180;6;3001181.5358403027
664;6184;4;3001181.5358403027
665;6189;5;3001181.5358403027
666;6197;8;3001181.5358403027
667;6209;12;3001181.5358403027
668;6216;7;3001181.5358403027
669;6216;0;3001181.5358403027
670;6219;3;3001181.5358403027
671;6222;3;3001181.5358403027
672;6227;5;3001181.5358403027
673;6229;2;3001181.5358403027
674;6230;1;3001181.5358403027
675;6239;9;3001181.5358403027
676;6243;4;3001181.5358403027
677;6247;4;3001181.5358403027
678;6250;3;3001181.5358403027
679;6254;4;3001181.5358403027
680;6255;1;3001181.5358403027
681;6260;5;3001181.5358403027
682;6264;4;3001181.5358403027
683;6270;6;3001181.5358403027
684;6277;7;3001181.5358403027
685;6283;6;3001181.5358403027
686;6287;4;3001181.5358403027
687;6288;1;3001181.5358403027
688;6291;3;3001181.5358403027
689;6298;7;3001181.5358403027
690;6305;7;3001181.5358403027
691;6313;8;3001181.5358403027
692;6314;1;3001181.5358403027
693;6318;4;3001181.5358403027
694;6320;2;3001181.5358403027
695;6327;7;3001181.5358403027
696;6331;4;3001181.5358403027
697;6335;4;3001181.5358403027
698;6342;7;3001181.5358403027
699;6348;6;3001181.5358403027
700;6355;7;3001181.5358403027
701;6361;6;3001181.5358403027
702;6366;5;3001181.5358403027
703;6373;7;3001181.5358403027
704;6374;1;3001181.5358403027
705;6379;5;3001181.5358403027
706;6384;5;3001181.5358403027
707;6389;5;3001181.5358403027
708;6398;9;3001181.5358403027
709;6407;9;3001181.5358403027
710;6412;5;3001181.5358403027
711;6418;6;3001181.5358403027
712;6419;1;3001181.5358403027
713;6426;7;3001181.5358403027
714;6431;5;3001181.5358403027
715;6435;4;3001181.5358403027
716;6441;6;3001181.5358403027
717;6447;6;3001181.5358403027
718;6453;6;3001181.5358403027
719;6454;1;3001181.5358403027
720;6460;6;3001181.5358403027
721;6463;3;3001181.5358403027
722;6464;1;3001181.5358403027
723;6467;3;3001181.5358403027
724;6472;5;3001181.5358403027
725;6475;3;3001181.5358403027
726;6479;4;3001181.5358403027
727;6483;4;3001181.5358403027
728;6488;5;3001181.5358403027
729;6492;4;3001181.5358403027
730;6505;13;3001181.5358403027
731;6509;4;3001181.5358403027
732;6513;4;3001181.5358403027
733;6517;4;3001181.5358403027
734;6522;5;3001181.5358403027
735;6526;4;3001181.5358403027
736;6530;4;3001181.5358403027
737;6534;4;3001181.5358403027
738;6540;6;3001181.5358403027
739;6541;1;3001181.5358403027
740;6545;4;3001181.5358403027
741;6550;5;3001181.5358403027
742;6555;5;3001181.5358403027
743;6561;6;3001181.5358403027
744;6566;5;3001181.5358403027
745;6572;6;3001181.5358403027
746;6577;5;3001181.5358403027
747;6583;6;3001181.5358403027
748;6585;2;3001181.5358403027
749;6593;8;3001181.5358403027
750;6594;1;3001181.5358403027
751;6595;1;3001181.5358403027
752;6607;12;3001181.5358403027
753;6613;6;3001181.5358403027
754;6620;7;3001181.5358403027
755;6625;5;3001181.5358403027
756;6629;4;3001181.5358403027
757;6633;4;3001181.5358403027
758;6634;1;3001181.5358403027
759;6639;5;3001181.5358403027
760;6640;1;3001181.5358403027
761;6646;6;3001181.5358403027
762;6655;9;3001181.5358403027
763;6661;6;3001181.5358403027
764;6671;10;3001181.5358403027
765;6674;3;3001181.5358403027
766;6682;8;3001177.2051516213
767;6691;9;3001177.2051516213
768;6692;1;3001177.2051516213
769;6700;8;3001165.7069097096
770;6705;5;3001165.7069097096
771;6709;4;3001165.7069097096
772;6714;5;3001165.7069097096
773;6721;7;3001165.7069097096
774;6722;1;3001165.7069097096
775;6726;4;3001165.7069097096
776;6727;1;3001165.7069097096
777;6732;5;3001165.7069097096
778;6733;1;3001165.7069097096
779;6739;6;3001165.7069097096
780;6745;6;3001165.7069097096
781;6750;5;3001165.7069097096
782;6760;10;3001165.7069097096
783;6769;9;3001165.7069097096
784;6775;6;3001165.7069097096
785;6780;5;3001165.7069097096
786;6783;3;3001165.7069097096
787;6791;8;3001165.7069097096
788;6796;5;3001165.7069097096
789;6802;6;3001165.7069097096
790;6810;8;3001165.7069097096
791;6811;1;3001165.7069097096
792;6817;6;3001165.7069097096
793;6827;10;3001165.7069097096
794;6833;6;3001165.7069097096
795;6836;3;3001165.7069097096
796;6840;4;3001165.7069097096
797;6844;4;3001165.7069097096
798;6850;6;3001165.7069097096
799;6859;9;3001165.7069097096
800;6865;6;3001165.7069097096
801;6870;5;3001165.7069097096
802;6873;3;3001165.7069097096
803;6874;1;3001165.7069097096
804;6880;6;3001165.7069097096
805;6883;3;3001165.7069097096
806;6888;5;3001165.7069097096
807;6892;4;3001165.7069097096
808;6901;9;3001165.7069097096
809;6906;5;3001165.7069097096
810;6913;7;3001165.7069097096
811;6919;6;3001165.7069097096
812;6923;4;3001165.7069097096
813;6927;4;3001165.7069097096
814;6933;6;3001165.7069097096
815;6934;1;3001165.7069097096
816;6939;5;3001165.7069097096
817;6943;4;3001165.7069097096
818;6950;7;3001165.7069097096
819;6956;6;3001165.7069097096
820;6961;5;3001165.7069097096
821;6963;2;3001165.7069097096
822;6966;3;3001165.7069097096
823;6971;5;3001165.7069097096
824;6975;4;3001165.7069097096
825;6980;5;3001165.7069097096
826;6985;5;3001165.7069097096
827;6989;4;3001165.7069097096
828;6999;10;3001165.7069097096
829;7001;2;3001165.7069097096
830;7009;8;3001165.7069097096
831;7014;5;3001165.7069097096
832;7016;2;3001165.7069097096
833;7021;5;3001165.7069097096
834;7024;3;3001165.7069097096
835;7027;3;3001165.7069097096
836;7033;6;3001165.7069097096
837;7038;5;3001165.7069097096
838;7039;1;3001165.7069097096
839;7042;3;3001165.7069097096
840;7045;3;3001165.7069097096
841;7052;7;3001165.7069097096
842;7055;3;3001165.7069097096
843;7060;5;3001165.7069097096
844;7066;6;3001165.7069097096
845;7071;5;3001165.7069097096
846;7076;5;3001165.7069097096
847;7081;5;3001165.7069097096
848;7087;6;3001165.7069097096
849;7095;8;3001165.7069097096
850;7101;6;3001165.7069097096
851;7104;3;3001165.7069097096
852;7116;12;3001165.7069097096
853;7122;6;3001165.7069097096
854;7128;6;3001165.7069097096
855;7134;6;3001165.7069097096
856;7140;6;3001165.7069097096
857;7145;5;3001165.7069097096
858;7147;2;3001165.7069097096
859;7150;3;3001165.7069097096
860;7151;1;3001165.7069097096
861;7151;0;3001165.7069097096
862;7155;4;3001165.7069097096
863;7159;4;3001165.7069097096
864;7160;1;3001165.7069097096
865;7166;6;3001165.7069097096
866;7169;3;3001165.7069097096
867;7173;4;3001165.7069097096
868;7176;3;3001165.7069097096
869;7180;4;3001165.7069097096
870;7183;3;3001165.7069097096
871;7189;6;3001165.7069097096
872;7191;2;3001165.7069097096
873;7192;1;3001165.7069097096
874;7196;4;3001165.7069097096
875;7201;5;3001165.7069097096
876;7206;5;3001165.7069097096
877;7207;1;3001165.7069097096
878;7211;4;3001165.7069097096
879;7217;6;3001165.7069097096
880;7224;7;3001165.7069097096
881;7228;4;3001165.7069097096
882;7232;4;3001165.7069097096
883;7237;5;3001165.7069097096
884;7237;0;3001165.7069097096
885;7238;1;3001165.7069097096
886;7243;5;3001165.7069097096
887;7248;5;3001165.7069097096
888;7253;5;3001165.7069097096
889;7260;7;3001165.7069097096
890;7266;6;3001165.7069097096
891;7269;3;3001165.7069097096
892;7275;6;3001165.7069097096
893;7283;8;3001165.7069097096
894;7289;6;3001165.7069097096
895;7290;1;3001165.7069097096
896;7294;4;3001165.7069097096
897;7295;1;3001165.7069097096
898;7299;4;3001165.7069097096
899;7307;8;3001165.7069097096
900;7313;6;3001165.7069097096
901;7319;6;3001165.7069097096
902;7323;4;3001165.7069097096
903;7329;6;3001165.7069097096
904;7334;5;3001165.7069097096
905;7338;4;3001165.7069097096
906;7343;5;3001165.7069097096
907;7347;4;3001165.7069097096
908;7351;4;3001165.7069097096
909;7356;5;3001165.7069097096
910;7362;6;3001165.7069097096
911;7369;7;3001165.7069097096
912;7373;4;3001165.7069097096
913;7379;6;3001165.7069097096
914;7382;3;3001165.7069097096
915;7388;6;3001165.7069097096
916;7395;7;3001165.7069097096
917;7403;8;3001165.7069097096
918;7406;3;3001165.7069097096
919;7409;3;3001165.7069097096
920;7416;7;3001165.7069097096
921;7416;0;3001165.7069097096
922;7421;5;3001165.7069097096
923;7422;1;3001165.7069097096
924;7427;5;3001165.7069097096
925;7427;0;3001165.7069097096
926;7432;5;3001165.7069097096
927;7436;4;3001165.7069097096
928;7441;5;3001165.7069097096
929;7445;4;3001165.7069097096
930;7448;3;3001165.7069097096
931;7452;4;3001165.7069097096
932;7456;4;3001165.7069097096
933;7460;4;3001165.7069097096
934;7464;4;3001165.7069097096
935;7469;5;3001165.7069097096
936;7470;1;3001165.7069097096
937;7473;3;3001165.7069097096
938;7475;2;3001165.7069097096
939;7480;5;3001165.7069097096
940;7483;3;3001165.7069097096
941;7489;6;3001165.7069097096
942;7496;7;3001165.7069097096
943;7508;12;3001165.7069097096
944;7513;5;3001165.7069097096
945;7519;6;3001165.7069097096
946;7521;2;3001165.7069097096
947;7525;4;3001165.7069097096
948;7532;7;3001165.7069097096
949;7536;4;3001165.7069097096
950;7537;1;3001165.7069097096
951;7542;5;3001165.7069097096
952;7547;5;3001165.7069097096
953;7553;6;3001165.7069097096
954;7558;5;3001165.7069097096
955;7559;1;3001165.7069097096
956;7563;4;3001165.7069097096
957;7569;6;3001165.7069097096
958;7575;6;3001165.7069097096
959;7576;1;3001165.7069097096
960;7579;3;3001165.7069097096
961;7581;2;3001165.7069097096
962;7586;5;3001165.7069097096
963;7586;0;3001165.7069097096
964;7591;5;3001165.7069097096
965;7601;10;3001165.7069097096
966;7608;7;3001165.7069097096
967;7612;4;3001165.7069097096
968;7620;8;3001165.7069097096
969;7627;7;3001165.7069097096
970;7629;2;3001165.7069097096
971;7634;5;3001165.7069097096
972;7639;5;3001165.7069097096
973;7642;3;3001165.7069097096
974;7642;0;3001165.7069097096
975;7644;2;3001165.7069097096
976;7647;3;3001165.7069097096
977;7651;4;3001165.7069097096
978;7657;6;3001165.7069097096
979;7661;4;3001165.7069097096
980;7666;5;3001165.7069097096
981;7672;6;3001165.7069097096
982;7674;2;3001165.7069097096
983;7679;5;3001165.7069097096
984;7686;7;3001165.7069097096
985;7690;4;3001165.7069097096
986;7694;4;3001165.7069097096
987;7700;6;3001165.7069097096
988;7704;4;3001165.7069097096
989;7711;7;3001165.7069097096
990;7715;4;3001165.7069097096
991;7721;6;3001165.7069097096
992;7728;7;3001165.7069097096
993;7735;7;3001165.7069097096
994;7739;4;3001165.7069097096
995;7743;4;3001165.7069097096
996;7750;7;3001165.7069097096
997;7753;3;3001165.7069097096
998;7760;7;3001165.7069097096
999;7764;4;3001165.7069097096
1000;7769;5;3001165.7069097096
1001;7774;5;3001165.7069097096
1002;7778;4;3001165.7069097096
1003;7784;6;3001162.8252913477
1004;7785;1;3001162.8252913477
1005;7790;5;3001162.8252913477
1006;7790;0;3001162.8252913477
1007;7796;6;3001157.7800693954
1008;7800;4;3001157.7800693954
1009;7807;7;3001157.7800693954
1010;7809;2;3001157.7800693954
1011;7815;6;3001157.7800693954
1012;7822;7;3001157.7800693954
1013;7826;4;3001157.7800693954
1014;7827;1;3001157.7800693954
1015;7831;4;3001157.7800693954
1016;7837;6;3001157.7800693954
1017;7843;6;3001157.7800693954
1018;7848;5;3001157.7800693954
1019;7848;0;3001157.7800693954
1020;7852;4;3001157.7800693954
1021;7853;1;3001157.7800693954
1022;7853;0;3001157.7800693954
1023;7859;6;3001157.7800693954
1024;7861;2;3001157.7800693954
1025;7862;1;3001157.7800693954
1026;7869;7;3001157.7800693954
1027;7873;4;3001157.7800693954
1028;7876;3;3001157.7800693954
1029;7883;7;3001157.7800693954
1030;7887;4;3001157.7800693954
1031;7892;5;3001157.7800693954
1032;7897;5;3001157.7800693954
1033;7900;3;3001157.7800693954
1034;7905;5;3001157.7800693954
1035;7910;5;3001157.7800693954
1036;7915;5;3001157.7800693954
1037;7920;5;3001157.7800693954
1038;7924;4;3001157.7800693954
1039;7928;4;3001157.7800693954
1040;7932;4;3001157.7800693954
1041;7936;4;3001157.7800693954
1042;7940;4;3001157.7800693954
1043;7943;3;3001157.7800693954
1044;7950;7;3001157.7800693954
1045;7956;6;3001157.7800693954
1046;7960;4;3001157.7800693954
1047;7963;3;3001157.7800693954
1048;7969;6;3001157.7800693954
1049;7976;7;3001157.7800693954
1050;7982;6;3001157.7800693954
1051;7986;4;3001157.7800693954
1052;7990;4;3001157.7800693954
1053;8001;11;3001157.7800693954
1054;8006;5;3001157.7800693954
1055;8011;5;3001157.7800693954
1056;8016;5;3001157.7800693954
1057;8019;3;3001157.7800693954
1058;8023;4;3001157.7800693954
1059;8027;4;3001157.7800693954
1060;8027;0;3001157.7800693954
1061;8030;3;3001157.7800693954
1062;8031;1;3001157.7800693954
1063;8037;6;3001157.7800693954
1064;8038;1;3001157.7800693954
1065;8043;5;3001157.7800693954
1066;8048;5;3001157.7800693954
1067;8052;4;3001157.7800693954
1068;8058;6;3001157.7800693954
1069;8058;0;3001157.7800693954
1070;8059;1;3001157.7800693954
1071;8061;2;3001157.7800693954
1072;8061;0;3001157.7800693954
1073;8065;4;3001157.7800693954
1074;8065;0;3001157.7800693954
1075;8068;3;3001157.7800693954
1076;8072;4;3001157.7800693954
1077;8076;4;3001157.7800693954
1078;8080;4;3001157.7800693954
1079;8081;1;3001157.7800693954
1080;8085;4;3001157.7800693954
1081;8088;3;3001157.7800693954
1082;8094;6;3001157.7800693954
1083;8101;7;3001157.7800693954
1084;8104;3;3001157.7800693954
1085;8109;5;3001157.7800693954
1086;8113;4;3001157.7800693954
1087;8120;7;3001157.7800693954
1088;8124;4;3001157.7800693954
1089;8129;5;3001157.7800693954
1090;8135;6;3001157.7800693954
1091;8140;5;3001157.7800693954
1092;8144;4;3001157.7800693954
1093;8147;3;3001157.7800693954
1094;8151;4;3001157.7800693954
1095;8155;4;3001157.7800693954
1096;8157;2;3001157.7800693954
1097;8164;7;3001157.7800693954
1098;8172;8;3001157.7800693954
1099;8179;7;3001157.7800693954
1100;8183;4;3001157.7800693954
1101;8189;6;3001157.7800693954
1102;8191;2;3001157.7800693954
1103;8196;5;3001157.7800693954
1104;8200;4;3001157.7800693954
1105;8201;1;3001157.7800693954
1106;8202;1;3001157.7800693954
1107;8210;8;3001157.7800693954
1108;8214;4;3001157.7800693954
1109;8218;4;3001157.7800693954
1110;8223;5;3001157.7800693954
1111;8224;1;3001157.7800693954
1112;8227;3;3001157.7800693954
1113;8233;6;3001157.7800693954
1114;8235;2;3001157.7800693954
1115;8238;3;3001157.7800693954
1116;8242;4;3001157.7800693954
1117;8246;4;3001157.7800693954
1118;8253;7;3001157.7800693954
1119;8257;4;3001157.7800693954
1120;8258;1;3001157.7800693954
1121;8262;4;3001157.7800693954
1122;8266;4;3001157.7800693954
1123;8273;7;3001157.7800693954
1124;8276;3;3001157.7800693954
1125;8279;3;3001157.7800693954
1126;8285;6;3001157.7800693954
1127;8290;5;3001157.7800693954
1128;8294;4;3001157.7800693954
1129;8299;5;3001157.7800693954
1130;8304;5;3001157.7800693954
1131;8308;4;3001157.7800693954
1132;8312;4;3001157.7800693954
1133;8318;6;3001157.7800693954
1134;8323;5;3001157.7800693954
1135;8330;7;3001157.7800693954
1136;8331;1;3001157.7800693954
1137;8334;3;3001157.7800693954
1138;8339;5;3001157.7800693954
1139;8340;1;3001157.7800693954
1140;8344;4;3001157.7800693954
1141;8350;6;3001157.7800693954
1142;8356;6;3001157.7800693954
1143;8360;4;3001157.7800693954
1144;8365;5;3001157.7800693954
1145;8369;4;3001157.7800693954
1146;8373;4;3001157.7800693954
1147;8376;3;3001157.7800693954
1148;8382;6;3001157.7800693954
1149;8385;3;3001157.7800693954
1150;8388;3;3001157.7800693954
1151;8394;6;3001157.7800693954
1152;8397;3;3001157.7800693954
1153;8400;3;3001157.7800693954
1154;8404;4;3001157.7800693954
1155;8405;1;3001157.7800693954
1156;8411;6;3001157.7800693954
1157;8416;5;3001157.7800693954
1158;8419;3;3001157.7800693954
1159;8423;4;3001157.7800693954
1160;8427;4;3001157.7800693954
1161;8432;5;3001157.7800693954
1162;8437;5;3001157.7800693954
1163;8441;4;3001157.7800693954
1164;8446;5;3001157.7800693954
1165;8451;5;3001157.7800693954
1166;8451;0;3001157.7800693954
1167;8457;6;3001157.7800693954
1168;8461;4;3001157.7800693954
1169;8463;2;3001157.7800693954
1170;8467;4;3001157.7800693954
1171;8472;5;3001157.7800693954
1172;8476;4;3001157.7800693954
1173;8480;4;3001157.7800693954
1174;8485;5;3001157.7800693954
1175;8496;11;3001157.7800693954
1176;8502;6;3001157.7800693954
1177;8508;6;3001157.7800693954
1178;8512;4;3001157.7800693954
1179;8517;5;3001157.7800693954
1180;8522;5;3001157.7800693954
1181;8528;6;3001157.7800693954
1182;8532;4;3001157.7800693954
1183;8539;7;3001157.7800693954
1184;8543;4;3001157.7800693954
1185;8544;1;3001157.7800693954
1186;8545;1;3001157.7800693954
1187;8549;4;3001157.7800693954
1188;8552;3;3001157.7800693954
1189;8558;6;3001157.7800693954
1190;8561;3;3001157.7800693954
1191;8567;6;3001157.7800693954
1192;8574;7;3001157.7800693954
1193;8576;2;3001157.7800693954
1194;8581;5;3001157.7800693954
1195;8584;3;3001157.7800693954
1196;8585;1;3001157.7800693954
1197;8587;2;3001157.7800693954
1198;8592;5;3001157.7800693954
1199;8597;5;3001157.7800693954
1200;8599;2;3001157.7800693954
1201;8602;3;3001157.7800693954
1202;8608;6;3001157.7800693954
1203;8615;7;3001157.7800693954
1204;8618;3;3001157.7800693954
1205;8619;1;3001157.7800693954
1206;8625;6;3001157.7800693954
1207;8628;3;3001157.7800693954
1208;8633;5;3001157.7800693954
1209;8637;4;3001157.7800693954
1210;8640;3;3001157.7800693954
1211;8645;5;3001157.7800693954
1212;8646;1;3001157.7800693954
1213;8650;4;3001157.7800693954
1214;8652;2;3001157.7800693954
1215;8656;4;3001157.7800693954
1216;8661;5;3001157.7800693954
1217;8668;7;3001157.7800693954
1218;8670;2;3001157.7800693954
1219;8673;3;3001157.7800693954
1220;8677;4;3001157.7800693954
1221;8677;0;3001157.7800693954
1222;8681;4;3001157.7800693954
1223;8683;2;3001157.7800693954
1224;8689;6;3001157.7800693954
1225;8694;5;3001157.7800693954
1226;8697;3;3001157.7800693954
1227;8697;0;3001157.7800693954
1228;8700;3;3001157.7800693954
1229;8704;4;3001157.7800693954
1230;8707;3;3001157.7800693954
1231;8711;4;3001157.7800693954
1232;8715;4;3001157.7800693954
1233;8720;5;3001157.7800693954
1234;8723;3;3001157.7800693954
1235;8726;3;3001157.7800693954
1236;8731;5;3001157.7800693954
1237;8736;5;3001157.7800693954
1238;8741;5;3001157.7800693954
1239;8744;3;3001157.7800693954
1240;8751;7;3001157.7800693954
1241;8755;4;3001157.7800693954
1242;8762;7;3001157.7800693954
1243;8767;5;3001157.7800693954
1244;8768;1;3001157.7800693954
1245;8773;5;3001157.7800693954
1246;8778;5;3001157.7800693954
1247;8782;4;3001157.7800693954
1248;8787;5;3001157.7800693954
1249;8792;5;3001157.7800693954
1250;8796;4;3001157.7800693954
1251;8797;1;3001157.7800693954
1252;8802;5;3001157.7800693954
1253;8806;4;3001157.7800693954
1254;8807;1;3001157.7800693954
1255;8811;4;3001157.7800693954
1256;8819;8;3001157.7800693954
1257;8820;1;3001157.7800693954
1258;8823;3;3001157.7800693954
1259;8829;6;3001157.7800693954
1260;8832;3;3001157.7800693954
1261;8838;6;3001157.7800693954
1262;8842;4;3001157.7800693954
1263;8848;6;3001157.7800693954
1264;8849;1;3001157.7800693954
1265;8854;5;3001157.7800693954
1266;8860;6;3001157.7800693954
1267;8866;6;3001157.7800693954
1268;8871;5;3001157.7800693954
1269;8875;4;3001157.7800693954
1270;8876;1;3001157.7800693954
1271;8880;4;3001157.7800693954
1272;8881;1;3001157.7800693954
1273;8884;3;3001157.7800693954
1274;8888;4;3001157.7800693954
1275;8892;4;3001157.7800693954
1276;8895;3;3001157.7800693954
1277;8899;4;3001157.7800693954
1278;8904;5;3001157.7800693954
1279;8906;2;3001157.7800693954
1280;8915;9;3001157.7800693954
1281;8917;2;3001157.7800693954
1282;8923;6;3001157.7800693954
1283;8927;4;3001157.7800693954
1284;8933;6;3001157.7800693954
1285;8936;3;3001157.7800693954
1286;8940;4;3001157.7800693954
1287;8944;4;3001157.7800693954
1288;8950;6;3001157.7800693954
1289;8954;4;3001157.7800693954
1290;8957;3;3001157.7800693954
1291;8960;3;3001157.7800693954
1292;8964;4;3001157.7800693954
1293;8969;5;3001157.7800693954
1294;8973;4;3001157.7800693954
1295;8973;0;3001157.7800693954
1296;8979;6;3001157.7800693954
1297;8983;4;3001157.7800693954
1298;8988;5;3001157.7800693954
1299;8992;4;3001157.7800693954
1300;8998;6;3001157.7800693954
1301;9002;4;3001157.7800693954
1302;9007;5;3001157.7800693954
1303;9013;6;3001157.7800693954
1304;9018;5;3001157.7800693954
1305;9020;2;3001157.7800693954
1306;9023;3;3001157.7800693954
1307;9027;4;3001157.7800693954
1308;9030;3;3001157.7800693954
1309;9037;7;3001157.7800693954
1310;9043;6;3001157.7800693954
1311;9047;4;3001157.7800693954
1312;9055;8;3001157.7800693954
1313;9062;7;3001157.7800693954
1314;9067;5;3001157.7800693954
1315;9071;4;3001157.7800693954
1316;9073;2;3001157.7800693954
1317;9079;6;3001157.7800693954
1318;9082;3;3001157.7800693954
1319;9086;4;3001157.7800693954
1320;9090;4;3001149.1191007644
1321;9095;5;3001147.261995601
1322;9102;7;3001147.261995601
1323;9104;2;3001147.0508763585
1324;9107;3;3001147.0508763585
1325;9112;5;3001147.0508763585
1326;9119;7;3001146.9452065867
1327;9123;4;3001146.9452065867
1328;9128;5;3001146.9452065867
1329;9131;3;3001146.9452065867
1330;9131;0;3001146.9452065867
1331;9134;3;3001146.9452065867
1332;9138;4;3001146.9452065867
1333;9144;6;3001096.867147903
1334;9149;5;3001096.867147903
1335;9152;3;3001096.867147903
1336;9158;6;3001092.010229122
1337;9164;6;3001092.010229122
1338;9165;1;3001092.010229122
1339;9171;6;3001084.9457384986
1340;9175;4;3001084.9457384986
1341;9176;1;3001080.673683389
1342;9181;5;3001078.090497398
1343;9187;6;3001078.090497398
1344;9190;3;3001077.5431588218
1345;9191;1;3001077.5431588218
1346;9195;4;3001077.5431588218
1347;9201;6;3001077.5431588218
1348;9202;1;3001077.5431588218
1349;9206;4;3001077.5431588218
1350;9213;7;3001077.5431588218
1351;9217;4;3001077.5431588218
1352;9218;1;3001077.5431588218
1353;9222;4;3001077.5431588218
1354;9222;0;3001077.5431588218
1355;9227;5;3001077.5431588218
1356;9232;5;3001077.5431588218
1357;9236;4;3001077.5431588218
1358;9241;5;3001077.5431588218
1359;9245;4;3001077.5431588218
1360;9246;1;3001077.5431588218
1361;9250;4;3001077.5431588218
1362;9253;3;3001077.5431588218
1363;9258;5;3001077.5431588218
1364;9265;7;3001077.5431588218
1365;9266;1;3001077.5431588218
1366;9269;3;3001077.5431588218
1367;9274;5;3001077.5431588218
1368;9279;5;3001077.5431588218
1369;9280;1;3001077.5431588218
1370;9283;3;3001077.5431588218
1371;9288;5;3001077.5431588218
1372;9297;9;3001077.5431588218
1373;9304;7;3001077.5431588218
1374;9314;10;3001077.5431588218
1375;9317;3;3001077.5431588218
1376;9323;6;3001077.5431588218
1377;9328;5;3001077.5431588218
1378;9333;5;3001077.5431588218
1379;9341;8;3001077.5431588218
1380;9346;5;3001077.5431588218
1381;9350;4;3001077.5431588218
1382;9355;5;3001077.5431588218
1383;9361;6;3001077.5431588218
1384;9364;3;3001077.5431588218
1385;9371;7;3001077.5431588218
1386;9379;8;3001077.5431588218
1387;9384;5;3001077.5431588218
1388;9387;3;3001077.5431588218
1389;9392;5;3001077.5431588218
1390;9399;7;3001077.5431588218
1391;9404;5;3001077.5431588218
1392;9411;7;3001077.5431588218
1393;9414;3;3001077.5431588218
1394;9417;3;3001077.5431588218
1395;9422;5;3001077.5431588218
1396;9427;5;3001077.5431588218
1397;9429;2;3001077.5431588218
1398;9432;3;3001077.5431588218
1399;9437;5;3001077.5431588218
1400;9443;6;3001077.5431588218
1401;9446;3;3001077.5431588218
1402;9454;8;3001077.5431588218
1403;9458;4;3001077.5431588218
1404;9462;4;3001077.5431588218
1405;9462;0;3001077.5431588218
1406;9466;4;3001077.5431588218
1407;9470;4;3001077.5431588218
1408;9474;4;3001077.5431588218
1409;9480;6;3001077.5431588218
1410;9483;3;3001077.5431588218
1411;9487;4;3001077.5431588218
1412;9492;5;3001077.5431588218
1413;9499;7;3001077.5431588218
1414;9504;5;3001077.5431588218
1415;9508;4;3001077.5431588218
1416;9513;5;3001077.5431588218
1417;9517;4;3001077.5431588218
1418;9520;3;3001077.5431588218
1419;9523;3;3001077.5431588218
1420;9528;5;3001077.5431588218
1421;9529;1;3001077.5431588218
1422;9530;1;3001077.5431588218
1423;9532;2;3001077.5431588218
1424;9535;3;3001077.5431588218
1425;9539;4;3001077.5431588218
1426;9542;3;3001077.5431588218
1427;9548;6;3001077.5431588218
1428;9555;7;3001077.5431588218
1429;9559;4;3001077.5431588218
1430;9564;5;3001077.5431588218
1431;9568;4;3001077.5431588218
1432;9573;5;3001077.5431588218
1433;9578;5;3001077.5431588218
1434;9584;6;3001077.5431588218
1435;9584;0;3001077.5431588218
1436;9587;3;3001077.5431588218
1437;9589;2;3001077.5431588218
1438;9599;10;3001077.5431588218
1439;9604;5;3001077.5431588218
1440;9610;6;3001077.5431588218
1441;9611;1;3001077.5431588218
1442;9615;4;3001077.5431588218
1443;9619;4;3001077.5431588218
1444;9623;4;3001077.5431588218
1445;9628;5;3001077.5431588218
1446;9633;5;3001077.5431588218
1447;9639;6;3001077.5431588218
1448;9642;3;3001077.5431588218
1449;9645;3;3001077.5431588218
1450;9651;6;3001077.5431588218
1451;9654;3;3001077.5431588218
1452;9658;4;3001077.5431588218
1453;9662;4;3001077.5431588218
1454;9664;2;3001077.5431588218
1455;9668;4;3001077.5431588218
1456;9671;3;3001077.5431588218
1457;9675;4;3001077.5431588218
1458;9679;4;3001077.5431588218
1459;9684;5;3001077.5431588218
1460;9685;1;3001077.5431588218
1461;9688;3;3001077.5431588218
1462;9694;6;3001077.5431588218
1463;9704;10;3001077.5431588218
1464;9710;6;3001077.5431588218
1465;9713;3;3001077.5431588218
1466;9717;4;3001077.5431588218
1467;9723;6;3001077.5431588218
1468;9725;2;3001077.5431588218
1469;9729;4;3001077.5431588218
1470;9734;5;3001077.5431588218
1471;9736;2;3001077.5431588218
1472;9740;4;3001077.5431588218
1473;9745;5;3001077.5431588218
1474;9750;5;3001077.5431588218
1475;9754;4;3001077.5431588218
1476;9760;6;3001077.5431588218
1477;9765;5;3001077.5431588218
1478;9769;4;3001077.5431588218
1479;9773;4;3001077.5431588218
1480;9773;0;3001077.5431588218
1481;9777;4;3001077.5431588218
1482;9782;5;3001077.5431588218
1483;9786;4;3001077.5431588218
1484;9794;8;3001077.5431588218
1485;9798;4;3001077.5431588218
1486;9807;9;3001077.5431588218
1487;9811;4;3001077.5431588218
1488;9813;2;3001077.5431588218
1489;9816;3;3001077.5431588218
1490;9823;7;3001077.5431588218
1491;9829;6;3001077.5431588218
1492;9835;6;3001077.5431588218
1493;9836;1;3001077.5431588218
1494;9838;2;3001077.5431588218
1495;9841;3;3001077.5431588218
1496;9846;5;3001077.5431588218
1497;9848;2;3001077.5431588218
1498;9852;4;3001077.5431588218
1499;9859;7;3001077.5431588218
1500;9860;1;3001077.5431588218
1501;9865;5;3001077.5431588218
1502;9870;5;3001077.5431588218
1503;9875;5;3001077.5431588218
1504;9880;5;3001077.5431588218
1505;9881;1;3001077.5431588218
1506;9885;4;3001077.5431588218
1507;9885;0;3001077.5431588218
1508;9886;1;3001077.5431588218
1509;9889;3;3001077.5431588218
1510;9894;5;3001077.5431588218
1511;9898;4;3001077.5431588218
1512;9903;5;3001077.5431588218
1513;9904;1;3001077.5431588218
1514;9910;6;3001077.5431588218
1515;9913;3;3001077.5431588218
1516;9914;1;3001077.5431588218
1517;9915;1;3001077.5431588218
1518;9921;6;3001077.5431588218
1519;9927;6;3001077.5431588218
1520;9932;5;3001077.5431588218
1521;9936;4;3001077.5431588218
1522;9937;1;3001077.5431588218
1523;9939;2;3001077.5431588218
1524;9943;4;3001077.5431588218
1525;9947;4;3001077.5431588218
1526;9954;7;3001077.5431588218
1527;9960;6;3001077.5431588218
1528;9963;3;3001077.5431588218
1529;9967;4;3001077.5431588218
1530;9972;5;3001061.0986025035
1531;9977;5;3001061.0986025035
1532;9982;5;3001061.0986025035
1533;9983;1;3001061.0986025035
1534;9987;4;3001061.0986025035
1535;9993;6;3001061.0986025035
1536;10001;8;3001061.0986025035
1537;10002;1;3001061.0986025035
1538;10007;5;3001061.0986025035
1539;10013;6;3001061.0986025035
1540;10014;1;3001061.0986025035
1541;10018;4;3001061.0986025035
1542;10025;7;3001061.0986025035
1543;10029;4;3001061.0986025035
1544;10033;4;3001061.0986025035
1545;10034;1;3001061.0986025035
1546;10040;6;3001061.0986025035
1547;10044;4;3001061.0986025035
1548;10046;2;3001061.0986025035
1549;10051;5;3001061.0986025035
1550;10051;0;3001061.0986025035
1551;10054;3;3001061.0986025035
1552;10057;3;3001061.0986025035
1553;10064;7;3001061.0986025035
1554;10066;2;3001061.0986025035
1555;10069;3;3001061.0986025035
1556;10073;4;3001061.0986025035
1557;10079;6;3001061.0986025035
1558;10081;2;3001061.0986025035
1559;10087;6;3001061.0986025035
1560;10091;4;3001061.0986025035
1561;10092;1;3001061.0986025035
1562;10099;7;3001061.0986025035
1563;10105;6;3001061.0986025035
1564;10110;5;3001061.0986025035
1565;10113;3;3001061.0986025035
1566;10119;6;3001061.0986025035
1567;10124;5;3001061.0986025035
1568;10127;3;3001061.0986025035
1569;10131;4;3001061.0986025035
1570;10133;2;3001061.0986025035
1571;10139;6;3001061.0986025035
1572;10146;7;3001061.0986025035
1573;10149;3;3001061.0986025035
1574;10154;5;3001061.0986025035
1575;10156;2;3001061.0986025035
1576;10162;6;3001061.0986025035
1577;10163;1;3001061.0986025035
1578;10166;3;3001061.0986025035
1579;10169;3;3001061.0986025035
1580;10172;3;3001061.0986025035
1581;10176;4;3001061.0986025035
1582;10183;7;3001061.0986025035
1583;10187;4;3001061.0986025035
1584;10188;1;3001061.0986025035
1585;10191;3;3001061.0986025035
1586;10193;2;3001061.0986025035
1587;10197;4;3001061.0986025035
1588;10202;5;3001061.0986025035
1589;10206;4;3001061.0986025035
1590;10210;4;3001061.0986025035
1591;10214;4;3001061.0986025035
1592;10217;3;3001061.0986025035
1593;10220;3;3001061.0986025035
1594;10225;5;3001061.0986025035
1595;10231;6;3001061.0986025035
1596;10231;0;3001061.0986025035
1597;10236;5;3001061.0986025035
1598;10241;5;3001061.0986025035
1599;10246;5;3001061.0986025035
1600;10251;5;3001061.0986025035
1601;10259;8;3001061.0986025035
1602;10265;6;3001061.0986025035
1603;10271;6;3001061.0986025035
1604;10277;6;3001061.0986025035
1605;10284;7;3001061.0986025035
1606;10290;6;3001061.0986025035
1607;10295;5;3001061.0986025035
1608;10296;1;3001061.0986025035
1609;10304;8;3001061.0986025035
1610;10313;9;3001061.0986025035
1611;10325;12;3001061.0986025035
1612;10331;6;3001061.0986025035
1613;10336;5;3001061.0986025035
1614;10345;9;3001061.0986025035
1615;10349;4;3001061.0986025035
1616;10350;1;3001061.0986025035
1617;10350;0;3001061.0986025035
1618;10353;3;3001061.0986025035
1619;10356;3;3001061.0986025035
1620;10362;6;3001061.0986025035
1621;10366;4;3001061.0986025035
1622;10370;4;3001061.0986025035
1623;10375;5;3001061.0986025035
1624;10376;1;3001061.0986025035
1625;10384;8;3001061.0986025035
1626;10390;6;3001061.0986025035
1627;10399;9;3001061.0986025035
1628;10405;6;3001061.0986025035
1629;10406;1;3001061.0986025035
1630;10412;6;3001061.0986025035
1631;10418;6;3001061.0986025035
1632;10421;3;3001061.0986025035
1633;10424;3;3001061.0986025035
1634;10425;1;3001061.0986025035
1635;10427;2;3001061.0986025035
1636;10434;7;3001061.0986025035
1637;10436;2;3001061.0986025035
1638;10437;1;3001061.0986025035
1639;10440;3;3001061.0986025035
1640;10445;5;3001061.0986025035
1641;10452;7;3001061.0986025035
1642;10455;3;3001061.0986025035
1643;10459;4;3001061.0986025035
1644;10463;4;3001061.0986025035
1645;10469;6;3001061.0986025035
1646;10476;7;3001061.0986025035
1647;10484;8;3001061.0986025035
1648;10490;6;3001061.0986025035
1649;10493;3;3001061.0986025035
1650;10503;10;3001061.0986025035
1651;10507;4;3001061.0986025035
1652;10510;3;3001061.0986025035
1653;10511;1;3001061.0986025035
1654;10514;3;3001061.0986025035
1655;10515;1;3001061.0986025035
1656;10519;4;3001061.0986025035
1657;10526;7;3001061.0986025035
1658;10531;5;3001061.0986025035
1659;10532;1;3001061.0986025035
1660;10537;5;3001061.0986025035
1661;10540;3;3001061.0986025035
1662;10541;1;3001061.0986025035
1663;10542;1;3001061.0986025035
1664;10547;5;3001061.0986025035
1665;10551;4;3001061.0986025035
1666;10557;6;3001061.0986025035
1667;10561;4;3001061.0986025035
1668;10563;2;3001061.0986025035
1669;10566;3;3001061.0986025035
1670;10576;10;3001061.0986025035
1671;10584;8;3001061.0986025035
1672;10589;5;3001061.0986025035
1673;10594;5;3001061.0986025035
1674;10599;5;3001061.0986025035
1675;10600;1;3001061.0986025035
1676;10600;0;3001061.0986025035
1677;10605;5;3001061.0986025035
1678;10607;2;3001061.0986025035
1679;10608;1;3001061.0986025035
1680;10613;5;3001061.0986025035
1681;10617;4;3001061.0986025035
1682;10623;6;3001061.0986025035
1683;10626;3;3001061.0986025035
1684;10627;1;3001061.0986025035
1685;10630;3;3001061.0986025035
1686;10633;3;3001061.0986025035
1687;10640;7;3001061.0986025035
1688;10641;1;3001061.0986025035
1689;10644;3;3001061.0986025035
1690;10647;3;3001061.0986025035
1691;10655;8;3001061.0986025035
1692;10659;4;3001061.0986025035
1693;10665;6;3001061.0986025035
1694;10669;4;3001061.0986025035
1695;10673;4;3001061.0986025035
1696;10676;3;3001061.0986025035
1697;10679;3;3001061.0986025035
1698;10680;1;3001061.0986025035
1699;10685;5;3001061.0986025035
1700;10689;4;3001061.0986025035
1701;10692;3;3001061.0986025035
1702;10692;0;3001061.0986025035
1703;10694;2;3001061.0986025035
1704;10694;0;3001061.0986025035
1705;10700;6;3001061.0986025035
1706;10703;3;3001061.0986025035
1707;10705;2;3001061.0986025035
1708;10706;1;3001061.0986025035
1709;10711;5;3001061.0986025035
1710;10712;1;3001061.0986025035
1711;10715;3;3001061.0986025035
1712;10720;5;3001061.0986025035
1713;10728;8;3001061.0986025035
1714;10734;6;3001061.0986025035
1715;10737;3;3001061.0986025035
1716;10742;5;3001061.0986025035
1717;10747;5;3001061.0986025035
1718;10750;3;3001061.0986025035
1719;10753;3;3001061.0986025035
1720;10755;2;3001061.0986025035
1721;10756;1;3001061.0986025035
1722;10761;5;3001061.0986025035
1723;10767;6;3001061.0986025035
1724;10772;5;3001061.0986025035
1725;10773;1;3001061.0986025035
1726;10776;3;3001061.0986025035
1727;10779;3;3001061.0986025035
1728;10782;3;3001061.0986025035
1729;10784;2;3001061.0986025035
1730;10788;4;3001061.0986025035
1731;10791;3;3001061.0986025035
1732;10797;6;3001061.0986025035
1733;10801;4;3001061.0986025035
1734;10803;2;3001061.0986025035
1735;10808;5;3001061.0986025035
1736;10809;1;3001061.0986025035
1737;10814;5;3001061.0986025035
1738;10819;5;3001061.0986025035
1739;10822;3;3001061.0986025035
1740;10823;1;3001061.0986025035
1741;10827;4;3001061.0986025035
1742;10832;5;3001061.0986025035
1743;10833;1;3001061.0986025035
1744;10834;1;3001061.0986025035
1745;10841;7;3001061.0986025035
1746;10847;6;3001061.0986025035
1747;10851;4;3001061.0986025035
1748;10855;4;3001061.0986025035
1749;10858;3;3001061.0986025035
1750;10864;6;3001061.0986025035
1751;10866;2;3001061.0986025035
1752;10870;4;3001061.0986025035
1753;10874;4;3001061.0986025035
1754;10878;4;3001061.0986025035
1755;10879;1;3001061.0986025035
1756;10881;2;3001061.0986025035
1757;10884;3;3001061.0986025035
1758;10889;5;3001061.0986025035
1759;10892;3;3001061.0986025035
1760;10893;1;3001061.0986025035
1761;10896;3;3001061.0986025035
1762;10900;4;3001061.0986025035
1763;10901;1;3001061.0986025035
1764;10902;1;3001061.0986025035
1765;10905;3;3001061.0986025035
1766;10911;6;3001061.0986025035
1767;10917;6;3001061.0986025035
1768;10923;6;3001061.0986025035
1769;10927;4;3001061.0986025035
1770;10928;1;3001061.0986025035
1771;10931;3;3001061.0986025035
1772;10931;0;3001061.0986025035
1773;10935;4;3001061.0986025035
1774;10937;2;3001061.0986025035
1775;10938;1;3001061.0986025035
1776;10942;4;3001061.0986025035
1777;10947;5;3001061.0986025035
1778;10952;5;3001061.0986025035
1779;10957;5;3001061.0986025035
1780;10957;0;3001061.0986025035
1781;10962;5;3001061.0986025035
1782;10963;1;3001061.0986025035
1783;10966;3;3001061.0986025035
1784;10970;4;3001061.0986025035
1785;10974;4;3001061.0986025035
1786;10975;1;3001061.0986025035
1787;10976;1;3001061.0986025035
1788;10981;5;3001061.0986025035
1789;10984;3;3001061.0986025035
1790;10989;5;3001061.0986025035
1791;10990;1;3001061.0986025035
1792;11000;10;3001061.0986025035
1793;11005;5;3001061.0986025035
1794;11008;3;3001061.0986025035
1795;11012;4;3001061.0986025035
1796;11013;1;3001061.0986025035
1797;11017;4;3001061.0986025035
1798;11022;5;3001061.0986025035
1799;11022;0;3001061.0986025035
1800;11025;3;3001061.0986025035
1801;11029;4;3001061.0986025035
1802;11030;1;3001061.0986025035
1803;11036;6;3001061.0986025035
1804;11040;4;3001061.0986025035
1805;11043;3;3001061.0986025035
1806;11048;5;3001061.0986025035
1807;11051;3;3001061.0986025035
1808;11056;5;3001061.0986025035
1809;11061;5;3001061.0986025035
1810;11068;7;3001061.0986025035
1811;11069;1;3001061.0986025035
1812;11073;4;3001061.0986025035
1813;11076;3;3001061.0986025035
1814;11082;6;3001061.0986025035
1815;11086;4;3001061.0986025035
1816;11094;8;3001061.0986025035
1817;11098;4;3001061.0986025035
1818;11103;5;3001061.0986025035
1819;11105;2;3001061.0986025035
1820;11111;6;3001061.0986025035
1821;11116;5;3001061.0986025035
1822;11117;1;3001061.0986025035
1823;11118;1;3001061.0986025035
1824;11119;1;3001061.0986025035
1825;11123;4;3001061.0986025035
1826;11127;4;3001061.0986025035
1827;11131;4;3001061.0986025035
1828;11133;2;3001061.0986025035
1829;11137;4;3001061.0986025035
1830;11143;6;3001061.0986025035
1831;11144;1;3001061.0986025035
1832;11148;4;3001061.0986025035
1833;11149;1;3001061.0986025035
1834;11152;3;3001061.0986025035
1835;11157;5;3001061.0986025035
1836;11161;4;3001061.0986025035
1837;11166;5;3001061.0986025035
1838;11172;6;3001061.0986025035
1839;11176;4;3001061.0986025035
1840;11180;4;3001061.0986025035
1841;11186;6;3001061.0986025035
1842;11189;3;3001061.0986025035
1843;11191;2;3001061.0986025035
1844;11196;5;3001061.0986025035
1845;11197;1;3001061.0986025035
1846;11198;1;3001061.0986025035
1847;11202;4;3001061.0986025035
1848;11208;6;3001061.0986025035
1849;11211;3;3001061.0986025035
1850;11216;5;3001061.0986025035
1851;11223;7;3001061.0986025035
1852;11230;7;3001061.0986025035
1853;11231;1;3001061.0986025035
1854;11239;8;3001061.0986025035
1855;11247;8;3001061.0986025035
1856;11253;6;3001061.0986025035
1857;11254;1;3001061.0986025035
1858;11259;5;3001061.0986025035
1859;11266;7;3001061.0986025035
1860;11267;1;3001061.0986025035
1861;11269;2;3001061.0986025035
1862;11269;0;3001061.0986025035
1863;11273;4;3001061.0986025035
1864;11274;1;3001061.0986025035
1865;11279;5;3001061.0986025035
1866;11285;6;3001061.0986025035
1867;11285;0;3001061.0986025035
1868;11290;5;3001061.0986025035
1869;11295;5;3001061.0986025035
1870;11302;7;3001061.0986025035
1871;11306;4;3001061.0986025035
1872;11311;5;3001061.0986025035
1873;11314;3;3001061.0986025035
1874;11319;5;3001061.0986025035
1875;11325;6;3001061.0986025035
1876;11326;1;3001061.0986025035
1877;11332;6;3001061.0986025035
1878;11336;4;3001061.0986025035
1879;11340;4;3001061.0986025035
1880;11343;3;3001061.0986025035
1881;11349;6;3001061.0986025035
1882;11353;4;3001061.0986025035
1883;11359;6;3001061.0986025035
1884;11359;0;3001061.0986025035
1885;11364;5;3001061.0986025035
1886;11370;6;3001061.0986025035
1887;11373;3;3001061.0986025035
1888;11377;4;3001061.0986025035
1889;11383;6;3001061.0986025035
1890;11386;3;3001061.0986025035
1891;11387;1;3001061.0986025035
1892;11387;0;3001061.0986025035
1893;11390;3;3001061.0986025035
1894;11391;1;3001061.0986025035
1895;11395;4;3001061.0986025035
1896;11395;0;3001061.0986025035
1897;11399;4;3001061.0986025035
1898;11404;5;3001061.0986025035
1899;11408;4;3001061.0986025035
1900;11411;3;3001061.0986025035
1901;11417;6;3001061.0986025035
1902;11418;1;3001061.0986025035
1903;11421;3;3001061.0986025035
1904;11425;4;3001061.0986025035
1905;11428;3;3001061.0986025035
1906;11432;4;3001061.0986025035
1907;11435;3;3001061.0986025035
1908;11437;2;3001061.0986025035
1909;11439;2;3001061.0986025035
1910;11443;4;3001061.0986025035
1911;11447;4;3001061.0986025035
1912;11452;5;3001061.0986025035
1913;11458;6;3001061.0986025035
1914;11460;2;3001061.0986025035
1915;11463;3;3001061.0986025035
1916;11469;6;3001061.0986025035
1917;11470;1;3001061.0986025035
1918;11476;6;3001061.0986025035
1919;11480;4;3001061.0986025035
1920;11485;5;3001061.0986025035
1921;11490;5;3001061.0986025035
1922;11494;4;3001061.0986025035
1923;11498;4;3001061.0986025035
1924;11503;5;3001061.0986025035
1925;11509;6;3001061.0986025035
1926;11513;4;3001061.0986025035
1927;11514;1;3001061.0986025035
1928;11519;5;3001061.0986025035
1929;11523;4;3001061.0986025035
1930;11527;4;3001061.0986025035
1931;11531;4;3001061.0986025035
1932;11535;4;3001061.0986025035
1933;11541;6;3001061.0986025035
1934;11549;8;3001061.0986025035
1935;11559;10;3001061.0986025035
1936;11564;5;3001061.0986025035
1937;11570;6;3001061.0986025035
1938;11576;6;3001061.0986025035
1939;11584;8;3001061.0986025035
1940;11600;16;3001061.0986025035
1941;11604;4;3001061.0986025035
1942;11620;16;3001061.0986025035
1943;11621;1;3001061.0986025035
1944;11622;1;3001061.0986025035
1945;11623;1;3001061.0986025035
1946;11624;1;3001061.0986025035
1947;11627;3;3001061.0986025035
1948;11630;3;3001061.0986025035
1949;11632;2;3001061.0986025035
1950;11636;4;3001061.0986025035
1951;11640;4;3001061.0986025035
1952;11642;2;3001061.0986025035
1953;11646;4;3001061.0986025035
1954;11649;3;3001061.0986025035
1955;11652;3;3001061.0986025035
1956;11654;2;3001061.0986025035
1957;11656;2;3001061.0986025035
1958;11660;4;3001061.0986025035
1959;11661;1;3001061.0986025035
1960;11662;1;3001061.0986025035
1961;11667;5;3001061.0986025035
1962;11671;4;3001061.0986025035
1963;11674;3;3001061.0986025035
1964;11677;3;3001061.0986025035
1965;11678;1;3001061.0986025035
1966;11683;5;3001061.0986025035
1967;11686;3;3001061.0986025035
1968;11686;0;3001061.0986025035
1969;11690;4;3001061.0986025035
1970;11693;3;3001061.0986025035
1971;11698;5;3001061.0986025035
1972;11702;4;3001061.0986025035
1973;11707;5;3001061.0986025035
1974;11716;9;3001061.0986025035
1975;11722;6;3001061.0986025035
1976;11727;5;3001061.0986025035
1977;11732;5;3001061.0986025035
1978;11733;1;3001061.0986025035
1979;11739;6;3001061.0986025035
1980;11746;7;3001061.0986025035
1981;11753;7;3001061.0986025035
1982;11757;4;3001061.0986025035
1983;11761;4;3001061.0986025035
1984;11765;4;3001061.0986025035
1985;11769;4;3001061.0986025035
1986;11774;5;3001061.0986025035
1987;11778;4;3001061.0986025035
1988;11784;6;3001061.0986025035
1989;11789;5;3001061.0986025035
1990;11795;6;3001061.0986025035
1991;11801;6;3001061.0986025035
1992;11806;5;3001061.0986025035
1993;11811;5;3001061.0986025035
1994;11815;4;3001061.0986025035
1995;11819;4;3001061.0986025035
1996;11819;0;3001061.0986025035
1997;11825;6;3001061.0986025035
1998;11829;4;3001061.0986025035
1999;11832;3;3001061.0986025035
2000;11837;5;3001059.6008639606
2001;11840;3;3001059.6008639606
2002;11840;0;3001059.6008639606
2003;11842;2;3001049.0500871595
2004;11847;5;3001049.0500871595
2005;11852;5;3001049.0500871595
2006;11856;4;3001049.0500871595
2007;11862;6;3001049.0500871595
2008;11868;6;3001049.0500871595
2009;11873;5;3001049.0500871595
2010;11873;0;3001049.0500871595
2011;11879;6;3001049.0500871595
2012;11882;3;3001049.0500871595
2013;11885;3;3001049.0500871595
2014;11891;6;3001049.0500871595
2015;11902;11;3001049.0500871595
2016;11903;1;3001049.0500871595
2017;11907;4;3001049.0500871595
2018;11913;6;3001049.0500871595
2019;11916;3;3001049.0500871595
2020;11921;5;3001049.0500871595
2021;11925;4;3001049.0500871595
2022;11930;5;3001044.67085694
2023;11934;4;3001044.67085694
2024;11940;6;3001044.67085694
2025;11945;5;3001044.67085694
2026;11945;0;3001044.67085694
2027;11949;4;3001044.67085694
2028;11954;5;3001040.847925083
2029;11958;4;3001040.847925083
2030;11962;4;3001039.2352154655
2031;11967;5;3001039.2352154655
2032;11972;5;3001039.2352154655
2033;11973;1;3001039.2352154655
2034;11976;3;3001039.2352154655
2035;11979;3;3001039.2352154655
2036;11981;2;3001039.2352154655
2037;11985;4;3001039.2352154655
2038;11988;3;3001039.2352154655
2039;11998;10;3001039.2352154655
2040;12003;5;3001039.2352154655
2041;12007;4;3001039.2352154655
2042;12011;4;3001039.2352154655
2043;12013;2;3001039.2352154655
2044;12018;5;3001039.2352154655
2045;12019;1;3001039.2352154655
2046;12023;4;3001039.2352154655
2047;12028;5;3001039.2352154655
2048;12033;5;3001039.2352154655
2049;12036;3;3001039.2352154655
2050;12040;4;3001039.2352154655
2051;12047;7;3001039.2352154655
2052;12049;2;3001039.2352154655
2053;12052;3;3001039.2352154655
2054;12057;5;3001039.2352154655
2055;12064;7;3001039.2352154655
2056;12066;2;3001039.2352154655
2057;12071;5;3001039.2352154655
2058;12080;9;3001039.2352154655
2059;12084;4;3001039.2352154655
2060;12089;5;3001039.2352154655
2061;12098;9;3001039.2352154655
2062;12104;6;3001039.2352154655
2063;12107;3;3001039.2352154655
2064;12108;1;3001039.2352154655
2065;12114;6;3001039.2352154655
2066;12123;9;3001039.2352154655
2067;12124;1;3001039.2352154655
2068;12127;3;3001039.2352154655
2069;12130;3;3001039.2352154655
2070;12135;5;3001039.2352154655
2071;12139;4;3001039.2352154655
2072;12143;4;3001039.2352154655
2073;12153;10;3001039.2352154655
2074;12159;6;3001039.2352154655
2075;12165;6;3001039.2352154655
2076;12170;5;3001039.2352154655
2077;12176;6;3001039.2352154655
2078;12179;3;3001039.2352154655
2079;12180;1;3001039.2352154655
2080;12187;7;3001039.2352154655
2081;12194;7;3001039.2352154655
2082;12204;10;3001039.2352154655
2083;12205;1;3001039.2352154655
2084;12210;5;3001039.2352154655
2085;12216;6;3001039.2352154655
2086;12222;6;3001039.2352154655
2087;12227;5;3001039.2352154655
2088;12231;4;3001039.2352154655
2089;12237;6;3001039.2352154655
2090;12239;2;3001039.2352154655
2091;12244;5;3001039.2352154655
2092;12247;3;3001039.2352154655
2093;12250;3;3001039.2352154655
2094;12251;1;3001039.2352154655
2095;12255;4;3001039.2352154655
2096;12257;2;3001039.2352154655
2097;12258;1;3001039.2352154655
2098;12259;1;3001039.2352154655
2099;12265;6;3001039.2352154655
2100;12269;4;3001039.2352154655
2101;12277;8;3001039.2352154655
2102;12283;6;3001039.2352154655
2103;12286;3;3001039.2352154655
2104;12290;4;3001039.2352154655
2105;12291;1;3001039.2352154655
2106;12299;8;3001039.2352154655
2107;12308;9;3001039.2352154655
2108;12310;2;3001039.2352154655
2109;12314;4;3001039.2352154655
2110;12319;5;3001039.2352154655
2111;12323;4;3001039.2352154655
2112;12327;4;3001039.2352154655
2113;12329;2;3001039.2352154655
2114;12332;3;3001039.2352154655
2115;12338;6;3001039.2352154655
2116;12344;6;3001039.2352154655
2117;12348;4;3001039.2352154655
2118;12350;2;3001039.2352154655
2119;12352;2;3001039.2352154655
2120;12352;0;3001039.2352154655
2121;12353;1;3001039.2352154655
2122;12360;7;3001039.2352154655
2123;12360;0;3001039.2352154655
2124;12368;8;3001039.2352154655
2125;12371;3;3001039.2352154655
2126;12375;4;3001039.2352154655
2127;12377;2;3001039.2352154655
2128;12381;4;3001039.2352154655
2129;12382;1;3001039.2352154655
2130;12386;4;3001039.2352154655
2131;12387;1;3001039.2352154655
2132;12392;5;3001039.2352154655
2133;12396;4;3001039.2352154655
2134;12404;8;3001039.2352154655
2135;12408;4;3001039.2352154655
2136;12412;4;3001039.2352154655
2137;12416;4;3001039.2352154655
2138;12421;5;3001039.2352154655
2139;12429;8;3001039.2352154655
2140;12439;10;3001039.2352154655
2141;12445;6;3001039.2352154655
2142;12455;10;3001039.2352154655
2143;12462;7;3001039.2352154655
2144;12471;9;3001039.2352154655
2145;12476;5;3001039.2352154655
2146;12483;7;3001039.2352154655
2147;12485;2;3001039.2352154655
2148;12487;2;3001039.2352154655
2149;12488;1;3001039.2352154655
2150;12493;5;3001039.2352154655
2151;12497;4;3001039.2352154655
2152;12499;2;3001039.2352154655
2153;12508;9;3001039.2352154655
2154;12513;5;3001039.2352154655
2155;12519;6;3001039.2352154655
2156;12526;7;3001039.2352154655
2157;12533;7;3001039.2352154655
2158;12538;5;3001039.2352154655
2159;12546;8;3001039.2352154655
2160;12555;9;3001039.2352154655
2161;12561;6;3001039.2352154655
2162;12563;2;3001039.2352154655
2163;12568;5;3001039.2352154655
2164;12569;1;3001039.2352154655
2165;12581;12;3001039.2352154655
2166;12589;8;3001039.2352154655
2167;12596;7;3001039.2352154655
2168;12608;12;3001039.2352154655
2169;12609;1;3001039.2352154655
2170;12616;7;3001039.2352154655
2171;12620;4;3001039.2352154655
2172;12626;6;3001039.2352154655
2173;12633;7;3001039.2352154655
2174;12634;1;3001039.2352154655
2175;12640;6;3001039.2352154655
2176;12649;9;3001039.2352154655
2177;12662;13;3001039.2352154655
2178;12663;1;3001039.2352154655
2179;12673;10;3001039.2352154655
2180;12679;6;3001039.2352154655
2181;12682;3;3001039.2352154655
2182;12686;4;3001039.2352154655
2183;12686;0;3001039.2352154655
2184;12701;15;3001039.2352154655
2185;12704;3;3001036.5667670094
2186;12711;7;3001025.5390824727
2187;12712;1;3001025.5390824727
2188;12715;3;3001020.1310445815
2189;12719;4;3001019.4349015662
2190;12723;4;3001019.4349015662
2191;12727;4;3001019.4349015662
2192;12732;5;3001000.098757312
2193;12736;4;3001000.098757312
2194;12740;4;3000997.8929609694
2195;12745;5;3000997.72342364
2196;12749;4;3000997.72342364
2197;12751;2;3000995.490233938
2198;12754;3;3000995.4830153603
2199;12755;1;3000995.4830153603
2200;12757;2;3000990.884570481
2201;12758;1;3000990.884570481
2202;12763;5;3000990.884570481
2203;12766;3;3000990.884570481
2204;12771;5;3000990.884570481
2205;12775;4;3000990.884570481
2206;12780;5;3000990.884570481
2207;12784;4;3000990.884570481
2208;12788;4;3000990.884570481
2209;12798;10;3000990.884570481
2210;12805;7;3000990.884570481
2211;12810;5;3000990.884570481
2212;12815;5;3000990.884570481
2213;12816;1;3000990.884570481
2214;12820;4;3000990.884570481
2215;12823;3;3000983.825598282
2216;12824;1;3000983.825598282
2217;12824;0;3000983.825598282
2218;12828;4;3000983.825598282
2219;12832;4;3000983.825598282
2220;12835;3;3000983.825598282
2221;12839;4;3000983.825598282
2222;12843;4;3000983.825598282
2223;12848;5;3000983.825598282
2224;12852;4;3000983.825598282
2225;12853;1;3000983.825598282
2226;12857;4;3000983.825598282
2227;12861;4;3000983.825598282
2228;12865;4;3000983.825598282
2229;12869;4;3000983.825598282
2230;12873;4;3000978.6295133065
2231;12874;1;3000978.6295133065
2232;12878;4;3000978.6295133065
2233;12882;4;3000978.6295133065
2234;12885;3;3000978.6295133065
2235;12889;4;3000978.6295133065
2236;12891;2;3000978.6295133065
2237;12896;5;3000978.6295133065
2238;12900;4;3000978.6295133065
2239;12903;3;3000978.6295133065
2240;12912;9;3000978.6295133065
2241;12917;5;3000978.6295133065
2242;12921;4;3000978.6295133065
2243;12926;5;3000978.6295133065
2244;12932;6;3000978.6295133065
2245;12937;5;3000978.6295133065
2246;12944;7;3000978.6295133065
2247;12947;3;3000978.6295133065
2248;12951;4;3000978.1112015983
2249;12954;3;3000978.1112015983
2250;12959;5;3000977.221745806
2251;12967;8;3000977.221745806
2252;12972;5;3000977.221745806
2253;12976;4;3000977.221745806
2254;12977;1;3000977.221745806
2255;12984;7;3000977.221745806
2256;12988;4;3000977.221745806
2257;12998;10;3000977.221745806
2258;13006;8;3000977.221745806
2259;13011;5;3000977.221745806
2260;13016;5;3000977.221745806
2261;13020;4;3000977.221745806
2262;13024;4;3000977.221745806
2263;13028;4;3000977.221745806
2264;13029;1;3000977.221745806
2265;13030;1;3000977.221745806
2266;13044;14;3000977.221745806
2267;13045;1;3000977.221745806
2268;13048;3;3000977.221745806
2269;13052;4;3000977.221745806
2270;13058;6;3000977.221745806
2271;13060;2;3000977.221745806
2272;13065;5;3000977.221745806
2273;13071;6;3000977.221745806
2274;13072;1;3000977.221745806
2275;13078;6;3000977.221745806
2276;13082;4;3000977.221745806
2277;13088;6;3000977.221745806
2278;13089;1;3000977.221745806
2279;13100;11;3000977.221745806
2280;13102;2;3000977.221745806
2281;13108;6;3000977.221745806
2282;13110;2;3000977.221745806
2283;13115;5;3000977.221745806
2284;13119;4;3000977.221745806
2285;13125;6;3000977.221745806
2286;13130;5;3000977.221745806
2287;13130;0;3000977.221745806
2288;13134;4;3000977.221745806
2289;13137;3;3000977.221745806
2290;13140;3;3000977.221745806
2291;13146;6;3000977.221745806
2292;13151;5;3000977.221745806
2293;13156;5;3000977.221745806
2294;13160;4;3000977.221745806
2295;13164;4;3000977.221745806
2296;13167;3;3000977.221745806
2297;13171;4;3000977.221745806
2298;13179;8;3000977.221745806
2299;13187;8;3000977.221745806
2300;13193;6;3000977.221745806
2301;13197;4;3000977.221745806
2302;13207;10;3000977.221745806
2303;13212;5;3000977.221745806
2304;13219;7;3000977.221745806
2305;13223;4;3000977.221745806
2306;13230;7;3000977.221745806
2307;13231;1;3000977.221745806
2308;13235;4;3000977.221745806
2309;13236;1;3000977.221745806
2310;13239;3;3000977.221745806
2311;13243;4;3000977.221745806
2312;13246;3;3000977.221745806
2313;13250;4;3000977.221745806
2314;13254;4;3000977.221745806
2315;13254;0;3000977.221745806
2316;13257;3;3000976.9397898437
2317;13257;0;3000976.9397898437
2318;13259;2;3000976.9397898437
2319;13265;6;3000976.9397898437
2320;13270;5;3000976.9397898437
2321;13273;3;3000976.9397898437
2322;13277;4;3000976.9397898437
2323;13281;4;3000976.9397898437
2324;13285;4;3000976.9397898437
2325;13293;8;3000976.9397898437
2326;13296;3;3000976.9397898437
2327;13299;3;3000976.9397898437
2328;13303;4;3000976.9397898437
2329;13308;5;3000976.9397898437
2330;13313;5;3000976.9397898437
2331;13320;7;3000976.9397898437
2332;13324;4;3000976.9397898437
2333;13327;3;3000976.9397898437
2334;13328;1;3000976.9397898437
2335;13331;3;3000976.9397898437
2336;13334;3;3000976.9397898437
2337;13338;4;3000976.9397898437
2338;13343;5;3000976.9397898437
2339;13346;3;3000976.9397898437
2340;13352;6;3000976.9397898437
2341;13352;0;3000976.9397898437
2342;13355;3;3000976.9397898437
2343;13358;3;3000976.9397898437
2344;13362;4;3000976.9397898437
2345;13366;4;3000976.9397898437
2346;13374;8;3000976.9397898437
2347;13379;5;3000976.9397898437
2348;13385;6;3000976.9397898437
2349;13389;4;3000976.9397898437
2350;13395;6;3000976.9397898437
2351;13397;2;3000976.9397898437
2352;13402;5;3000976.9397898437
2353;13407;5;3000976.9397898437
2354;13408;1;3000976.9397898437
2355;13413;5;3000976.9397898437
2356;13417;4;3000976.9397898437
2357;13422;5;3000976.9397898437
2358;13427;5;3000976.9397898437
2359;13431;4;3000976.9397898437
2360;13437;6;3000976.9397898437
2361;13442;5;3000976.9397898437
2362;13447;5;3000976.9397898437
2363;13452;5;3000976.9397898437
2364;13457;5;3000976.9397898437
2365;13464;7;3000976.9397898437
2366;13470;6;3000976.9397898437
2367;13477;7;3000976.9397898437
2368;13483;6;3000976.9397898437
2369;13489;6;3000976.9397898437
2370;13494;5;3000976.9397898437
2371;13499;5;3000976.9397898437
2372;13501;2;3000976.9397898437
2373;13505;4;3000976.9397898437
2374;13513;8;3000976.9397898437
2375;13519;6;3000976.9397898437
2376;13524;5;3000976.9397898437
2377;13529;5;3000976.9397898437
2378;13535;6;3000976.9397898437
2379;13539;4;3000976.9397898437
2380;13540;1;3000976.9397898437
2381;13545;5;3000976.9397898437
2382;13550;5;3000976.9397898437
2383;13554;4;3000976.9397898437
2384;13558;4;3000976.9397898437
2385;13562;4;3000976.9397898437
2386;13568;6;3000976.9397898437
2387;13575;7;3000976.9397898437
2388;13579;4;3000976.9397898437
2389;13580;1;3000976.9397898437
2390;13583;3;3000976.9397898437
2391;13589;6;3000976.9397898437
2392;13597;8;3000976.9397898437
2393;13603;6;3000976.9397898437
2394;13608;5;3000976.9397898437
2395;13609;1;3000976.9397898437
2396;13613;4;3000976.9397898437
2397;13616;3;3000976.9397898437
2398;13620;4;3000976.9397898437
2399;13621;1;3000976.9397898437
2400;13624;3;3000976.9397898437
2401;13628;4;3000976.9397898437
2402;13633;5;3000976.9397898437
2403;13635;2;3000976.9397898437
2404;13638;3;3000976.9397898437
2405;13642;4;3000976.9397898437
2406;13646;4;3000976.9397898437
2407;13649;3;3000976.9397898437
2408;13654;5;3000976.9397898437
2409;13657;3;3000976.9397898437
2410;13665;8;3000976.9397898437
2411;13665;0;3000976.9397898437
2412;13668;3;3000976.9397898437
2413;13672;4;3000976.9397898437
2414;13675;3;3000976.9397898437
2415;13679;4;3000976.9397898437
2416;13680;1;3000976.9397898437
2417;13680;0;3000976.9397898437
2418;13684;4;3000976.9397898437
2419;13690;6;3000976.9397898437
2420;13692;2;3000976.9397898437
2421;13697;5;3000976.9397898437
2422;13703;6;3000976.9397898437
2423;13708;5;3000976.9397898437
2424;13711;3;3000976.9397898437
2425;13714;3;3000976.9397898437
2426;13719;5;3000976.9397898437
2427;13722;3;3000976.9397898437
2428;13725;3;3000976.9397898437
2429;13730;5;3000976.9397898437
2430;13736;6;3000976.9397898437
2431;13736;0;3000976.9397898437
2432;13741;5;3000976.9397898437
2433;13742;1;3000976.9397898437
2434;13742;0;3000976.9397898437
2435;13746;4;3000976.9397898437
2436;13747;1;3000976.9397898437
2437;13748;1;3000976.9397898437
2438;13751;3;3000976.9397898437
2439;13756;5;3000976.9397898437
2440;13761;5;3000976.9397898437
2441;13764;3;3000976.9397898437
2442;13770;6;3000976.9397898437
2443;13773;3;3000976.9397898437
2444;13780;7;3000976.9397898437
2445;13785;5;3000976.9397898437
2446;13787;2;3000976.9397898437
2447;13793;6;3000976.9397898437
2448;13801;8;3000976.9397898437
2449;13802;1;3000976.9397898437
2450;13805;3;3000976.9397898437
2451;13809;4;3000976.9397898437
2452;13813;4;3000976.9397898437
2453;13817;4;3000976.9397898437
2454;13822;5;3000976.9397898437
2455;13825;3;3000976.9397898437
2456;13830;5;3000976.9397898437
2457;13834;4;3000976.9397898437
2458;13838;4;3000976.9397898437
2459;13842;4;3000976.9397898437
2460;13846;4;3000976.9397898437
2461;13850;4;3000976.9397898437
2462;13855;5;3000976.9397898437
2463;13859;4;3000976.9397898437
2464;13866;7;3000976.9397898437
2465;13872;6;3000976.9397898437
2466;13873;1;3000976.9397898437
2467;13877;4;3000976.9397898437
2468;13877;0;3000976.9397898437
2469;13878;1;3000976.9397898437
2470;13878;0;3000976.9397898437
2471;13882;4;3000976.9397898437
2472;13882;0;3000976.9397898437
2473;13887;5;3000976.9397898437
2474;13889;2;3000976.9397898437
2475;13894;5;3000976.9397898437
2476;13898;4;3000976.9397898437
2477;13902;4;3000976.9397898437
2478;13905;3;3000976.9397898437
2479;13910;5;3000976.9397898437
2480;13911;1;3000976.9397898437
2481;13917;6;3000976.9397898437
2482;13925;8;3000976.9397898437
2483;13928;3;3000976.9397898437
2484;13931;3;3000976.9397898437
2485;13934;3;3000976.9397898437
2486;13937;3;3000976.9397898437
2487;13942;5;3000976.9397898437
2488;13946;4;3000976.9397898437
2489;13951;5;3000976.9397898437
2490;13957;6;3000976.9397898437
2491;13957;0;3000976.9397898437
2492;13958;1;3000976.9397898437
2493;13961;3;3000976.9397898437
2494;13962;1;3000976.9397898437
2495;13966;4;3000976.9397898437
2496;13970;4;3000976.9397898437
2497;13975;5;3000976.9397898437
2498;13977;2;3000976.9397898437
2499;13978;1;3000976.9397898437
2500;13981;3;3000976.9397898437
2501;13985;4;3000976.9397898437
2502;13989;4;3000976.9397898437
2503;13996;7;3000976.9397898437
2504;14000;4;3000976.9397898437
2505;14001;1;3000976.9397898437
2506;14005;4;3000976.9397898437
2507;14011;6;3000976.9397898437
2508;14011;0;3000976.9397898437
2509;14017;6;3000976.9397898437
2510;14020;3;3000976.9397898437
2511;14023;3;3000976.9397898437
2512;14025;2;3000976.9397898437
2513;14028;3;3000976.9397898437
2514;14032;4;3000976.9397898437
2515;14035;3;3000976.9397898437
2516;14039;4;3000976.9397898437
2517;14043;4;3000976.9397898437
2518;14049;6;3000976.9397898437
2519;14052;3;3000976.9397898437
2520;14055;3;3000976.9397898437
2521;14060;5;3000976.9397898437
2522;14063;3;3000976.9397898437
2523;14067;4;3000976.9397898437
2524;14068;1;3000976.9397898437
2525;14073;5;3000976.9397898437
2526;14077;4;3000976.9397898437
2527;14081;4;3000976.9397898437
2528;14083;2;3000976.9397898437
2529;14084;1;3000976.9397898437
2530;14089;5;3000976.9397898437
2531;14090;1;3000976.9397898437
2532;14097;7;3000976.9397898437
2533;14103;6;3000976.9397898437
2534;14108;5;3000976.9397898437
2535;14113;5;3000976.9397898437
2536;14117;4;3000976.9397898437
2537;14119;2;3000976.9397898437
2538;14120;1;3000976.9397898437
2539;14125;5;3000976.9397898437
2540;14129;4;3000976.9397898437
2541;14133;4;3000976.9397898437
2542;14136;3;3000976.9397898437
2543;14137;1;3000976.9397898437
2544;14139;2;3000976.9397898437
2545;14141;2;3000976.9397898437
2546;14146;5;3000976.9397898437
2547;14150;4;3000976.9397898437
2548;14154;4;3000976.9397898437
2549;14159;5;3000976.9397898437
2550;14164;5;3000976.9397898437
2551;14170;6;3000976.9397898437
2552;14174;4;3000976.9397898437
2553;14180;6;3000976.9397898437
2554;14181;1;3000976.9397898437
2555;14186;5;3000976.9397898437
2556;14186;0;3000976.9397898437
2557;14189;3;3000976.9397898437
2558;14197;8;3000976.9397898437
2559;14203;6;3000976.9397898437
2560;14206;3;3000976.9397898437
2561;14210;4;3000976.9397898437
2562;14214;4;3000976.9397898437
2563;14218;4;3000976.9397898437
2564;14219;1;3000976.9397898437
2565;14223;4;3000976.9397898437
2566;14228;5;3000976.9397898437
2567;14232;4;3000976.9397898437
2568;14236;4;3000976.9397898437
2569;14239;3;3000976.9397898437
2570;14241;2;3000976.9397898437
2571;14245;4;3000976.9397898437
2572;14249;4;3000976.9397898437
2573;14252;3;3000976.9397898437
2574;14252;0;3000976.9397898437
2575;14256;4;3000976.9397898437
2576;14261;5;3000976.9397898437
2577;14266;5;3000976.9397898437
2578;14271;5;3000976.9397898437
2579;14276;5;3000976.9397898437
2580;14278;2;3000976.9397898437
2581;14282;4;3000976.9397898437
2582;14289;7;3000976.9397898437
2583;14290;1;3000976.9397898437
2584;14298;8;3000976.9397898437
2585;14305;7;3000976.9397898437
2586;14306;1;3000976.9397898437
2587;14306;0;3000976.9397898437
2588;14310;4;3000976.9397898437
2589;14314;4;3000967.3211217276
2590;14319;5;3000967.3211217276
2591;14323;4;3000967.3211217276
2592;14326;3;3000967.3211217276
2593;14331;5;3000967.3211217276
2594;14336;5;3000967.3211217276
2595;14340;4;3000967.3211217276
2596;14344;4;3000967.3211217276
2597;14348;4;3000967.3211217276
2598;14350;2;3000967.3211217276
2599;14355;5;3000967.3211217276
2600;14355;0;3000967.3211217276
2601;14356;1;3000967.3211217276
2602;14362;6;3000967.3211217276
2603;14365;3;3000967.3211217276
2604;14369;4;3000964.3538756073
2605;14373;4;3000964.3538756073
2606;14377;4;3000960.653183665
2607;14381;4;3000960.653183665
2608;14388;7;3000960.653183665
2609;14395;7;3000960.653183665
2610;14403;8;3000959.9977578158
2611;14407;4;3000959.9977578158
2612;14407;0;3000959.9977578158
2613;14412;5;3000959.9977578158
2614;14415;3;3000959.9977578158
2615;14420;5;3000959.9977578158
2616;14422;2;3000959.9977578158
2617;14425;3;3000959.9977578158
2618;14429;4;3000959.9977578158
2619;14433;4;3000959.9977578158
2620;14438;5;3000959.9977578158
2621;14446;8;3000959.9977578158
2622;14452;6;3000959.9977578158
2623;14452;0;3000959.9977578158
2624;14455;3;3000959.9977578158
2625;14460;5;3000959.9977578158
2626;14463;3;3000959.9977578158
2627;14467;4;3000959.9977578158
2628;14471;4;3000959.9977578158
2629;14476;5;3000959.9977578158
2630;14479;3;3000959.9977578158
2631;14496;17;3000959.9977578158
2632;14497;1;3000959.9977578158
2633;14499;2;3000959.9977578158
2634;14505;6;3000959.9977578158
2635;14513;8;3000959.9977578158
2636;14520;7;3000959.9977578158
2637;14528;8;3000959.9977578158
2638;14531;3;3000959.9977578158
2639;14533;2;3000959.9977578158
2640;14538;5;3000959.9977578158
2641;14539;1;3000959.9977578158
2642;14541;2;3000959.9977578158
2643;14547;6;3000959.9977578158
2644;14553;6;3000959.9977578158
2645;14556;3;3000959.9977578158
2646;14560;4;3000959.9977578158
2647;14563;3;3000959.9977578158
2648;14572;9;3000959.9977578158
2649;14579;7;3000959.9977578158
2650;14582;3;3000959.9977578158
2651;14587;5;3000959.9977578158
2652;14595;8;3000959.9977578158
2653;14601;6;3000959.9977578158
2654;14602;1;3000959.9977578158
2655;14603;1;3000959.9977578158
2656;14606;3;3000959.9977578158
2657;14610;4;3000959.9977578158
2658;14615;5;3000959.9977578158
2659;14616;1;3000959.9977578158
2660;14617;1;3000959.9977578158
2661;14625;8;3000959.9977578158
2662;14630;5;3000959.9977578158
2663;14636;6;3000959.9977578158
2664;14641;5;3000959.9977578158
2665;14646;5;3000959.9977578158
2666;14650;4;3000959.9977578158
2667;14654;4;3000959.9977578158
2668;14657;3;3000959.9977578158
2669;14661;4;3000959.9977578158
2670;14666;5;3000959.9977578158
2671;14671;5;3000959.9977578158
2672;14677;6;3000959.9977578158
2673;14687;10;3000959.9977578158
2674;14698;11;3000959.9977578158
2675;14703;5;3000959.9977578158
2676;14704;1;3000959.9977578158
2677;14705;1;3000959.9977578158
2678;14709;4;3000959.9977578158
2679;14713;4;3000959.9977578158
2680;14717;4;3000959.9977578158
2681;14721;4;3000959.9977578158
2682;14725;4;3000959.9977578158
2683;14730;5;3000959.9977578158
2684;14738;8;3000959.9977578158
2685;14743;5;3000959.9977578158
2686;14752;9;3000959.9977578158
2687;14753;1;3000959.9977578158
2688;14759;6;3000959.9977578158
2689;14760;1;3000959.9977578158
2690;14765;5;3000959.9977578158
2691;14770;5;3000959.9977578158
2692;14773;3;3000959.9977578158
2693;14774;1;3000959.9977578158
2694;14778;4;3000959.9977578158
2695;14778;0;3000959.9977578158
2696;14782;4;3000959.9977578158
2697;14783;1;3000959.9977578158
2698;14786;3;3000959.9977578158
2699;14789;3;3000959.9977578158
2700;14793;4;3000959.9977578158
2701;14797;4;3000959.9977578158
2702;14801;4;3000959.9977578158
2703;14809;8;3000959.9977578158
2704;14813;4;3000959.9977578158
2705;14817;4;3000959.9977578158
2706;14822;5;3000959.9977578158
2707;14826;4;3000959.9977578158
2708;14828;2;3000959.9977578158
2709;14832;4;3000959.9977578158
2710;14834;2;3000959.9977578158
2711;14836;2;3000959.9977578158
2712;14837;1;3000959.9977578158
2713;14841;4;3000959.9977578158
2714;14841;0;3000959.9977578158
2715;14846;5;3000959.9977578158
2716;14851;5;3000959.9977578158
2717;14855;4;3000959.9977578158
2718;14856;1;3000959.9977578158
2719;14861;5;3000959.9977578158
2720;14866;5;3000959.9977578158
2721;14872;6;3000959.9977578158
2722;14876;4;3000959.9977578158
2723;14877;1;3000959.9977578158
2724;14878;1;3000959.9977578158
2725;14882;4;3000959.9977578158
2726;14886;4;3000959.9977578158
2727;14890;4;3000959.9977578158
2728;14895;5;3000959.9977578158
2729;14900;5;3000959.9977578158
2730;14905;5;3000959.9977578158
2731;14906;1;3000959.9977578158
2732;14910;4;3000959.9977578158
2733;14916;6;3000959.9977578158
2734;14920;4;3000959.9977578158
2735;14925;5;3000959.9977578158
2736;14928;3;3000959.9977578158
2737;14932;4;3000959.9977578158
2738;14932;0;3000959.9977578158
2739;14937;5;3000959.9977578158
2740;14938;1;3000959.9977578158
2741;14942;4;3000959.9977578158
2742;14950;8;3000959.9977578158
2743;14954;4;3000959.9977578158
2744;14959;5;3000959.9977578158
2745;14960;1;3000959.9977578158
2746;14960;0;3000959.9977578158
2747;14963;3;3000959.9977578158
2748;14966;3;3000959.9977578158
2749;14967;1;3000959.9977578158
2750;14971;4;3000959.9977578158
2751;14978;7;3000959.9977578158
2752;14982;4;3000959.9977578158
2753;14985;3;3000959.9977578158
2754;14990;5;3000959.9977578158
2755;14994;4;3000959.9977578158
2756;14997;3;3000959.9977578158
2757;15006;9;3000959.9977578158
2758;15013;7;3000959.9977578158
2759;15016;3;3000959.9977578158
2760;15017;1;3000959.9977578158
2761;15022;5;3000959.9977578158
2762;15024;2;3000959.9977578158
2763;15026;2;3000959.9977578158
2764;15026;0;3000959.9977578158
2765;15030;4;3000959.9977578158
2766;15032;2;3000959.9977578158
2767;15035;3;3000959.9977578158
2768;15041;6;3000959.9977578158
2769;15043;2;3000959.9977578158
2770;15045;2;3000959.9977578158
2771;15049;4;3000959.9977578158
2772;15051;2;3000959.9977578158
2773;15055;4;3000959.9977578158
2774;15059;4;3000959.9977578158
2775;15060;1;3000959.9977578158
2776;15064;4;3000959.9977578158
2777;15065;1;3000959.9977578158
2778;15068;3;3000959.9977578158
2779;15073;5;3000959.9977578158
2780;15077;4;3000959.9977578158
2781;15081;4;3000959.9977578158
2782;15085;4;3000959.9977578158
2783;15089;4;3000959.9977578158
2784;15090;1;3000959.9977578158
2785;15093;3;3000959.9977578158
2786;15097;4;3000959.9977578158
2787;15101;4;3000959.9977578158
2788;15102;1;3000959.9977578158
2789;15111;9;3000959.9977578158
2790;15116;5;3000959.9977578158
2791;15117;1;3000959.9977578158
2792;15118;1;3000959.9977578158
2793;15119;1;3000959.9977578158
2794;15124;5;3000959.9977578158
2795;15127;3;3000959.9977578158
2796;15131;4;3000959.9977578158
2797;15132;1;3000959.9977578158
2798;15136;4;3000959.9977578158
2799;15137;1;3000959.9977578158
2800;15140;3;3000959.9977578158
2801;15146;6;3000959.9977578158
2802;15149;3;3000959.9977578158
2803;15153;4;3000959.9977578158
2804;15159;6;3000959.9977578158
2805;15162;3;3000959.9977578158
2806;15164;2;3000959.9977578158
2807;15165;1;3000959.9977578158
2808;15169;4;3000959.9977578158
2809;15173;4;3000959.9977578158
2810;15177;4;3000959.9977578158
2811;15182;5;3000959.9977578158
2812;15185;3;3000959.9977578158
2813;15188;3;3000959.9977578158
2814;15189;1;3000959.9977578158
2815;15191;2;3000959.9977578158
2816;15192;1;3000959.9977578158
2817;15196;4;3000959.9977578158
2818;15200;4;3000959.9977578158
2819;15203;3;3000959.9977578158
2820;15206;3;3000959.9977578158
2821;15208;2;3000959.9977578158
2822;15212;4;3000959.9977578158
2823;15216;4;3000959.9977578158
2824;15217;1;3000959.9977578158
2825;15219;2;3000959.9977578158
2826;15223;4;3000959.9977578158
2827;15223;0;3000959.9977578158
2828;15224;1;3000959.9977578158
2829;15226;2;3000959.9977578158
2830;15231;5;3000959.9977578158
2831;15231;0;3000959.9977578158
2832;15233;2;3000959.9977578158
2833;15240;7;3000959.9977578158
2834;15240;0;3000959.9977578158
2835;15246;6;3000959.9977578158
2836;15249;3;3000959.9977578158
2837;15253;4;3000959.9977578158
2838;15256;3;3000959.9977578158
2839;15262;6;3000959.9977578158
2840;15272;10;3000959.9977578158
2841;15273;1;3000959.9977578158
2842;15279;6;3000959.9977578158
2843;15284;5;3000959.9977578158
2844;15289;5;3000959.9977578158
2845;15294;5;3000959.9977578158
2846;15301;7;3000959.9977578158
2847;15307;6;3000959.9977578158
2848;15315;8;3000959.9977578158
2849;15320;5;3000959.9977578158
2850;15321;1;3000959.9977578158
2851;15325;4;3000959.9977578158
2852;15325;0;3000959.9977578158
2853;15330;5;3000959.9977578158
2854;15335;5;3000959.9977578158
2855;15337;2;3000959.9977578158
2856;15342;5;3000959.9977578158
2857;15345;3;3000959.9977578158
2858;15349;4;3000959.9977578158
2859;15356;7;3000959.9977578158
2860;15361;5;3000959.9977578158
2861;15366;5;3000959.9977578158
2862;15369;3;3000959.9977578158
2863;15371;2;3000959.9977578158
2864;15374;3;3000959.9977578158
2865;15380;6;3000959.9977578158
2866;15386;6;3000959.9977578158
2867;15393;7;3000959.9977578158
2868;15397;4;3000959.9977578158
2869;15406;9;3000959.9977578158
2870;15411;5;3000959.9977578158
2871;15417;6;3000959.9977578158
2872;15418;1;3000959.9977578158
2873;15422;4;3000959.9977578158
2874;15428;6;3000959.9977578158
2875;15430;2;3000959.9977578158
2876;15435;5;3000959.9977578158
2877;15443;8;3000959.9977578158
2878;15448;5;3000959.9977578158
2879;15455;7;3000959.9977578158
2880;15461;6;3000959.9977578158
2881;15467;6;3000959.9977578158
2882;15472;5;3000959.9977578158
2883;15476;4;3000959.9977578158
2884;15484;8;3000959.9977578158
2885;15494;10;3000959.9977578158
2886;15499;5;3000959.9977578158
2887;15503;4;3000959.9977578158
2888;15506;3;3000959.9977578158
2889;15511;5;3000959.9977578158
2890;15512;1;3000959.9977578158
2891;15515;3;3000959.9977578158
2892;15519;4;3000959.9977578158
2893;15524;5;3000959.9977578158
2894;15527;3;3000959.9977578158
2895;15533;6;3000959.9977578158
2896;15537;4;3000959.9977578158
2897;15538;1;3000959.9977578158
2898;15541;3;3000959.9977578158
2899;15544;3;3000959.9977578158
2900;15544;0;3000959.9977578158
2901;15549;5;3000959.9977578158
2902;15552;3;3000959.9977578158
2903;15555;3;3000959.9977578158
2904;15558;3;3000959.9977578158
2905;15564;6;3000959.9977578158
2906;15570;6;3000959.9977578158
2907;15575;5;3000959.9977578158
2908;15580;5;3000959.9977578158
2909;15586;6;3000959.9977578158
2910;15591;5;3000959.9977578158
2911;15592;1;3000959.9977578158
2912;15597;5;3000959.9977578158
2913;15601;4;3000959.9977578158
2914;15607;6;3000959.9977578158
2915;15609;2;3000959.9977578158
2916;15612;3;3000959.9977578158
2917;15613;1;3000959.9977578158
2918;15617;4;3000959.9977578158
2919;15621;4;3000959.9977578158
2920;15624;3;3000959.9977578158
2921;15627;3;3000959.9977578158
2922;15631;4;3000959.9977578158
2923;15635;4;3000959.9977578158
2924;15640;5;3000959.9977578158
2925;15643;3;3000959.9977578158
2926;15645;2;3000959.9977578158
2927;15648;3;3000959.9977578158
2928;15652;4;3000959.9977578158
2929;15657;5;3000959.9977578158
2930;15659;2;3000959.9977578158
2931;15662;3;3000959.9977578158
2932;15664;2;3000959.9977578158
2933;15666;2;3000959.9977578158
2934;15669;3;3000959.9977578158
2935;15670;1;3000959.9977578158
2936;15674;4;3000959.9977578158
2937;15679;5;3000959.9977578158
2938;15687;8;3000959.9977578158
2939;15694;7;3000959.9977578158
2940;15698;4;3000959.9977578158
2941;15708;10;3000959.9977578158
2942;15717;9;3000959.9977578158
2943;15733;16;3000959.9977578158
2944;15741;8;3000959.9977578158
2945;15751;10;3000959.9977578158
2946;15756;5;3000959.9977578158
2947;15758;2;3000959.9977578158
2948;15768;10;3000959.9977578158
2949;15777;9;3000959.9977578158
2950;15787;10;3000959.9977578158
2951;15795;8;3000959.9977578158
2952;15806;11;3000959.9977578158
2953;15811;5;3000959.9977578158
2954;15819;8;3000959.9977578158
2955;15820;1;3000959.9977578158
2956;15827;7;3000959.9977578158
2957;15832;5;3000959.9977578158
2958;15843;11;3000959.9977578158
2959;15849;6;3000959.9977578158
2960;15858;9;3000959.9977578158
2961;15866;8;3000959.9977578158
2962;15871;5;3000959.9977578158
2963;15876;5;3000959.9977578158
2964;15879;3;3000959.9977578158
2965;15880;1;3000959.9977578158
2966;15885;5;3000959.9977578158
2967;15891;6;3000959.9977578158
2968;15893;2;3000959.9977578158
2969;15901;8;3000959.9977578158
2970;15905;4;3000959.9977578158
2971;15906;1;3000959.9977578158
2972;15910;4;3000959.9977578158
2973;15915;5;3000959.9977578158
2974;15916;1;3000959.9977578158
2975;15921;5;3000959.9977578158
2976;15925;4;3000959.9977578158
2977;15925;0;3000959.9977578158
2978;15929;4;3000959.9977578158
2979;15931;2;3000959.9977578158
2980;15934;3;3000959.9977578158
2981;15939;5;3000959.9977578158
2982;15942;3;3000959.9977578158
2983;15945;3;3000959.9977578158
2984;15950;5;3000959.9977578158
2985;15956;6;3000959.9977578158
2986;15958;2;3000959.9977578158
2987;15963;5;3000959.9977578158
2988;15967;4;3000959.9977578158
2989;15969;2;3000959.9977578158
2990;15974;5;3000959.9977578158
2991;15974;0;3000959.9977578158
2992;15978;4;3000959.9977578158
2993;15982;4;3000959.9977578158
2994;15987;5;3000959.9977578158
2995;15996;9;3000959.9977578158
2996;15999;3;3000959.9977578158
2997;16001;2;3000959.9977578158
2998;16008;7;3000959.9977578158
2999;16012;4;3000959.9977578158
