Index;Time point [ms];Iteration length [ms];Cost
0;5;5;2.500235916515048E7
1;8;3;2.5002222222144365E7
2;12;4;2.300213449262461E7
3;13;1;2.300207874721559E7
4;15;2;2.300206525106681E7
5;18;3;2.300206525106681E7
6;21;3;2.300206525106681E7
7;24;3;2.300206525106681E7
8;27;3;2.3002027184684753E7
9;30;3;2.3002021913394276E7
10;32;2;2.3001955577026956E7
11;35;3;2.3001955577026956E7
12;37;2;2.3001955577026956E7
13;38;1;2.3001955577026956E7
14;41;3;2.3001955577026956E7
15;43;2;2.2002027074295897E7
16;46;3;2.2002027074295897E7
17;48;2;2.2002027074295897E7
18;49;1;2.2002027074295897E7
19;51;2;2.1001982589164432E7
20;54;3;2.1001982589164432E7
21;55;1;2.1001982589164432E7
22;57;2;2.1001982589164432E7
23;57;0;2.1001982589164432E7
24;60;3;2.1001982589164432E7
25;60;0;2.1001982589164432E7
26;62;2;2.1001982589164432E7
27;64;2;2.1001982589164432E7
28;67;3;2.1001982589164432E7
29;70;3;2.1001982589164432E7
30;72;2;2.1001982589164432E7
31;75;3;2.1001982589164432E7
32;77;2;2.1001982589164432E7
33;80;3;2.1001982589164432E7
34;83;3;2.1001982589164432E7
35;85;2;2.1001982589164432E7
36;87;2;2.1001982589164432E7
37;91;4;2.1001982589164432E7
38;91;0;2.1001982589164432E7
39;94;3;2.1001982589164432E7
40;97;3;2.1001982589164432E7
41;100;3;2.1001982589164432E7
42;104;4;2.1001982589164432E7
43;106;2;2.1001982589164432E7
44;108;2;2.1001943604671516E7
45;110;2;2.1001943604671516E7
46;112;2;2.1001943604671516E7
47;114;2;2.1001943604671516E7
48;116;2;2.1001943604671516E7
49;118;2;2.1001943604671516E7
50;121;3;2.1001943604671516E7
51;124;3;2.1001943604671516E7
52;126;2;2.1001943604671516E7
53;131;5;2.1001943604671516E7
54;135;4;2.1001943604671516E7
55;136;1;2.1001943604671516E7
56;138;2;2.1001943604671516E7
57;140;2;2.1001943604671516E7
58;141;1;2.1001943604671516E7
59;142;1;2.1001943604671516E7
60;142;0;2.1001943604671516E7
61;143;1;2.1001943604671516E7
62;147;4;2.1001943604671516E7
63;149;2;2.1001943604671516E7
64;152;3;2.1001943604671516E7
65;155;3;2.1001943604671516E7
66;158;3;2.1001943604671516E7
67;163;5;2.1001943604671516E7
68;166;3;2.1001943604671516E7
69;167;1;2.1001943604671516E7
70;172;5;2.1001943604671516E7
71;174;2;2.1001943604671516E7
72;178;4;2.1001943604671516E7
73;181;3;2.1001943604671516E7
74;184;3;2.1001943604671516E7
75;186;2;2.1001943604671516E7
76;188;2;2.1001943604671516E7
77;189;1;2.1001943604671516E7
78;192;3;2.1001943604671516E7
79;195;3;2.1001943604671516E7
80;198;3;2.1001943604671516E7
81;201;3;2.1001943604671516E7
82;204;3;2.1001943604671516E7
83;206;2;2.1001934880328324E7
84;209;3;2.1001934880328324E7
85;212;3;2.1001934880328324E7
86;213;1;2.1001934880328324E7
87;216;3;2.1001934880328324E7
88;220;4;2.1001934880328324E7
89;222;2;2.1001934880328324E7
90;224;2;2.1001934880328324E7
91;226;2;2.1001934880328324E7
92;230;4;2.1001934880328324E7
93;232;2;2.1001934880328324E7
94;235;3;2.1001934880328324E7
95;237;2;2.1001934880328324E7
96;240;3;2.1001934880328324E7
97;243;3;2.1001934880328324E7
98;245;2;2.1001934880328324E7
99;248;3;2.1001934880328324E7
100;251;3;2.1001934880328324E7
101;253;2;2.1001934880328324E7
102;257;4;2.1001934880328324E7
103;259;2;2.1001934880328324E7
104;260;1;2.1001934880328324E7
105;262;2;2.1001934880328324E7
106;265;3;2.1001934880328324E7
107;268;3;2.1001934880328324E7
108;271;3;2.1001934880328324E7
109;274;3;2.1001934880328324E7
110;277;3;2.1001934880328324E7
111;280;3;2.1001934880328324E7
112;282;2;2.1001934880328324E7
113;285;3;2.1001934880328324E7
114;289;4;2.1001934880328324E7
115;291;2;2.1001934880328324E7
116;294;3;2.1001934880328324E7
117;296;2;2.1001934880328324E7
118;296;0;2.1001934880328324E7
119;297;1;2.1001934880328324E7
120;297;0;2.1001934880328324E7
121;300;3;2.1001934880328324E7
122;302;2;2.1001934880328324E7
123;305;3;2.1001934880328324E7
124;306;1;2.1001934880328324E7
125;307;1;2.1001934880328324E7
126;312;5;2.1001934880328324E7
127;313;1;2.1001934880328324E7
128;317;4;2.1001934880328324E7
129;319;2;2.1001934880328324E7
130;321;2;2.1001934880328324E7
131;324;3;2.1001934880328324E7
132;327;3;2.1001934880328324E7
133;330;3;2.1001934880328324E7
134;333;3;2.1001934880328324E7
135;336;3;2.1001934880328324E7
136;339;3;2.1001934880328324E7
137;342;3;2.1001934880328324E7
138;343;1;2.1001934880328324E7
139;347;4;2.1001934880328324E7
140;350;3;2.1001934880328324E7
141;352;2;2.1001934880328324E7
142;355;3;2.1001934880328324E7
143;358;3;2.1001934880328324E7
144;361;3;2.1001934880328324E7
145;364;3;2.1001934880328324E7
146;366;2;2.1001934880328324E7
147;368;2;2.1001934880328324E7
148;369;1;2.1001934880328324E7
149;372;3;2.1001934880328324E7
150;374;2;2.1001934880328324E7
151;378;4;2.1001934880328324E7
152;380;2;2.1001934880328324E7
153;383;3;2.1001934880328324E7
154;385;2;2.1001934880328324E7
155;387;2;2.1001934880328324E7
156;389;2;2.1001934880328324E7
157;391;2;2.1001934880328324E7
158;395;4;2.1001934880328324E7
159;395;0;2.1001934880328324E7
160;397;2;2.1001934880328324E7
161;400;3;2.1001934880328324E7
162;401;1;2.1001934880328324E7
163;405;4;2.1001934880328324E7
164;409;4;2.1001934880328324E7
165;411;2;2.1001934880328324E7
166;414;3;2.1001934880328324E7
167;415;1;2.1001934880328324E7
168;416;1;2.1001934880328324E7
169;420;4;2.1001934880328324E7
170;422;2;2.1001934880328324E7
171;424;2;2.1001934880328324E7
172;427;3;2.1001934880328324E7
173;430;3;2.1001934880328324E7
174;431;1;2.1001934880328324E7
175;433;2;2.1001934880328324E7
176;434;1;2.1001934880328324E7
177;438;4;2.1001934880328324E7
178;440;2;2.1001934880328324E7
179;442;2;2.1001934880328324E7
180;446;4;2.1001934880328324E7
181;449;3;2.1001934880328324E7
182;452;3;2.1001934880328324E7
183;453;1;2.1001934880328324E7
184;455;2;2.1001934880328324E7
185;456;1;2.1001934880328324E7
186;457;1;2.1001934880328324E7
187;460;3;2.1001934880328324E7
188;463;3;2.1001934880328324E7
189;469;6;2.1001934880328324E7
190;471;2;2.1001934880328324E7
191;474;3;2.1001916981304783E7
192;477;3;2.1001916981304783E7
193;479;2;2.1001916981304783E7
194;482;3;2.1001916981304783E7
195;486;4;2.1001916981304783E7
196;488;2;2.1001916981304783E7
197;489;1;2.1001916981304783E7
198;491;2;2.1001916981304783E7
199;494;3;2.1001916981304783E7
200;496;2;2.1001916981304783E7
201;498;2;2.1001916981304783E7
202;501;3;2.1001916981304783E7
203;503;2;2.1001916981304783E7
204;506;3;2.1001916981304783E7
205;507;1;2.1001916981304783E7
206;508;1;2.1001916981304783E7
207;510;2;2.1001916981304783E7
208;513;3;2.1001916981304783E7
209;518;5;2.1001916981304783E7
210;521;3;2.1001916981304783E7
211;524;3;2.1001916981304783E7
212;528;4;2.1001916981304783E7
213;530;2;2.1001916981304783E7
214;532;2;2.1001916981304783E7
215;537;5;2.1001916981304783E7
216;542;5;2.1001916981304783E7
217;546;4;2.1001916981304783E7
218;549;3;2.1001916981304783E7
219;551;2;2.1001916981304783E7
220;551;0;2.1001916981304783E7
221;556;5;2.1001916981304783E7
222;556;0;2.1001916981304783E7
223;559;3;2.1001916981304783E7
224;562;3;2.1001916981304783E7
225;564;2;2.1001916981304783E7
226;567;3;2.1001916981304783E7
227;570;3;2.1001916981304783E7
228;570;0;2.1001916981304783E7
229;571;1;2.1001916981304783E7
230;575;4;2.1001916981304783E7
231;576;1;2.1001916981304783E7
232;579;3;2.1001916981304783E7
233;582;3;2.1001916981304783E7
234;584;2;2.1001916981304783E7
235;585;1;2.1001916981304783E7
236;588;3;2.1001916981304783E7
237;590;2;2.1001916981304783E7
238;593;3;2.1001916981304783E7
239;594;1;2.1001916981304783E7
240;599;5;2.1001916981304783E7
241;604;5;2.1001916981304783E7
242;609;5;2.1001916981304783E7
243;615;6;2.1001916981304783E7
244;618;3;2.1001916981304783E7
245;621;3;2.1001916981304783E7
246;624;3;2.1001916981304783E7
247;626;2;2.1001916981304783E7
248;628;2;2.1001916981304783E7
249;632;4;2.1001916981304783E7
250;635;3;2.1001916981304783E7
251;640;5;2.1001916981304783E7
252;645;5;2.1001916981304783E7
253;653;8;2.1001916981304783E7
254;656;3;2.1001916981304783E7
255;658;2;2.1001916981304783E7
256;662;4;2.1001916981304783E7
257;665;3;2.1001916981304783E7
258;667;2;2.1001916981304783E7
259;668;1;2.1001916981304783E7
260;671;3;2.1001916981304783E7
261;673;2;2.1001916981304783E7
262;674;1;2.1001916981304783E7
263;675;1;2.1001916981304783E7
264;680;5;2.1001916981304783E7
265;685;5;2.1001916981304783E7
266;687;2;2.1001916981304783E7
267;690;3;2.1001916981304783E7
268;693;3;2.1001916981304783E7
269;695;2;2.1001916981304783E7
270;697;2;2.1001916981304783E7
271;700;3;2.1001916981304783E7
272;703;3;2.1001916981304783E7
273;706;3;2.1001916981304783E7
274;708;2;2.1001916981304783E7
275;712;4;2.1001916981304783E7
276;715;3;2.1001916981304783E7
277;718;3;2.1001916981304783E7
278;719;1;2.1001916981304783E7
279;721;2;2.1001916981304783E7
280;723;2;2.1001916981304783E7
281;725;2;2.1001916981304783E7
282;728;3;2.1001916981304783E7
283;730;2;2.1001916981304783E7
284;733;3;2.1001916981304783E7
285;737;4;2.1001916981304783E7
286;740;3;2.1001916981304783E7
287;740;0;2.1001916981304783E7
288;742;2;2.1001916981304783E7
289;744;2;2.1001916981304783E7
290;746;2;2.1001916981304783E7
291;749;3;2.1001916981304783E7
292;752;3;2.1001916981304783E7
293;753;1;2.1001916981304783E7
294;756;3;2.1001916981304783E7
295;759;3;2.1001916981304783E7
296;762;3;2.1001916981304783E7
297;764;2;2.1001916981304783E7
298;766;2;2.1001916981304783E7
299;771;5;2.1001916981304783E7
300;773;2;2.1001916981304783E7
301;776;3;2.1001916981304783E7
302;779;3;2.1001916981304783E7
303;782;3;2.1001916981304783E7
304;786;4;2.1001916981304783E7
305;790;4;2.1001916981304783E7
306;792;2;2.1001916981304783E7
307;795;3;2.1001916981304783E7
308;796;1;2.1001916981304783E7
309;798;2;2.1001916981304783E7
310;800;2;2.1001916981304783E7
311;802;2;2.1001916981304783E7
312;805;3;2.1001916981304783E7
313;808;3;2.1001916981304783E7
314;810;2;2.1001916981304783E7
315;814;4;2.1001916981304783E7
316;814;0;2.1001916981304783E7
317;817;3;2.1001916981304783E7
318;822;5;2.1001916981304783E7
319;827;5;2.1001916981304783E7
320;831;4;2.1001916981304783E7
321;834;3;2.1001916981304783E7
322;835;1;2.1001916981304783E7
323;838;3;2.1001916981304783E7
324;839;1;2.1001916981304783E7
325;841;2;2.1001916981304783E7
326;844;3;2.1001916981304783E7
327;846;2;2.1001916981304783E7
328;849;3;2.1001916981304783E7
329;856;7;2.1001916981304783E7
330;858;2;2.10017955424123E7
331;862;4;2.10017955424123E7
332;866;4;2.10017955424123E7
333;871;5;2.10017955424123E7
334;874;3;2.10017955424123E7
335;875;1;2.10017955424123E7
336;878;3;2.10017955424123E7
337;882;4;2.10017955424123E7
338;885;3;2.10017955424123E7
339;888;3;2.10017955424123E7
340;892;4;2.10017955424123E7
341;897;5;2.10017955424123E7
342;901;4;2.10017955424123E7
343;905;4;2.10017955424123E7
344;908;3;2.10017955424123E7
345;912;4;2.10017955424123E7
346;913;1;2.10017955424123E7
347;917;4;2.10017955424123E7
348;922;5;2.10017955424123E7
349;924;2;2.10017955424123E7
350;927;3;2.10017955424123E7
351;930;3;2.10017955424123E7
352;933;3;2.10017955424123E7
353;934;1;2.10017955424123E7
354;937;3;2.10017955424123E7
355;937;0;2.10017955424123E7
356;941;4;2.10017955424123E7
357;943;2;2.10017955424123E7
358;945;2;2.10017955424123E7
359;946;1;2.10017955424123E7
360;949;3;2.10017955424123E7
361;957;8;2.10017955424123E7
362;958;1;2.10017955424123E7
363;959;1;2.10017955424123E7
364;962;3;2.10017955424123E7
365;965;3;2.10017955424123E7
366;967;2;2.10017955424123E7
367;968;1;2.10017955424123E7
368;971;3;2.10017955424123E7
369;978;7;2.10017955424123E7
370;985;7;2.10017955424123E7
371;987;2;2.10017955424123E7
372;989;2;2.10017955424123E7
373;989;0;2.10017955424123E7
374;991;2;2.10017955424123E7
375;994;3;2.10017955424123E7
376;997;3;2.10017955424123E7
377;999;2;2.10017955424123E7
378;1002;3;2.10017955424123E7
379;1005;3;2.10017955424123E7
380;1008;3;2.10017955424123E7
381;1012;4;2.10017955424123E7
382;1015;3;2.10017955424123E7
383;1021;6;2.10017955424123E7
384;1024;3;2.10017955424123E7
385;1026;2;2.10017955424123E7
386;1028;2;2.10017955424123E7
387;1031;3;2.10017955424123E7
388;1031;0;2.10017955424123E7
389;1034;3;2.10017955424123E7
390;1036;2;2.10017955424123E7
391;1038;2;2.10017955424123E7
392;1041;3;2.10017955424123E7
393;1042;1;2.10017955424123E7
394;1045;3;2.10017955424123E7
395;1047;2;2.10017955424123E7
396;1050;3;2.10017955424123E7
397;1053;3;2.10017955424123E7
398;1056;3;2.10017955424123E7
399;1057;1;2.10017955424123E7
400;1059;2;2.10017955424123E7
401;1061;2;2.10017955424123E7
402;1064;3;2.10017955424123E7
403;1068;4;2.10017955424123E7
404;1070;2;2.10017955424123E7
405;1072;2;2.10017955424123E7
406;1075;3;2.10017955424123E7
407;1077;2;2.10017955424123E7
408;1080;3;2.10017955424123E7
409;1084;4;2.10017955424123E7
410;1084;0;2.10017955424123E7
411;1085;1;2.10017955424123E7
412;1088;3;2.10017955424123E7
413;1091;3;2.10017955424123E7
414;1092;1;2.10017955424123E7
415;1093;1;2.10017955424123E7
416;1095;2;2.10017955424123E7
417;1097;2;2.10017955424123E7
418;1101;4;2.10017955424123E7
419;1104;3;2.10017955424123E7
420;1107;3;2.10017955424123E7
421;1108;1;2.10017955424123E7
422;1108;0;2.10017955424123E7
423;1111;3;2.10017955424123E7
424;1113;2;2.10017955424123E7
425;1115;2;2.10017955424123E7
426;1117;2;2.10017955424123E7
427;1118;1;2.10017955424123E7
428;1120;2;2.10017955424123E7
429;1122;2;2.10017955424123E7
430;1125;3;2.10017955424123E7
431;1129;4;2.10017955424123E7
432;1133;4;2.10017955424123E7
433;1137;4;2.10017955424123E7
434;1140;3;2.10017955424123E7
435;1143;3;2.10017955424123E7
436;1145;2;2.10017955424123E7
437;1149;4;2.10017955424123E7
438;1152;3;2.10017955424123E7
439;1154;2;2.10017955424123E7
440;1157;3;2.10017955424123E7
441;1158;1;2.10017955424123E7
442;1161;3;2.10017955424123E7
443;1161;0;2.10017955424123E7
444;1164;3;2.10017955424123E7
445;1166;2;2.10017955424123E7
446;1174;8;2.10017955424123E7
447;1178;4;2.10017955424123E7
448;1179;1;2.10017955424123E7
449;1182;3;2.10017955424123E7
450;1183;1;2.10017955424123E7
451;1186;3;2.10017955424123E7
452;1189;3;2.10017955424123E7
453;1189;0;2.10017955424123E7
454;1191;2;2.10017955424123E7
455;1194;3;2.10017955424123E7
456;1195;1;2.10017955424123E7
457;1196;1;2.10017955424123E7
458;1197;1;2.10017955424123E7
459;1198;1;2.10017955424123E7
460;1200;2;2.10017955424123E7
461;1200;0;2.10017955424123E7
462;1203;3;2.10017955424123E7
463;1206;3;2.10017955424123E7
464;1208;2;2.10017955424123E7
465;1212;4;2.10017955424123E7
466;1215;3;2.10017955424123E7
467;1217;2;2.10017955424123E7
468;1219;2;2.10017955424123E7
469;1221;2;2.10017955424123E7
470;1224;3;2.10017955424123E7
471;1227;3;2.10017955424123E7
472;1230;3;2.10017955424123E7
473;1233;3;2.10017955424123E7
474;1234;1;2.10017955424123E7
475;1234;0;2.10017955424123E7
476;1237;3;2.10017955424123E7
477;1241;4;2.10017955424123E7
478;1243;2;2.10017955424123E7
479;1246;3;2.10017955424123E7
480;1248;2;2.10017955424123E7
481;1249;1;2.10017955424123E7
482;1251;2;2.10017955424123E7
483;1251;0;2.10017955424123E7
484;1254;3;2.10017955424123E7
485;1256;2;2.10017955424123E7
486;1258;2;2.10017955424123E7
487;1260;2;2.10017955424123E7
488;1262;2;2.10017955424123E7
489;1267;5;2.10017955424123E7
490;1268;1;2.10017955424123E7
491;1270;2;2.10017955424123E7
492;1273;3;2.10017955424123E7
493;1276;3;2.10017955424123E7
494;1276;0;2.10017955424123E7
495;1279;3;2.10017955424123E7
496;1282;3;2.10017955424123E7
497;1285;3;2.10017955424123E7
498;1288;3;2.10017955424123E7
499;1291;3;2.10017955424123E7
500;1294;3;2.10017955424123E7
501;1296;2;2.10017955424123E7
502;1297;1;2.10017955424123E7
503;1300;3;2.10017955424123E7
504;1302;2;2.10017955424123E7
505;1303;1;2.10017955424123E7
506;1306;3;2.10017955424123E7
507;1308;2;2.10017955424123E7
508;1310;2;2.10017955424123E7
509;1312;2;2.10017955424123E7
510;1314;2;2.10017955424123E7
511;1316;2;2.10017955424123E7
512;1319;3;2.10017955424123E7
513;1321;2;2.10017955424123E7
514;1324;3;2.10017955424123E7
515;1326;2;2.10017955424123E7
516;1329;3;2.10017955424123E7
517;1331;2;2.10017955424123E7
518;1334;3;2.10017955424123E7
519;1335;1;2.10017955424123E7
520;1335;0;2.10017955424123E7
521;1339;4;2.10017955424123E7
522;1342;3;2.10017955424123E7
523;1345;3;2.10017955424123E7
524;1348;3;2.10017955424123E7
525;1349;1;2.10017955424123E7
526;1350;1;2.10017955424123E7
527;1353;3;2.10017955424123E7
528;1354;1;2.10017955424123E7
529;1356;2;2.10017955424123E7
530;1358;2;2.10017955424123E7
531;1362;4;2.10017955424123E7
532;1364;2;2.10017955424123E7
533;1365;1;2.10017955424123E7
534;1368;3;2.10017955424123E7
535;1370;2;2.10017955424123E7
536;1374;4;2.10017955424123E7
537;1375;1;2.10017955424123E7
538;1379;4;2.10017955424123E7
539;1382;3;2.10017955424123E7
540;1384;2;2.10017955424123E7
541;1387;3;2.10017955424123E7
542;1389;2;2.10017955424123E7
543;1392;3;2.10017955424123E7
544;1393;1;2.10017955424123E7
545;1396;3;2.10017955424123E7
546;1396;0;2.10017955424123E7
547;1399;3;2.10017955424123E7
548;1401;2;2.10017955424123E7
549;1403;2;2.10017955424123E7
550;1406;3;2.10017955424123E7
551;1408;2;2.10017955424123E7
552;1410;2;2.10017955424123E7
553;1411;1;2.10017955424123E7
554;1413;2;2.10017955424123E7
555;1416;3;2.10017955424123E7
556;1418;2;2.10017955424123E7
557;1420;2;2.10017955424123E7
558;1423;3;2.10017955424123E7
559;1426;3;2.10017955424123E7
560;1426;0;2.10017955424123E7
561;1430;4;2.10017955424123E7
562;1434;4;2.10017955424123E7
563;1437;3;2.10017955424123E7
564;1438;1;2.10017955424123E7
565;1439;1;2.10017955424123E7
566;1442;3;2.10017955424123E7
567;1445;3;2.10017955424123E7
568;1448;3;2.10017955424123E7
569;1450;2;2.10017955424123E7
570;1453;3;2.10017955424123E7
571;1454;1;2.10017955424123E7
572;1456;2;2.10017955424123E7
573;1459;3;2.10017955424123E7
574;1463;4;2.10017955424123E7
575;1468;5;2.10017955424123E7
576;1472;4;2.10017955424123E7
577;1473;1;2.10017955424123E7
578;1476;3;2.10017955424123E7
579;1477;1;2.10017955424123E7
580;1479;2;2.10017955424123E7
581;1482;3;2.10017955424123E7
582;1486;4;2.10017955424123E7
583;1488;2;2.10017955424123E7
584;1492;4;2.10017955424123E7
585;1496;4;2.10017955424123E7
586;1498;2;2.10017955424123E7
587;1501;3;2.10017955424123E7
588;1504;3;2.10017955424123E7
589;1506;2;2.10017955424123E7
590;1509;3;2.10017955424123E7
591;1511;2;2.10017955424123E7
592;1514;3;2.10017955424123E7
593;1516;2;2.10017955424123E7
594;1521;5;2.10017955424123E7
595;1524;3;2.10017955424123E7
596;1526;2;2.10017955424123E7
597;1529;3;2.10017955424123E7
598;1531;2;2.10017955424123E7
599;1534;3;2.10017955424123E7
600;1535;1;2.10017955424123E7
601;1538;3;2.10017955424123E7
602;1543;5;2.10017955424123E7
603;1547;4;2.10017955424123E7
604;1550;3;2.10017955424123E7
605;1553;3;2.10017955424123E7
606;1554;1;2.10017955424123E7
607;1556;2;2.10017955424123E7
608;1557;1;2.10017955424123E7
609;1559;2;2.10017955424123E7
610;1560;1;2.10017955424123E7
611;1562;2;2.10017955424123E7
612;1565;3;2.10017955424123E7
613;1566;1;2.10017955424123E7
614;1568;2;2.10017955424123E7
615;1569;1;2.10017955424123E7
616;1572;3;2.10017955424123E7
617;1575;3;2.10017955424123E7
618;1577;2;2.10017955424123E7
619;1578;1;2.10017955424123E7
620;1579;1;2.10017955424123E7
621;1582;3;2.10017955424123E7
622;1586;4;2.10017955424123E7
623;1588;2;2.10017955424123E7
624;1589;1;2.10017955424123E7
625;1591;2;2.10017955424123E7
626;1593;2;2.10017955424123E7
627;1595;2;2.10017955424123E7
628;1597;2;2.10017955424123E7
629;1599;2;2.10017955424123E7
630;1601;2;2.10017955424123E7
631;1604;3;2.10017955424123E7
632;1608;4;2.10017955424123E7
633;1610;2;2.10017955424123E7
634;1614;4;2.10017955424123E7
635;1618;4;2.10017955424123E7
636;1624;6;2.10017955424123E7
637;1627;3;2.10017955424123E7
638;1630;3;2.10017955424123E7
639;1635;5;2.10017955424123E7
640;1638;3;2.10017955424123E7
641;1638;0;2.10017955424123E7
642;1644;6;2.10017955424123E7
643;1646;2;2.10017955424123E7
644;1648;2;2.10017955424123E7
645;1649;1;2.10017955424123E7
646;1650;1;2.10017955424123E7
647;1652;2;2.10017955424123E7
648;1652;0;2.10017955424123E7
649;1653;1;2.10017955424123E7
650;1654;1;2.10017955424123E7
651;1656;2;2.10017955424123E7
652;1658;2;2.10017955424123E7
653;1660;2;2.10017955424123E7
654;1663;3;2.10017955424123E7
655;1666;3;2.10017955424123E7
656;1669;3;2.10017955424123E7
657;1670;1;2.10017955424123E7
658;1671;1;2.10017955424123E7
659;1673;2;2.10017955424123E7
660;1676;3;2.10017955424123E7
661;1676;0;2.10017955424123E7
662;1679;3;2.10017955424123E7
663;1683;4;2.10017955424123E7
664;1687;4;2.10017955424123E7
665;1692;5;2.10017955424123E7
666;1698;6;2.10017955424123E7
667;1704;6;2.10017955424123E7
668;1704;0;2.10017955424123E7
669;1706;2;2.10017955424123E7
670;1708;2;2.10017955424123E7
671;1709;1;2.10017955424123E7
672;1712;3;2.10017955424123E7
673;1713;1;2.10017955424123E7
674;1715;2;2.10017955424123E7
675;1717;2;2.10017955424123E7
676;1717;0;2.10017955424123E7
677;1718;1;2.10017955424123E7
678;1718;0;2.10017955424123E7
679;1722;4;2.10017955424123E7
680;1722;0;2.10017955424123E7
681;1723;1;2.10017955424123E7
682;1725;2;2.10017955424123E7
683;1727;2;2.10017955424123E7
684;1730;3;2.10017955424123E7
685;1733;3;2.10017955424123E7
686;1734;1;2.10017955424123E7
687;1736;2;2.10017955424123E7
688;1740;4;2.10017955424123E7
689;1744;4;2.10017955424123E7
690;1746;2;2.10017955424123E7
691;1749;3;2.10017955424123E7
692;1751;2;2.10017955424123E7
693;1754;3;2.10017955424123E7
694;1754;0;2.10017955424123E7
695;1756;2;2.10017955424123E7
696;1758;2;2.10017955424123E7
697;1758;0;2.10017955424123E7
698;1761;3;2.10017955424123E7
699;1763;2;2.10017955424123E7
700;1766;3;2.10017955424123E7
701;1769;3;2.10017955424123E7
702;1769;0;2.10017955424123E7
703;1773;4;2.10017955424123E7
704;1776;3;2.10017955424123E7
705;1778;2;2.10017955424123E7
706;1781;3;2.10017955424123E7
707;1782;1;2.10017955424123E7
708;1783;1;2.10017955424123E7
709;1784;1;2.10017955424123E7
710;1788;4;2.10017955424123E7
711;1791;3;2.0001908141672432E7
712;1794;3;2.0001908141672432E7
713;1797;3;2.0001908141672432E7
714;1799;2;2.0001908141672432E7
715;1801;2;2.0001908141672432E7
716;1802;1;2.0001908141672432E7
717;1806;4;2.0001908141672432E7
718;1807;1;2.0001908141672432E7
719;1809;2;2.0001908141672432E7
720;1812;3;2.0001908141672432E7
721;1814;2;2.0001897992453743E7
722;1815;1;2.0001897992453743E7
723;1817;2;2.0001897992453743E7
724;1819;2;2.0001897992453743E7
725;1821;2;2.0001897992453743E7
726;1822;1;2.0001897992453743E7
727;1824;2;2.0001897992453743E7
728;1826;2;2.0001897992453743E7
729;1829;3;2.0001897992453743E7
730;1833;4;2.0001897992453743E7
731;1836;3;2.0001897992453743E7
732;1839;3;2.0001897992453743E7
733;1844;5;2.0001897992453743E7
734;1849;5;2.0001897992453743E7
735;1849;0;2.0001897992453743E7
736;1852;3;2.0001897992453743E7
737;1855;3;2.0001897992453743E7
738;1856;1;2.0001897992453743E7
739;1859;3;2.0001897992453743E7
740;1859;0;2.0001897992453743E7
741;1862;3;2.0001897992453743E7
742;1864;2;2.0001897992453743E7
743;1866;2;2.0001897992453743E7
744;1868;2;2.0001897992453743E7
745;1869;1;2.0001897992453743E7
746;1871;2;2.0001897992453743E7
747;1871;0;2.0001897992453743E7
748;1874;3;2.0001897992453743E7
749;1880;6;2.0001897992453743E7
750;1882;2;2.0001897992453743E7
751;1883;1;2.0001897992453743E7
752;1886;3;2.0001897992453743E7
753;1888;2;2.0001897992453743E7
754;1890;2;2.0001897992453743E7
755;1891;1;2.0001853833989944E7
756;1892;1;2.0001853833989944E7
757;1895;3;2.0001853833989944E7
758;1897;2;2.0001853833989944E7
759;1898;1;2.0001853833989944E7
760;1899;1;2.0001853833989944E7
761;1900;1;2.0001853163562715E7
762;1903;3;2.0001853163562715E7
763;1905;2;2.0001853163562715E7
764;1908;3;2.0001853163562715E7
765;1909;1;2.0001853163562715E7
766;1911;2;2.0001853163562715E7
767;1913;2;2.0001853163562715E7
768;1914;1;2.0001853163562715E7
769;1916;2;2.0001853163562715E7
770;1919;3;2.0001853163562715E7
771;1922;3;2.0001853163562715E7
772;1925;3;2.0001853163562715E7
773;1928;3;2.0001853163562715E7
774;1930;2;2.0001853163562715E7
775;1933;3;2.0001853163562715E7
776;1934;1;2.0001838059987977E7
777;1935;1;2.0001838059987977E7
778;1938;3;2.0001838059987977E7
779;1941;3;2.0001838059987977E7
780;1943;2;2.0001838059987977E7
781;1944;1;2.0001838059987977E7
782;1947;3;2.0001838059987977E7
783;1950;3;2.0001838059987977E7
784;1951;1;2.0001838059987977E7
785;1954;3;2.0001838059987977E7
786;1956;2;2.0001838059987977E7
787;1957;1;2.0001838059987977E7
788;1960;3;2.0001838059987977E7
789;1963;3;2.0001838059987977E7
790;1965;2;2.0001838059987977E7
791;1966;1;2.0001838059987977E7
792;1968;2;2.0001838059987977E7
793;1971;3;2.0001838059987977E7
794;1972;1;2.0001838059987977E7
795;1975;3;2.0001838059987977E7
796;1978;3;2.0001838059987977E7
797;1980;2;2.0001838059987977E7
798;1983;3;2.0001838059987977E7
799;1985;2;2.0001838059987977E7
800;1988;3;2.0001838059987977E7
801;1990;2;2.0001838059987977E7
802;1992;2;2.0001838059987977E7
803;1993;1;2.0001838059987977E7
804;1998;5;2.0001838059987977E7
805;2001;3;2.0001838059987977E7
806;2004;3;2.0001838059987977E7
807;2007;3;2.0001838059987977E7
808;2010;3;2.0001838059987977E7
809;2012;2;2.0001838059987977E7
810;2017;5;2.0001838059987977E7
811;2021;4;2.0001838059987977E7
812;2022;1;2.0001838059987977E7
813;2023;1;2.0001838059987977E7
814;2025;2;2.0001838059987977E7
815;2025;0;2.0001838059987977E7
816;2028;3;2.0001838059987977E7
817;2029;1;2.0001838059987977E7
818;2032;3;2.0001838059987977E7
819;2034;2;2.0001838059987977E7
820;2038;4;2.0001838059987977E7
821;2038;0;2.0001838059987977E7
822;2041;3;2.0001838059987977E7
823;2043;2;2.0001838059987977E7
824;2046;3;2.0001838059987977E7
825;2048;2;2.0001838059987977E7
826;2050;2;2.0001835847798552E7
827;2052;2;2.0001835847798552E7
828;2054;2;2.0001835847798552E7
829;2056;2;2.0001835847798552E7
830;2058;2;2.0001835847798552E7
831;2060;2;2.000182560169627E7
832;2062;2;2.0001777359108143E7
833;2062;0;2.0001777359108143E7
834;2065;3;2.0001777359108143E7
835;2068;3;2.0001777359108143E7
836;2069;1;2.0001768731919754E7
837;2070;1;2.0001768731919754E7
838;2072;2;2.0001766236579634E7
839;2074;2;2.0001766236579634E7
840;2076;2;2.0001766236579634E7
841;2078;2;2.0001766236579634E7
842;2081;3;2.0001766236579634E7
843;2081;0;2.0001766236579634E7
844;2083;2;2.0001766236579634E7
845;2085;2;2.0001766236579634E7
846;2087;2;2.0001766236579634E7
847;2089;2;2.0001766236579634E7
848;2091;2;2.0001766236579634E7
849;2092;1;2.0001766236579634E7
850;2095;3;2.0001766236579634E7
851;2096;1;2.0001766236579634E7
852;2097;1;2.0001766236579634E7
853;2100;3;2.0001766236579634E7
854;2102;2;2.0001766236579634E7
855;2104;2;2.0001766236579634E7
856;2107;3;2.0001766236579634E7
857;2109;2;2.0001766236579634E7
858;2110;1;2.0001766236579634E7
859;2111;1;2.0001766236579634E7
860;2112;1;2.0001766236579634E7
861;2113;1;2.0001766236579634E7
862;2114;1;2.0001766236579634E7
863;2116;2;2.0001766236579634E7
864;2117;1;2.0001766236579634E7
865;2119;2;2.0001766236579634E7
866;2121;2;2.0001766236579634E7
867;2124;3;2.0001766236579634E7
868;2127;3;2.0001766236579634E7
869;2134;7;2.0001766236579634E7
870;2138;4;2.0001766236579634E7
871;2141;3;2.0001766236579634E7
872;2143;2;2.0001766236579634E7
873;2146;3;2.0001766236579634E7
874;2149;3;2.0001766236579634E7
875;2149;0;2.0001766236579634E7
876;2153;4;2.0001766236579634E7
877;2155;2;2.0001766236579634E7
878;2158;3;2.0001766236579634E7
879;2159;1;2.0001766236579634E7
880;2164;5;2.0001766236579634E7
881;2167;3;2.0001766236579634E7
882;2172;5;2.0001766236579634E7
883;2173;1;2.0001766236579634E7
884;2174;1;2.0001766236579634E7
885;2176;2;2.0001766236579634E7
886;2180;4;2.0001766236579634E7
887;2183;3;2.0001766236579634E7
888;2186;3;2.0001766236579634E7
889;2188;2;2.0001766236579634E7
890;2191;3;2.0001766236579634E7
891;2193;2;2.0001766236579634E7
892;2197;4;2.0001766236579634E7
893;2199;2;2.0001766236579634E7
894;2201;2;2.0001766236579634E7
895;2204;3;2.0001766236579634E7
896;2206;2;2.0001766236579634E7
897;2208;2;2.0001766236579634E7
898;2212;4;2.0001766236579634E7
899;2213;1;2.0001766236579634E7
900;2216;3;2.0001766236579634E7
901;2220;4;2.0001766236579634E7
902;2222;2;2.0001766236579634E7
903;2223;1;2.0001766236579634E7
904;2225;2;2.0001766236579634E7
905;2227;2;2.0001766236579634E7
906;2228;1;2.0001766236579634E7
907;2230;2;2.0001766236579634E7
908;2232;2;2.0001766236579634E7
909;2235;3;2.0001766236579634E7
910;2237;2;2.0001766236579634E7
911;2241;4;2.0001766236579634E7
912;2242;1;2.0001766236579634E7
913;2244;2;2.0001766236579634E7
914;2246;2;2.0001766236579634E7
915;2246;0;2.0001766236579634E7
916;2249;3;2.0001766236579634E7
917;2252;3;2.0001766236579634E7
918;2256;4;2.0001766236579634E7
919;2258;2;2.0001766236579634E7
920;2260;2;2.0001766236579634E7
921;2263;3;2.0001766236579634E7
922;2266;3;2.0001766236579634E7
923;2268;2;2.0001766236579634E7
924;2270;2;2.0001766236579634E7
925;2272;2;2.0001766236579634E7
926;2274;2;2.0001766236579634E7
927;2277;3;2.0001766236579634E7
928;2280;3;2.0001766236579634E7
929;2285;5;2.0001766236579634E7
930;2288;3;2.0001766236579634E7
931;2289;1;2.0001766236579634E7
932;2292;3;2.0001766236579634E7
933;2295;3;2.0001766236579634E7
934;2297;2;2.0001766236579634E7
935;2299;2;2.0001766236579634E7
936;2302;3;2.0001766236579634E7
937;2305;3;2.0001766236579634E7
938;2309;4;2.0001766236579634E7
939;2314;5;2.0001766236579634E7
940;2316;2;2.0001766236579634E7
941;2319;3;2.0001766236579634E7
942;2321;2;2.0001766236579634E7
943;2322;1;2.0001766236579634E7
944;2322;0;2.0001766236579634E7
945;2326;4;2.0001766236579634E7
946;2328;2;2.0001766236579634E7
947;2331;3;2.0001766236579634E7
948;2334;3;2.0001766236579634E7
949;2336;2;2.0001766236579634E7
950;2337;1;2.0001766236579634E7
951;2339;2;2.0001766236579634E7
952;2341;2;2.0001766236579634E7
953;2343;2;2.0001766236579634E7
954;2345;2;2.0001766236579634E7
955;2346;1;2.0001766236579634E7
956;2348;2;2.0001766236579634E7
957;2350;2;2.0001766236579634E7
958;2352;2;2.0001766236579634E7
959;2356;4;2.0001766236579634E7
960;2358;2;2.0001766236579634E7
961;2361;3;2.0001766236579634E7
962;2364;3;2.0001766236579634E7
963;2366;2;2.0001766236579634E7
964;2367;1;2.0001766236579634E7
965;2370;3;2.0001766236579634E7
966;2372;2;2.0001766236579634E7
967;2373;1;2.0001766236579634E7
968;2375;2;2.0001766236579634E7
969;2376;1;2.0001766236579634E7
970;2378;2;2.0001766236579634E7
971;2381;3;2.0001766236579634E7
972;2383;2;2.0001766236579634E7
973;2386;3;2.0001766236579634E7
974;2388;2;2.0001766236579634E7
975;2391;3;2.0001766236579634E7
976;2392;1;2.0001766236579634E7
977;2394;2;2.0001766236579634E7
978;2394;0;2.0001766236579634E7
979;2395;1;2.0001766236579634E7
980;2398;3;2.0001766236579634E7
981;2401;3;2.0001766236579634E7
982;2403;2;2.0001766236579634E7
983;2405;2;2.0001766236579634E7
984;2409;4;2.0001766236579634E7
985;2411;2;2.0001766236579634E7
986;2412;1;2.0001766236579634E7
987;2414;2;2.0001766236579634E7
988;2414;0;2.0001766236579634E7
989;2416;2;2.0001766236579634E7
990;2416;0;2.0001766236579634E7
991;2417;1;2.0001766236579634E7
992;2418;1;2.0001766236579634E7
993;2420;2;2.0001766236579634E7
994;2422;2;2.0001766236579634E7
995;2423;1;2.0001766236579634E7
996;2425;2;2.0001766236579634E7
997;2427;2;2.0001766236579634E7
998;2429;2;2.0001766236579634E7
999;2431;2;2.0001766236579634E7
1000;2434;3;2.0001766236579634E7
1001;2436;2;2.0001766236579634E7
1002;2438;2;2.0001766236579634E7
1003;2440;2;2.0001766236579634E7
1004;2441;1;2.0001766236579634E7
1005;2443;2;2.0001766236579634E7
1006;2444;1;2.0001766236579634E7
1007;2447;3;2.0001766236579634E7
1008;2449;2;2.0001766236579634E7
1009;2451;2;2.0001766236579634E7
1010;2454;3;2.0001766236579634E7
1011;2457;3;2.0001766236579634E7
1012;2459;2;2.0001766236579634E7
1013;2460;1;2.0001766236579634E7
1014;2460;0;2.0001766236579634E7
1015;2463;3;2.0001766236579634E7
1016;2465;2;2.0001766236579634E7
1017;2468;3;2.0001766236579634E7
1018;2469;1;2.0001766236579634E7
1019;2472;3;2.0001766236579634E7
1020;2473;1;2.0001766236579634E7
1021;2474;1;2.0001766236579634E7
1022;2475;1;2.0001766236579634E7
1023;2477;2;2.0001766236579634E7
1024;2477;0;2.0001766236579634E7
1025;2479;2;2.0001766236579634E7
1026;2481;2;2.0001766236579634E7
1027;2482;1;2.0001766236579634E7
1028;2486;4;2.0001766236579634E7
1029;2488;2;2.0001766236579634E7
1030;2488;0;2.0001766236579634E7
1031;2491;3;2.0001766236579634E7
1032;2492;1;2.0001766236579634E7
1033;2495;3;2.0001766236579634E7
1034;2497;2;2.0001766236579634E7
1035;2499;2;2.0001766236579634E7
1036;2501;2;2.0001766236579634E7
1037;2501;0;2.0001766236579634E7
1038;2502;1;2.0001766236579634E7
1039;2503;1;2.0001766236579634E7
1040;2505;2;2.0001766236579634E7
1041;2507;2;2.0001766236579634E7
1042;2510;3;2.0001766236579634E7
1043;2513;3;2.0001766236579634E7
1044;2515;2;2.0001766236579634E7
1045;2518;3;2.0001766236579634E7
1046;2521;3;2.0001766236579634E7
1047;2522;1;2.0001766236579634E7
1048;2523;1;2.0001766236579634E7
1049;2523;0;2.0001766236579634E7
1050;2524;1;2.0001766236579634E7
1051;2527;3;2.0001766236579634E7
1052;2528;1;2.0001766236579634E7
1053;2530;2;2.0001766236579634E7
1054;2532;2;2.0001766236579634E7
1055;2534;2;2.0001766236579634E7
1056;2537;3;2.0001766236579634E7
1057;2539;2;2.0001766236579634E7
1058;2541;2;2.0001766236579634E7
1059;2544;3;2.0001766236579634E7
1060;2547;3;2.0001766236579634E7
1061;2549;2;2.0001766236579634E7
1062;2551;2;2.0001766236579634E7
1063;2553;2;2.0001766236579634E7
1064;2556;3;2.0001766236579634E7
1065;2558;2;2.0001766236579634E7
1066;2560;2;2.0001766236579634E7
1067;2561;1;2.0001766236579634E7
1068;2563;2;2.0001766236579634E7
1069;2566;3;2.0001766236579634E7
1070;2569;3;2.0001766236579634E7
1071;2571;2;2.0001766236579634E7
1072;2572;1;2.0001766236579634E7
1073;2574;2;2.0001766236579634E7
1074;2575;1;2.0001766236579634E7
1075;2577;2;2.0001766236579634E7
1076;2580;3;2.0001766236579634E7
1077;2581;1;2.0001766236579634E7
1078;2584;3;2.0001766236579634E7
1079;2586;2;2.0001766236579634E7
1080;2587;1;2.0001766236579634E7
1081;2589;2;2.0001766236579634E7
1082;2590;1;2.0001766236579634E7
1083;2593;3;2.0001766236579634E7
1084;2595;2;2.0001766236579634E7
1085;2598;3;2.0001766236579634E7
1086;2599;1;2.0001766236579634E7
1087;2601;2;2.0001766236579634E7
1088;2603;2;2.0001766236579634E7
1089;2605;2;2.0001766236579634E7
1090;2608;3;2.0001766236579634E7
1091;2610;2;2.0001766236579634E7
1092;2612;2;2.0001766236579634E7
1093;2615;3;2.0001766236579634E7
1094;2617;2;2.0001766236579634E7
1095;2618;1;2.0001766236579634E7
1096;2621;3;2.0001766236579634E7
1097;2622;1;2.0001766236579634E7
1098;2624;2;2.0001766236579634E7
1099;2627;3;2.0001766236579634E7
1100;2629;2;2.0001766236579634E7
1101;2630;1;2.0001766236579634E7
1102;2632;2;2.0001766236579634E7
1103;2635;3;2.0001766236579634E7
1104;2638;3;2.0001766236579634E7
1105;2639;1;2.0001766236579634E7
1106;2640;1;2.0001766236579634E7
1107;2643;3;2.0001766236579634E7
1108;2644;1;2.0001766236579634E7
1109;2646;2;2.0001766236579634E7
1110;2647;1;2.0001766236579634E7
1111;2648;1;2.0001766236579634E7
1112;2651;3;2.0001766236579634E7
1113;2653;2;2.0001766236579634E7
1114;2656;3;2.0001766236579634E7
1115;2657;1;2.0001766236579634E7
1116;2659;2;2.0001766236579634E7
1117;2662;3;2.0001766236579634E7
1118;2664;2;2.0001766236579634E7
1119;2669;5;2.0001766236579634E7
1120;2672;3;2.0001766236579634E7
1121;2673;1;2.0001766236579634E7
1122;2677;4;2.0001766236579634E7
1123;2680;3;2.0001766236579634E7
1124;2681;1;2.0001766236579634E7
1125;2683;2;2.0001766236579634E7
1126;2684;1;2.0001766236579634E7
1127;2685;1;2.0001766236579634E7
1128;2688;3;2.0001766236579634E7
1129;2693;5;2.0001766236579634E7
1130;2696;3;2.0001766236579634E7
1131;2698;2;2.0001766236579634E7
1132;2700;2;2.0001766236579634E7
1133;2702;2;2.0001766236579634E7
1134;2704;2;2.0001766236579634E7
1135;2707;3;2.0001766236579634E7
1136;2709;2;2.0001766236579634E7
1137;2713;4;2.0001766236579634E7
1138;2716;3;2.0001766236579634E7
1139;2720;4;2.0001766236579634E7
1140;2725;5;2.0001766236579634E7
1141;2729;4;2.0001766236579634E7
1142;2732;3;2.0001766236579634E7
1143;2735;3;2.0001766236579634E7
1144;2736;1;2.0001766236579634E7
1145;2740;4;2.0001766236579634E7
1146;2746;6;2.0001766236579634E7
1147;2751;5;2.0001766236579634E7
1148;2755;4;2.0001766236579634E7
1149;2760;5;2.0001766236579634E7
1150;2762;2;2.0001766236579634E7
1151;2765;3;2.0001766236579634E7
1152;2769;4;2.0001766236579634E7
1153;2770;1;2.0001766236579634E7
1154;2772;2;2.0001766236579634E7
1155;2779;7;2.0001766236579634E7
1156;2783;4;2.0001766236579634E7
1157;2786;3;2.0001766236579634E7
1158;2793;7;2.0001766236579634E7
1159;2799;6;2.0001766236579634E7
1160;2802;3;2.0001766236579634E7
1161;2805;3;2.0001766236579634E7
1162;2809;4;2.0001766236579634E7
1163;2812;3;2.0001766236579634E7
1164;2818;6;2.0001766236579634E7
1165;2820;2;2.0001766236579634E7
1166;2823;3;2.0001766236579634E7
1167;2826;3;2.0001766236579634E7
1168;2829;3;2.0001766236579634E7
1169;2832;3;2.0001766236579634E7
1170;2834;2;2.0001766236579634E7
1171;2837;3;2.0001766236579634E7
1172;2839;2;2.0001766236579634E7
1173;2843;4;2.0001766236579634E7
1174;2846;3;2.0001766236579634E7
1175;2850;4;2.0001766236579634E7
1176;2854;4;2.0001766236579634E7
1177;2856;2;2.0001766236579634E7
1178;2861;5;2.0001766236579634E7
1179;2871;10;2.0001766236579634E7
1180;2871;0;2.0001766236579634E7
1181;2875;4;2.0001766236579634E7
1182;2875;0;2.0001766236579634E7
1183;2877;2;2.0001766236579634E7
1184;2877;0;2.0001766236579634E7
1185;2878;1;2.0001766236579634E7
1186;2879;1;2.0001766236579634E7
1187;2880;1;2.0001766236579634E7
1188;2881;1;2.0001766236579634E7
1189;2884;3;2.0001766236579634E7
1190;2886;2;2.0001766236579634E7
1191;2888;2;2.0001766236579634E7
1192;2891;3;2.0001766236579634E7
1193;2893;2;2.0001766236579634E7
1194;2894;1;2.0001766236579634E7
1195;2896;2;2.0001766236579634E7
1196;2898;2;2.0001766236579634E7
1197;2900;2;2.0001766236579634E7
1198;2901;1;2.0001766236579634E7
1199;2903;2;2.0001766236579634E7
1200;2905;2;2.0001766236579634E7
1201;2907;2;2.0001766236579634E7
1202;2909;2;2.0001766236579634E7
1203;2910;1;2.0001766236579634E7
1204;2913;3;2.0001766236579634E7
1205;2916;3;2.0001766236579634E7
1206;2919;3;2.0001766236579634E7
1207;2922;3;2.0001766236579634E7
1208;2923;1;2.0001766236579634E7
1209;2926;3;2.0001766236579634E7
1210;2928;2;2.0001766236579634E7
1211;2930;2;2.0001766236579634E7
1212;2933;3;2.0001766236579634E7
1213;2934;1;2.0001766236579634E7
1214;2936;2;2.0001766236579634E7
1215;2939;3;2.0001766236579634E7
1216;2941;2;2.0001766236579634E7
1217;2944;3;2.0001766236579634E7
1218;2944;0;2.0001766236579634E7
1219;2946;2;2.0001766236579634E7
1220;2946;0;2.0001766236579634E7
1221;2948;2;2.0001766236579634E7
1222;2950;2;2.0001766236579634E7
1223;2952;2;2.0001766236579634E7
1224;2954;2;2.0001766236579634E7
1225;2956;2;2.0001766236579634E7
1226;2959;3;2.0001766236579634E7
1227;2962;3;2.0001766236579634E7
1228;2962;0;2.0001766236579634E7
1229;2965;3;2.0001766236579634E7
1230;2966;1;2.0001766236579634E7
1231;2970;4;2.0001766236579634E7
1232;2972;2;2.0001766236579634E7
1233;2973;1;2.0001766236579634E7
1234;2976;3;2.0001766236579634E7
1235;2978;2;2.0001766236579634E7
1236;2978;0;2.0001766236579634E7
1237;2980;2;2.0001766236579634E7
1238;2983;3;2.0001766236579634E7
1239;2985;2;2.0001766236579634E7
1240;2988;3;2.0001766236579634E7
1241;2992;4;2.0001766236579634E7
1242;2993;1;2.0001766236579634E7
1243;2993;0;2.0001766236579634E7
1244;2994;1;2.0001766236579634E7
1245;2996;2;2.0001766236579634E7
1246;2997;1;2.0001766236579634E7
1247;3000;3;2.0001766236579634E7
1248;3002;2;2.0001766236579634E7
1249;3004;2;2.0001766236579634E7
1250;3006;2;2.0001766236579634E7
1251;3008;2;2.0001766236579634E7
1252;3010;2;2.0001766236579634E7
1253;3011;1;2.0001766236579634E7
1254;3012;1;2.0001766236579634E7
1255;3013;1;2.0001766236579634E7
1256;3015;2;2.0001766236579634E7
1257;3017;2;2.0001766236579634E7
1258;3018;1;2.0001766236579634E7
1259;3021;3;2.0001766236579634E7
1260;3024;3;2.0001766236579634E7
1261;3024;0;2.0001766236579634E7
1262;3026;2;2.0001766236579634E7
1263;3027;1;2.0001766236579634E7
1264;3028;1;2.0001766236579634E7
1265;3030;2;2.0001766236579634E7
1266;3033;3;2.0001766236579634E7
1267;3036;3;2.0001766236579634E7
1268;3038;2;2.0001766236579634E7
1269;3040;2;2.0001766236579634E7
1270;3041;1;2.0001766236579634E7
1271;3046;5;2.0001766236579634E7
1272;3047;1;2.0001766236579634E7
1273;3050;3;2.0001766236579634E7
1274;3052;2;2.0001766236579634E7
1275;3052;0;2.0001766236579634E7
1276;3054;2;2.0001766236579634E7
1277;3056;2;2.0001766236579634E7
1278;3059;3;2.0001766236579634E7
1279;3061;2;2.0001766236579634E7
1280;3063;2;2.0001766236579634E7
1281;3063;0;2.0001766236579634E7
1282;3064;1;2.0001766236579634E7
1283;3066;2;2.0001766236579634E7
1284;3069;3;2.0001766236579634E7
1285;3071;2;2.0001766236579634E7
1286;3073;2;2.0001766236579634E7
1287;3074;1;2.0001766236579634E7
1288;3076;2;2.0001766236579634E7
1289;3079;3;2.0001766236579634E7
1290;3083;4;2.0001766236579634E7
1291;3084;1;2.0001763538473494E7
1292;3086;2;2.0001763538473494E7
1293;3087;1;2.0001763538473494E7
1294;3089;2;2.0001763538473494E7
1295;3092;3;2.0001763538473494E7
1296;3094;2;2.0001763538473494E7
1297;3097;3;2.0001763538473494E7
1298;3097;0;2.0001763538473494E7
1299;3100;3;2.0001763538473494E7
1300;3101;1;2.0001763538473494E7
1301;3104;3;2.0001763538473494E7
1302;3107;3;2.0001763538473494E7
1303;3107;0;2.0001763538473494E7
1304;3109;2;2.0001763538473494E7
1305;3109;0;2.0001763538473494E7
1306;3111;2;2.0001763538473494E7
1307;3113;2;2.0001763538473494E7
1308;3116;3;2.0001763538473494E7
1309;3118;2;2.0001763538473494E7
1310;3120;2;2.0001763538473494E7
1311;3122;2;2.0001763538473494E7
1312;3125;3;2.0001763538473494E7
1313;3126;1;2.0001763538473494E7
1314;3128;2;2.0001763538473494E7
1315;3130;2;2.0001763538473494E7
1316;3130;0;2.0001763538473494E7
1317;3133;3;2.0001763538473494E7
1318;3135;2;2.0001763538473494E7
1319;3137;2;2.0001763538473494E7
1320;3139;2;2.0001763538473494E7
1321;3142;3;2.0001763538473494E7
1322;3144;2;2.0001763538473494E7
1323;3146;2;2.0001763538473494E7
1324;3149;3;2.0001763538473494E7
1325;3151;2;2.0001763538473494E7
1326;3154;3;2.0001763538473494E7
1327;3157;3;2.0001763538473494E7
1328;3159;2;2.0001763538473494E7
1329;3162;3;2.0001763538473494E7
1330;3164;2;2.0001763538473494E7
1331;3168;4;2.0001763538473494E7
1332;3173;5;2.0001763538473494E7
1333;3176;3;2.0001763538473494E7
1334;3178;2;2.0001763538473494E7
1335;3182;4;2.0001763538473494E7
1336;3184;2;2.0001763538473494E7
1337;3186;2;2.0001763538473494E7
1338;3186;0;2.0001763538473494E7
1339;3190;4;2.0001763538473494E7
1340;3192;2;2.0001763538473494E7
1341;3195;3;2.0001763538473494E7
1342;3196;1;2.0001763538473494E7
1343;3197;1;2.0001763538473494E7
1344;3199;2;2.0001763538473494E7
1345;3202;3;2.0001763538473494E7
1346;3204;2;2.0001763538473494E7
1347;3206;2;2.0001763538473494E7
1348;3209;3;2.0001763538473494E7
1349;3211;2;2.0001763538473494E7
1350;3213;2;2.0001763538473494E7
1351;3215;2;2.0001763538473494E7
1352;3217;2;2.0001763538473494E7
1353;3219;2;2.0001763538473494E7
1354;3220;1;2.0001763538473494E7
1355;3222;2;2.0001763538473494E7
1356;3225;3;2.0001763538473494E7
1357;3227;2;2.0001763538473494E7
1358;3228;1;2.0001763538473494E7
1359;3229;1;2.0001763538473494E7
1360;3231;2;2.0001763538473494E7
1361;3234;3;2.0001763538473494E7
1362;3236;2;2.0001763538473494E7
1363;3239;3;2.0001763538473494E7
1364;3241;2;2.0001763538473494E7
1365;3243;2;2.0001763538473494E7
1366;3246;3;2.0001763538473494E7
1367;3248;2;2.0001763538473494E7
1368;3250;2;2.0001763538473494E7
1369;3252;2;2.0001763538473494E7
1370;3254;2;2.0001763538473494E7
1371;3257;3;2.0001763538473494E7
1372;3260;3;2.0001763538473494E7
1373;3262;2;2.0001763538473494E7
1374;3264;2;2.0001763538473494E7
1375;3267;3;2.0001763538473494E7
1376;3268;1;2.0001763538473494E7
1377;3270;2;2.0001763538473494E7
1378;3271;1;2.0001763538473494E7
1379;3272;1;2.0001763538473494E7
1380;3274;2;2.0001763538473494E7
1381;3276;2;2.0001763538473494E7
1382;3278;2;2.0001763538473494E7
1383;3280;2;2.0001763538473494E7
1384;3283;3;2.0001763538473494E7
1385;3284;1;2.0001763538473494E7
1386;3287;3;2.0001763538473494E7
1387;3290;3;2.0001763538473494E7
1388;3291;1;2.0001763538473494E7
1389;3291;0;2.0001763538473494E7
1390;3295;4;2.0001763538473494E7
1391;3297;2;2.0001763538473494E7
1392;3301;4;2.0001763538473494E7
1393;3303;2;2.0001763538473494E7
1394;3306;3;2.0001763538473494E7
1395;3310;4;2.0001763538473494E7
1396;3313;3;2.0001763538473494E7
1397;3315;2;2.0001763538473494E7
1398;3316;1;2.0001763538473494E7
1399;3318;2;2.0001763538473494E7
1400;3319;1;2.0001763538473494E7
1401;3319;0;2.0001763538473494E7
1402;3321;2;2.0001763538473494E7
1403;3323;2;1.9001841100726876E7
1404;3325;2;1.9001841100726876E7
1405;3328;3;1.9001841100726876E7
1406;3329;1;1.900183867329442E7
1407;3332;3;1.900183867329442E7
1408;3334;2;1.900183867329442E7
1409;3334;0;1.900183867329442E7
1410;3336;2;1.900183867329442E7
1411;3337;1;1.900183867329442E7
1412;3338;1;1.900183867329442E7
1413;3340;2;1.900183867329442E7
1414;3342;2;1.900183867329442E7
1415;3344;2;1.900183867329442E7
1416;3346;2;1.900183867329442E7
1417;3348;2;1.900183867329442E7
1418;3350;2;1.900183867329442E7
1419;3351;1;1.900183867329442E7
1420;3354;3;1.900183867329442E7
1421;3356;2;1.900183867329442E7
1422;3358;2;1.900183867329442E7
1423;3360;2;1.900183867329442E7
1424;3362;2;1.900183867329442E7
1425;3365;3;1.900183867329442E7
1426;3367;2;1.900183867329442E7
1427;3370;3;1.900183867329442E7
1428;3370;0;1.900183867329442E7
1429;3372;2;1.900183867329442E7
1430;3374;2;1.900183867329442E7
1431;3376;2;1.900182794782413E7
1432;3377;1;1.900182794782413E7
1433;3379;2;1.900182794782413E7
1434;3382;3;1.900182794782413E7
1435;3382;0;1.900182794782413E7
1436;3384;2;1.900182794782413E7
1437;3385;1;1.9001825775422156E7
1438;3388;3;1.9001825775422156E7
1439;3391;3;1.9001817120213263E7
1440;3393;2;1.9001784199008185E7
1441;3396;3;1.9001784199008185E7
1442;3398;2;1.9001784199008185E7
1443;3398;0;1.9001784199008185E7
1444;3399;1;1.9001784199008185E7
1445;3401;2;1.9001784199008185E7
1446;3403;2;1.9001784199008185E7
1447;3405;2;1.9001784199008185E7
1448;3409;4;1.9001784199008185E7
1449;3410;1;1.9001784199008185E7
1450;3412;2;1.9001784199008185E7
1451;3414;2;1.9001784199008185E7
1452;3415;1;1.9001784199008185E7
1453;3416;1;1.9001784199008185E7
1454;3418;2;1.9001784199008185E7
1455;3418;0;1.9001784199008185E7
1456;3421;3;1.9001784199008185E7
1457;3422;1;1.9001784199008185E7
1458;3422;0;1.9001784199008185E7
1459;3424;2;1.9001784199008185E7
1460;3427;3;1.9001784199008185E7
1461;3430;3;1.9001784199008185E7
1462;3432;2;1.9001784199008185E7
1463;3435;3;1.9001784199008185E7
1464;3438;3;1.9001784199008185E7
1465;3442;4;1.9001784199008185E7
1466;3444;2;1.9001784199008185E7
1467;3446;2;1.9001784199008185E7
1468;3447;1;1.9001784199008185E7
1469;3450;3;1.9001784199008185E7
1470;3452;2;1.9001784199008185E7
1471;3452;0;1.9001784199008185E7
1472;3454;2;1.9001784199008185E7
1473;3457;3;1.9001784199008185E7
1474;3457;0;1.9001784199008185E7
1475;3460;3;1.9001784199008185E7
1476;3462;2;1.9001784199008185E7
1477;3463;1;1.9001784199008185E7
1478;3465;2;1.9001784199008185E7
1479;3467;2;1.9001784199008185E7
1480;3468;1;1.9001784199008185E7
1481;3469;1;1.9001784199008185E7
1482;3471;2;1.9001784199008185E7
1483;3473;2;1.9001784199008185E7
1484;3474;1;1.9001784199008185E7
1485;3477;3;1.9001784199008185E7
1486;3479;2;1.9001784199008185E7
1487;3481;2;1.9001784199008185E7
1488;3482;1;1.9001784199008185E7
1489;3484;2;1.9001784199008185E7
1490;3487;3;1.9001784199008185E7
1491;3488;1;1.9001784199008185E7
1492;3490;2;1.9001784199008185E7
1493;3493;3;1.9001784199008185E7
1494;3495;2;1.9001784199008185E7
1495;3497;2;1.9001784199008185E7
1496;3498;1;1.9001784199008185E7
1497;3500;2;1.9001784199008185E7
1498;3501;1;1.9001784199008185E7
1499;3503;2;1.9001784199008185E7
1500;3504;1;1.9001784199008185E7
1501;3506;2;1.9001784199008185E7
1502;3509;3;1.9001784199008185E7
1503;3511;2;1.9001784199008185E7
1504;3514;3;1.9001784199008185E7
1505;3517;3;1.9001784199008185E7
1506;3517;0;1.9001784199008185E7
1507;3520;3;1.9001784199008185E7
1508;3521;1;1.9001784199008185E7
1509;3522;1;1.9001784199008185E7
1510;3523;1;1.9001784199008185E7
1511;3523;0;1.9001784199008185E7
1512;3527;4;1.9001784199008185E7
1513;3530;3;1.9001784199008185E7
1514;3533;3;1.9001784199008185E7
1515;3534;1;1.9001784199008185E7
1516;3536;2;1.9001784199008185E7
1517;3539;3;1.9001784199008185E7
1518;3541;2;1.9001784199008185E7
1519;3542;1;1.9001784199008185E7
1520;3542;0;1.9001784199008185E7
1521;3544;2;1.9001784199008185E7
1522;3547;3;1.9001784199008185E7
1523;3548;1;1.9001784199008185E7
1524;3551;3;1.9001784199008185E7
1525;3553;2;1.9001784199008185E7
1526;3555;2;1.9001784199008185E7
1527;3557;2;1.9001784199008185E7
1528;3559;2;1.9001784199008185E7
1529;3560;1;1.9001784199008185E7
1530;3564;4;1.9001784199008185E7
1531;3566;2;1.9001784199008185E7
1532;3569;3;1.9001784199008185E7
1533;3572;3;1.9001784199008185E7
1534;3574;2;1.9001784199008185E7
1535;3579;5;1.9001773103408024E7
1536;3582;3;1.9001773103408024E7
1537;3586;4;1.9001773103408024E7
1538;3587;1;1.9001773103408024E7
1539;3590;3;1.9001773103408024E7
1540;3591;1;1.9001773103408024E7
1541;3592;1;1.9001773103408024E7
1542;3594;2;1.9001773103408024E7
1543;3596;2;1.9001773103408024E7
1544;3599;3;1.9001773103408024E7
1545;3601;2;1.9001773103408024E7
1546;3603;2;1.9001747339581534E7
1547;3605;2;1.9001747339581534E7
1548;3608;3;1.9001747339581534E7
1549;3610;2;1.9001747339581534E7
1550;3613;3;1.9001747339581534E7
1551;3614;1;1.9001739968262386E7
1552;3616;2;1.9001739968262386E7
1553;3618;2;1.9001739968262386E7
1554;3621;3;1.9001739968262386E7
1555;3624;3;1.9001739968262386E7
1556;3624;0;1.9001739968262386E7
1557;3626;2;1.9001739968262386E7
1558;3628;2;1.9001739968262386E7
1559;3630;2;1.9001739968262386E7
1560;3632;2;1.9001739968262386E7
1561;3632;0;1.9001739968262386E7
1562;3634;2;1.9001739968262386E7
1563;3636;2;1.9001739968262386E7
1564;3639;3;1.9001739968262386E7
1565;3641;2;1.9001739968262386E7
1566;3643;2;1.9001739968262386E7
1567;3644;1;1.9001739968262386E7
1568;3645;1;1.9001739968262386E7
1569;3648;3;1.9001739968262386E7
1570;3650;2;1.9001739968262386E7
1571;3651;1;1.9001739968262386E7
1572;3654;3;1.9001739968262386E7
1573;3657;3;1.9001739968262386E7
1574;3659;2;1.9001739968262386E7
1575;3660;1;1.9001739968262386E7
1576;3662;2;1.9001739968262386E7
1577;3664;2;1.9001739968262386E7
1578;3664;0;1.9001739968262386E7
1579;3667;3;1.9001739968262386E7
1580;3668;1;1.9001739968262386E7
1581;3669;1;1.9001739968262386E7
1582;3672;3;1.9001739968262386E7
1583;3673;1;1.9001739968262386E7
1584;3673;0;1.9001739968262386E7
1585;3675;2;1.9001739968262386E7
1586;3676;1;1.9001739968262386E7
1587;3676;0;1.9001739968262386E7
1588;3679;3;1.9001739968262386E7
1589;3681;2;1.9001739968262386E7
1590;3683;2;1.9001739968262386E7
1591;3684;1;1.9001739968262386E7
1592;3685;1;1.9001739968262386E7
1593;3688;3;1.9001739968262386E7
1594;3689;1;1.9001739968262386E7
1595;3691;2;1.9001739968262386E7
1596;3692;1;1.9001739968262386E7
1597;3695;3;1.9001739968262386E7
1598;3696;1;1.9001739968262386E7
1599;3698;2;1.9001739968262386E7
1600;3701;3;1.9001739968262386E7
1601;3702;1;1.9001739968262386E7
1602;3705;3;1.9001739968262386E7
1603;3709;4;1.9001739968262386E7
1604;3712;3;1.9001739968262386E7
1605;3714;2;1.9001739968262386E7
1606;3715;1;1.9001739968262386E7
1607;3717;2;1.9001739968262386E7
1608;3720;3;1.9001739968262386E7
1609;3721;1;1.9001739968262386E7
1610;3723;2;1.9001739968262386E7
1611;3725;2;1.9001739968262386E7
1612;3727;2;1.9001739968262386E7
1613;3730;3;1.9001739968262386E7
1614;3730;0;1.9001739968262386E7
1615;3732;2;1.9001739968262386E7
1616;3734;2;1.9001739968262386E7
1617;3736;2;1.9001739968262386E7
1618;3737;1;1.9001739968262386E7
1619;3740;3;1.9001739968262386E7
1620;3744;4;1.9001739968262386E7
1621;3746;2;1.9001739968262386E7
1622;3749;3;1.9001739968262386E7
1623;3752;3;1.9001739968262386E7
1624;3753;1;1.9001739968262386E7
1625;3755;2;1.9001739968262386E7
1626;3757;2;1.9001739968262386E7
1627;3758;1;1.9001739968262386E7
1628;3761;3;1.9001739968262386E7
1629;3762;1;1.9001739968262386E7
1630;3763;1;1.9001739968262386E7
1631;3766;3;1.9001739968262386E7
1632;3767;1;1.9001739968262386E7
1633;3769;2;1.9001739968262386E7
1634;3772;3;1.9001739968262386E7
1635;3772;0;1.9001739968262386E7
1636;3775;3;1.9001739968262386E7
1637;3778;3;1.9001739968262386E7
1638;3779;1;1.9001739968262386E7
1639;3780;1;1.9001739968262386E7
1640;3784;4;1.9001739968262386E7
1641;3785;1;1.9001739968262386E7
1642;3788;3;1.9001739968262386E7
1643;3788;0;1.9001739968262386E7
1644;3789;1;1.9001739968262386E7
1645;3789;0;1.9001739968262386E7
1646;3792;3;1.9001739968262386E7
1647;3794;2;1.9001739968262386E7
1648;3796;2;1.9001739968262386E7
1649;3799;3;1.9001739968262386E7
1650;3799;0;1.9001739968262386E7
1651;3800;1;1.9001739968262386E7
1652;3803;3;1.9001739968262386E7
1653;3806;3;1.9001739968262386E7
1654;3807;1;1.9001739968262386E7
1655;3808;1;1.9001739968262386E7
1656;3810;2;1.9001739968262386E7
1657;3811;1;1.9001739968262386E7
1658;3813;2;1.9001739968262386E7
1659;3815;2;1.9001739968262386E7
1660;3818;3;1.9001739968262386E7
1661;3820;2;1.9001739968262386E7
1662;3821;1;1.9001739968262386E7
1663;3821;0;1.9001739968262386E7
1664;3823;2;1.9001739968262386E7
1665;3825;2;1.9001739968262386E7
1666;3826;1;1.9001739968262386E7
1667;3828;2;1.9001739968262386E7
1668;3829;1;1.9001739968262386E7
1669;3830;1;1.9001739968262386E7
1670;3834;4;1.9001739968262386E7
1671;3836;2;1.9001739968262386E7
1672;3837;1;1.9001739968262386E7
1673;3839;2;1.9001739968262386E7
1674;3841;2;1.9001739968262386E7
1675;3842;1;1.9001739968262386E7
1676;3844;2;1.9001739968262386E7
1677;3847;3;1.9001739968262386E7
1678;3848;1;1.9001739968262386E7
1679;3851;3;1.9001739968262386E7
1680;3853;2;1.9001739968262386E7
1681;3857;4;1.9001739968262386E7
1682;3857;0;1.9001739968262386E7
1683;3859;2;1.9001739968262386E7
1684;3861;2;1.9001739968262386E7
1685;3864;3;1.9001739968262386E7
1686;3866;2;1.9001739968262386E7
1687;3868;2;1.9001739968262386E7
1688;3868;0;1.9001739968262386E7
1689;3871;3;1.9001739968262386E7
1690;3872;1;1.9001739968262386E7
1691;3873;1;1.9001739968262386E7
1692;3875;2;1.9001739968262386E7
1693;3876;1;1.9001739968262386E7
1694;3876;0;1.9001739968262386E7
1695;3878;2;1.9001739968262386E7
1696;3879;1;1.9001739968262386E7
1697;3883;4;1.9001739968262386E7
1698;3885;2;1.9001739968262386E7
1699;3887;2;1.9001739968262386E7
1700;3888;1;1.9001739968262386E7
1701;3891;3;1.9001739968262386E7
1702;3893;2;1.9001739968262386E7
1703;3894;1;1.9001739968262386E7
1704;3896;2;1.9001739968262386E7
1705;3897;1;1.9001739968262386E7
1706;3899;2;1.9001739968262386E7
1707;3901;2;1.9001739968262386E7
1708;3902;1;1.9001739968262386E7
1709;3904;2;1.9001739968262386E7
1710;3906;2;1.9001739968262386E7
1711;3909;3;1.9001739968262386E7
1712;3911;2;1.9001739968262386E7
1713;3912;1;1.9001739968262386E7
1714;3914;2;1.9001739968262386E7
1715;3916;2;1.9001739968262386E7
1716;3918;2;1.9001739968262386E7
1717;3920;2;1.9001739968262386E7
1718;3922;2;1.9001739968262386E7
1719;3923;1;1.9001739968262386E7
1720;3925;2;1.9001739968262386E7
1721;3928;3;1.9001739968262386E7
1722;3930;2;1.9001739968262386E7
1723;3931;1;1.9001739968262386E7
1724;3932;1;1.9001739968262386E7
1725;3933;1;1.9001739968262386E7
1726;3934;1;1.9001739968262386E7
1727;3935;1;1.9001739968262386E7
1728;3938;3;1.9001739968262386E7
1729;3939;1;1.9001739968262386E7
1730;3941;2;1.9001739968262386E7
1731;3944;3;1.9001739968262386E7
1732;3945;1;1.9001739968262386E7
1733;3945;0;1.9001739968262386E7
1734;3947;2;1.9001739968262386E7
1735;3949;2;1.9001739968262386E7
1736;3951;2;1.9001739968262386E7
1737;3953;2;1.9001739968262386E7
1738;3957;4;1.9001739968262386E7
1739;3958;1;1.9001739968262386E7
1740;3960;2;1.9001739968262386E7
1741;3962;2;1.9001739968262386E7
1742;3965;3;1.9001739968262386E7
1743;3967;2;1.9001739968262386E7
1744;3968;1;1.9001739968262386E7
1745;3968;0;1.9001739968262386E7
1746;3970;2;1.9001739968262386E7
1747;3972;2;1.9001739968262386E7
1748;3973;1;1.9001739968262386E7
1749;3975;2;1.9001739968262386E7
1750;3975;0;1.9001739968262386E7
1751;3978;3;1.9001739968262386E7
1752;3978;0;1.9001739968262386E7
1753;3981;3;1.9001739968262386E7
1754;3983;2;1.9001739968262386E7
1755;3986;3;1.9001739968262386E7
1756;3987;1;1.9001739968262386E7
1757;3989;2;1.9001739968262386E7
1758;3991;2;1.9001739968262386E7
1759;3993;2;1.9001739968262386E7
1760;3995;2;1.9001739968262386E7
1761;3998;3;1.9001739968262386E7
1762;3999;1;1.9001739968262386E7
1763;4002;3;1.9001739968262386E7
1764;4003;1;1.9001739968262386E7
1765;4005;2;1.9001739968262386E7
1766;4006;1;1.9001739968262386E7
1767;4006;0;1.9001739968262386E7
1768;4009;3;1.9001739968262386E7
1769;4009;0;1.9001739968262386E7
1770;4011;2;1.9001739968262386E7
1771;4014;3;1.9001739968262386E7
1772;4015;1;1.9001739968262386E7
1773;4016;1;1.9001739968262386E7
1774;4018;2;1.9001739968262386E7
1775;4020;2;1.9001739968262386E7
1776;4022;2;1.9001739968262386E7
1777;4024;2;1.9001739968262386E7
1778;4026;2;1.9001739968262386E7
1779;4026;0;1.9001739968262386E7
1780;4028;2;1.9001739968262386E7
1781;4029;1;1.9001739968262386E7
1782;4030;1;1.9001739968262386E7
1783;4032;2;1.9001739968262386E7
1784;4033;1;1.9001739968262386E7
1785;4036;3;1.9001739968262386E7
1786;4037;1;1.9001739968262386E7
1787;4040;3;1.9001739968262386E7
1788;4042;2;1.9001739968262386E7
1789;4044;2;1.9001739968262386E7
1790;4047;3;1.9001739968262386E7
1791;4047;0;1.9001739968262386E7
1792;4049;2;1.9001739968262386E7
1793;4051;2;1.9001739968262386E7
1794;4052;1;1.9001739968262386E7
1795;4053;1;1.9001739968262386E7
1796;4055;2;1.9001739968262386E7
1797;4057;2;1.9001739968262386E7
1798;4059;2;1.9001739968262386E7
1799;4060;1;1.9001739968262386E7
1800;4062;2;1.9001739968262386E7
1801;4062;0;1.9001739968262386E7
1802;4064;2;1.9001739968262386E7
1803;4066;2;1.9001739968262386E7
1804;4071;5;1.9001739968262386E7
1805;4074;3;1.9001739968262386E7
1806;4074;0;1.9001739968262386E7
1807;4076;2;1.9001739968262386E7
1808;4079;3;1.9001739968262386E7
1809;4081;2;1.9001739968262386E7
1810;4084;3;1.9001739968262386E7
1811;4087;3;1.9001739968262386E7
1812;4089;2;1.9001739968262386E7
1813;4090;1;1.9001739968262386E7
1814;4091;1;1.9001739968262386E7
1815;4094;3;1.9001739968262386E7
1816;4095;1;1.9001739968262386E7
1817;4097;2;1.9001739968262386E7
1818;4098;1;1.9001739968262386E7
1819;4100;2;1.9001739968262386E7
1820;4102;2;1.9001739968262386E7
1821;4105;3;1.9001739968262386E7
1822;4108;3;1.9001739968262386E7
1823;4110;2;1.9001739968262386E7
1824;4112;2;1.9001739968262386E7
1825;4114;2;1.9001739968262386E7
1826;4116;2;1.9001739968262386E7
1827;4118;2;1.9001739968262386E7
1828;4119;1;1.9001739968262386E7
1829;4120;1;1.9001739968262386E7
1830;4122;2;1.9001739968262386E7
1831;4124;2;1.9001739968262386E7
1832;4126;2;1.9001739968262386E7
1833;4127;1;1.9001739968262386E7
1834;4130;3;1.9001739968262386E7
1835;4131;1;1.9001739968262386E7
1836;4132;1;1.9001739968262386E7
1837;4134;2;1.9001739968262386E7
1838;4136;2;1.9001739968262386E7
1839;4138;2;1.9001739968262386E7
1840;4139;1;1.9001739968262386E7
1841;4139;0;1.9001739968262386E7
1842;4140;1;1.9001739968262386E7
1843;4142;2;1.9001739968262386E7
1844;4143;1;1.9001739968262386E7
1845;4145;2;1.9001739968262386E7
1846;4147;2;1.9001739968262386E7
1847;4149;2;1.9001739968262386E7
1848;4151;2;1.9001739968262386E7
1849;4153;2;1.9001739968262386E7
1850;4156;3;1.9001739968262386E7
1851;4158;2;1.9001739968262386E7
1852;4160;2;1.9001739968262386E7
1853;4163;3;1.9001739968262386E7
1854;4165;2;1.9001739968262386E7
1855;4169;4;1.9001739968262386E7
1856;4172;3;1.9001739968262386E7
1857;4174;2;1.9001739968262386E7
1858;4176;2;1.9001739968262386E7
1859;4178;2;1.9001739968262386E7
1860;4180;2;1.9001739968262386E7
1861;4183;3;1.9001739968262386E7
1862;4186;3;1.9001739968262386E7
1863;4187;1;1.9001739968262386E7
1864;4190;3;1.9001739968262386E7
1865;4192;2;1.9001739968262386E7
1866;4194;2;1.9001739968262386E7
1867;4197;3;1.9001739968262386E7
1868;4199;2;1.9001739968262386E7
1869;4201;2;1.9001739968262386E7
1870;4202;1;1.9001739968262386E7
1871;4204;2;1.9001739968262386E7
1872;4204;0;1.9001739968262386E7
1873;4206;2;1.9001739968262386E7
1874;4210;4;1.9001739968262386E7
1875;4211;1;1.9001739968262386E7
1876;4214;3;1.9001739968262386E7
1877;4215;1;1.9001739968262386E7
1878;4218;3;1.9001739968262386E7
1879;4219;1;1.9001739968262386E7
1880;4221;2;1.9001739968262386E7
1881;4223;2;1.9001739968262386E7
1882;4226;3;1.9001739968262386E7
1883;4228;2;1.9001739968262386E7
1884;4229;1;1.9001739968262386E7
1885;4231;2;1.9001739968262386E7
1886;4233;2;1.9001739968262386E7
1887;4234;1;1.9001739968262386E7
1888;4237;3;1.9001739968262386E7
1889;4238;1;1.9001739968262386E7
1890;4239;1;1.9001739968262386E7
1891;4240;1;1.9001739968262386E7
1892;4243;3;1.9001739968262386E7
1893;4246;3;1.9001739968262386E7
1894;4248;2;1.9001739968262386E7
1895;4250;2;1.9001739968262386E7
1896;4251;1;1.9001739968262386E7
1897;4253;2;1.9001739968262386E7
1898;4256;3;1.9001739968262386E7
1899;4257;1;1.9001739968262386E7
1900;4259;2;1.9001739968262386E7
1901;4261;2;1.9001739968262386E7
1902;4264;3;1.9001739968262386E7
1903;4266;2;1.9001739968262386E7
1904;4267;1;1.9001739968262386E7
1905;4268;1;1.9001739968262386E7
1906;4269;1;1.9001739968262386E7
1907;4271;2;1.9001739968262386E7
1908;4273;2;1.9001739968262386E7
1909;4275;2;1.9001739968262386E7
1910;4277;2;1.9001739968262386E7
1911;4279;2;1.9001739968262386E7
1912;4280;1;1.9001739968262386E7
1913;4281;1;1.9001739968262386E7
1914;4284;3;1.9001739968262386E7
1915;4287;3;1.9001739968262386E7
1916;4290;3;1.9001739968262386E7
1917;4292;2;1.9001739968262386E7
1918;4295;3;1.9001739968262386E7
1919;4297;2;1.9001739968262386E7
1920;4300;3;1.9001739968262386E7
1921;4300;0;1.9001739968262386E7
1922;4302;2;1.9001739968262386E7
1923;4304;2;1.9001739968262386E7
1924;4306;2;1.9001739968262386E7
1925;4308;2;1.9001739968262386E7
1926;4308;0;1.9001739968262386E7
1927;4310;2;1.9001739968262386E7
1928;4312;2;1.9001739968262386E7
1929;4314;2;1.9001739968262386E7
1930;4316;2;1.9001739968262386E7
1931;4317;1;1.9001739968262386E7
1932;4319;2;1.9001739968262386E7
1933;4321;2;1.9001739968262386E7
1934;4322;1;1.9001739968262386E7
1935;4323;1;1.9001739968262386E7
1936;4325;2;1.9001739968262386E7
1937;4327;2;1.9001739968262386E7
1938;4330;3;1.9001739968262386E7
1939;4330;0;1.9001739968262386E7
1940;4331;1;1.9001739968262386E7
1941;4333;2;1.9001739968262386E7
1942;4337;4;1.9001739968262386E7
1943;4339;2;1.9001739968262386E7
1944;4341;2;1.9001739968262386E7
1945;4343;2;1.9001739968262386E7
1946;4345;2;1.9001739968262386E7
1947;4347;2;1.9001739968262386E7
1948;4349;2;1.9001739968262386E7
1949;4350;1;1.9001739968262386E7
1950;4351;1;1.9001739968262386E7
1951;4353;2;1.9001739968262386E7
1952;4355;2;1.9001739968262386E7
1953;4357;2;1.9001739968262386E7
1954;4359;2;1.9001739968262386E7
1955;4361;2;1.9001739968262386E7
1956;4363;2;1.9001739968262386E7
1957;4365;2;1.9001739968262386E7
1958;4366;1;1.9001739968262386E7
1959;4369;3;1.9001739968262386E7
1960;4370;1;1.9001739968262386E7
1961;4373;3;1.9001739968262386E7
1962;4374;1;1.9001739968262386E7
1963;4376;2;1.9001739968262386E7
1964;4377;1;1.9001739968262386E7
1965;4379;2;1.9001739968262386E7
1966;4380;1;1.9001739968262386E7
1967;4384;4;1.9001739968262386E7
1968;4385;1;1.9001739968262386E7
1969;4386;1;1.9001739968262386E7
1970;4388;2;1.9001739968262386E7
1971;4390;2;1.9001739968262386E7
1972;4393;3;1.9001739968262386E7
1973;4396;3;1.9001739968262386E7
1974;4398;2;1.9001739968262386E7
1975;4400;2;1.9001739968262386E7
1976;4401;1;1.9001739968262386E7
1977;4403;2;1.9001739968262386E7
1978;4406;3;1.9001739968262386E7
1979;4409;3;1.9001739968262386E7
1980;4411;2;1.9001739968262386E7
1981;4413;2;1.9001739968262386E7
1982;4415;2;1.9001739968262386E7
1983;4418;3;1.9001739968262386E7
1984;4420;2;1.9001739968262386E7
1985;4422;2;1.9001739968262386E7
1986;4424;2;1.9001739968262386E7
1987;4425;1;1.9001739968262386E7
1988;4427;2;1.9001739968262386E7
1989;4429;2;1.9001739968262386E7
1990;4432;3;1.9001739968262386E7
1991;4434;2;1.9001739968262386E7
1992;4435;1;1.9001739968262386E7
1993;4438;3;1.9001739968262386E7
1994;4441;3;1.9001739968262386E7
1995;4443;2;1.9001739968262386E7
1996;4445;2;1.9001739968262386E7
1997;4448;3;1.9001739968262386E7
1998;4450;2;1.9001739968262386E7
1999;4452;2;1.9001739968262386E7
2000;4454;2;1.9001739968262386E7
2001;4457;3;1.9001739968262386E7
2002;4457;0;1.9001739968262386E7
2003;4459;2;1.9001739968262386E7
2004;4461;2;1.9001739968262386E7
2005;4464;3;1.9001739968262386E7
2006;4466;2;1.9001739968262386E7
2007;4467;1;1.9001739968262386E7
2008;4469;2;1.9001739968262386E7
2009;4471;2;1.9001739968262386E7
2010;4471;0;1.9001739968262386E7
2011;4473;2;1.9001739968262386E7
2012;4474;1;1.9001739968262386E7
2013;4476;2;1.9001739968262386E7
2014;4478;2;1.9001739968262386E7
2015;4480;2;1.9001739968262386E7
2016;4482;2;1.9001739968262386E7
2017;4486;4;1.9001739968262386E7
2018;4488;2;1.9001739968262386E7
2019;4490;2;1.9001737141648676E7
2020;4492;2;1.900173190711212E7
2021;4495;3;1.9001715036760855E7
2022;4497;2;1.9001715036760855E7
2023;4498;1;1.9001715036760855E7
2024;4500;2;1.9001715036760855E7
2025;4501;1;1.9001715036760855E7
2026;4502;1;1.9001715036760855E7
2027;4505;3;1.9001715036760855E7
2028;4506;1;1.9001715036760855E7
2029;4508;2;1.9001715036760855E7
2030;4509;1;1.9001715036760855E7
2031;4511;2;1.9001715036760855E7
2032;4512;1;1.9001715036760855E7
2033;4515;3;1.9001715036760855E7
2034;4517;2;1.9001715036760855E7
2035;4519;2;1.9001715036760855E7
2036;4520;1;1.9001715036760855E7
2037;4522;2;1.9001715036760855E7
2038;4524;2;1.9001715036760855E7
2039;4526;2;1.9001715036760855E7
2040;4528;2;1.9001715036760855E7
2041;4530;2;1.9001715036760855E7
2042;4532;2;1.9001715036760855E7
2043;4534;2;1.9001715036760855E7
2044;4536;2;1.9001715036760855E7
2045;4541;5;1.9001715036760855E7
2046;4543;2;1.9001715036760855E7
2047;4543;0;1.9001715036760855E7
2048;4545;2;1.9001715036760855E7
2049;4546;1;1.9001715036760855E7
2050;4548;2;1.9001715036760855E7
2051;4549;1;1.9001715036760855E7
2052;4551;2;1.9001715036760855E7
2053;4551;0;1.9001715036760855E7
2054;4553;2;1.9001715036760855E7
2055;4556;3;1.9001715036760855E7
2056;4557;1;1.9001715036760855E7
2057;4560;3;1.9001715036760855E7
2058;4562;2;1.9001715036760855E7
2059;4564;2;1.9001715036760855E7
2060;4566;2;1.9001715036760855E7
2061;4568;2;1.9001715036760855E7
2062;4570;2;1.9001715036760855E7
2063;4572;2;1.9001715036760855E7
2064;4573;1;1.9001715036760855E7
2065;4574;1;1.9001715036760855E7
2066;4575;1;1.9001715036760855E7
2067;4577;2;1.9001715036760855E7
2068;4578;1;1.9001715036760855E7
2069;4580;2;1.9001715036760855E7
2070;4581;1;1.9001715036760855E7
2071;4583;2;1.9001715036760855E7
2072;4585;2;1.9001715036760855E7
2073;4586;1;1.9001715036760855E7
2074;4588;2;1.9001715036760855E7
2075;4589;1;1.9001715036760855E7
2076;4591;2;1.9001715036760855E7
2077;4593;2;1.9001715036760855E7
2078;4596;3;1.9001715036760855E7
2079;4598;2;1.9001715036760855E7
2080;4600;2;1.9001715036760855E7
2081;4602;2;1.9001715036760855E7
2082;4604;2;1.9001715036760855E7
2083;4606;2;1.9001715036760855E7
2084;4608;2;1.9001715036760855E7
2085;4610;2;1.9001715036760855E7
2086;4613;3;1.9001715036760855E7
2087;4615;2;1.9001715036760855E7
2088;4617;2;1.9001715036760855E7
2089;4618;1;1.9001715036760855E7
2090;4620;2;1.9001715036760855E7
2091;4622;2;1.9001715036760855E7
2092;4622;0;1.9001715036760855E7
2093;4625;3;1.9001715036760855E7
2094;4627;2;1.9001715036760855E7
2095;4630;3;1.9001715036760855E7
2096;4631;1;1.9001715036760855E7
2097;4633;2;1.9001715036760855E7
2098;4634;1;1.9001715036760855E7
2099;4636;2;1.9001715036760855E7
2100;4638;2;1.9001715036760855E7
2101;4639;1;1.9001715036760855E7
2102;4639;0;1.9001715036760855E7
2103;4642;3;1.9001715036760855E7
2104;4643;1;1.9001715036760855E7
2105;4644;1;1.9001715036760855E7
2106;4646;2;1.9001715036760855E7
2107;4648;2;1.9001715036760855E7
2108;4650;2;1.9001715036760855E7
2109;4652;2;1.9001715036760855E7
2110;4654;2;1.9001715036760855E7
2111;4656;2;1.9001715036760855E7
2112;4658;2;1.9001715036760855E7
2113;4661;3;1.9001715036760855E7
2114;4663;2;1.9001715036760855E7
2115;4664;1;1.9001715036760855E7
2116;4666;2;1.9001715036760855E7
2117;4667;1;1.9001715036760855E7
2118;4668;1;1.9001715036760855E7
2119;4670;2;1.9001715036760855E7
2120;4672;2;1.9001715036760855E7
2121;4674;2;1.9001715036760855E7
2122;4675;1;1.9001715036760855E7
2123;4675;0;1.9001715036760855E7
2124;4677;2;1.9001715036760855E7
2125;4678;1;1.9001715036760855E7
2126;4680;2;1.9001715036760855E7
2127;4683;3;1.9001715036760855E7
2128;4686;3;1.9001715036760855E7
2129;4687;1;1.9001715036760855E7
2130;4689;2;1.9001715036760855E7
2131;4691;2;1.9001715036760855E7
2132;4697;6;1.9001715036760855E7
2133;4699;2;1.9001715036760855E7
2134;4702;3;1.9001715036760855E7
2135;4703;1;1.9001715036760855E7
2136;4705;2;1.9001715036760855E7
2137;4706;1;1.9001715036760855E7
2138;4707;1;1.9001715036760855E7
2139;4708;1;1.9001715036760855E7
2140;4709;1;1.9001715036760855E7
2141;4711;2;1.9001715036760855E7
2142;4713;2;1.9001715036760855E7
2143;4715;2;1.9001715036760855E7
2144;4716;1;1.9001715036760855E7
2145;4716;0;1.9001715036760855E7
2146;4719;3;1.9001715036760855E7
2147;4721;2;1.9001715036760855E7
2148;4722;1;1.9001715036760855E7
2149;4722;0;1.9001715036760855E7
2150;4725;3;1.9001715036760855E7
2151;4726;1;1.9001715036760855E7
2152;4728;2;1.9001715036760855E7
2153;4730;2;1.9001715036760855E7
2154;4730;0;1.9001715036760855E7
2155;4733;3;1.9001715036760855E7
2156;4735;2;1.9001715036760855E7
2157;4737;2;1.9001715036760855E7
2158;4741;4;1.9001715036760855E7
2159;4742;1;1.9001715036760855E7
2160;4744;2;1.9001715036760855E7
2161;4746;2;1.9001715036760855E7
2162;4747;1;1.9001715036760855E7
2163;4748;1;1.9001715036760855E7
2164;4749;1;1.9001715036760855E7
2165;4752;3;1.9001715036760855E7
2166;4753;1;1.9001715036760855E7
2167;4755;2;1.9001715036760855E7
2168;4756;1;1.9001715036760855E7
2169;4756;0;1.9001715036760855E7
2170;4758;2;1.9001715036760855E7
2171;4759;1;1.9001715036760855E7
2172;4759;0;1.9001715036760855E7
2173;4761;2;1.9001715036760855E7
2174;4763;2;1.9001715036760855E7
2175;4766;3;1.9001715036760855E7
2176;4768;2;1.9001715036760855E7
2177;4769;1;1.9001715036760855E7
2178;4770;1;1.9001715036760855E7
2179;4770;0;1.9001715036760855E7
2180;4772;2;1.9001715036760855E7
2181;4775;3;1.9001715036760855E7
2182;4778;3;1.9001715036760855E7
2183;4778;0;1.9001715036760855E7
2184;4781;3;1.9001715036760855E7
2185;4784;3;1.9001715036760855E7
2186;4787;3;1.9001715036760855E7
2187;4788;1;1.9001715036760855E7
2188;4789;1;1.9001715036760855E7
2189;4791;2;1.9001715036760855E7
2190;4793;2;1.9001715036760855E7
2191;4794;1;1.9001715036760855E7
2192;4794;0;1.9001715036760855E7
2193;4796;2;1.9001715036760855E7
2194;4797;1;1.9001715036760855E7
2195;4799;2;1.9001715036760855E7
2196;4800;1;1.9001715036760855E7
2197;4800;0;1.9001715036760855E7
2198;4802;2;1.9001715036760855E7
2199;4804;2;1.9001715036760855E7
2200;4807;3;1.9001715036760855E7
2201;4809;2;1.9001715036760855E7
2202;4810;1;1.9001715036760855E7
2203;4812;2;1.9001715036760855E7
2204;4812;0;1.9001715036760855E7
2205;4814;2;1.9001715036760855E7
2206;4816;2;1.9001715036760855E7
2207;4818;2;1.9001715036760855E7
2208;4820;2;1.9001715036760855E7
2209;4821;1;1.9001715036760855E7
2210;4822;1;1.9001715036760855E7
2211;4825;3;1.9001715036760855E7
2212;4827;2;1.9001715036760855E7
2213;4828;1;1.9001715036760855E7
2214;4830;2;1.9001715036760855E7
2215;4831;1;1.9001715036760855E7
2216;4834;3;1.9001715036760855E7
2217;4836;2;1.9001715036760855E7
2218;4837;1;1.9001715036760855E7
2219;4841;4;1.9001715036760855E7
2220;4843;2;1.9001715036760855E7
2221;4846;3;1.9001715036760855E7
2222;4846;0;1.9001715036760855E7
2223;4848;2;1.9001715036760855E7
2224;4850;2;1.9001715036760855E7
2225;4853;3;1.9001715036760855E7
2226;4855;2;1.9001715036760855E7
2227;4856;1;1.9001715036760855E7
2228;4858;2;1.9001715036760855E7
2229;4860;2;1.9001715036760855E7
2230;4862;2;1.9001715036760855E7
2231;4864;2;1.9001715036760855E7
2232;4864;0;1.9001715036760855E7
2233;4865;1;1.9001715036760855E7
2234;4869;4;1.9001715036760855E7
2235;4871;2;1.9001715036760855E7
2236;4872;1;1.9001715036760855E7
2237;4873;1;1.9001715036760855E7
2238;4875;2;1.9001715036760855E7
2239;4877;2;1.9001715036760855E7
2240;4879;2;1.9001715036760855E7
2241;4882;3;1.9001715036760855E7
2242;4884;2;1.9001715036760855E7
2243;4885;1;1.9001715036760855E7
2244;4887;2;1.9001715036760855E7
2245;4889;2;1.9001715036760855E7
2246;4890;1;1.9001715036760855E7
2247;4892;2;1.9001715036760855E7
2248;4894;2;1.9001715036760855E7
2249;4896;2;1.9001715036760855E7
2250;4897;1;1.9001715036760855E7
2251;4898;1;1.9001715036760855E7
2252;4900;2;1.9001715036760855E7
2253;4902;2;1.9001715036760855E7
2254;4903;1;1.9001715036760855E7
2255;4905;2;1.9001715036760855E7
2256;4906;1;1.9001715036760855E7
2257;4908;2;1.9001715036760855E7
2258;4909;1;1.9001715036760855E7
2259;4912;3;1.9001715036760855E7
2260;4914;2;1.9001715036760855E7
2261;4917;3;1.9001715036760855E7
2262;4918;1;1.9001715036760855E7
2263;4920;2;1.9001715036760855E7
2264;4922;2;1.9001715036760855E7
2265;4924;2;1.9001715036760855E7
2266;4926;2;1.9001715036760855E7
2267;4927;1;1.9001715036760855E7
2268;4929;2;1.9001715036760855E7
2269;4931;2;1.9001715036760855E7
2270;4932;1;1.9001715036760855E7
2271;4934;2;1.9001715036760855E7
2272;4937;3;1.9001715036760855E7
2273;4940;3;1.9001715036760855E7
2274;4940;0;1.9001715036760855E7
2275;4942;2;1.9001715036760855E7
2276;4945;3;1.9001715036760855E7
2277;4947;2;1.9001715036760855E7
2278;4947;0;1.9001715036760855E7
2279;4949;2;1.9001715036760855E7
2280;4950;1;1.9001715036760855E7
2281;4952;2;1.9001715036760855E7
2282;4955;3;1.9001715036760855E7
2283;4958;3;1.9001715036760855E7
2284;4959;1;1.9001715036760855E7
2285;4962;3;1.9001715036760855E7
2286;4963;1;1.9001715036760855E7
2287;4966;3;1.9001715036760855E7
2288;4968;2;1.9001715036760855E7
2289;4971;3;1.9001715036760855E7
2290;4972;1;1.9001715036760855E7
2291;4973;1;1.9001715036760855E7
2292;4975;2;1.9001715036760855E7
2293;4978;3;1.9001715036760855E7
2294;4979;1;1.9001715036760855E7
2295;4981;2;1.9001715036760855E7
2296;4983;2;1.9001715036760855E7
2297;4985;2;1.9001715036760855E7
2298;4986;1;1.9001715036760855E7
2299;4989;3;1.9001715036760855E7
2300;4992;3;1.9001715036760855E7
2301;4993;1;1.9001715036760855E7
2302;4994;1;1.9001715036760855E7
2303;4996;2;1.9001715036760855E7
2304;4998;2;1.9001715036760855E7
2305;5000;2;1.9001715036760855E7
2306;5001;1;1.9001715036760855E7
2307;5003;2;1.9001715036760855E7
2308;5005;2;1.9001715036760855E7
2309;5007;2;1.9001715036760855E7
2310;5008;1;1.9001715036760855E7
2311;5009;1;1.9001715036760855E7
2312;5011;2;1.9001715036760855E7
2313;5012;1;1.9001715036760855E7
2314;5013;1;1.9001715036760855E7
2315;5015;2;1.9001715036760855E7
2316;5017;2;1.9001715036760855E7
2317;5019;2;1.9001715036760855E7
2318;5020;1;1.9001715036760855E7
2319;5022;2;1.9001715036760855E7
2320;5025;3;1.9001715036760855E7
2321;5027;2;1.9001715036760855E7
2322;5030;3;1.9001715036760855E7
2323;5031;1;1.9001715036760855E7
2324;5035;4;1.9001715036760855E7
2325;5040;5;1.9001715036760855E7
2326;5043;3;1.9001715036760855E7
2327;5043;0;1.9001715036760855E7
2328;5045;2;1.9001715036760855E7
2329;5047;2;1.9001715036760855E7
2330;5050;3;1.9001715036760855E7
2331;5051;1;1.9001715036760855E7
2332;5053;2;1.9001715036760855E7
2333;5054;1;1.9001715036760855E7
2334;5056;2;1.9001715036760855E7
2335;5059;3;1.9001715036760855E7
2336;5061;2;1.9001715036760855E7
2337;5062;1;1.9001715036760855E7
2338;5065;3;1.9001715036760855E7
2339;5067;2;1.9001715036760855E7
2340;5070;3;1.9001715036760855E7
2341;5072;2;1.9001715036760855E7
2342;5073;1;1.9001715036760855E7
2343;5075;2;1.9001715036760855E7
2344;5077;2;1.9001715036760855E7
2345;5080;3;1.9001715036760855E7
2346;5081;1;1.9001715036760855E7
2347;5084;3;1.9001715036760855E7
2348;5086;2;1.9001715036760855E7
2349;5087;1;1.9001715036760855E7
2350;5087;0;1.9001715036760855E7
2351;5090;3;1.9001715036760855E7
2352;5092;2;1.9001715036760855E7
2353;5093;1;1.9001715036760855E7
2354;5095;2;1.9001715036760855E7
2355;5097;2;1.9001715036760855E7
2356;5101;4;1.9001715036760855E7
2357;5101;0;1.9001715036760855E7
2358;5103;2;1.9001715036760855E7
2359;5105;2;1.9001715036760855E7
2360;5107;2;1.9001715036760855E7
2361;5108;1;1.9001715036760855E7
2362;5109;1;1.9001715036760855E7
2363;5111;2;1.9001715036760855E7
2364;5115;4;1.9001715036760855E7
2365;5117;2;1.9001715036760855E7
2366;5118;1;1.9001715036760855E7
2367;5119;1;1.9001715036760855E7
2368;5121;2;1.9001715036760855E7
2369;5123;2;1.9001715036760855E7
2370;5123;0;1.9001715036760855E7
2371;5126;3;1.9001715036760855E7
2372;5129;3;1.9001715036760855E7
2373;5132;3;1.9001715036760855E7
2374;5135;3;1.9001715036760855E7
2375;5137;2;1.9001715036760855E7
2376;5138;1;1.9001715036760855E7
2377;5139;1;1.9001715036760855E7
2378;5141;2;1.9001715036760855E7
2379;5143;2;1.9001715036760855E7
2380;5145;2;1.9001715036760855E7
2381;5147;2;1.9001715036760855E7
2382;5149;2;1.9001715036760855E7
2383;5150;1;1.9001715036760855E7
2384;5151;1;1.9001715036760855E7
2385;5153;2;1.9001715036760855E7
2386;5155;2;1.9001715036760855E7
2387;5157;2;1.9001715036760855E7
2388;5159;2;1.9001715036760855E7
2389;5159;0;1.9001715036760855E7
2390;5162;3;1.9001715036760855E7
2391;5164;2;1.9001715036760855E7
2392;5165;1;1.9001715036760855E7
2393;5168;3;1.9001715036760855E7
2394;5170;2;1.9001715036760855E7
2395;5174;4;1.9001715036760855E7
2396;5176;2;1.9001715036760855E7
2397;5179;3;1.9001715036760855E7
2398;5181;2;1.9001715036760855E7
2399;5183;2;1.9001715036760855E7
2400;5184;1;1.9001715036760855E7
2401;5185;1;1.9001715036760855E7
2402;5186;1;1.9001715036760855E7
2403;5187;1;1.9001715036760855E7
2404;5189;2;1.9001715036760855E7
2405;5190;1;1.9001715036760855E7
2406;5191;1;1.9001715036760855E7
2407;5193;2;1.9001715036760855E7
2408;5194;1;1.9001715036760855E7
2409;5196;2;1.9001715036760855E7
2410;5198;2;1.9001715036760855E7
2411;5200;2;1.9001715036760855E7
2412;5202;2;1.9001715036760855E7
2413;5204;2;1.9001715036760855E7
2414;5205;1;1.9001715036760855E7
2415;5207;2;1.9001715036760855E7
2416;5207;0;1.9001715036760855E7
2417;5209;2;1.9001715036760855E7
2418;5211;2;1.9001715036760855E7
2419;5213;2;1.9001715036760855E7
2420;5216;3;1.9001715036760855E7
2421;5218;2;1.9001715036760855E7
2422;5220;2;1.9001715036760855E7
2423;5221;1;1.9001715036760855E7
2424;5223;2;1.9001715036760855E7
2425;5225;2;1.9001715036760855E7
2426;5226;1;1.9001715036760855E7
2427;5227;1;1.9001715036760855E7
2428;5229;2;1.9001715036760855E7
2429;5231;2;1.9001715036760855E7
2430;5233;2;1.9001715036760855E7
2431;5235;2;1.9001715036760855E7
2432;5237;2;1.9001715036760855E7
2433;5239;2;1.9001715036760855E7
2434;5241;2;1.9001715036760855E7
2435;5244;3;1.9001715036760855E7
2436;5245;1;1.9001715036760855E7
2437;5247;2;1.9001715036760855E7
2438;5249;2;1.9001715036760855E7
2439;5251;2;1.9001715036760855E7
2440;5253;2;1.9001715036760855E7
2441;5255;2;1.9001715036760855E7
2442;5256;1;1.9001715036760855E7
2443;5257;1;1.9001715036760855E7
2444;5257;0;1.9001715036760855E7
2445;5259;2;1.9001715036760855E7
2446;5262;3;1.9001715036760855E7
2447;5264;2;1.9001715036760855E7
2448;5265;1;1.9001715036760855E7
2449;5267;2;1.9001715036760855E7
2450;5269;2;1.9001715036760855E7
2451;5271;2;1.9001715036760855E7
2452;5273;2;1.9001715036760855E7
2453;5275;2;1.9001715036760855E7
2454;5276;1;1.9001715036760855E7
2455;5276;0;1.9001715036760855E7
2456;5279;3;1.9001715036760855E7
2457;5280;1;1.9001715036760855E7
2458;5283;3;1.9001715036760855E7
2459;5284;1;1.9001715036760855E7
2460;5286;2;1.9001715036760855E7
2461;5288;2;1.9001715036760855E7
2462;5291;3;1.9001715036760855E7
2463;5292;1;1.9001715036760855E7
2464;5293;1;1.9001715036760855E7
2465;5296;3;1.9001715036760855E7
2466;5298;2;1.9001715036760855E7
2467;5300;2;1.9001715036760855E7
2468;5303;3;1.9001715036760855E7
2469;5305;2;1.9001715036760855E7
2470;5308;3;1.9001715036760855E7
2471;5310;2;1.9001715036760855E7
2472;5312;2;1.9001715036760855E7
2473;5313;1;1.9001715036760855E7
2474;5315;2;1.9001715036760855E7
2475;5315;0;1.9001715036760855E7
2476;5317;2;1.9001715036760855E7
2477;5319;2;1.9001715036760855E7
2478;5319;0;1.9001715036760855E7
2479;5321;2;1.9001715036760855E7
2480;5323;2;1.9001715036760855E7
2481;5328;5;1.9001715036760855E7
2482;5329;1;1.9001715036760855E7
2483;5331;2;1.9001715036760855E7
2484;5332;1;1.9001715036760855E7
2485;5335;3;1.9001715036760855E7
2486;5335;0;1.9001715036760855E7
2487;5337;2;1.9001715036760855E7
2488;5338;1;1.9001715036760855E7
2489;5341;3;1.9001715036760855E7
2490;5342;1;1.9001715036760855E7
2491;5344;2;1.9001715036760855E7
2492;5345;1;1.9001715036760855E7
2493;5347;2;1.9001715036760855E7
2494;5348;1;1.9001715036760855E7
2495;5348;0;1.9001715036760855E7
2496;5350;2;1.9001715036760855E7
2497;5352;2;1.9001715036760855E7
2498;5354;2;1.9001715036760855E7
2499;5356;2;1.9001715036760855E7
2500;5356;0;1.9001715036760855E7
2501;5357;1;1.9001715036760855E7
2502;5359;2;1.9001715036760855E7
2503;5360;1;1.9001715036760855E7
2504;5361;1;1.9001715036760855E7
2505;5362;1;1.9001715036760855E7
2506;5363;1;1.9001715036760855E7
2507;5366;3;1.9001715036760855E7
2508;5369;3;1.9001715036760855E7
2509;5371;2;1.9001715036760855E7
2510;5373;2;1.9001715036760855E7
2511;5374;1;1.9001715036760855E7
2512;5377;3;1.9001715036760855E7
2513;5377;0;1.9001715036760855E7
2514;5379;2;1.9001715036760855E7
2515;5381;2;1.9001715036760855E7
2516;5384;3;1.9001715036760855E7
2517;5386;2;1.9001715036760855E7
2518;5388;2;1.9001715036760855E7
2519;5389;1;1.9001715036760855E7
2520;5392;3;1.9001715036760855E7
2521;5393;1;1.9001715036760855E7
2522;5395;2;1.9001715036760855E7
2523;5397;2;1.9001715036760855E7
2524;5399;2;1.9001715036760855E7
2525;5401;2;1.9001715036760855E7
2526;5403;2;1.9001715036760855E7
2527;5405;2;1.9001715036760855E7
2528;5406;1;1.9001715036760855E7
2529;5408;2;1.9001715036760855E7
2530;5408;0;1.9001715036760855E7
2531;5410;2;1.9001715036760855E7
2532;5412;2;1.9001715036760855E7
2533;5413;1;1.9001715036760855E7
2534;5414;1;1.9001715036760855E7
2535;5416;2;1.9001715036760855E7
2536;5417;1;1.9001715036760855E7
2537;5419;2;1.9001715036760855E7
2538;5420;1;1.9001715036760855E7
2539;5423;3;1.9001715036760855E7
2540;5424;1;1.9001715036760855E7
2541;5426;2;1.9001715036760855E7
2542;5428;2;1.9001715036760855E7
2543;5430;2;1.9001715036760855E7
2544;5431;1;1.9001715036760855E7
2545;5433;2;1.9001715036760855E7
2546;5433;0;1.9001715036760855E7
2547;5435;2;1.9001715036760855E7
2548;5437;2;1.9001715036760855E7
2549;5437;0;1.9001715036760855E7
2550;5440;3;1.9001715036760855E7
2551;5442;2;1.9001715036760855E7
2552;5443;1;1.9001715036760855E7
2553;5444;1;1.9001715036760855E7
2554;5447;3;1.9001715036760855E7
2555;5448;1;1.9001715036760855E7
2556;5448;0;1.9001715036760855E7
2557;5450;2;1.9001715036760855E7
2558;5453;3;1.9001715036760855E7
2559;5454;1;1.9001715036760855E7
2560;5455;1;1.9001715036760855E7
2561;5457;2;1.9001715036760855E7
2562;5459;2;1.9001715036760855E7
2563;5461;2;1.9001715036760855E7
2564;5461;0;1.9001715036760855E7
2565;5463;2;1.9001715036760855E7
2566;5465;2;1.9001715036760855E7
2567;5467;2;1.9001715036760855E7
2568;5469;2;1.9001715036760855E7
2569;5470;1;1.9001715036760855E7
2570;5472;2;1.9001715036760855E7
2571;5474;2;1.9001715036760855E7
2572;5476;2;1.9001715036760855E7
2573;5477;1;1.9001715036760855E7
2574;5478;1;1.9001715036760855E7
2575;5479;1;1.9001715036760855E7
2576;5480;1;1.9001715036760855E7
2577;5482;2;1.9001715036760855E7
2578;5484;2;1.9001715036760855E7
2579;5487;3;1.9001715036760855E7
2580;5488;1;1.9001715036760855E7
2581;5489;1;1.9001715036760855E7
2582;5491;2;1.9001715036760855E7
2583;5492;1;1.9001715036760855E7
2584;5494;2;1.9001715036760855E7
2585;5497;3;1.9001715036760855E7
2586;5498;1;1.9001715036760855E7
2587;5498;0;1.9001715036760855E7
2588;5499;1;1.9001715036760855E7
2589;5500;1;1.9001715036760855E7
2590;5502;2;1.9001715036760855E7
2591;5504;2;1.9001715036760855E7
2592;5505;1;1.9001715036760855E7
2593;5507;2;1.9001715036760855E7
2594;5508;1;1.9001715036760855E7
2595;5510;2;1.9001715036760855E7
2596;5511;1;1.9001715036760855E7
2597;5513;2;1.9001715036760855E7
2598;5515;2;1.9001715036760855E7
2599;5517;2;1.9001715036760855E7
2600;5518;1;1.9001715036760855E7
2601;5520;2;1.9001715036760855E7
2602;5521;1;1.9001715036760855E7
2603;5522;1;1.9001715036760855E7
2604;5525;3;1.9001715036760855E7
2605;5528;3;1.9001715036760855E7
2606;5530;2;1.9001715036760855E7
2607;5532;2;1.9001715036760855E7
2608;5534;2;1.9001715036760855E7
2609;5536;2;1.9001715036760855E7
2610;5537;1;1.9001715036760855E7
2611;5539;2;1.9001715036760855E7
2612;5541;2;1.9001715036760855E7
2613;5542;1;1.9001715036760855E7
2614;5543;1;1.9001715036760855E7
2615;5544;1;1.9001715036760855E7
2616;5546;2;1.9001715036760855E7
2617;5548;2;1.9001715036760855E7
2618;5550;2;1.9001715036760855E7
2619;5552;2;1.9001715036760855E7
2620;5554;2;1.9001715036760855E7
2621;5555;1;1.9001715036760855E7
2622;5557;2;1.9001715036760855E7
2623;5558;1;1.9001715036760855E7
2624;5559;1;1.9001715036760855E7
2625;5562;3;1.9001715036760855E7
2626;5563;1;1.9001715036760855E7
2627;5566;3;1.9001715036760855E7
2628;5568;2;1.9001715036760855E7
2629;5569;1;1.9001715036760855E7
2630;5571;2;1.9001715036760855E7
2631;5574;3;1.9001715036760855E7
2632;5577;3;1.9001715036760855E7
2633;5579;2;1.9001715036760855E7
2634;5580;1;1.9001715036760855E7
2635;5581;1;1.9001715036760855E7
2636;5586;5;1.9001715036760855E7
2637;5587;1;1.9001715036760855E7
2638;5588;1;1.9001715036760855E7
2639;5588;0;1.9001715036760855E7
2640;5590;2;1.9001715036760855E7
2641;5592;2;1.9001715036760855E7
2642;5594;2;1.9001715036760855E7
2643;5595;1;1.9001715036760855E7
2644;5597;2;1.9001715036760855E7
2645;5599;2;1.9001715036760855E7
2646;5600;1;1.9001715036760855E7
2647;5602;2;1.9001715036760855E7
2648;5604;2;1.9001715036760855E7
2649;5607;3;1.9001715036760855E7
2650;5609;2;1.9001715036760855E7
2651;5610;1;1.9001715036760855E7
2652;5612;2;1.9001715036760855E7
2653;5614;2;1.9001715036760855E7
2654;5615;1;1.9001715036760855E7
2655;5616;1;1.9001715036760855E7
2656;5618;2;1.9001715036760855E7
2657;5621;3;1.9001715036760855E7
2658;5622;1;1.9001715036760855E7
2659;5623;1;1.9001715036760855E7
2660;5625;2;1.9001715036760855E7
2661;5627;2;1.9001715036760855E7
2662;5629;2;1.9001715036760855E7
2663;5631;2;1.9001715036760855E7
2664;5634;3;1.9001713558019124E7
2665;5634;0;1.9001713558019124E7
2666;5635;1;1.9001713558019124E7
2667;5637;2;1.9001713558019124E7
2668;5639;2;1.9001713558019124E7
2669;5641;2;1.9001713558019124E7
2670;5641;0;1.9001713558019124E7
2671;5644;3;1.9001713558019124E7
2672;5646;2;1.9001712912943233E7
2673;5648;2;1.9001712912943233E7
2674;5651;3;1.9001710260637604E7
2675;5654;3;1.9001710260637604E7
2676;5656;2;1.9001710260637604E7
2677;5660;4;1.9001710260637604E7
2678;5664;4;1.9001710260637604E7
2679;5666;2;1.9001710260637604E7
2680;5668;2;1.9001710260637604E7
2681;5672;4;1.9001710260637604E7
2682;5674;2;1.9001706695545133E7
2683;5676;2;1.9001706695545133E7
2684;5680;4;1.9001706695545133E7
2685;5682;2;1.9001706695545133E7
2686;5687;5;1.9001706695545133E7
2687;5688;1;1.9001706695545133E7
2688;5692;4;1.9001706695545133E7
2689;5695;3;1.9001706695545133E7
2690;5695;0;1.9001706695545133E7
2691;5697;2;1.9001706695545133E7
2692;5700;3;1.9001706695545133E7
2693;5702;2;1.9001706695545133E7
2694;5705;3;1.9001706695545133E7
2695;5707;2;1.9001706695545133E7
2696;5709;2;1.9001706695545133E7
2697;5711;2;1.9001706695545133E7
2698;5713;2;1.9001706695545133E7
2699;5715;2;1.9001706695545133E7
2700;5716;1;1.9001706695545133E7
2701;5718;2;1.9001706695545133E7
2702;5721;3;1.9001706695545133E7
2703;5725;4;1.9001706695545133E7
2704;5726;1;1.9001706695545133E7
2705;5727;1;1.9001706695545133E7
2706;5728;1;1.9001706695545133E7
2707;5730;2;1.9001706695545133E7
2708;5732;2;1.9001706695545133E7
2709;5733;1;1.9001706695545133E7
2710;5735;2;1.9001706695545133E7
2711;5736;1;1.9001706695545133E7
2712;5738;2;1.9001706695545133E7
2713;5740;2;1.9001706695545133E7
2714;5740;0;1.9001706695545133E7
2715;5741;1;1.9001706695545133E7
2716;5743;2;1.9001706695545133E7
2717;5744;1;1.9001706695545133E7
2718;5747;3;1.9001706695545133E7
2719;5749;2;1.9001706695545133E7
2720;5750;1;1.9001706695545133E7
2721;5752;2;1.9001706695545133E7
2722;5754;2;1.9001706695545133E7
2723;5755;1;1.9001706695545133E7
2724;5758;3;1.9001706695545133E7
2725;5759;1;1.9001706695545133E7
2726;5762;3;1.9001706695545133E7
2727;5763;1;1.9001706695545133E7
2728;5766;3;1.9001706695545133E7
2729;5768;2;1.9001706695545133E7
2730;5770;2;1.9001706695545133E7
2731;5770;0;1.9001706695545133E7
2732;5772;2;1.9001706695545133E7
2733;5774;2;1.9001706695545133E7
2734;5776;2;1.9001706695545133E7
2735;5778;2;1.9001706695545133E7
2736;5779;1;1.9001706695545133E7
2737;5780;1;1.9001706695545133E7
2738;5782;2;1.9001706695545133E7
2739;5784;2;1.9001706695545133E7
2740;5787;3;1.9001706695545133E7
2741;5789;2;1.9001706695545133E7
2742;5789;0;1.9001706695545133E7
2743;5791;2;1.9001706695545133E7
2744;5792;1;1.9001706695545133E7
2745;5794;2;1.9001706695545133E7
2746;5796;2;1.9001706695545133E7
2747;5798;2;1.9001706695545133E7
2748;5800;2;1.9001706695545133E7
2749;5801;1;1.9001706695545133E7
2750;5803;2;1.9001706695545133E7
2751;5805;2;1.9001706695545133E7
2752;5807;2;1.9001706695545133E7
2753;5809;2;1.9001706695545133E7
2754;5810;1;1.9001706695545133E7
2755;5812;2;1.9001706695545133E7
2756;5813;1;1.9001706695545133E7
2757;5815;2;1.9001706695545133E7
2758;5817;2;1.9001706695545133E7
2759;5819;2;1.9001706695545133E7
2760;5820;1;1.9001706695545133E7
2761;5821;1;1.9001706695545133E7
2762;5824;3;1.9001706695545133E7
2763;5825;1;1.9001706695545133E7
2764;5826;1;1.9001706695545133E7
2765;5828;2;1.9001706695545133E7
2766;5830;2;1.9001706695545133E7
2767;5832;2;1.9001706695545133E7
2768;5834;2;1.9001706695545133E7
2769;5836;2;1.9001706695545133E7
2770;5837;1;1.9001706695545133E7
2771;5840;3;1.9001706695545133E7
2772;5842;2;1.9001706695545133E7
2773;5845;3;1.9001706695545133E7
2774;5846;1;1.9001706695545133E7
2775;5849;3;1.9001706695545133E7
2776;5849;0;1.9001706695545133E7
2777;5851;2;1.9001706695545133E7
2778;5853;2;1.9001706695545133E7
2779;5855;2;1.9001706695545133E7
2780;5856;1;1.9001706695545133E7
2781;5857;1;1.9001706695545133E7
2782;5860;3;1.9001706695545133E7
2783;5863;3;1.9001706695545133E7
2784;5865;2;1.9001706695545133E7
2785;5867;2;1.9001706695545133E7
2786;5868;1;1.9001706695545133E7
2787;5870;2;1.9001706695545133E7
2788;5871;1;1.9001706695545133E7
2789;5873;2;1.9001706695545133E7
2790;5875;2;1.9001706695545133E7
2791;5875;0;1.9001706695545133E7
2792;5877;2;1.9001706695545133E7
2793;5879;2;1.9001706695545133E7
2794;5880;1;1.9001706695545133E7
2795;5884;4;1.9001706695545133E7
2796;5887;3;1.9001706695545133E7
2797;5888;1;1.9001706695545133E7
2798;5889;1;1.9001706695545133E7
2799;5891;2;1.9001706695545133E7
2800;5892;1;1.9001706695545133E7
2801;5893;1;1.9001706695545133E7
2802;5895;2;1.9001706695545133E7
2803;5897;2;1.9001706695545133E7
2804;5897;0;1.9001706695545133E7
2805;5898;1;1.9001706695545133E7
2806;5900;2;1.9001706695545133E7
2807;5901;1;1.9001706695545133E7
2808;5902;1;1.9001706695545133E7
2809;5903;1;1.9001706695545133E7
2810;5903;0;1.9001706695545133E7
2811;5905;2;1.9001706695545133E7
2812;5908;3;1.9001706695545133E7
2813;5909;1;1.9001706695545133E7
2814;5911;2;1.9001706695545133E7
2815;5912;1;1.9001706695545133E7
2816;5914;2;1.9001706695545133E7
2817;5916;2;1.9001706695545133E7
2818;5918;2;1.9001706695545133E7
2819;5920;2;1.9001706695545133E7
2820;5922;2;1.9001706695545133E7
2821;5924;2;1.9001706695545133E7
2822;5925;1;1.9001706695545133E7
2823;5926;1;1.9001706695545133E7
2824;5927;1;1.9001706695545133E7
2825;5929;2;1.9001706695545133E7
2826;5930;1;1.9001706695545133E7
2827;5933;3;1.9001706695545133E7
2828;5935;2;1.9001706695545133E7
2829;5937;2;1.9001706695545133E7
2830;5938;1;1.9001706695545133E7
2831;5939;1;1.9001706695545133E7
2832;5942;3;1.9001706695545133E7
2833;5943;1;1.9001706695545133E7
2834;5945;2;1.9001706695545133E7
2835;5946;1;1.9001706695545133E7
2836;5948;2;1.9001706695545133E7
2837;5958;10;1.9001706695545133E7
2838;5961;3;1.9001706695545133E7
2839;5965;4;1.9001706695545133E7
2840;5967;2;1.9001706695545133E7
2841;5970;3;1.9001706695545133E7
2842;5972;2;1.9001706695545133E7
2843;5975;3;1.9001706695545133E7
2844;5976;1;1.9001706695545133E7
2845;5979;3;1.9001706695545133E7
2846;5981;2;1.9001706695545133E7
2847;5984;3;1.9001706695545133E7
2848;5985;1;1.9001706695545133E7
2849;5989;4;1.9001706695545133E7
2850;5992;3;1.9001706695545133E7
2851;6001;9;1.9001706695545133E7
2852;6007;6;1.9001706695545133E7
2853;6007;0;1.9001706695545133E7
2854;6010;3;1.9001706695545133E7
2855;6012;2;1.9001706695545133E7
2856;6015;3;1.9001706695545133E7
2857;6018;3;1.9001706695545133E7
2858;6021;3;1.9001706695545133E7
2859;6022;1;1.9001706695545133E7
2860;6024;2;1.9001706695545133E7
2861;6027;3;1.9001706695545133E7
2862;6028;1;1.9001706695545133E7
2863;6031;3;1.9001706695545133E7
2864;6035;4;1.9001706695545133E7
2865;6036;1;1.9001706695545133E7
2866;6038;2;1.9001706695545133E7
2867;6038;0;1.9001706695545133E7
2868;6042;4;1.9001706695545133E7
2869;6045;3;1.9001706695545133E7
2870;6048;3;1.9001706695545133E7
2871;6053;5;1.9001706695545133E7
2872;6054;1;1.9001706695545133E7
2873;6055;1;1.9001706695545133E7
2874;6059;4;1.9001706695545133E7
2875;6062;3;1.9001706695545133E7
2876;6064;2;1.900170337523659E7
2877;6067;3;1.900170337523659E7
2878;6070;3;1.900170337523659E7
2879;6072;2;1.900170254725278E7
2880;6072;0;1.900170254725278E7
2881;6074;2;1.9001701531513482E7
2882;6074;0;1.9001701531513482E7
2883;6075;1;1.9001701531513482E7
2884;6078;3;1.9001701531513482E7
2885;6081;3;1.9001701531513482E7
2886;6088;7;1.9001701531513482E7
2887;6090;2;1.9001701531513482E7
2888;6093;3;1.9001701531513482E7
2889;6095;2;1.9001701531513482E7
2890;6097;2;1.9001701531513482E7
2891;6099;2;1.9001701531513482E7
2892;6101;2;1.9001701531513482E7
2893;6103;2;1.9001701531513482E7
2894;6105;2;1.9001701531513482E7
2895;6107;2;1.9001701531513482E7
2896;6108;1;1.9001701531513482E7
2897;6110;2;1.9001701531513482E7
2898;6111;1;1.9001701531513482E7
2899;6113;2;1.9001701531513482E7
2900;6115;2;1.9001701531513482E7
2901;6117;2;1.9001701531513482E7
2902;6119;2;1.9001699292747665E7
2903;6120;1;1.9001699292747665E7
2904;6121;1;1.9001699292747665E7
2905;6123;2;1.9001699292747665E7
2906;6124;1;1.9001699292747665E7
2907;6126;2;1.9001699292747665E7
2908;6128;2;1.9001699292747665E7
2909;6130;2;1.9001695878533922E7
2910;6132;2;1.9001695878533922E7
2911;6133;1;1.9001695878533922E7
2912;6134;1;1.9001695878533922E7
2913;6136;2;1.9001695878533922E7
2914;6136;0;1.9001695878533922E7
2915;6139;3;1.9001695878533922E7
2916;6142;3;1.9001695878533922E7
2917;6144;2;1.9001695878533922E7
2918;6146;2;1.9001695878533922E7
2919;6147;1;1.9001695878533922E7
2920;6148;1;1.9001695878533922E7
2921;6148;0;1.9001695878533922E7
2922;6150;2;1.9001695878533922E7
2923;6152;2;1.9001695878533922E7
2924;6153;1;1.9001695878533922E7
2925;6155;2;1.9001695878533922E7
2926;6157;2;1.9001695878533922E7
2927;6158;1;1.9001695878533922E7
2928;6160;2;1.9001695878533922E7
2929;6162;2;1.9001695878533922E7
2930;6164;2;1.9001695878533922E7
2931;6167;3;1.9001695878533922E7
2932;6169;2;1.9001695878533922E7
2933;6172;3;1.9001695878533922E7
2934;6174;2;1.9001695878533922E7
2935;6176;2;1.900169224579461E7
2936;6179;3;1.900169224579461E7
2937;6183;4;1.900169224579461E7
2938;6185;2;1.900169224579461E7
2939;6188;3;1.900169224579461E7
2940;6189;1;1.900169224579461E7
2941;6191;2;1.9001691958098687E7
2942;6193;2;1.9001691958098687E7
2943;6193;0;1.9001691958098687E7
2944;6194;1;1.9001691958098687E7
2945;6195;1;1.9001691958098687E7
2946;6197;2;1.9001691958098687E7
2947;6199;2;1.9001691958098687E7
2948;6201;2;1.9001691958098687E7
2949;6202;1;1.9001691958098687E7
2950;6203;1;1.9001691958098687E7
2951;6204;1;1.9001691958098687E7
2952;6205;1;1.9001691958098687E7
2953;6206;1;1.9001691958098687E7
2954;6208;2;1.9001691958098687E7
2955;6210;2;1.9001691958098687E7
2956;6211;1;1.9001691958098687E7
2957;6213;2;1.9001691958098687E7
2958;6215;2;1.9001691958098687E7
2959;6217;2;1.9001691958098687E7
2960;6217;0;1.9001691958098687E7
2961;6219;2;1.9001691958098687E7
2962;6219;0;1.9001691958098687E7
2963;6223;4;1.9001691958098687E7
2964;6226;3;1.9001691958098687E7
2965;6230;4;1.9001691958098687E7
2966;6233;3;1.9001691958098687E7
2967;6234;1;1.9001691958098687E7
2968;6237;3;1.9001691958098687E7
2969;6238;1;1.9001691958098687E7
2970;6241;3;1.9001691958098687E7
2971;6243;2;1.9001691958098687E7
2972;6245;2;1.9001691958098687E7
2973;6247;2;1.9001691958098687E7
2974;6248;1;1.9001691958098687E7
2975;6249;1;1.9001691958098687E7
2976;6252;3;1.9001691958098687E7
2977;6253;1;1.9001691958098687E7
2978;6254;1;1.9001691958098687E7
2979;6256;2;1.9001691958098687E7
2980;6258;2;1.9001691958098687E7
2981;6260;2;1.9001691958098687E7
2982;6260;0;1.9001691958098687E7
2983;6262;2;1.9001691958098687E7
2984;6264;2;1.9001691958098687E7
2985;6265;1;1.9001691958098687E7
2986;6267;2;1.9001691958098687E7
2987;6270;3;1.9001691958098687E7
2988;6272;2;1.9001691958098687E7
2989;6273;1;1.9001691958098687E7
2990;6275;2;1.9001691958098687E7
2991;6276;1;1.9001691958098687E7
2992;6278;2;1.9001691958098687E7
2993;6278;0;1.9001691958098687E7
2994;6280;2;1.9001691958098687E7
2995;6283;3;1.9001691958098687E7
2996;6284;1;1.9001691958098687E7
2997;6285;1;1.9001691958098687E7
2998;6288;3;1.9001691958098687E7
2999;6292;4;1.9001691958098687E7
