Index;Time point [ms];Iteration length [ms];Cost
0;8;8;2.100267395054194E7
1;11;3;2.100267395054194E7
2;13;2;2.1002641311330106E7
3;14;1;2.1002641311330106E7
4;16;2;2.100262351953566E7
5;21;5;2.1002433362201065E7
6;21;0;2.1002433362201065E7
7;24;3;2.1002433189724013E7
8;28;4;2.100224901232038E7
9;35;7;1.900244894212582E7
10;43;8;1.900244894212582E7
11;47;4;1.900244602349307E7
12;48;1;1.900244602349307E7
13;54;6;1.900244602349307E7
14;56;2;1.900244602349307E7
15;61;5;1.900244602349307E7
16;67;6;1.9002131858863574E7
17;71;4;1.9002131858863574E7
18;79;8;1.9002131858863574E7
19;85;6;1.9002049237820692E7
20;89;4;1.9002049237820692E7
21;91;2;1.9002049237820692E7
22;94;3;1.9002049237820692E7
23;100;6;1.9002049237820692E7
24;105;5;1.9002049237820692E7
25;110;5;1.9002049237820692E7
26;113;3;1.9002049237820692E7
27;113;0;1.9002049237820692E7
28;114;1;1.9002049237820692E7
29;117;3;1.9002049237820692E7
30;121;4;1.9002049237820692E7
31;123;2;1.9002049237820692E7
32;126;3;1.9002049237820692E7
33;129;3;1.9002049237820692E7
34;131;2;1.9002049237820692E7
35;135;4;1.9001955474843692E7
36;140;5;1.9001955474843692E7
37;142;2;1.9001955474843692E7
38;147;5;1.9001955474843692E7
39;148;1;1.9001955474843692E7
40;150;2;1.9001955474843692E7
41;152;2;1.9001955474843692E7
42;156;4;1.9001955474843692E7
43;159;3;1.9001955474843692E7
44;162;3;1.9001955474843692E7
45;166;4;1.9001955474843692E7
46;166;0;1.9001955474843692E7
47;170;4;1.9001955474843692E7
48;174;4;1.9001955474843692E7
49;179;5;1.9001955474843692E7
50;184;5;1.9001955474843692E7
51;188;4;1.9001955474843692E7
52;192;4;1.9001955474843692E7
53;196;4;1.9001955474843692E7
54;202;6;1.9001955474843692E7
55;204;2;1.9001955474843692E7
56;205;1;1.9001955474843692E7
57;211;6;1.9001955474843692E7
58;217;6;1.9001955474843692E7
59;218;1;1.9001955474843692E7
60;221;3;1.9001955474843692E7
61;225;4;1.9001955474843692E7
62;228;3;1.9001955474843692E7
63;231;3;1.9001955474843692E7
64;237;6;1.9001955474843692E7
65;242;5;1.9001955474843692E7
66;246;4;1.9001955474843692E7
67;247;1;1.9001955474843692E7
68;252;5;1.9001955474843692E7
69;255;3;1.9001955474843692E7
70;256;1;1.9001955474843692E7
71;262;6;1.9001955474843692E7
72;269;7;1.9001955474843692E7
73;275;6;1.9001955474843692E7
74;277;2;1.9001955474843692E7
75;284;7;1.9001955474843692E7
76;290;6;1.9001955474843692E7
77;292;2;1.9001955474843692E7
78;297;5;1.9001955474843692E7
79;298;1;1.9001955474843692E7
80;304;6;1.9001955474843692E7
81;307;3;1.9001955474843692E7
82;310;3;1.9001955474843692E7
83;313;3;1.9001955474843692E7
84;316;3;1.8002102889445215E7
85;317;1;1.8002102889445215E7
86;320;3;1.8002102889445215E7
87;324;4;1.8002102889445215E7
88;327;3;1.8002102889445215E7
89;329;2;1.8002102889445215E7
90;332;3;1.8002102889445215E7
91;332;0;1.8002102889445215E7
92;334;2;1.8002102889445215E7
93;337;3;1.8002102889445215E7
94;338;1;1.8002102889445215E7
95;342;4;1.8002102889445215E7
96;343;1;1.8002102889445215E7
97;346;3;1.8002102889445215E7
98;347;1;1.8002102889445215E7
99;351;4;1.8002102889445215E7
100;356;5;1.8002102889445215E7
101;359;3;1.8002102889445215E7
102;363;4;1.8002102889445215E7
103;367;4;1.8002102889445215E7
104;370;3;1.8002102889445215E7
105;374;4;1.8002102889445215E7
106;378;4;1.8002102889445215E7
107;379;1;1.8002102889445215E7
108;385;6;1.8002102889445215E7
109;387;2;1.8002102889445215E7
110;391;4;1.8002102889445215E7
111;396;5;1.8002102889445215E7
112;401;5;1.8002102889445215E7
113;404;3;1.8002102889445215E7
114;410;6;1.8002102889445215E7
115;412;2;1.8002102889445215E7
116;417;5;1.8002102889445215E7
117;423;6;1.8002102889445215E7
118;427;4;1.8002102889445215E7
119;430;3;1.8002102889445215E7
120;435;5;1.8002102889445215E7
121;435;0;1.8002102889445215E7
122;436;1;1.8002102889445215E7
123;440;4;1.8002102889445215E7
124;443;3;1.8002102889445215E7
125;446;3;1.8002102889445215E7
126;450;4;1.8002102889445215E7
127;455;5;1.8002102889445215E7
128;460;5;1.8002102889445215E7
129;463;3;1.8002102889445215E7
130;464;1;1.8002102889445215E7
131;464;0;1.8002102889445215E7
132;468;4;1.8002102889445215E7
133;474;6;1.8002102889445215E7
134;479;5;1.8002102889445215E7
135;483;4;1.8002102889445215E7
136;487;4;1.8002102889445215E7
137;491;4;1.8002102889445215E7
138;492;1;1.8002102889445215E7
139;498;6;1.8002102889445215E7
140;499;1;1.8002102889445215E7
141;503;4;1.8002102889445215E7
142;504;1;1.8002102889445215E7
143;509;5;1.8002102889445215E7
144;515;6;1.8002102889445215E7
145;521;6;1.8002102889445215E7
146;524;3;1.8002102889445215E7
147;530;6;1.8002102889445215E7
148;534;4;1.8002102889445215E7
149;535;1;1.8002102889445215E7
150;538;3;1.8002102889445215E7
151;541;3;1.8002102889445215E7
152;545;4;1.8002102889445215E7
153;549;4;1.8002102889445215E7
154;549;0;1.8002102889445215E7
155;551;2;1.8002102889445215E7
156;554;3;1.8002102889445215E7
157;557;3;1.8002102889445215E7
158;560;3;1.8002102889445215E7
159;561;1;1.8002102889445215E7
160;563;2;1.8002102889445215E7
161;566;3;1.8002102889445215E7
162;569;3;1.8002102889445215E7
163;571;2;1.8002102889445215E7
164;572;1;1.8002102889445215E7
165;574;2;1.8002102889445215E7
166;576;2;1.8002102889445215E7
167;578;2;1.8002102889445215E7
168;581;3;1.8002102889445215E7
169;584;3;1.8002102889445215E7
170;586;2;1.8002102889445215E7
171;587;1;1.8002102889445215E7
172;591;4;1.8002102889445215E7
173;591;0;1.8002102889445215E7
174;592;1;1.8002102889445215E7
175;594;2;1.8002102889445215E7
176;597;3;1.8002102889445215E7
177;598;1;1.8002102889445215E7
178;602;4;1.8002102889445215E7
179;606;4;1.8002102889445215E7
180;608;2;1.8002102889445215E7
181;609;1;1.8002102889445215E7
182;612;3;1.8002102889445215E7
183;614;2;1.8002102889445215E7
184;615;1;1.8002102889445215E7
185;618;3;1.8002102889445215E7
186;621;3;1.8002102889445215E7
187;624;3;1.8002102889445215E7
188;624;0;1.8002102889445215E7
189;627;3;1.8002102889445215E7
190;629;2;1.8002102889445215E7
191;632;3;1.8002102889445215E7
192;637;5;1.8002102889445215E7
193;637;0;1.8002102889445215E7
194;641;4;1.8002102889445215E7
195;642;1;1.8002102889445215E7
196;646;4;1.8002102889445215E7
197;648;2;1.8002102889445215E7
198;650;2;1.8002102889445215E7
199;655;5;1.8002102889445215E7
200;658;3;1.8002102889445215E7
201;662;4;1.8002102889445215E7
202;665;3;1.8002102889445215E7
203;666;1;1.8002102889445215E7
204;671;5;1.8002102889445215E7
205;676;5;1.8002102889445215E7
206;679;3;1.8002102889445215E7
207;683;4;1.8002102889445215E7
208;683;0;1.8002102889445215E7
209;685;2;1.8002102889445215E7
210;688;3;1.8002102889445215E7
211;689;1;1.8002102889445215E7
212;693;4;1.8002102889445215E7
213;695;2;1.8002102889445215E7
214;698;3;1.8002102889445215E7
215;699;1;1.8002102889445215E7
216;701;2;1.8002102889445215E7
217;704;3;1.8002102889445215E7
218;706;2;1.8002102889445215E7
219;707;1;1.8002102889445215E7
220;710;3;1.8002102889445215E7
221;710;0;1.8002102889445215E7
222;712;2;1.8002102889445215E7
223;712;0;1.8002102889445215E7
224;715;3;1.8002102889445215E7
225;718;3;1.8002102889445215E7
226;719;1;1.8002102889445215E7
227;722;3;1.8002102889445215E7
228;726;4;1.8002102889445215E7
229;729;3;1.8002102889445215E7
230;731;2;1.8002102889445215E7
231;735;4;1.8002102889445215E7
232;737;2;1.8002102889445215E7
233;740;3;1.8002102889445215E7
234;743;3;1.8002102889445215E7
235;747;4;1.8002102889445215E7
236;747;0;1.8002102889445215E7
237;751;4;1.8002102889445215E7
238;755;4;1.8002102889445215E7
239;756;1;1.8002102889445215E7
240;759;3;1.8002102889445215E7
241;763;4;1.8002102889445215E7
242;767;4;1.8002102889445215E7
243;769;2;1.8002102889445215E7
244;770;1;1.8002102889445215E7
245;772;2;1.8002102889445215E7
246;775;3;1.8002102889445215E7
247;778;3;1.8002102889445215E7
248;781;3;1.8002102889445215E7
249;787;6;1.8002102889445215E7
250;793;6;1.8002102889445215E7
251;798;5;1.8002102889445215E7
252;802;4;1.8002102889445215E7
253;805;3;1.8002102889445215E7
254;809;4;1.8002102889445215E7
255;814;5;1.8002102889445215E7
256;823;9;1.8002102889445215E7
257;828;5;1.8002102889445215E7
258;832;4;1.8002102889445215E7
259;838;6;1.8002038024456155E7
260;841;3;1.8002038024456155E7
261;845;4;1.8002038024456155E7
262;849;4;1.8002038024456155E7
263;852;3;1.8002038024456155E7
264;853;1;1.8002038024456155E7
265;858;5;1.8002038024456155E7
266;863;5;1.8002038024456155E7
267;864;1;1.8002038024456155E7
268;867;3;1.8002038024456155E7
269;872;5;1.8002038024456155E7
270;877;5;1.8002038024456155E7
271;881;4;1.8002038024456155E7
272;884;3;1.8002037864444897E7
273;889;5;1.8002037864444897E7
274;893;4;1.8002037864444897E7
275;896;3;1.8002037864444897E7
276;901;5;1.8001943239348542E7
277;902;1;1.8001943239348542E7
278;904;2;1.800193840129415E7
279;908;4;1.800193840129415E7
280;912;4;1.800193840129415E7
281;915;3;1.800193840129415E7
282;919;4;1.800193840129415E7
283;923;4;1.800193840129415E7
284;928;5;1.800193840129415E7
285;930;2;1.800193840129415E7
286;931;1;1.800193840129415E7
287;935;4;1.800193751801177E7
288;936;1;1.800193751801177E7
289;939;3;1.800193751801177E7
290;943;4;1.800193751801177E7
291;944;1;1.800193751801177E7
292;945;1;1.800193751801177E7
293;949;4;1.800193751801177E7
294;953;4;1.800193751801177E7
295;955;2;1.700196333225097E7
296;961;6;1.700196333225097E7
297;965;4;1.700196333225097E7
298;969;4;1.700196333225097E7
299;970;1;1.700196333225097E7
300;973;3;1.700196333225097E7
301;978;5;1.700189073170937E7
302;982;4;1.700189073170937E7
303;986;4;1.700189073170937E7
304;990;4;1.700189073170937E7
305;994;4;1.700189073170937E7
306;996;2;1.700189073170937E7
307;999;3;1.700189073170937E7
308;1001;2;1.700189073170937E7
309;1004;3;1.700189073170937E7
310;1006;2;1.700189073170937E7
311;1010;4;1.700189073170937E7
312;1013;3;1.700189073170937E7
313;1014;1;1.700189073170937E7
314;1016;2;1.700189073170937E7
315;1020;4;1.700189073170937E7
316;1023;3;1.700189073170937E7
317;1024;1;1.700189073170937E7
318;1027;3;1.700189073170937E7
319;1029;2;1.700189073170937E7
320;1032;3;1.700189073170937E7
321;1036;4;1.700189073170937E7
322;1039;3;1.700189073170937E7
323;1040;1;1.700189073170937E7
324;1043;3;1.700189073170937E7
325;1044;1;1.700189073170937E7
326;1047;3;1.700189073170937E7
327;1047;0;1.700189073170937E7
328;1050;3;1.700189073170937E7
329;1051;1;1.700189073170937E7
330;1057;6;1.700189073170937E7
331;1059;2;1.700189073170937E7
332;1062;3;1.700189073170937E7
333;1066;4;1.700189073170937E7
334;1070;4;1.700189073170937E7
335;1075;5;1.700189073170937E7
336;1076;1;1.700189073170937E7
337;1080;4;1.700189073170937E7
338;1084;4;1.700189073170937E7
339;1087;3;1.700189073170937E7
340;1091;4;1.700189073170937E7
341;1095;4;1.700189073170937E7
342;1097;2;1.700189073170937E7
343;1104;7;1.700189073170937E7
344;1109;5;1.700189073170937E7
345;1113;4;1.700189073170937E7
346;1115;2;1.700189073170937E7
347;1118;3;1.700189073170937E7
348;1122;4;1.700189073170937E7
349;1126;4;1.700189073170937E7
350;1131;5;1.700189073170937E7
351;1135;4;1.700189073170937E7
352;1139;4;1.700189073170937E7
353;1140;1;1.700189073170937E7
354;1145;5;1.700189073170937E7
355;1150;5;1.700189073170937E7
356;1153;3;1.700189073170937E7
357;1157;4;1.700189073170937E7
358;1161;4;1.700189073170937E7
359;1162;1;1.700189073170937E7
360;1166;4;1.700189073170937E7
361;1168;2;1.700189073170937E7
362;1170;2;1.700189073170937E7
363;1171;1;1.700189073170937E7
364;1171;0;1.700189073170937E7
365;1173;2;1.700189073170937E7
366;1175;2;1.700189073170937E7
367;1176;1;1.700189073170937E7
368;1177;1;1.700189073170937E7
369;1180;3;1.700189073170937E7
370;1182;2;1.700189073170937E7
371;1187;5;1.700189073170937E7
372;1192;5;1.700189073170937E7
373;1194;2;1.700189073170937E7
374;1196;2;1.700189073170937E7
375;1199;3;1.700189073170937E7
376;1201;2;1.700189073170937E7
377;1201;0;1.700189073170937E7
378;1202;1;1.700189073170937E7
379;1205;3;1.700189073170937E7
380;1207;2;1.700189073170937E7
381;1209;2;1.700189073170937E7
382;1212;3;1.700189073170937E7
383;1214;2;1.700189073170937E7
384;1214;0;1.700189073170937E7
385;1218;4;1.700189073170937E7
386;1219;1;1.700189073170937E7
387;1221;2;1.700189073170937E7
388;1221;0;1.700189073170937E7
389;1224;3;1.700189073170937E7
390;1226;2;1.700189073170937E7
391;1230;4;1.700189073170937E7
392;1235;5;1.700189073170937E7
393;1239;4;1.700189073170937E7
394;1241;2;1.700189073170937E7
395;1244;3;1.700189073170937E7
396;1246;2;1.700189073170937E7
397;1249;3;1.700189073170937E7
398;1252;3;1.700189073170937E7
399;1253;1;1.700189073170937E7
400;1254;1;1.700189073170937E7
401;1257;3;1.700189073170937E7
402;1259;2;1.700189073170937E7
403;1263;4;1.700189073170937E7
404;1266;3;1.700189073170937E7
405;1266;0;1.700189073170937E7
406;1269;3;1.700189073170937E7
407;1272;3;1.700189073170937E7
408;1274;2;1.700189073170937E7
409;1277;3;1.700189073170937E7
410;1280;3;1.700189073170937E7
411;1285;5;1.700189073170937E7
412;1286;1;1.700189073170937E7
413;1288;2;1.700189073170937E7
414;1292;4;1.700189073170937E7
415;1294;2;1.700189073170937E7
416;1297;3;1.700189073170937E7
417;1300;3;1.700189073170937E7
418;1302;2;1.700189073170937E7
419;1305;3;1.700189073170937E7
420;1306;1;1.700189073170937E7
421;1307;1;1.700189073170937E7
422;1310;3;1.700189073170937E7
423;1312;2;1.700189073170937E7
424;1312;0;1.700189073170937E7
425;1315;3;1.700189073170937E7
426;1316;1;1.700189073170937E7
427;1319;3;1.700189073170937E7
428;1322;3;1.700189073170937E7
429;1324;2;1.700189073170937E7
430;1329;5;1.700189073170937E7
431;1335;6;1.700189073170937E7
432;1338;3;1.700189073170937E7
433;1339;1;1.700189073170937E7
434;1341;2;1.700189073170937E7
435;1344;3;1.700189073170937E7
436;1346;2;1.700189073170937E7
437;1348;2;1.700189073170937E7
438;1350;2;1.700189073170937E7
439;1351;1;1.700189073170937E7
440;1353;2;1.700189073170937E7
441;1357;4;1.700189073170937E7
442;1360;3;1.700189073170937E7
443;1362;2;1.700189073170937E7
444;1364;2;1.700189073170937E7
445;1364;0;1.700189073170937E7
446;1367;3;1.700189073170937E7
447;1370;3;1.700189073170937E7
448;1373;3;1.700189073170937E7
449;1374;1;1.700189073170937E7
450;1376;2;1.700189073170937E7
451;1378;2;1.700189073170937E7
452;1380;2;1.700189073170937E7
453;1383;3;1.700189073170937E7
454;1383;0;1.700189073170937E7
455;1385;2;1.700189073170937E7
456;1388;3;1.700189073170937E7
457;1392;4;1.700189073170937E7
458;1394;2;1.700189073170937E7
459;1396;2;1.700189073170937E7
460;1400;4;1.700189073170937E7
461;1401;1;1.700189073170937E7
462;1403;2;1.700189073170937E7
463;1407;4;1.700189073170937E7
464;1407;0;1.700189073170937E7
465;1410;3;1.700189073170937E7
466;1412;2;1.700189073170937E7
467;1412;0;1.700189073170937E7
468;1414;2;1.700189073170937E7
469;1418;4;1.700189073170937E7
470;1421;3;1.700189073170937E7
471;1425;4;1.700189073170937E7
472;1431;6;1.700189073170937E7
473;1435;4;1.700189073170937E7
474;1435;0;1.700189073170937E7
475;1437;2;1.700189073170937E7
476;1440;3;1.700189073170937E7
477;1443;3;1.700189073170937E7
478;1445;2;1.700189073170937E7
479;1446;1;1.700189073170937E7
480;1447;1;1.700189073170937E7
481;1450;3;1.700189073170937E7
482;1452;2;1.700189073170937E7
483;1453;1;1.700189073170937E7
484;1453;0;1.700189073170937E7
485;1454;1;1.700189073170937E7
486;1456;2;1.700189073170937E7
487;1460;4;1.700189073170937E7
488;1462;2;1.700189073170937E7
489;1465;3;1.700189073170937E7
490;1465;0;1.700189073170937E7
491;1467;2;1.700189073170937E7
492;1469;2;1.700189073170937E7
493;1471;2;1.700189073170937E7
494;1474;3;1.700189073170937E7
495;1476;2;1.700189073170937E7
496;1477;1;1.700189073170937E7
497;1479;2;1.700189073170937E7
498;1482;3;1.700189073170937E7
499;1482;0;1.700189073170937E7
500;1485;3;1.700189073170937E7
501;1487;2;1.700189073170937E7
502;1490;3;1.700189073170937E7
503;1492;2;1.700189073170937E7
504;1495;3;1.700189073170937E7
505;1496;1;1.700189073170937E7
506;1498;2;1.700189073170937E7
507;1502;4;1.700189073170937E7
508;1506;4;1.700189073170937E7
509;1508;2;1.700189073170937E7
510;1511;3;1.700189073170937E7
511;1511;0;1.700189073170937E7
512;1514;3;1.700189073170937E7
513;1518;4;1.700189073170937E7
514;1520;2;1.700189073170937E7
515;1523;3;1.700189073170937E7
516;1529;6;1.700189073170937E7
517;1535;6;1.700189073170937E7
518;1537;2;1.700189073170937E7
519;1539;2;1.700189073170937E7
520;1542;3;1.700189073170937E7
521;1544;2;1.700189073170937E7
522;1547;3;1.700189073170937E7
523;1548;1;1.700189073170937E7
524;1551;3;1.700189073170937E7
525;1554;3;1.700189073170937E7
526;1556;2;1.700189073170937E7
527;1559;3;1.700189073170937E7
528;1562;3;1.700189073170937E7
529;1563;1;1.700189073170937E7
530;1563;0;1.700189073170937E7
531;1565;2;1.700189073170937E7
532;1569;4;1.700189073170937E7
533;1571;2;1.700189073170937E7
534;1573;2;1.700189073170937E7
535;1575;2;1.700189073170937E7
536;1578;3;1.700189073170937E7
537;1580;2;1.700189073170937E7
538;1582;2;1.700189073170937E7
539;1584;2;1.700189073170937E7
540;1587;3;1.700189073170937E7
541;1590;3;1.700189073170937E7
542;1593;3;1.700189073170937E7
543;1596;3;1.700189073170937E7
544;1596;0;1.700189073170937E7
545;1597;1;1.700189073170937E7
546;1599;2;1.700189073170937E7
547;1602;3;1.700189073170937E7
548;1604;2;1.700189073170937E7
549;1607;3;1.700189073170937E7
550;1610;3;1.700189073170937E7
551;1614;4;1.700189073170937E7
552;1616;2;1.700189073170937E7
553;1619;3;1.700189073170937E7
554;1620;1;1.700189073170937E7
555;1624;4;1.700189073170937E7
556;1626;2;1.700189073170937E7
557;1632;6;1.700189073170937E7
558;1638;6;1.700189073170937E7
559;1640;2;1.700189073170937E7
560;1643;3;1.700189073170937E7
561;1646;3;1.700189073170937E7
562;1649;3;1.700189073170937E7
563;1649;0;1.700189073170937E7
564;1652;3;1.700189073170937E7
565;1654;2;1.700189073170937E7
566;1656;2;1.700189073170937E7
567;1659;3;1.700189073170937E7
568;1662;3;1.700189073170937E7
569;1664;2;1.700189073170937E7
570;1667;3;1.700189073170937E7
571;1670;3;1.700189073170937E7
572;1672;2;1.700189073170937E7
573;1676;4;1.700189073170937E7
574;1676;0;1.700189073170937E7
575;1679;3;1.700189073170937E7
576;1679;0;1.700189073170937E7
577;1681;2;1.700189073170937E7
578;1683;2;1.700189073170937E7
579;1686;3;1.700189073170937E7
580;1687;1;1.700189073170937E7
581;1687;0;1.700189073170937E7
582;1690;3;1.700189073170937E7
583;1691;1;1.700189073170937E7
584;1694;3;1.700189073170937E7
585;1697;3;1.700189073170937E7
586;1699;2;1.700189073170937E7
587;1702;3;1.700189073170937E7
588;1704;2;1.700189073170937E7
589;1708;4;1.700189073170937E7
590;1711;3;1.700189073170937E7
591;1715;4;1.700189073170937E7
592;1718;3;1.700189073170937E7
593;1719;1;1.700189073170937E7
594;1722;3;1.700189073170937E7
595;1727;5;1.700189073170937E7
596;1732;5;1.700189073170937E7
597;1734;2;1.700189073170937E7
598;1736;2;1.700189073170937E7
599;1737;1;1.700189073170937E7
600;1739;2;1.700189073170937E7
601;1742;3;1.700189073170937E7
602;1742;0;1.700189073170937E7
603;1749;7;1.700189073170937E7
604;1752;3;1.700189073170937E7
605;1756;4;1.700189073170937E7
606;1760;4;1.700189073170937E7
607;1763;3;1.700189073170937E7
608;1768;5;1.700189073170937E7
609;1774;6;1.700189073170937E7
610;1777;3;1.700189073170937E7
611;1780;3;1.700189073170937E7
612;1786;6;1.700189073170937E7
613;1789;3;1.700189073170937E7
614;1792;3;1.700189073170937E7
615;1793;1;1.700189073170937E7
616;1796;3;1.700189073170937E7
617;1801;5;1.700189073170937E7
618;1806;5;1.700189073170937E7
619;1807;1;1.700189073170937E7
620;1809;2;1.700189073170937E7
621;1810;1;1.700189073170937E7
622;1813;3;1.700189073170937E7
623;1816;3;1.700189073170937E7
624;1819;3;1.700189073170937E7
625;1820;1;1.700189073170937E7
626;1825;5;1.700189073170937E7
627;1828;3;1.700189073170937E7
628;1832;4;1.700189073170937E7
629;1833;1;1.700189073170937E7
630;1834;1;1.700189073170937E7
631;1837;3;1.700189073170937E7
632;1839;2;1.700189073170937E7
633;1845;6;1.700189073170937E7
634;1847;2;1.700189073170937E7
635;1851;4;1.700189073170937E7
636;1853;2;1.700189073170937E7
637;1856;3;1.700189073170937E7
638;1862;6;1.700189073170937E7
639;1866;4;1.700189073170937E7
640;1869;3;1.700189073170937E7
641;1870;1;1.700189073170937E7
642;1873;3;1.700189073170937E7
643;1877;4;1.700189073170937E7
644;1880;3;1.700189073170937E7
645;1881;1;1.700189073170937E7
646;1884;3;1.700189073170937E7
647;1890;6;1.700189073170937E7
648;1892;2;1.700189073170937E7
649;1895;3;1.700189073170937E7
650;1896;1;1.700189073170937E7
651;1899;3;1.700189073170937E7
652;1903;4;1.700189073170937E7
653;1904;1;1.700189073170937E7
654;1905;1;1.700189073170937E7
655;1906;1;1.700189073170937E7
656;1911;5;1.700189073170937E7
657;1913;2;1.700189073170937E7
658;1918;5;1.700189073170937E7
659;1923;5;1.700189073170937E7
660;1925;2;1.700189073170937E7
661;1927;2;1.700189073170937E7
662;1933;6;1.700189073170937E7
663;1938;5;1.700189073170937E7
664;1942;4;1.700189073170937E7
665;1945;3;1.700189073170937E7
666;1949;4;1.700189073170937E7
667;1957;8;1.700189073170937E7
668;1958;1;1.700189073170937E7
669;1964;6;1.700189073170937E7
670;1969;5;1.700189073170937E7
671;1972;3;1.700189073170937E7
672;1976;4;1.700189073170937E7
673;1979;3;1.700189073170937E7
674;1983;4;1.700189073170937E7
675;1987;4;1.700189073170937E7
676;1991;4;1.700189073170937E7
677;1994;3;1.700189073170937E7
678;1998;4;1.700189073170937E7
679;2002;4;1.700189073170937E7
680;2007;5;1.700189073170937E7
681;2010;3;1.700189073170937E7
682;2014;4;1.700189073170937E7
683;2018;4;1.700189073170937E7
684;2022;4;1.700189073170937E7
685;2024;2;1.700189073170937E7
686;2027;3;1.700189073170937E7
687;2029;2;1.700189073170937E7
688;2031;2;1.700189073170937E7
689;2035;4;1.700189073170937E7
690;2041;6;1.700189073170937E7
691;2043;2;1.700189073170937E7
692;2046;3;1.700189073170937E7
693;2052;6;1.700189073170937E7
694;2056;4;1.700189073170937E7
695;2059;3;1.700189073170937E7
696;2063;4;1.700189073170937E7
697;2069;6;1.700189073170937E7
698;2073;4;1.700189073170937E7
699;2075;2;1.700189073170937E7
700;2080;5;1.700189073170937E7
701;2083;3;1.700189073170937E7
702;2091;8;1.700189073170937E7
703;2096;5;1.700189073170937E7
704;2097;1;1.700189073170937E7
705;2116;19;1.700189073170937E7
706;2117;1;1.700189073170937E7
707;2122;5;1.700189073170937E7
708;2126;4;1.700189073170937E7
709;2131;5;1.700189073170937E7
710;2132;1;1.700189073170937E7
711;2136;4;1.700189073170937E7
712;2140;4;1.700189073170937E7
713;2145;5;1.700189073170937E7
714;2150;5;1.700189073170937E7
715;2153;3;1.700189073170937E7
716;2158;5;1.700189073170937E7
717;2159;1;1.700189073170937E7
718;2162;3;1.700189073170937E7
719;2166;4;1.700189073170937E7
720;2169;3;1.700189073170937E7
721;2172;3;1.700189073170937E7
722;2175;3;1.700189073170937E7
723;2179;4;1.700189073170937E7
724;2185;6;1.700189073170937E7
725;2189;4;1.700189073170937E7
726;2192;3;1.700189073170937E7
727;2197;5;1.700189073170937E7
728;2202;5;1.700189073170937E7
729;2207;5;1.700189073170937E7
730;2208;1;1.700189073170937E7
731;2211;3;1.700189073170937E7
732;2216;5;1.700189073170937E7
733;2219;3;1.700189073170937E7
734;2222;3;1.700189073170937E7
735;2230;8;1.700189073170937E7
736;2233;3;1.700189073170937E7
737;2236;3;1.700189073170937E7
738;2237;1;1.700189073170937E7
739;2239;2;1.700189073170937E7
740;2241;2;1.700189073170937E7
741;2244;3;1.700189073170937E7
742;2246;2;1.700189073170937E7
743;2249;3;1.700189073170937E7
744;2252;3;1.700189073170937E7
745;2256;4;1.700189073170937E7
746;2258;2;1.700189073170937E7
747;2262;4;1.700189073170937E7
748;2263;1;1.700189073170937E7
749;2267;4;1.700189073170937E7
750;2271;4;1.700189073170937E7
751;2276;5;1.700189073170937E7
752;2281;5;1.700189073170937E7
753;2284;3;1.700189073170937E7
754;2289;5;1.7001882818936512E7
755;2292;3;1.700186377730686E7
756;2296;4;1.700186377730686E7
757;2300;4;1.700186377730686E7
758;2303;3;1.700186377730686E7
759;2310;7;1.700186377730686E7
760;2329;19;1.700186377730686E7
761;2332;3;1.700186377730686E7
762;2335;3;1.700186377730686E7
763;2336;1;1.700186377730686E7
764;2341;5;1.700186377730686E7
765;2345;4;1.700186377730686E7
766;2351;6;1.700186377730686E7
767;2358;7;1.700186377730686E7
768;2361;3;1.700186377730686E7
769;2366;5;1.700186377730686E7
770;2372;6;1.700186377730686E7
771;2380;8;1.700186377730686E7
772;2385;5;1.700186377730686E7
773;2394;9;1.700186377730686E7
774;2408;14;1.700186377730686E7
775;2409;1;1.700186377730686E7
776;2413;4;1.700186377730686E7
777;2428;15;1.700186377730686E7
778;2433;5;1.700186377730686E7
779;2434;1;1.700186377730686E7
780;2438;4;1.700186377730686E7
781;2455;17;1.700186377730686E7
782;2458;3;1.700186377730686E7
783;2460;2;1.700186377730686E7
784;2461;1;1.700186377730686E7
785;2462;1;1.700186377730686E7
786;2486;24;1.700186377730686E7
787;2497;11;1.700186377730686E7
788;2499;2;1.700186377730686E7
789;2512;13;1.700186377730686E7
790;2516;4;1.700186377730686E7
791;2518;2;1.700186377730686E7
792;2537;19;1.700186377730686E7
793;2542;5;1.700186377730686E7
794;2566;24;1.700186377730686E7
795;2572;6;1.700186377730686E7
796;2579;7;1.700186377730686E7
797;2588;9;1.700186377730686E7
798;2593;5;1.700186377730686E7
799;2617;24;1.700186377730686E7
800;2621;4;1.700186377730686E7
801;2625;4;1.700186377730686E7
802;2635;10;1.700186377730686E7
803;2640;5;1.700186377730686E7
804;2645;5;1.700186377730686E7
805;2650;5;1.700186377730686E7
806;2659;9;1.700186377730686E7
807;2665;6;1.700186377730686E7
808;2670;5;1.700186377730686E7
809;2675;5;1.700186377730686E7
810;2678;3;1.700186377730686E7
811;2681;3;1.700186377730686E7
812;2687;6;1.700186377730686E7
813;2690;3;1.700186377730686E7
814;2695;5;1.700186377730686E7
815;2696;1;1.700186377730686E7
816;2699;3;1.700186377730686E7
817;2703;4;1.700186377730686E7
818;2708;5;1.700186377730686E7
819;2709;1;1.700186377730686E7
820;2723;14;1.700186377730686E7
821;2725;2;1.700186377730686E7
822;2727;2;1.700186377730686E7
823;2733;6;1.700186377730686E7
824;2740;7;1.700186377730686E7
825;2743;3;1.700186377730686E7
826;2744;1;1.700186377730686E7
827;2748;4;1.700186377730686E7
828;2751;3;1.700186377730686E7
829;2754;3;1.700186377730686E7
830;2761;7;1.700186377730686E7
831;2762;1;1.700186377730686E7
832;2769;7;1.700186377730686E7
833;2773;4;1.700186377730686E7
834;2780;7;1.700186377730686E7
835;2784;4;1.700186377730686E7
836;2785;1;1.700186377730686E7
837;2789;4;1.700186377730686E7
838;2795;6;1.700186377730686E7
839;2798;3;1.700186377730686E7
840;2803;5;1.700186377730686E7
841;2807;4;1.700186377730686E7
842;2809;2;1.700186377730686E7
843;2813;4;1.700186377730686E7
844;2817;4;1.700186377730686E7
845;2823;6;1.700186377730686E7
846;2824;1;1.700186377730686E7
847;2828;4;1.700186377730686E7
848;2830;2;1.700186377730686E7
849;2835;5;1.700186377730686E7
850;2839;4;1.700186377730686E7
851;2844;5;1.700186377730686E7
852;2847;3;1.700186377730686E7
853;2849;2;1.700186377730686E7
854;2853;4;1.700186377730686E7
855;2856;3;1.700186377730686E7
856;2859;3;1.700186377730686E7
857;2861;2;1.700186377730686E7
858;2863;2;1.700186377730686E7
859;2864;1;1.700186377730686E7
860;2868;4;1.700186377730686E7
861;2869;1;1.700186377730686E7
862;2870;1;1.700186377730686E7
863;2873;3;1.700186377730686E7
864;2875;2;1.700186377730686E7
865;2877;2;1.700186377730686E7
866;2877;0;1.700186377730686E7
867;2879;2;1.700186377730686E7
868;2881;2;1.700186377730686E7
869;2884;3;1.700186377730686E7
870;2887;3;1.700186377730686E7
871;2890;3;1.700186377730686E7
872;2892;2;1.700186377730686E7
873;2894;2;1.700186377730686E7
874;2896;2;1.700186377730686E7
875;2899;3;1.700186377730686E7
876;2901;2;1.700186377730686E7
877;2902;1;1.700186377730686E7
878;2904;2;1.700186377730686E7
879;2908;4;1.700186377730686E7
880;2912;4;1.700186377730686E7
881;2920;8;1.700186377730686E7
882;2924;4;1.700186377730686E7
883;2929;5;1.700186377730686E7
884;2936;7;1.700186377730686E7
885;2942;6;1.700186377730686E7
886;2945;3;1.700186377730686E7
887;2946;1;1.700186377730686E7
888;2949;3;1.700186377730686E7
889;2956;7;1.700186377730686E7
890;2960;4;1.700186377730686E7
891;2966;6;1.700186377730686E7
892;2970;4;1.700186377730686E7
893;2973;3;1.700186377730686E7
894;2975;2;1.700186377730686E7
895;2979;4;1.700186377730686E7
896;2984;5;1.700186377730686E7
897;2988;4;1.700186377730686E7
898;2993;5;1.700186377730686E7
899;2997;4;1.700186377730686E7
900;3000;3;1.700186377730686E7
901;3005;5;1.700186377730686E7
902;3009;4;1.700186377730686E7
903;3013;4;1.700186377730686E7
904;3014;1;1.700186377730686E7
905;3018;4;1.700186377730686E7
906;3022;4;1.700186377730686E7
907;3028;6;1.700186377730686E7
908;3031;3;1.700186377730686E7
909;3035;4;1.700186377730686E7
910;3037;2;1.700186377730686E7
911;3040;3;1.700186377730686E7
912;3041;1;1.700186377730686E7
913;3046;5;1.700186377730686E7
914;3050;4;1.700186377730686E7
915;3054;4;1.700186377730686E7
916;3055;1;1.700186377730686E7
917;3060;5;1.700186377730686E7
918;3064;4;1.700186377730686E7
919;3068;4;1.700186377730686E7
920;3069;1;1.700186377730686E7
921;3072;3;1.700186377730686E7
922;3074;2;1.700186377730686E7
923;3077;3;1.700186377730686E7
924;3080;3;1.700186377730686E7
925;3083;3;1.700186377730686E7
926;3085;2;1.700186377730686E7
927;3088;3;1.700186377730686E7
928;3091;3;1.700186377730686E7
929;3094;3;1.700186377730686E7
930;3096;2;1.700186377730686E7
931;3098;2;1.700186377730686E7
932;3101;3;1.700186377730686E7
933;3105;4;1.700186377730686E7
934;3108;3;1.700186377730686E7
935;3111;3;1.700186377730686E7
936;3115;4;1.700186377730686E7
937;3120;5;1.700186377730686E7
938;3126;6;1.700186377730686E7
939;3129;3;1.700186377730686E7
940;3130;1;1.700186377730686E7
941;3132;2;1.700186377730686E7
942;3134;2;1.700186377730686E7
943;3136;2;1.700186377730686E7
944;3139;3;1.700186377730686E7
945;3139;0;1.700186377730686E7
946;3140;1;1.700186377730686E7
947;3142;2;1.700186377730686E7
948;3144;2;1.700186377730686E7
949;3145;1;1.700186377730686E7
950;3146;1;1.700186377730686E7
951;3151;5;1.700186377730686E7
952;3156;5;1.700186377730686E7
953;3159;3;1.700186377730686E7
954;3159;0;1.700186377730686E7
955;3161;2;1.700186377730686E7
956;3166;5;1.700186377730686E7
957;3170;4;1.700186377730686E7
958;3172;2;1.700186377730686E7
959;3176;4;1.700186377730686E7
960;3192;16;1.700186377730686E7
961;3197;5;1.700186377730686E7
962;3208;11;1.700186377730686E7
963;3212;4;1.700186377730686E7
964;3216;4;1.700186377730686E7
965;3219;3;1.700186377730686E7
966;3227;8;1.700186377730686E7
967;3233;6;1.700186377730686E7
968;3246;13;1.700186377730686E7
969;3252;6;1.700186377730686E7
970;3257;5;1.700186377730686E7
971;3259;2;1.700186377730686E7
972;3263;4;1.700186377730686E7
973;3264;1;1.700186377730686E7
974;3265;1;1.700186377730686E7
975;3270;5;1.700186377730686E7
976;3271;1;1.700186377730686E7
977;3275;4;1.700186377730686E7
978;3276;1;1.700186377730686E7
979;3279;3;1.700186377730686E7
980;3282;3;1.700186377730686E7
981;3286;4;1.700186377730686E7
982;3298;12;1.700186377730686E7
983;3301;3;1.700186377730686E7
984;3302;1;1.700186377730686E7
985;3306;4;1.700186377730686E7
986;3309;3;1.700186377730686E7
987;3312;3;1.700186377730686E7
988;3313;1;1.700186377730686E7
989;3318;5;1.700186377730686E7
990;3319;1;1.700186377730686E7
991;3328;9;1.700186377730686E7
992;3340;12;1.700186377730686E7
993;3344;4;1.700186377730686E7
994;3348;4;1.700186377730686E7
995;3368;20;1.700186377730686E7
996;3374;6;1.700186377730686E7
997;3379;5;1.700186377730686E7
998;3379;0;1.700186377730686E7
999;3382;3;1.700186377730686E7
1000;3383;1;1.700186377730686E7
1001;3387;4;1.700186377730686E7
1002;3390;3;1.700186377730686E7
1003;3396;6;1.700186377730686E7
1004;3399;3;1.700186377730686E7
1005;3403;4;1.700186377730686E7
1006;3406;3;1.700186377730686E7
1007;3408;2;1.700186377730686E7
1008;3413;5;1.700186377730686E7
1009;3416;3;1.700186377730686E7
1010;3420;4;1.700186377730686E7
1011;3423;3;1.700186377730686E7
1012;3426;3;1.700186377730686E7
1013;3437;11;1.700186377730686E7
1014;3440;3;1.700186377730686E7
1015;3444;4;1.700186377730686E7
1016;3456;12;1.700186377730686E7
1017;3472;16;1.700186377730686E7
1018;3473;1;1.700186377730686E7
1019;3477;4;1.700186377730686E7
1020;3480;3;1.700186377730686E7
1021;3486;6;1.700186377730686E7
1022;3490;4;1.700186377730686E7
1023;3504;14;1.700186377730686E7
1024;3508;4;1.700186377730686E7
1025;3511;3;1.700186377730686E7
1026;3513;2;1.700186377730686E7
1027;3523;10;1.700186377730686E7
1028;3528;5;1.700186377730686E7
1029;3529;1;1.700186377730686E7
1030;3531;2;1.700186377730686E7
1031;3537;6;1.700186377730686E7
1032;3542;5;1.700186377730686E7
1033;3544;2;1.700186377730686E7
1034;3546;2;1.700186377730686E7
1035;3550;4;1.700186377730686E7
1036;3554;4;1.700186377730686E7
1037;3559;5;1.700186377730686E7
1038;3564;5;1.700186377730686E7
1039;3570;6;1.700186377730686E7
1040;3577;7;1.700186377730686E7
1041;3582;5;1.700186377730686E7
1042;3588;6;1.700186377730686E7
1043;3594;6;1.700186377730686E7
1044;3595;1;1.700186377730686E7
1045;3600;5;1.700186377730686E7
1046;3618;18;1.700186377730686E7
1047;3619;1;1.700186377730686E7
1048;3625;6;1.700186377730686E7
1049;3627;2;1.700186377730686E7
1050;3632;5;1.700186377730686E7
1051;3644;12;1.700186377730686E7
1052;3645;1;1.700186377730686E7
1053;3652;7;1.700186377730686E7
1054;3660;8;1.700186377730686E7
1055;3679;19;1.700186377730686E7
1056;3682;3;1.700186377730686E7
1057;3697;15;1.700186377730686E7
1058;3698;1;1.700186377730686E7
1059;3701;3;1.700186377730686E7
1060;3705;4;1.700186377730686E7
1061;3707;2;1.700186377730686E7
1062;3712;5;1.700186377730686E7
1063;3713;1;1.700186377730686E7
1064;3716;3;1.700186377730686E7
1065;3717;1;1.700186377730686E7
1066;3720;3;1.700186377730686E7
1067;3725;5;1.700185420914699E7
1068;3729;4;1.700185420914699E7
1069;3733;4;1.700185420914699E7
1070;3739;6;1.700185420914699E7
1071;3743;4;1.700185420914699E7
1072;3748;5;1.700185420914699E7
1073;3752;4;1.700185420914699E7
1074;3756;4;1.700185420914699E7
1075;3759;3;1.700185420914699E7
1076;3763;4;1.700185420914699E7
1077;3765;2;1.700185420914699E7
1078;3765;0;1.700185420914699E7
1079;3769;4;1.700185420914699E7
1080;3772;3;1.700185420914699E7
1081;3775;3;1.700185420914699E7
1082;3776;1;1.700185420914699E7
1083;3779;3;1.700185420914699E7
1084;3782;3;1.700185420914699E7
1085;3784;2;1.700185420914699E7
1086;3786;2;1.700185420914699E7
1087;3789;3;1.700185420914699E7
1088;3794;5;1.700185420914699E7
1089;3798;4;1.700185420914699E7
1090;3801;3;1.700185420914699E7
1091;3804;3;1.700185420914699E7
1092;3808;4;1.700185420914699E7
1093;3814;6;1.700185420914699E7
1094;3818;4;1.700185420914699E7
1095;3822;4;1.700185420914699E7
1096;3823;1;1.700185420914699E7
1097;3830;7;1.700185420914699E7
1098;3833;3;1.700185420914699E7
1099;3836;3;1.700185420914699E7
1100;3842;6;1.700185420914699E7
1101;3845;3;1.700185420914699E7
1102;3849;4;1.700185420914699E7
1103;3853;4;1.700185420914699E7
1104;3856;3;1.700185420914699E7
1105;3862;6;1.700185420914699E7
1106;3867;5;1.700185420914699E7
1107;3870;3;1.700185420914699E7
1108;3875;5;1.700185420914699E7
1109;3878;3;1.700185420914699E7
1110;3881;3;1.700185420914699E7
1111;3883;2;1.700185420914699E7
1112;3887;4;1.700185420914699E7
1113;3892;5;1.700185420914699E7
1114;3899;7;1.700185420914699E7
1115;3903;4;1.700185420914699E7
1116;3908;5;1.700185420914699E7
1117;3909;1;1.700185420914699E7
1118;3916;7;1.700185420914699E7
1119;3920;4;1.700185420914699E7
1120;3925;5;1.700185420914699E7
1121;3929;4;1.700185420914699E7
1122;3933;4;1.700185420914699E7
1123;3937;4;1.700185420914699E7
1124;3947;10;1.700185420914699E7
1125;3950;3;1.700185420914699E7
1126;3955;5;1.700185420914699E7
1127;3963;8;1.700185420914699E7
1128;3964;1;1.700185420914699E7
1129;3968;4;1.700185420914699E7
1130;3972;4;1.700185420914699E7
1131;3986;14;1.700185420914699E7
1132;3989;3;1.700185420914699E7
1133;4004;15;1.700185420914699E7
1134;4007;3;1.700185420914699E7
1135;4011;4;1.700185420914699E7
1136;4027;16;1.700185420914699E7
1137;4036;9;1.700185420914699E7
1138;4038;2;1.700185420914699E7
1139;4042;4;1.700185420914699E7
1140;4044;2;1.700185420914699E7
1141;4049;5;1.700185420914699E7
1142;4052;3;1.700185420914699E7
1143;4056;4;1.700185420914699E7
1144;4059;3;1.700185420914699E7
1145;4064;5;1.700185420914699E7
1146;4066;2;1.700185420914699E7
1147;4069;3;1.700185420914699E7
1148;4071;2;1.700185420914699E7
1149;4073;2;1.700185420914699E7
1150;4116;43;1.700185420914699E7
1151;4121;5;1.700185420914699E7
1152;4136;15;1.700185420914699E7
1153;4141;5;1.700185420914699E7
1154;4142;1;1.700185420914699E7
1155;4146;4;1.700185420914699E7
1156;4151;5;1.700185420914699E7
1157;4155;4;1.700185420914699E7
1158;4162;7;1.700185420914699E7
1159;4167;5;1.700185420914699E7
1160;4171;4;1.700185420914699E7
1161;4174;3;1.700185420914699E7
1162;4177;3;1.700185420914699E7
1163;4184;7;1.700185420914699E7
1164;4187;3;1.700185420914699E7
1165;4190;3;1.700185420914699E7
1166;4194;4;1.700185420914699E7
1167;4199;5;1.700185420914699E7
1168;4200;1;1.700185420914699E7
1169;4206;6;1.700185420914699E7
1170;4209;3;1.700185420914699E7
1171;4210;1;1.700185420914699E7
1172;4214;4;1.700185420914699E7
1173;4218;4;1.700185420914699E7
1174;4221;3;1.700185420914699E7
1175;4227;6;1.700185420914699E7
1176;4233;6;1.700185420914699E7
1177;4238;5;1.700185420914699E7
1178;4243;5;1.700185420914699E7
1179;4247;4;1.700185420914699E7
1180;4250;3;1.700185420914699E7
1181;4254;4;1.700185420914699E7
1182;4258;4;1.700185420914699E7
1183;4262;4;1.700185420914699E7
1184;4263;1;1.700185420914699E7
1185;4280;17;1.700185420914699E7
1186;4282;2;1.700185420914699E7
1187;4285;3;1.700185420914699E7
1188;4292;7;1.700185420914699E7
1189;4294;2;1.700185420914699E7
1190;4296;2;1.700185420914699E7
1191;4299;3;1.700185420914699E7
1192;4319;20;1.700185420914699E7
1193;4323;4;1.700185420914699E7
1194;4330;7;1.700185420914699E7
1195;4333;3;1.700185420914699E7
1196;4337;4;1.700185420914699E7
1197;4350;13;1.700185420914699E7
1198;4355;5;1.700185420914699E7
1199;4358;3;1.700185420914699E7
1200;4361;3;1.700185420914699E7
1201;4366;5;1.700185420914699E7
1202;4368;2;1.700185420914699E7
1203;4369;1;1.700185420914699E7
1204;4372;3;1.700185420914699E7
1205;4377;5;1.700185420914699E7
1206;4380;3;1.700185420914699E7
1207;4384;4;1.700185420914699E7
1208;4388;4;1.700185420914699E7
1209;4392;4;1.700185420914699E7
1210;4396;4;1.700185420914699E7
1211;4400;4;1.700185420914699E7
1212;4403;3;1.700185420914699E7
1213;4407;4;1.700185420914699E7
1214;4409;2;1.700185420914699E7
1215;4412;3;1.700185420914699E7
1216;4417;5;1.700185420914699E7
1217;4419;2;1.700185420914699E7
1218;4422;3;1.700185420914699E7
1219;4426;4;1.700185420914699E7
1220;4431;5;1.700185420914699E7
1221;4435;4;1.700185420914699E7
1222;4436;1;1.700185420914699E7
1223;4439;3;1.700185420914699E7
1224;4443;4;1.700185420914699E7
1225;4447;4;1.700185420914699E7
1226;4451;4;1.700185420914699E7
1227;4455;4;1.700185420914699E7
1228;4459;4;1.700185420914699E7
1229;4463;4;1.700185420914699E7
1230;4464;1;1.700185420914699E7
1231;4468;4;1.700185420914699E7
1232;4472;4;1.700185420914699E7
1233;4476;4;1.700185420914699E7
1234;4478;2;1.700185420914699E7
1235;4481;3;1.700185420914699E7
1236;4484;3;1.700185420914699E7
1237;4486;2;1.700185420914699E7
1238;4488;2;1.700185420914699E7
1239;4492;4;1.700185420914699E7
1240;4496;4;1.700185420914699E7
1241;4497;1;1.700185420914699E7
1242;4498;1;1.700185420914699E7
1243;4502;4;1.700185420914699E7
1244;4505;3;1.700185420914699E7
1245;4511;6;1.700185420914699E7
1246;4514;3;1.700185420914699E7
1247;4517;3;1.700185420914699E7
1248;4524;7;1.700185420914699E7
1249;4525;1;1.700185420914699E7
1250;4528;3;1.700185420914699E7
1251;4531;3;1.700185420914699E7
1252;4534;3;1.700185420914699E7
1253;4538;4;1.700185420914699E7
1254;4541;3;1.700185420914699E7
1255;4542;1;1.700185420914699E7
1256;4543;1;1.700185420914699E7
1257;4545;2;1.700185420914699E7
1258;4549;4;1.700185420914699E7
1259;4554;5;1.700185420914699E7
1260;4557;3;1.700185420914699E7
1261;4558;1;1.700185420914699E7
1262;4560;2;1.700185420914699E7
1263;4564;4;1.700185420914699E7
1264;4566;2;1.700185420914699E7
1265;4569;3;1.700185420914699E7
1266;4577;8;1.700185420914699E7
1267;4581;4;1.700185420914699E7
1268;4583;2;1.700185420914699E7
1269;4588;5;1.700185420914699E7
1270;4590;2;1.700185420914699E7
1271;4591;1;1.700185420914699E7
1272;4596;5;1.700185420914699E7
1273;4601;5;1.700185420914699E7
1274;4606;5;1.700185420914699E7
1275;4615;9;1.700185420914699E7
1276;4617;2;1.700185420914699E7
1277;4618;1;1.700185420914699E7
1278;4623;5;1.700185420914699E7
1279;4627;4;1.700185420914699E7
1280;4631;4;1.700185420914699E7
1281;4633;2;1.700185420914699E7
1282;4637;4;1.700185420914699E7
1283;4641;4;1.700185420914699E7
1284;4645;4;1.700185420914699E7
1285;4649;4;1.700185420914699E7
1286;4652;3;1.700185420914699E7
1287;4655;3;1.700185420914699E7
1288;4658;3;1.700185420914699E7
1289;4661;3;1.700185420914699E7
1290;4664;3;1.700185420914699E7
1291;4667;3;1.700185420914699E7
1292;4673;6;1.700185420914699E7
1293;4677;4;1.700185420914699E7
1294;4681;4;1.700185420914699E7
1295;4682;1;1.700185420914699E7
1296;4686;4;1.700185420914699E7
1297;4688;2;1.700185420914699E7
1298;4691;3;1.700185420914699E7
1299;4694;3;1.700185420914699E7
1300;4695;1;1.700185420914699E7
1301;4696;1;1.700185420914699E7
1302;4700;4;1.700185420914699E7
1303;4702;2;1.700185420914699E7
1304;4703;1;1.700185420914699E7
1305;4706;3;1.700185420914699E7
1306;4710;4;1.700185420914699E7
1307;4715;5;1.700185420914699E7
1308;4718;3;1.700185420914699E7
1309;4723;5;1.700185420914699E7
1310;4726;3;1.700185420914699E7
1311;4730;4;1.700185420914699E7
1312;4736;6;1.700185420914699E7
1313;4739;3;1.700185420914699E7
1314;4743;4;1.700185420914699E7
1315;4746;3;1.700185420914699E7
1316;4750;4;1.700185420914699E7
1317;4751;1;1.700185420914699E7
1318;4754;3;1.700185420914699E7
1319;4759;5;1.700185420914699E7
1320;4760;1;1.700185420914699E7
1321;4763;3;1.700185420914699E7
1322;4767;4;1.700185420914699E7
1323;4777;10;1.700185420914699E7
1324;4779;2;1.700185420914699E7
1325;4782;3;1.700185420914699E7
1326;4783;1;1.700185420914699E7
1327;4786;3;1.700185420914699E7
1328;4791;5;1.700185420914699E7
1329;4796;5;1.700185420914699E7
1330;4800;4;1.700185420914699E7
1331;4804;4;1.700185420914699E7
1332;4807;3;1.700185420914699E7
1333;4811;4;1.700185420914699E7
1334;4814;3;1.700185420914699E7
1335;4824;10;1.700185420914699E7
1336;4828;4;1.700185420914699E7
1337;4833;5;1.700185420914699E7
1338;4835;2;1.700185420914699E7
1339;4839;4;1.700185420914699E7
1340;4840;1;1.700185420914699E7
1341;4844;4;1.700185420914699E7
1342;4847;3;1.700185420914699E7
1343;4851;4;1.700185420914699E7
1344;4855;4;1.700185420914699E7
1345;4856;1;1.700185420914699E7
1346;4859;3;1.700185420914699E7
1347;4863;4;1.700185420914699E7
1348;4871;8;1.700185420914699E7
1349;4874;3;1.700185420914699E7
1350;4878;4;1.700185420914699E7
1351;4881;3;1.700185420914699E7
1352;4884;3;1.700185420914699E7
1353;4888;4;1.700185420914699E7
1354;4891;3;1.700185420914699E7
1355;4894;3;1.700185420914699E7
1356;4898;4;1.700185420914699E7
1357;4902;4;1.700185420914699E7
1358;4906;4;1.700185420914699E7
1359;4907;1;1.700185420914699E7
1360;4908;1;1.700185420914699E7
1361;4912;4;1.700185420914699E7
1362;4913;1;1.700185420914699E7
1363;4917;4;1.700185420914699E7
1364;4920;3;1.700185420914699E7
1365;4925;5;1.700185420914699E7
1366;4926;1;1.700185420914699E7
1367;4929;3;1.700185420914699E7
1368;4930;1;1.700185420914699E7
1369;4931;1;1.700185420914699E7
1370;4934;3;1.700185420914699E7
1371;4937;3;1.700185420914699E7
1372;4942;5;1.700185420914699E7
1373;4945;3;1.700185420914699E7
1374;4949;4;1.700185420914699E7
1375;4951;2;1.700185420914699E7
1376;4954;3;1.700185420914699E7
1377;4974;20;1.700185420914699E7
1378;4978;4;1.700185420914699E7
1379;4982;4;1.700185420914699E7
1380;4992;10;1.700185420914699E7
1381;4994;2;1.700185420914699E7
1382;4998;4;1.700185420914699E7
1383;5003;5;1.700185420914699E7
1384;5005;2;1.700185420914699E7
1385;5006;1;1.700185420914699E7
1386;5009;3;1.700185420914699E7
1387;5015;6;1.700185420914699E7
1388;5018;3;1.700185420914699E7
1389;5020;2;1.700185420914699E7
1390;5023;3;1.700185420914699E7
1391;5026;3;1.700185420914699E7
1392;5028;2;1.700185420914699E7
1393;5033;5;1.700185420914699E7
1394;5036;3;1.700185420914699E7
1395;5037;1;1.700185420914699E7
1396;5038;1;1.700185420914699E7
1397;5041;3;1.700185420914699E7
1398;5043;2;1.700185420914699E7
1399;5045;2;1.700185420914699E7
1400;5045;0;1.700185420914699E7
1401;5048;3;1.700185420914699E7
1402;5048;0;1.700185420914699E7
1403;5051;3;1.700185420914699E7
1404;5054;3;1.700185420914699E7
1405;5056;2;1.700185420914699E7
1406;5060;4;1.700185420914699E7
1407;5062;2;1.700185420914699E7
1408;5065;3;1.700185420914699E7
1409;5067;2;1.700185420914699E7
1410;5069;2;1.700185420914699E7
1411;5072;3;1.700185420914699E7
1412;5074;2;1.700185420914699E7
1413;5076;2;1.700185420914699E7
1414;5079;3;1.700185420914699E7
1415;5080;1;1.700185420914699E7
1416;5082;2;1.700185420914699E7
1417;5084;2;1.700185420914699E7
1418;5087;3;1.700185420914699E7
1419;5088;1;1.700185420914699E7
1420;5091;3;1.700185420914699E7
1421;5093;2;1.700185420914699E7
1422;5097;4;1.700185420914699E7
1423;5100;3;1.700185420914699E7
1424;5103;3;1.700185420914699E7
1425;5105;2;1.700185420914699E7
1426;5106;1;1.700185420914699E7
1427;5110;4;1.700185420914699E7
1428;5114;4;1.700185420914699E7
1429;5115;1;1.700185420914699E7
1430;5120;5;1.700185420914699E7
1431;5121;1;1.700185420914699E7
1432;5123;2;1.700185420914699E7
1433;5126;3;1.700185420914699E7
1434;5128;2;1.700185420914699E7
1435;5130;2;1.700185420914699E7
1436;5131;1;1.700185420914699E7
1437;5132;1;1.700185420914699E7
1438;5133;1;1.700185420914699E7
1439;5134;1;1.700185420914699E7
1440;5136;2;1.700185420914699E7
1441;5139;3;1.700185420914699E7
1442;5140;1;1.700185420914699E7
1443;5143;3;1.700185420914699E7
1444;5144;1;1.700185420914699E7
1445;5146;2;1.700185420914699E7
1446;5146;0;1.700185420914699E7
1447;5147;1;1.700185420914699E7
1448;5149;2;1.700185420914699E7
1449;5151;2;1.700185420914699E7
1450;5153;2;1.700185420914699E7
1451;5156;3;1.700185420914699E7
1452;5156;0;1.700185420914699E7
1453;5158;2;1.700185420914699E7
1454;5159;1;1.700185420914699E7
1455;5162;3;1.700185420914699E7
1456;5165;3;1.700185420914699E7
1457;5167;2;1.700185420914699E7
1458;5169;2;1.700185420914699E7
1459;5171;2;1.700185420914699E7
1460;5172;1;1.700185420914699E7
1461;5174;2;1.700185420914699E7
1462;5174;0;1.700185420914699E7
1463;5176;2;1.700185420914699E7
1464;5178;2;1.700185420914699E7
1465;5180;2;1.700185420914699E7
1466;5183;3;1.700185420914699E7
1467;5185;2;1.700185420914699E7
1468;5188;3;1.700185420914699E7
1469;5189;1;1.700185420914699E7
1470;5191;2;1.700185420914699E7
1471;5192;1;1.700185420914699E7
1472;5195;3;1.700185420914699E7
1473;5197;2;1.700185420914699E7
1474;5198;1;1.700185420914699E7
1475;5200;2;1.700185420914699E7
1476;5203;3;1.700185420914699E7
1477;5205;2;1.700185420914699E7
1478;5210;5;1.700185420914699E7
1479;5214;4;1.700185420914699E7
1480;5215;1;1.700185420914699E7
1481;5219;4;1.700185420914699E7
1482;5222;3;1.700185420914699E7
1483;5224;2;1.700185420914699E7
1484;5226;2;1.700185420914699E7
1485;5228;2;1.700185420914699E7
1486;5231;3;1.700185420914699E7
1487;5233;2;1.700185420914699E7
1488;5236;3;1.700185420914699E7
1489;5237;1;1.700185420914699E7
1490;5239;2;1.700185420914699E7
1491;5242;3;1.700185420914699E7
1492;5244;2;1.700185420914699E7
1493;5245;1;1.700185420914699E7
1494;5247;2;1.700185420914699E7
1495;5249;2;1.700185420914699E7
1496;5250;1;1.700185420914699E7
1497;5252;2;1.700185420914699E7
1498;5253;1;1.700185420914699E7
1499;5256;3;1.700185420914699E7
1500;5259;3;1.700185420914699E7
1501;5259;0;1.700185420914699E7
1502;5262;3;1.700185420914699E7
1503;5263;1;1.700185420914699E7
1504;5265;2;1.700185420914699E7
1505;5267;2;1.700185420914699E7
1506;5269;2;1.700185420914699E7
1507;5271;2;1.700185420914699E7
1508;5274;3;1.700185420914699E7
1509;5275;1;1.700185420914699E7
1510;5277;2;1.700185420914699E7
1511;5280;3;1.700185420914699E7
1512;5282;2;1.700185420914699E7
1513;5285;3;1.700185420914699E7
1514;5287;2;1.700185420914699E7
1515;5290;3;1.700185420914699E7
1516;5291;1;1.700185420914699E7
1517;5294;3;1.700185420914699E7
1518;5295;1;1.700185420914699E7
1519;5296;1;1.700185420914699E7
1520;5299;3;1.700185420914699E7
1521;5301;2;1.700185420914699E7
1522;5304;3;1.700185420914699E7
1523;5306;2;1.700185420914699E7
1524;5309;3;1.700185420914699E7
1525;5313;4;1.700185420914699E7
1526;5316;3;1.700185420914699E7
1527;5321;5;1.700185420914699E7
1528;5324;3;1.700185420914699E7
1529;5326;2;1.700185420914699E7
1530;5327;1;1.700185420914699E7
1531;5330;3;1.700185420914699E7
1532;5331;1;1.700185420914699E7
1533;5333;2;1.700185420914699E7
1534;5335;2;1.700185420914699E7
1535;5337;2;1.700185420914699E7
1536;5338;1;1.700185420914699E7
1537;5341;3;1.700185420914699E7
1538;5343;2;1.700185420914699E7
1539;5344;1;1.700185420914699E7
1540;5347;3;1.700185420914699E7
1541;5347;0;1.700185420914699E7
1542;5348;1;1.700185420914699E7
1543;5350;2;1.700185420914699E7
1544;5352;2;1.700185420914699E7
1545;5354;2;1.700185420914699E7
1546;5355;1;1.700185420914699E7
1547;5358;3;1.700185420914699E7
1548;5360;2;1.700185420914699E7
1549;5361;1;1.700185420914699E7
1550;5363;2;1.700185420914699E7
1551;5364;1;1.700185420914699E7
1552;5366;2;1.700185420914699E7
1553;5369;3;1.700185420914699E7
1554;5373;4;1.700185420914699E7
1555;5374;1;1.700185420914699E7
1556;5376;2;1.700185420914699E7
1557;5377;1;1.700185420914699E7
1558;5379;2;1.700185420914699E7
1559;5380;1;1.700185420914699E7
1560;5381;1;1.700185420914699E7
1561;5383;2;1.700185420914699E7
1562;5384;1;1.700185420914699E7
1563;5386;2;1.700185420914699E7
1564;5388;2;1.700185420914699E7
1565;5391;3;1.7001806160861403E7
1566;5393;2;1.7001806160861403E7
1567;5395;2;1.7001806160861403E7
1568;5396;1;1.7001806160861403E7
1569;5398;2;1.7001806160861403E7
1570;5400;2;1.7001806160861403E7
1571;5404;4;1.7001806160861403E7
1572;5408;4;1.7001806160861403E7
1573;5410;2;1.7001806160861403E7
1574;5411;1;1.7001806160861403E7
1575;5412;1;1.7001806160861403E7
1576;5414;2;1.7001806160861403E7
1577;5416;2;1.7001806160861403E7
1578;5418;2;1.7001806160861403E7
1579;5421;3;1.7001806160861403E7
1580;5424;3;1.7001806160861403E7
1581;5426;2;1.7001806160861403E7
1582;5428;2;1.7001806160861403E7
1583;5428;0;1.7001806160861403E7
1584;5433;5;1.7001806160861403E7
1585;5436;3;1.7001806160861403E7
1586;5438;2;1.7001806160861403E7
1587;5440;2;1.7001806160861403E7
1588;5441;1;1.7001806160861403E7
1589;5443;2;1.7001806160861403E7
1590;5447;4;1.7001806160861403E7
1591;5449;2;1.7001806160861403E7
1592;5450;1;1.7001806160861403E7
1593;5451;1;1.7001806160861403E7
1594;5452;1;1.7001806160861403E7
1595;5455;3;1.7001806160861403E7
1596;5457;2;1.7001806160861403E7
1597;5457;0;1.7001806160861403E7
1598;5458;1;1.7001806160861403E7
1599;5460;2;1.7001806160861403E7
1600;5462;2;1.7001806160861403E7
1601;5464;2;1.7001806160861403E7
1602;5465;1;1.7001806160861403E7
1603;5468;3;1.7001806160861403E7
1604;5471;3;1.7001806160861403E7
1605;5472;1;1.7001806160861403E7
1606;5474;2;1.7001806160861403E7
1607;5477;3;1.7001806160861403E7
1608;5480;3;1.7001806160861403E7
1609;5482;2;1.7001806160861403E7
1610;5484;2;1.7001806160861403E7
1611;5487;3;1.7001806160861403E7
1612;5489;2;1.7001806160861403E7
1613;5490;1;1.7001806160861403E7
1614;5492;2;1.7001806160861403E7
1615;5494;2;1.7001806160861403E7
1616;5495;1;1.7001806160861403E7
1617;5496;1;1.7001806160861403E7
1618;5497;1;1.7001806160861403E7
1619;5499;2;1.7001806160861403E7
1620;5500;1;1.7001806160861403E7
1621;5502;2;1.7001806160861403E7
1622;5504;2;1.7001806160861403E7
1623;5507;3;1.7001806160861403E7
1624;5508;1;1.7001806160861403E7
1625;5511;3;1.7001806160861403E7
1626;5512;1;1.7001806160861403E7
1627;5515;3;1.7001806160861403E7
1628;5516;1;1.7001806160861403E7
1629;5518;2;1.7001806160861403E7
1630;5520;2;1.7001806160861403E7
1631;5522;2;1.7001806160861403E7
1632;5522;0;1.7001806160861403E7
1633;5524;2;1.7001806160861403E7
1634;5525;1;1.7001806160861403E7
1635;5525;0;1.7001806160861403E7
1636;5528;3;1.7001806160861403E7
1637;5529;1;1.7001806160861403E7
1638;5532;3;1.7001806160861403E7
1639;5534;2;1.7001806160861403E7
1640;5536;2;1.7001806160861403E7
1641;5537;1;1.7001806160861403E7
1642;5538;1;1.7001806160861403E7
1643;5540;2;1.7001806160861403E7
1644;5542;2;1.7001806160861403E7
1645;5543;1;1.7001806160861403E7
1646;5547;4;1.7001806160861403E7
1647;5549;2;1.7001806160861403E7
1648;5551;2;1.7001806160861403E7
1649;5554;3;1.7001806160861403E7
1650;5556;2;1.7001806160861403E7
1651;5559;3;1.7001806160861403E7
1652;5561;2;1.7001806160861403E7
1653;5563;2;1.7001806160861403E7
1654;5566;3;1.7001806160861403E7
1655;5568;2;1.7001806160861403E7
1656;5569;1;1.7001806160861403E7
1657;5570;1;1.7001806160861403E7
1658;5572;2;1.7001806160861403E7
1659;5574;2;1.7001806160861403E7
1660;5577;3;1.7001806160861403E7
1661;5579;2;1.7001806160861403E7
1662;5581;2;1.7001806160861403E7
1663;5584;3;1.7001806160861403E7
1664;5585;1;1.7001806160861403E7
1665;5586;1;1.7001806160861403E7
1666;5586;0;1.7001806160861403E7
1667;5588;2;1.7001806160861403E7
1668;5593;5;1.7001806160861403E7
1669;5594;1;1.7001806160861403E7
1670;5595;1;1.7001806160861403E7
1671;5597;2;1.7001806160861403E7
1672;5602;5;1.7001806160861403E7
1673;5603;1;1.7001806160861403E7
1674;5604;1;1.7001806160861403E7
1675;5607;3;1.7001806160861403E7
1676;5610;3;1.7001806160861403E7
1677;5612;2;1.7001806160861403E7
1678;5614;2;1.7001806160861403E7
1679;5616;2;1.7001806160861403E7
1680;5618;2;1.7001806160861403E7
1681;5620;2;1.7001806160861403E7
1682;5621;1;1.7001806160861403E7
1683;5624;3;1.7001806160861403E7
1684;5627;3;1.7001806160861403E7
1685;5629;2;1.7001806160861403E7
1686;5630;1;1.7001806160861403E7
1687;5632;2;1.7001806160861403E7
1688;5633;1;1.7001806160861403E7
1689;5635;2;1.7001806160861403E7
1690;5637;2;1.7001806160861403E7
1691;5640;3;1.7001806160861403E7
1692;5643;3;1.7001806160861403E7
1693;5645;2;1.7001806160861403E7
1694;5648;3;1.7001806160861403E7
1695;5651;3;1.7001806160861403E7
1696;5653;2;1.7001806160861403E7
1697;5656;3;1.7001806160861403E7
1698;5657;1;1.7001806160861403E7
1699;5659;2;1.7001806160861403E7
1700;5662;3;1.7001806160861403E7
1701;5664;2;1.7001806160861403E7
1702;5666;2;1.7001806160861403E7
1703;5668;2;1.7001806160861403E7
1704;5670;2;1.7001806160861403E7
1705;5673;3;1.7001806160861403E7
1706;5675;2;1.7001806160861403E7
1707;5678;3;1.7001806160861403E7
1708;5678;0;1.7001806160861403E7
1709;5680;2;1.7001806160861403E7
1710;5682;2;1.7001806160861403E7
1711;5683;1;1.7001806160861403E7
1712;5687;4;1.7001806160861403E7
1713;5689;2;1.7001806160861403E7
1714;5690;1;1.7001806160861403E7
1715;5691;1;1.7001806160861403E7
1716;5693;2;1.7001806160861403E7
1717;5694;1;1.7001806160861403E7
1718;5696;2;1.7001806160861403E7
1719;5698;2;1.7001806160861403E7
1720;5699;1;1.7001806160861403E7
1721;5701;2;1.7001806160861403E7
1722;5703;2;1.7001806160861403E7
1723;5704;1;1.7001806160861403E7
1724;5706;2;1.7001806160861403E7
1725;5707;1;1.7001806160861403E7
1726;5711;4;1.7001806160861403E7
1727;5712;1;1.7001806160861403E7
1728;5714;2;1.7001806160861403E7
1729;5716;2;1.7001806160861403E7
1730;5719;3;1.7001806160861403E7
1731;5720;1;1.7001806160861403E7
1732;5723;3;1.7001806160861403E7
1733;5725;2;1.7001806160861403E7
1734;5727;2;1.7001806160861403E7
1735;5728;1;1.7001806160861403E7
1736;5730;2;1.7001806160861403E7
1737;5731;1;1.7001806160861403E7
1738;5732;1;1.7001806160861403E7
1739;5735;3;1.7001806160861403E7
1740;5737;2;1.7001806160861403E7
1741;5740;3;1.7001806160861403E7
1742;5741;1;1.7001806160861403E7
1743;5743;2;1.7001806160861403E7
1744;5743;0;1.7001806160861403E7
1745;5745;2;1.7001806160861403E7
1746;5747;2;1.7001806160861403E7
1747;5749;2;1.7001806160861403E7
1748;5751;2;1.7001806160861403E7
1749;5753;2;1.7001806160861403E7
1750;5756;3;1.7001806160861403E7
1751;5758;2;1.7001806160861403E7
1752;5760;2;1.7001806160861403E7
1753;5760;0;1.7001806160861403E7
1754;5762;2;1.7001806160861403E7
1755;5763;1;1.7001806160861403E7
1756;5765;2;1.7001806160861403E7
1757;5768;3;1.7001806160861403E7
1758;5770;2;1.7001806160861403E7
1759;5771;1;1.7001806160861403E7
1760;5771;0;1.7001806160861403E7
1761;5773;2;1.7001806160861403E7
1762;5775;2;1.7001806160861403E7
1763;5777;2;1.7001806160861403E7
1764;5780;3;1.7001806160861403E7
1765;5781;1;1.7001806160861403E7
1766;5782;1;1.7001806160861403E7
1767;5784;2;1.7001806160861403E7
1768;5785;1;1.7001806160861403E7
1769;5788;3;1.7001806160861403E7
1770;5790;2;1.7001806160861403E7
1771;5791;1;1.7001806160861403E7
1772;5793;2;1.7001806160861403E7
1773;5795;2;1.7001806160861403E7
1774;5797;2;1.7001806160861403E7
1775;5800;3;1.7001806160861403E7
1776;5802;2;1.7001806160861403E7
1777;5804;2;1.7001806160861403E7
1778;5806;2;1.7001806160861403E7
1779;5810;4;1.7001806160861403E7
1780;5812;2;1.7001806160861403E7
1781;5815;3;1.7001806160861403E7
1782;5817;2;1.7001806160861403E7
1783;5819;2;1.7001806160861403E7
1784;5823;4;1.7001806160861403E7
1785;5825;2;1.7001806160861403E7
1786;5827;2;1.7001806160861403E7
1787;5829;2;1.7001806160861403E7
1788;5833;4;1.7001806160861403E7
1789;5834;1;1.7001806160861403E7
1790;5836;2;1.7001806160861403E7
1791;5839;3;1.7001806160861403E7
1792;5842;3;1.7001806160861403E7
1793;5844;2;1.7001806160861403E7
1794;5846;2;1.7001806160861403E7
1795;5848;2;1.7001806160861403E7
1796;5849;1;1.7001806160861403E7
1797;5852;3;1.7001806160861403E7
1798;5854;2;1.7001806160861403E7
1799;5857;3;1.7001806160861403E7
1800;5859;2;1.7001806160861403E7
1801;5861;2;1.7001806160861403E7
1802;5862;1;1.7001806160861403E7
1803;5863;1;1.7001806160861403E7
1804;5865;2;1.7001806160861403E7
1805;5865;0;1.7001806160861403E7
1806;5868;3;1.7001806160861403E7
1807;5869;1;1.7001806160861403E7
1808;5872;3;1.7001806160861403E7
1809;5874;2;1.7001806160861403E7
1810;5876;2;1.7001806160861403E7
1811;5877;1;1.7001806160861403E7
1812;5880;3;1.7001806160861403E7
1813;5882;2;1.7001806160861403E7
1814;5883;1;1.7001806160861403E7
1815;5885;2;1.7001806160861403E7
1816;5887;2;1.7001806160861403E7
1817;5888;1;1.7001806160861403E7
1818;5891;3;1.7001806160861403E7
1819;5893;2;1.7001806160861403E7
1820;5894;1;1.7001806160861403E7
1821;5896;2;1.7001806160861403E7
1822;5898;2;1.7001806160861403E7
1823;5901;3;1.7001806160861403E7
1824;5903;2;1.7001806160861403E7
1825;5905;2;1.7001806160861403E7
1826;5907;2;1.7001806160861403E7
1827;5908;1;1.7001806160861403E7
1828;5910;2;1.7001806160861403E7
1829;5912;2;1.7001806160861403E7
1830;5913;1;1.7001806160861403E7
1831;5915;2;1.7001806160861403E7
1832;5917;2;1.7001806160861403E7
1833;5919;2;1.7001806160861403E7
1834;5922;3;1.7001806160861403E7
1835;5923;1;1.7001806160861403E7
1836;5927;4;1.7001806160861403E7
1837;5930;3;1.7001806160861403E7
1838;5932;2;1.7001806160861403E7
1839;5935;3;1.7001806160861403E7
1840;5937;2;1.7001806160861403E7
1841;5939;2;1.7001806160861403E7
1842;5939;0;1.7001806160861403E7
1843;5942;3;1.7001806160861403E7
1844;5943;1;1.7001806160861403E7
1845;5946;3;1.7001806160861403E7
1846;5948;2;1.7001806160861403E7
1847;5949;1;1.7001806160861403E7
1848;5951;2;1.7001806160861403E7
1849;5953;2;1.7001806160861403E7
1850;5956;3;1.7001806160861403E7
1851;5958;2;1.7001806160861403E7
1852;5959;1;1.7001806160861403E7
1853;5960;1;1.7001806160861403E7
1854;5962;2;1.7001806160861403E7
1855;5964;2;1.7001806160861403E7
1856;5965;1;1.7001806160861403E7
1857;5966;1;1.7001806160861403E7
1858;5968;2;1.7001806160861403E7
1859;5970;2;1.7001806160861403E7
1860;5972;2;1.7001806160861403E7
1861;5974;2;1.7001806160861403E7
1862;5976;2;1.7001806160861403E7
1863;5978;2;1.7001806160861403E7
1864;5979;1;1.7001806160861403E7
1865;5981;2;1.7001806160861403E7
1866;5983;2;1.7001806160861403E7
1867;5984;1;1.7001806160861403E7
1868;5986;2;1.7001806160861403E7
1869;5988;2;1.7001806160861403E7
1870;5990;2;1.7001806160861403E7
1871;5992;2;1.7001806160861403E7
1872;5994;2;1.7001806160861403E7
1873;5997;3;1.7001806160861403E7
1874;5998;1;1.7001806160861403E7
1875;6000;2;1.7001806160861403E7
1876;6001;1;1.7001806160861403E7
1877;6002;1;1.7001806160861403E7
1878;6005;3;1.7001806160861403E7
1879;6006;1;1.7001806160861403E7
1880;6009;3;1.7001806160861403E7
1881;6009;0;1.7001806160861403E7
1882;6013;4;1.7001806160861403E7
1883;6014;1;1.7001806160861403E7
1884;6014;0;1.7001806160861403E7
1885;6016;2;1.7001806160861403E7
1886;6019;3;1.7001806160861403E7
1887;6021;2;1.7001806160861403E7
1888;6021;0;1.7001806160861403E7
1889;6023;2;1.7001806160861403E7
1890;6025;2;1.7001806160861403E7
1891;6029;4;1.7001806160861403E7
1892;6029;0;1.7001806160861403E7
1893;6031;2;1.7001806160861403E7
1894;6034;3;1.7001806160861403E7
1895;6036;2;1.7001806160861403E7
1896;6038;2;1.7001806160861403E7
1897;6041;3;1.7001806160861403E7
1898;6043;2;1.7001806160861403E7
1899;6044;1;1.7001806160861403E7
1900;6046;2;1.7001806160861403E7
1901;6046;0;1.7001806160861403E7
1902;6048;2;1.7001806160861403E7
1903;6050;2;1.7001806160861403E7
1904;6052;2;1.7001806160861403E7
1905;6054;2;1.7001806160861403E7
1906;6056;2;1.7001806160861403E7
1907;6058;2;1.7001806160861403E7
1908;6060;2;1.7001806160861403E7
1909;6061;1;1.7001806160861403E7
1910;6063;2;1.7001806160861403E7
1911;6065;2;1.7001806160861403E7
1912;6067;2;1.7001806160861403E7
1913;6069;2;1.7001806160861403E7
1914;6071;2;1.7001806160861403E7
1915;6075;4;1.7001806160861403E7
1916;6078;3;1.7001806160861403E7
1917;6080;2;1.7001806160861403E7
1918;6084;4;1.7001806160861403E7
1919;6087;3;1.7001806160861403E7
1920;6089;2;1.7001806160861403E7
1921;6093;4;1.7001806160861403E7
1922;6097;4;1.7001806160861403E7
1923;6101;4;1.7001806160861403E7
1924;6104;3;1.7001806160861403E7
1925;6108;4;1.7001806160861403E7
1926;6112;4;1.7001806160861403E7
1927;6114;2;1.7001806160861403E7
1928;6117;3;1.7001806160861403E7
1929;6119;2;1.7001806160861403E7
1930;6122;3;1.7001806160861403E7
1931;6123;1;1.7001806160861403E7
1932;6124;1;1.7001806160861403E7
1933;6125;1;1.7001806160861403E7
1934;6127;2;1.7001806160861403E7
1935;6128;1;1.7001806160861403E7
1936;6129;1;1.7001806160861403E7
1937;6129;0;1.7001806160861403E7
1938;6130;1;1.7001806160861403E7
1939;6131;1;1.7001806160861403E7
1940;6134;3;1.7001806160861403E7
1941;6135;1;1.7001806160861403E7
1942;6136;1;1.7001806160861403E7
1943;6138;2;1.7001806160861403E7
1944;6140;2;1.7001806160861403E7
1945;6143;3;1.7001806160861403E7
1946;6145;2;1.7001806160861403E7
1947;6146;1;1.7001806160861403E7
1948;6148;2;1.7001806160861403E7
1949;6150;2;1.7001806160861403E7
1950;6152;2;1.7001806160861403E7
1951;6154;2;1.7001806160861403E7
1952;6156;2;1.7001806160861403E7
1953;6158;2;1.7001806160861403E7
1954;6161;3;1.7001806160861403E7
1955;6162;1;1.7001806160861403E7
1956;6163;1;1.7001806160861403E7
1957;6165;2;1.7001806160861403E7
1958;6167;2;1.7001806160861403E7
1959;6168;1;1.7001806160861403E7
1960;6170;2;1.7001806160861403E7
1961;6171;1;1.7001806160861403E7
1962;6175;4;1.7001806160861403E7
1963;6177;2;1.7001806160861403E7
1964;6181;4;1.7001806160861403E7
1965;6184;3;1.7001806160861403E7
1966;6186;2;1.7001806160861403E7
1967;6187;1;1.7001806160861403E7
1968;6189;2;1.7001806160861403E7
1969;6190;1;1.7001806160861403E7
1970;6191;1;1.7001806160861403E7
1971;6193;2;1.7001806160861403E7
1972;6196;3;1.6001987098924426E7
1973;6198;2;1.6001987098924426E7
1974;6200;2;1.6001987098924426E7
1975;6202;2;1.6001987098924426E7
1976;6204;2;1.6001987098924426E7
1977;6206;2;1.6001987098924426E7
1978;6208;2;1.6001987098924426E7
1979;6211;3;1.6001987098924426E7
1980;6214;3;1.6001987098924426E7
1981;6216;2;1.6001987098924426E7
1982;6217;1;1.6001987098924426E7
1983;6220;3;1.600197775780779E7
1984;6223;3;1.600197775780779E7
1985;6226;3;1.600197775780779E7
1986;6228;2;1.600197775780779E7
1987;6230;2;1.600197775780779E7
1988;6232;2;1.600197775780779E7
1989;6234;2;1.600197775780779E7
1990;6236;2;1.600197775780779E7
1991;6237;1;1.600197775780779E7
1992;6239;2;1.600197775780779E7
1993;6241;2;1.600197775780779E7
1994;6242;1;1.600197775780779E7
1995;6244;2;1.600197775780779E7
1996;6246;2;1.600197775780779E7
1997;6249;3;1.600197775780779E7
1998;6250;1;1.600197775780779E7
1999;6252;2;1.600197775780779E7
2000;6255;3;1.600197775780779E7
2001;6257;2;1.600197775780779E7
2002;6259;2;1.600197775780779E7
2003;6262;3;1.600197775780779E7
2004;6264;2;1.600197775780779E7
2005;6266;2;1.600197775780779E7
2006;6268;2;1.600197775780779E7
2007;6270;2;1.6001973491906658E7
2008;6272;2;1.6001973491906658E7
2009;6276;4;1.6001973491906658E7
2010;6278;2;1.6001973491906658E7
2011;6279;1;1.6001973491906658E7
2012;6281;2;1.6001973491906658E7
2013;6283;2;1.6001973491906658E7
2014;6285;2;1.6001973491906658E7
2015;6286;1;1.6001973491906658E7
2016;6288;2;1.6001973491906658E7
2017;6288;0;1.6001973491906658E7
2018;6290;2;1.6001973491906658E7
2019;6292;2;1.6001973491906658E7
2020;6294;2;1.6001973491906658E7
2021;6296;2;1.6001973491906658E7
2022;6299;3;1.6001973491906658E7
2023;6301;2;1.6001973491906658E7
2024;6303;2;1.6001973491906658E7
2025;6303;0;1.6001973491906658E7
2026;6304;1;1.6001973491906658E7
2027;6305;1;1.6001973491906658E7
2028;6307;2;1.6001973491906658E7
2029;6309;2;1.6001973491906658E7
2030;6311;2;1.6001967405850623E7
2031;6313;2;1.6001967405850623E7
2032;6315;2;1.6001967405850623E7
2033;6318;3;1.6001967405850623E7
2034;6320;2;1.6001967405850623E7
2035;6322;2;1.6001967405850623E7
2036;6324;2;1.6001967405850623E7
2037;6326;2;1.600196695877193E7
2038;6327;1;1.600196695877193E7
2039;6332;5;1.600196695877193E7
2040;6334;2;1.600196695877193E7
2041;6336;2;1.600196695877193E7
2042;6337;1;1.600196695877193E7
2043;6339;2;1.600196695877193E7
2044;6341;2;1.600196695877193E7
2045;6343;2;1.600196695877193E7
2046;6345;2;1.600196695877193E7
2047;6345;0;1.600196695877193E7
2048;6347;2;1.600196695877193E7
2049;6349;2;1.6001938144561404E7
2050;6351;2;1.6001938144561404E7
2051;6353;2;1.6001938144561404E7
2052;6355;2;1.6001938144561404E7
2053;6357;2;1.6001938144561404E7
2054;6357;0;1.6001938144561404E7
2055;6360;3;1.6001938144561404E7
2056;6362;2;1.6001938144561404E7
2057;6364;2;1.6001938144561404E7
2058;6365;1;1.6001938144561404E7
2059;6365;0;1.6001938144561404E7
2060;6368;3;1.6001938144561404E7
2061;6369;1;1.6001938144561404E7
2062;6371;2;1.6001938144561404E7
2063;6374;3;1.6001938144561404E7
2064;6375;1;1.6001938144561404E7
2065;6379;4;1.6001938144561404E7
2066;6382;3;1.6001938144561404E7
2067;6384;2;1.6001938144561404E7
2068;6386;2;1.6001938144561404E7
2069;6389;3;1.6001938144561404E7
2070;6390;1;1.6001938144561404E7
2071;6394;4;1.6001938144561404E7
2072;6397;3;1.6001938144561404E7
2073;6401;4;1.6001938144561404E7
2074;6405;4;1.6001938144561404E7
2075;6409;4;1.6001938144561404E7
2076;6414;5;1.6001938144561404E7
2077;6417;3;1.6001938144561404E7
2078;6418;1;1.6001938144561404E7
2079;6421;3;1.6001938144561404E7
2080;6424;3;1.6001938144561404E7
2081;6430;6;1.6001938144561404E7
2082;6434;4;1.6001938144561404E7
2083;6435;1;1.6001938144561404E7
2084;6441;6;1.6001938144561404E7
2085;6445;4;1.6001938144561404E7
2086;6449;4;1.6001938144561404E7
2087;6452;3;1.6001938144561404E7
2088;6458;6;1.6001938144561404E7
2089;6461;3;1.6001938144561404E7
2090;6463;2;1.6001938144561404E7
2091;6467;4;1.6001938144561404E7
2092;6471;4;1.6001938144561404E7
2093;6474;3;1.6001938144561404E7
2094;6478;4;1.6001938144561404E7
2095;6485;7;1.6001938144561404E7
2096;6495;10;1.6001938144561404E7
2097;6499;4;1.6001938144561404E7
2098;6503;4;1.6001892059406962E7
2099;6507;4;1.6001892059406962E7
2100;6508;1;1.6001892059406962E7
2101;6515;7;1.6001892059406962E7
2102;6516;1;1.6001892059406962E7
2103;6517;1;1.6001892059406962E7
2104;6520;3;1.6001892059406962E7
2105;6522;2;1.6001892059406962E7
2106;6524;2;1.6001892059406962E7
2107;6526;2;1.6001892059406962E7
2108;6530;4;1.6001892059406962E7
2109;6531;1;1.6001892059406962E7
2110;6533;2;1.6001892059406962E7
2111;6536;3;1.6001892059406962E7
2112;6537;1;1.6001892059406962E7
2113;6539;2;1.6001892059406962E7
2114;6541;2;1.6001892059406962E7
2115;6542;1;1.6001892059406962E7
2116;6544;2;1.6001892059406962E7
2117;6546;2;1.6001892059406962E7
2118;6549;3;1.6001892059406962E7
2119;6552;3;1.6001892059406962E7
2120;6557;5;1.6001892059406962E7
2121;6560;3;1.6001892059406962E7
2122;6565;5;1.6001892059406962E7
2123;6568;3;1.6001892059406962E7
2124;6572;4;1.6001892059406962E7
2125;6580;8;1.6001892059406962E7
2126;6585;5;1.6001892059406962E7
2127;6588;3;1.6001892059406962E7
2128;6594;6;1.6001892059406962E7
2129;6598;4;1.6001892059406962E7
2130;6604;6;1.6001892059406962E7
2131;6607;3;1.6001892059406962E7
2132;6610;3;1.6001892059406962E7
2133;6613;3;1.6001892059406962E7
2134;6616;3;1.6001892059406962E7
2135;6617;1;1.6001892059406962E7
2136;6621;4;1.6001892059406962E7
2137;6625;4;1.6001892059406962E7
2138;6628;3;1.6001892059406962E7
2139;6631;3;1.6001892059406962E7
2140;6634;3;1.6001892059406962E7
2141;6635;1;1.6001892059406962E7
2142;6640;5;1.6001892059406962E7
2143;6643;3;1.6001892059406962E7
2144;6645;2;1.6001892059406962E7
2145;6648;3;1.6001892059406962E7
2146;6650;2;1.6001892059406962E7
2147;6652;2;1.6001892059406962E7
2148;6653;1;1.6001892059406962E7
2149;6656;3;1.6001892059406962E7
2150;6658;2;1.6001892059406962E7
2151;6659;1;1.6001892059406962E7
2152;6662;3;1.6001892059406962E7
2153;6664;2;1.6001892059406962E7
2154;6666;2;1.6001892059406962E7
2155;6668;2;1.6001892059406962E7
2156;6668;0;1.6001892059406962E7
2157;6670;2;1.6001892059406962E7
2158;6672;2;1.6001892059406962E7
2159;6674;2;1.6001892059406962E7
2160;6675;1;1.6001892059406962E7
2161;6677;2;1.6001892059406962E7
2162;6681;4;1.6001892059406962E7
2163;6683;2;1.6001892059406962E7
2164;6685;2;1.6001892059406962E7
2165;6687;2;1.6001892059406962E7
2166;6688;1;1.6001892059406962E7
2167;6690;2;1.6001892059406962E7
2168;6692;2;1.6001892059406962E7
2169;6693;1;1.6001892059406962E7
2170;6695;2;1.6001892059406962E7
2171;6695;0;1.6001892059406962E7
2172;6698;3;1.6001892059406962E7
2173;6699;1;1.6001892059406962E7
2174;6700;1;1.6001892059406962E7
2175;6702;2;1.6001892059406962E7
2176;6703;1;1.6001892059406962E7
2177;6705;2;1.6001892059406962E7
2178;6708;3;1.6001892059406962E7
2179;6710;2;1.6001892059406962E7
2180;6711;1;1.6001892059406962E7
2181;6713;2;1.6001892059406962E7
2182;6714;1;1.6001892059406962E7
2183;6715;1;1.6001892059406962E7
2184;6716;1;1.6001892059406962E7
2185;6718;2;1.6001892059406962E7
2186;6719;1;1.6001892059406962E7
2187;6722;3;1.6001892059406962E7
2188;6724;2;1.600186763082386E7
2189;6727;3;1.600186763082386E7
2190;6728;1;1.600186763082386E7
2191;6732;4;1.600186763082386E7
2192;6734;2;1.600186763082386E7
2193;6740;6;1.600186763082386E7
2194;6742;2;1.600186763082386E7
2195;6742;0;1.600186763082386E7
2196;6746;4;1.600186763082386E7
2197;6747;1;1.600186763082386E7
2198;6748;1;1.600186763082386E7
2199;6751;3;1.600186763082386E7
2200;6754;3;1.600186763082386E7
2201;6756;2;1.600186763082386E7
2202;6757;1;1.600186763082386E7
2203;6760;3;1.600186763082386E7
2204;6761;1;1.600186763082386E7
2205;6763;2;1.600186763082386E7
2206;6766;3;1.600186763082386E7
2207;6767;1;1.600186763082386E7
2208;6770;3;1.600186763082386E7
2209;6771;1;1.600186763082386E7
2210;6773;2;1.600186763082386E7
2211;6775;2;1.600186763082386E7
2212;6775;0;1.600186763082386E7
2213;6778;3;1.600186763082386E7
2214;6781;3;1.600186763082386E7
2215;6783;2;1.600186763082386E7
2216;6784;1;1.600186763082386E7
2217;6786;2;1.60018668630104E7
2218;6787;1;1.60018668630104E7
2219;6789;2;1.60018668630104E7
2220;6791;2;1.60018668630104E7
2221;6793;2;1.60018668630104E7
2222;6793;0;1.60018668630104E7
2223;6795;2;1.60018668630104E7
2224;6797;2;1.60018668630104E7
2225;6798;1;1.60018668630104E7
2226;6799;1;1.60018668630104E7
2227;6801;2;1.60018668630104E7
2228;6803;2;1.60018668630104E7
2229;6804;1;1.60018668630104E7
2230;6806;2;1.60018668630104E7
2231;6809;3;1.60018668630104E7
2232;6811;2;1.60018668630104E7
2233;6813;2;1.60018668630104E7
2234;6815;2;1.60018668630104E7
2235;6818;3;1.60018668630104E7
2236;6818;0;1.60018668630104E7
2237;6820;2;1.60018668630104E7
2238;6823;3;1.6001857595684487E7
2239;6823;0;1.6001857595684487E7
2240;6826;3;1.6001857595684487E7
2241;6827;1;1.6001857595684487E7
2242;6829;2;1.6001857595684487E7
2243;6831;2;1.6001857595684487E7
2244;6833;2;1.6001857595684487E7
2245;6834;1;1.6001857595684487E7
2246;6837;3;1.6001857595684487E7
2247;6839;2;1.6001857595684487E7
2248;6840;1;1.6001857595684487E7
2249;6841;1;1.6001857595684487E7
2250;6843;2;1.6001857595684487E7
2251;6844;1;1.6001857595684487E7
2252;6846;2;1.6001857595684487E7
2253;6847;1;1.6001857595684487E7
2254;6850;3;1.6001857595684487E7
2255;6850;0;1.6001857595684487E7
2256;6852;2;1.6001857595684487E7
2257;6854;2;1.6001857595684487E7
2258;6856;2;1.6001857595684487E7
2259;6857;1;1.6001857595684487E7
2260;6859;2;1.6001857595684487E7
2261;6861;2;1.6001857595684487E7
2262;6862;1;1.6001857595684487E7
2263;6863;1;1.6001857595684487E7
2264;6864;1;1.6001857595684487E7
2265;6867;3;1.6001857595684487E7
2266;6869;2;1.6001857595684487E7
2267;6869;0;1.6001857595684487E7
2268;6870;1;1.6001857595684487E7
2269;6872;2;1.6001857595684487E7
2270;6875;3;1.6001857595684487E7
2271;6878;3;1.6001857595684487E7
2272;6879;1;1.6001850184099674E7
2273;6882;3;1.6001850184099674E7
2274;6884;2;1.6001850184099674E7
2275;6886;2;1.6001850184099674E7
2276;6886;0;1.6001850184099674E7
2277;6888;2;1.6001850184099674E7
2278;6889;1;1.6001850184099674E7
2279;6891;2;1.6001850184099674E7
2280;6892;1;1.6001850184099674E7
2281;6894;2;1.6001850184099674E7
2282;6895;1;1.6001850184099674E7
2283;6897;2;1.6001850184099674E7
2284;6898;1;1.6001850184099674E7
2285;6901;3;1.6001850184099674E7
2286;6903;2;1.6001850184099674E7
2287;6905;2;1.6001850184099674E7
2288;6907;2;1.6001850184099674E7
2289;6909;2;1.6001850184099674E7
2290;6910;1;1.6001850184099674E7
2291;6912;2;1.6001850184099674E7
2292;6914;2;1.6001850184099674E7
2293;6916;2;1.6001850184099674E7
2294;6917;1;1.6001850184099674E7
2295;6919;2;1.600183698857718E7
2296;6921;2;1.600183698857718E7
2297;6923;2;1.600183698857718E7
2298;6925;2;1.600183698857718E7
2299;6929;4;1.600183698857718E7
2300;6932;3;1.600183698857718E7
2301;6934;2;1.600183698857718E7
2302;6937;3;1.600183698857718E7
2303;6941;4;1.600183698857718E7
2304;6944;3;1.600183698857718E7
2305;6948;4;1.600183698857718E7
2306;6953;5;1.600183698857718E7
2307;6956;3;1.600183698857718E7
2308;6958;2;1.600183698857718E7
2309;6960;2;1.600183698857718E7
2310;6961;1;1.600183686922648E7
2311;6963;2;1.600183686922648E7
2312;6964;1;1.600183686922648E7
2313;6965;1;1.600183686922648E7
2314;6967;2;1.600183686922648E7
2315;6969;2;1.600183686922648E7
2316;6971;2;1.600183686922648E7
2317;6973;2;1.600183686922648E7
2318;6975;2;1.600183686922648E7
2319;6978;3;1.600183686922648E7
2320;6984;6;1.600183686922648E7
2321;6987;3;1.600183686922648E7
2322;6988;1;1.600183686922648E7
2323;6991;3;1.600183686922648E7
2324;6992;1;1.600183686922648E7
2325;6994;2;1.600183686922648E7
2326;6996;2;1.600183686922648E7
2327;6998;2;1.600183686922648E7
2328;7000;2;1.600183686922648E7
2329;7001;1;1.600183686922648E7
2330;7002;1;1.600183686922648E7
2331;7004;2;1.600183686922648E7
2332;7005;1;1.600183686922648E7
2333;7009;4;1.600183686922648E7
2334;7011;2;1.600183686922648E7
2335;7014;3;1.600183686922648E7
2336;7016;2;1.600183686922648E7
2337;7018;2;1.600183686922648E7
2338;7020;2;1.600183686922648E7
2339;7022;2;1.600183686922648E7
2340;7024;2;1.600183686922648E7
2341;7026;2;1.600183686922648E7
2342;7027;1;1.600183686922648E7
2343;7029;2;1.600183686922648E7
2344;7030;1;1.600183686922648E7
2345;7031;1;1.600183686922648E7
2346;7031;0;1.600183686922648E7
2347;7034;3;1.600183686922648E7
2348;7036;2;1.600183686922648E7
2349;7037;1;1.600183686922648E7
2350;7039;2;1.600183686922648E7
2351;7041;2;1.600183686922648E7
2352;7042;1;1.600183686922648E7
2353;7044;2;1.600183686922648E7
2354;7045;1;1.600183686922648E7
2355;7048;3;1.600183686922648E7
2356;7049;1;1.600183686922648E7
2357;7050;1;1.600183686922648E7
2358;7053;3;1.600183686922648E7
2359;7055;2;1.600183686922648E7
2360;7058;3;1.600183686922648E7
2361;7061;3;1.600183686922648E7
2362;7063;2;1.600183686922648E7
2363;7066;3;1.600183686922648E7
2364;7068;2;1.600183686922648E7
2365;7072;4;1.600183686922648E7
2366;7072;0;1.600183686922648E7
2367;7074;2;1.600183686922648E7
2368;7075;1;1.600183686922648E7
2369;7076;1;1.600183686922648E7
2370;7078;2;1.600183686922648E7
2371;7080;2;1.600183686922648E7
2372;7084;4;1.600183686922648E7
2373;7086;2;1.600183686922648E7
2374;7089;3;1.600183686922648E7
2375;7092;3;1.600183686922648E7
2376;7097;5;1.600183686922648E7
2377;7100;3;1.600183686922648E7
2378;7102;2;1.600183686922648E7
2379;7103;1;1.600183686922648E7
2380;7105;2;1.600183686922648E7
2381;7107;2;1.600183686922648E7
2382;7110;3;1.600183686922648E7
2383;7114;4;1.600183686922648E7
2384;7117;3;1.600183686922648E7
2385;7119;2;1.600183686922648E7
2386;7119;0;1.600183686922648E7
2387;7120;1;1.600183686922648E7
2388;7121;1;1.600183686922648E7
2389;7123;2;1.600183686922648E7
2390;7124;1;1.600183686922648E7
2391;7126;2;1.600183686922648E7
2392;7128;2;1.600183686922648E7
2393;7132;4;1.600183686922648E7
2394;7134;2;1.600183686922648E7
2395;7139;5;1.600183686922648E7
2396;7140;1;1.600183686922648E7
2397;7146;6;1.600183686922648E7
2398;7148;2;1.600183686922648E7
2399;7150;2;1.600183686922648E7
2400;7153;3;1.600183686922648E7
2401;7156;3;1.600183686922648E7
2402;7158;2;1.600183686922648E7
2403;7159;1;1.600183686922648E7
2404;7161;2;1.600183686922648E7
2405;7164;3;1.600183686922648E7
2406;7166;2;1.600183686922648E7
2407;7168;2;1.600183686922648E7
2408;7170;2;1.600183686922648E7
2409;7172;2;1.600183686922648E7
2410;7173;1;1.600183686922648E7
2411;7175;2;1.600183686922648E7
2412;7178;3;1.6001835183129186E7
2413;7180;2;1.6001835183129186E7
2414;7181;1;1.6001835183129186E7
2415;7184;3;1.600183464072095E7
2416;7188;4;1.600183464072095E7
2417;7193;5;1.600183464072095E7
2418;7196;3;1.6001826014719028E7
2419;7199;3;1.6001805832450707E7
2420;7203;4;1.6001795018913217E7
2421;7208;5;1.6001795018913217E7
2422;7209;1;1.6001795018913217E7
2423;7211;2;1.6001795018913217E7
2424;7213;2;1.6001795018913217E7
2425;7215;2;1.6001795018913217E7
2426;7217;2;1.6001795018913217E7
2427;7219;2;1.6001795018913217E7
2428;7222;3;1.6001795018913217E7
2429;7222;0;1.6001795018913217E7
2430;7225;3;1.6001795018913217E7
2431;7227;2;1.6001795018913217E7
2432;7230;3;1.6001795018913217E7
2433;7232;2;1.6001795018913217E7
2434;7233;1;1.6001795018913217E7
2435;7235;2;1.6001795018913217E7
2436;7237;2;1.6001795018913217E7
2437;7240;3;1.6001795018913217E7
2438;7244;4;1.6001795018913217E7
2439;7247;3;1.6001795018913217E7
2440;7248;1;1.6001795018913217E7
2441;7252;4;1.6001795018913217E7
2442;7257;5;1.6001795018913217E7
2443;7261;4;1.6001795018913217E7
2444;7264;3;1.6001795018913217E7
2445;7267;3;1.6001795018913217E7
2446;7268;1;1.6001795018913217E7
2447;7271;3;1.6001795018913217E7
2448;7273;2;1.6001795018913217E7
2449;7275;2;1.6001795018913217E7
2450;7276;1;1.6001795018913217E7
2451;7278;2;1.6001795018913217E7
2452;7280;2;1.6001795018913217E7
2453;7282;2;1.6001795018913217E7
2454;7283;1;1.6001795018913217E7
2455;7283;0;1.6001795018913217E7
2456;7284;1;1.6001795018913217E7
2457;7284;0;1.6001795018913217E7
2458;7285;1;1.6001795018913217E7
2459;7287;2;1.6001795018913217E7
2460;7288;1;1.6001795018913217E7
2461;7290;2;1.6001795018913217E7
2462;7292;2;1.6001795018913217E7
2463;7294;2;1.6001795018913217E7
2464;7296;2;1.6001795018913217E7
2465;7298;2;1.6001795018913217E7
2466;7299;1;1.6001795018913217E7
2467;7301;2;1.6001795018913217E7
2468;7303;2;1.6001795018913217E7
2469;7306;3;1.6001795018913217E7
2470;7307;1;1.6001795018913217E7
2471;7310;3;1.6001795018913217E7
2472;7312;2;1.6001795018913217E7
2473;7315;3;1.6001795018913217E7
2474;7317;2;1.6001795018913217E7
2475;7319;2;1.6001795018913217E7
2476;7321;2;1.6001795018913217E7
2477;7322;1;1.6001795018913217E7
2478;7324;2;1.6001795018913217E7
2479;7326;2;1.6001795018913217E7
2480;7328;2;1.6001795018913217E7
2481;7330;2;1.6001795018913217E7
2482;7331;1;1.6001795018913217E7
2483;7333;2;1.6001795018913217E7
2484;7335;2;1.6001795018913217E7
2485;7338;3;1.6001795018913217E7
2486;7340;2;1.6001795018913217E7
2487;7341;1;1.6001795018913217E7
2488;7343;2;1.6001795018913217E7
2489;7344;1;1.6001795018913217E7
2490;7346;2;1.6001795018913217E7
2491;7347;1;1.6001795018913217E7
2492;7349;2;1.6001795018913217E7
2493;7351;2;1.6001795018913217E7
2494;7352;1;1.6001795018913217E7
2495;7354;2;1.6001795018913217E7
2496;7355;1;1.6001795018913217E7
2497;7360;5;1.6001795018913217E7
2498;7364;4;1.6001795018913217E7
2499;7367;3;1.6001795018913217E7
2500;7373;6;1.6001795018913217E7
2501;7378;5;1.6001795018913217E7
2502;7381;3;1.6001795018913217E7
2503;7385;4;1.6001795018913217E7
2504;7389;4;1.6001795018913217E7
2505;7392;3;1.6001795018913217E7
2506;7395;3;1.6001795018913217E7
2507;7397;2;1.6001795018913217E7
2508;7402;5;1.6001795018913217E7
2509;7405;3;1.6001795018913217E7
2510;7406;1;1.6001795018913217E7
2511;7408;2;1.6001795018913217E7
2512;7410;2;1.6001795018913217E7
2513;7412;2;1.6001765049443802E7
2514;7418;6;1.6001765049443802E7
2515;7421;3;1.6001757854885736E7
2516;7423;2;1.6001756493691789E7
2517;7425;2;1.6001756493691789E7
2518;7426;1;1.6001756493691789E7
2519;7427;1;1.6001756493691789E7
2520;7428;1;1.6001756493691789E7
2521;7432;4;1.6001756493691789E7
2522;7433;1;1.6001756493691789E7
2523;7435;2;1.6001756493691789E7
2524;7436;1;1.6001756493691789E7
2525;7439;3;1.6001756493691789E7
2526;7440;1;1.6001756493691789E7
2527;7443;3;1.6001756493691789E7
2528;7445;2;1.6001756493691789E7
2529;7447;2;1.6001756493691789E7
2530;7449;2;1.6001756493691789E7
2531;7450;1;1.6001756493691789E7
2532;7451;1;1.6001756493691789E7
2533;7453;2;1.6001756493691789E7
2534;7456;3;1.6001756493691789E7
2535;7458;2;1.6001756493691789E7
2536;7460;2;1.6001756493691789E7
2537;7462;2;1.6001756493691789E7
2538;7464;2;1.6001756493691789E7
2539;7464;0;1.6001756493691789E7
2540;7465;1;1.6001756493691789E7
2541;7467;2;1.6001756493691789E7
2542;7470;3;1.6001756493691789E7
2543;7471;1;1.6001756493691789E7
2544;7473;2;1.6001756493691789E7
2545;7475;2;1.6001756493691789E7
2546;7477;2;1.6001756493691789E7
2547;7479;2;1.6001756493691789E7
2548;7481;2;1.6001756493691789E7
2549;7483;2;1.6001756493691789E7
2550;7484;1;1.6001756493691789E7
2551;7485;1;1.6001756493691789E7
2552;7485;0;1.6001756493691789E7
2553;7486;1;1.6001756493691789E7
2554;7488;2;1.6001756493691789E7
2555;7490;2;1.6001756493691789E7
2556;7493;3;1.6001756493691789E7
2557;7495;2;1.6001756493691789E7
2558;7496;1;1.6001756493691789E7
2559;7496;0;1.6001756493691789E7
2560;7498;2;1.6001756493691789E7
2561;7501;3;1.6001756493691789E7
2562;7504;3;1.6001756493691789E7
2563;7506;2;1.6001756493691789E7
2564;7508;2;1.6001756493691789E7
2565;7512;4;1.6001756493691789E7
2566;7513;1;1.6001756493691789E7
2567;7516;3;1.6001756493691789E7
2568;7517;1;1.6001756493691789E7
2569;7518;1;1.6001756493691789E7
2570;7520;2;1.6001756493691789E7
2571;7522;2;1.6001756493691789E7
2572;7524;2;1.6001756493691789E7
2573;7525;1;1.6001756493691789E7
2574;7527;2;1.6001756493691789E7
2575;7529;2;1.6001756493691789E7
2576;7531;2;1.6001756493691789E7
2577;7532;1;1.6001756493691789E7
2578;7533;1;1.6001756493691789E7
2579;7534;1;1.6001756493691789E7
2580;7536;2;1.6001756493691789E7
2581;7537;1;1.6001756493691789E7
2582;7540;3;1.6001756493691789E7
2583;7542;2;1.6001756493691789E7
2584;7543;1;1.6001756493691789E7
2585;7545;2;1.6001756493691789E7
2586;7548;3;1.6001756493691789E7
2587;7550;2;1.6001756493691789E7
2588;7551;1;1.6001756493691789E7
2589;7553;2;1.6001756493691789E7
2590;7555;2;1.6001756493691789E7
2591;7556;1;1.6001756493691789E7
2592;7557;1;1.6001756493691789E7
2593;7558;1;1.6001756493691789E7
2594;7560;2;1.6001756493691789E7
2595;7563;3;1.6001756493691789E7
2596;7565;2;1.6001756493691789E7
2597;7566;1;1.6001756493691789E7
2598;7569;3;1.6001756493691789E7
2599;7570;1;1.6001756493691789E7
2600;7571;1;1.6001756493691789E7
2601;7574;3;1.6001756493691789E7
2602;7576;2;1.6001756493691789E7
2603;7576;0;1.6001756493691789E7
2604;7578;2;1.6001756493691789E7
2605;7580;2;1.6001756493691789E7
2606;7582;2;1.6001756493691789E7
2607;7583;1;1.6001756493691789E7
2608;7584;1;1.6001756493691789E7
2609;7587;3;1.6001756493691789E7
2610;7590;3;1.6001756493691789E7
2611;7593;3;1.6001756493691789E7
2612;7594;1;1.6001756493691789E7
2613;7596;2;1.6001756493691789E7
2614;7598;2;1.6001756493691789E7
2615;7600;2;1.6001756493691789E7
2616;7602;2;1.6001756493691789E7
2617;7604;2;1.6001756493691789E7
2618;7608;4;1.6001756493691789E7
2619;7610;2;1.6001756493691789E7
2620;7612;2;1.6001756493691789E7
2621;7612;0;1.6001756493691789E7
2622;7614;2;1.6001756493691789E7
2623;7615;1;1.6001756493691789E7
2624;7617;2;1.6001756493691789E7
2625;7620;3;1.6001756493691789E7
2626;7620;0;1.6001756493691789E7
2627;7622;2;1.6001756493691789E7
2628;7624;2;1.6001756493691789E7
2629;7626;2;1.6001756493691789E7
2630;7629;3;1.6001756493691789E7
2631;7633;4;1.6001756493691789E7
2632;7639;6;1.6001756493691789E7
2633;7640;1;1.6001756493691789E7
2634;7644;4;1.6001756493691789E7
2635;7647;3;1.6001756493691789E7
2636;7650;3;1.6001756493691789E7
2637;7655;5;1.6001756493691789E7
2638;7659;4;1.6001756493691789E7
2639;7662;3;1.6001756493691789E7
2640;7666;4;1.6001756493691789E7
2641;7669;3;1.6001756493691789E7
2642;7671;2;1.6001756493691789E7
2643;7673;2;1.6001756493691789E7
2644;7676;3;1.6001756493691789E7
2645;7682;6;1.6001756493691789E7
2646;7685;3;1.6001756493691789E7
2647;7687;2;1.6001756493691789E7
2648;7692;5;1.6001756493691789E7
2649;7697;5;1.6001756493691789E7
2650;7701;4;1.6001756493691789E7
2651;7704;3;1.6001756493691789E7
2652;7705;1;1.6001756493691789E7
2653;7709;4;1.6001756493691789E7
2654;7712;3;1.6001756493691789E7
2655;7715;3;1.6001756493691789E7
2656;7716;1;1.6001756493691789E7
2657;7719;3;1.6001756493691789E7
2658;7722;3;1.6001756493691789E7
2659;7724;2;1.6001756493691789E7
2660;7726;2;1.6001756493691789E7
2661;7727;1;1.6001756493691789E7
2662;7728;1;1.6001756493691789E7
2663;7731;3;1.6001756493691789E7
2664;7735;4;1.6001756493691789E7
2665;7738;3;1.6001756493691789E7
2666;7740;2;1.6001756493691789E7
2667;7741;1;1.6001756493691789E7
2668;7744;3;1.6001756493691789E7
2669;7746;2;1.6001756493691789E7
2670;7748;2;1.6001756493691789E7
2671;7750;2;1.6001756493691789E7
2672;7752;2;1.6001756493691789E7
2673;7754;2;1.6001756493691789E7
2674;7756;2;1.6001756493691789E7
2675;7759;3;1.6001756493691789E7
2676;7761;2;1.6001756493691789E7
2677;7763;2;1.6001756493691789E7
2678;7763;0;1.6001756493691789E7
2679;7765;2;1.6001756493691789E7
2680;7768;3;1.6001752680691581E7
2681;7769;1;1.6001752680691581E7
2682;7771;2;1.6001752680691581E7
2683;7772;1;1.6001752680691581E7
2684;7774;2;1.6001752680691581E7
2685;7778;4;1.6001752680691581E7
2686;7778;0;1.6001752680691581E7
2687;7780;2;1.6001752680691581E7
2688;7782;2;1.6001752680691581E7
2689;7785;3;1.6001752680691581E7
2690;7787;2;1.6001752680691581E7
2691;7788;1;1.6001752680691581E7
2692;7790;2;1.6001752680691581E7
2693;7793;3;1.6001752680691581E7
2694;7796;3;1.6001752680691581E7
2695;7796;0;1.6001752680691581E7
2696;7799;3;1.6001752680691581E7
2697;7800;1;1.6001752680691581E7
2698;7803;3;1.6001752680691581E7
2699;7807;4;1.6001752680691581E7
2700;7810;3;1.6001752680691581E7
2701;7812;2;1.6001752680691581E7
2702;7815;3;1.6001752680691581E7
2703;7818;3;1.6001752680691581E7
2704;7822;4;1.6001752680691581E7
2705;7827;5;1.6001752680691581E7
2706;7828;1;1.6001752680691581E7
2707;7829;1;1.6001752680691581E7
2708;7834;5;1.6001752680691581E7
2709;7837;3;1.6001752680691581E7
2710;7839;2;1.6001752680691581E7
2711;7841;2;1.6001752680691581E7
2712;7844;3;1.6001752680691581E7
2713;7847;3;1.6001752680691581E7
2714;7848;1;1.6001752680691581E7
2715;7850;2;1.6001752680691581E7
2716;7852;2;1.6001752680691581E7
2717;7857;5;1.6001752680691581E7
2718;7858;1;1.6001752680691581E7
2719;7859;1;1.6001752680691581E7
2720;7860;1;1.6001752680691581E7
2721;7862;2;1.6001752680691581E7
2722;7863;1;1.6001752680691581E7
2723;7865;2;1.6001752680691581E7
2724;7867;2;1.6001752680691581E7
2725;7869;2;1.6001752680691581E7
2726;7870;1;1.6001752680691581E7
2727;7872;2;1.6001752680691581E7
2728;7873;1;1.6001752680691581E7
2729;7875;2;1.6001752680691581E7
2730;7877;2;1.6001752680691581E7
2731;7878;1;1.6001752680691581E7
2732;7878;0;1.6001752680691581E7
2733;7880;2;1.6001752680691581E7
2734;7884;4;1.6001752680691581E7
2735;7885;1;1.6001752680691581E7
2736;7888;3;1.6001752680691581E7
2737;7890;2;1.6001752680691581E7
2738;7892;2;1.6001752680691581E7
2739;7894;2;1.6001752680691581E7
2740;7896;2;1.6001752680691581E7
2741;7898;2;1.6001752680691581E7
2742;7901;3;1.6001752680691581E7
2743;7902;1;1.6001752680691581E7
2744;7904;2;1.6001752680691581E7
2745;7904;0;1.6001752680691581E7
2746;7906;2;1.6001752680691581E7
2747;7908;2;1.6001752680691581E7
2748;7910;2;1.6001752680691581E7
2749;7912;2;1.6001752680691581E7
2750;7915;3;1.6001752680691581E7
2751;7916;1;1.6001752680691581E7
2752;7918;2;1.6001752680691581E7
2753;7920;2;1.6001752680691581E7
2754;7922;2;1.6001752680691581E7
2755;7924;2;1.6001752680691581E7
2756;7927;3;1.6001752680691581E7
2757;7928;1;1.6001752680691581E7
2758;7929;1;1.6001752680691581E7
2759;7931;2;1.6001752680691581E7
2760;7933;2;1.6001752680691581E7
2761;7935;2;1.6001752680691581E7
2762;7937;2;1.6001752680691581E7
2763;7938;1;1.6001752680691581E7
2764;7938;0;1.6001752680691581E7
2765;7940;2;1.6001750848864747E7
2766;7941;1;1.6001750848864747E7
2767;7941;0;1.6001750848864747E7
2768;7943;2;1.6001750848864747E7
2769;7945;2;1.6001750848864747E7
2770;7946;1;1.6001750848864747E7
2771;7948;2;1.6001750848864747E7
2772;7952;4;1.6001750848864747E7
2773;7953;1;1.6001750848864747E7
2774;7954;1;1.6001750848864747E7
2775;7954;0;1.6001750848864747E7
2776;7955;1;1.6001750848864747E7
2777;7957;2;1.6001750848864747E7
2778;7959;2;1.6001750848864747E7
2779;7960;1;1.6001750848864747E7
2780;7962;2;1.6001750848864747E7
2781;7963;1;1.6001750848864747E7
2782;7964;1;1.6001750848864747E7
2783;7966;2;1.6001750848864747E7
2784;7968;2;1.6001750848864747E7
2785;7970;2;1.6001749965604665E7
2786;7972;2;1.6001749965604665E7
2787;7973;1;1.6001749965604665E7
2788;7975;2;1.6001749965604665E7
2789;7977;2;1.6001749965604665E7
2790;7978;1;1.6001749965604665E7
2791;7979;1;1.6001749965604665E7
2792;7981;2;1.6001749965604665E7
2793;7983;2;1.6001749965604665E7
2794;7985;2;1.6001749965604665E7
2795;7986;1;1.6001749965604665E7
2796;7988;2;1.6001749965604665E7
2797;7990;2;1.6001749965604665E7
2798;7993;3;1.6001749965604665E7
2799;7995;2;1.6001749965604665E7
2800;7996;1;1.6001749965604665E7
2801;7997;1;1.6001749965604665E7
2802;7999;2;1.6001749965604665E7
2803;8001;2;1.6001749965604665E7
2804;8003;2;1.6001749965604665E7
2805;8004;1;1.6001749965604665E7
2806;8006;2;1.6001749965604665E7
2807;8007;1;1.6001749965604665E7
2808;8008;1;1.6001749965604665E7
2809;8009;1;1.6001749965604665E7
2810;8011;2;1.6001749965604665E7
2811;8012;1;1.6001749965604665E7
2812;8013;1;1.6001749965604665E7
2813;8013;0;1.6001749965604665E7
2814;8015;2;1.6001749965604665E7
2815;8018;3;1.6001749965604665E7
2816;8020;2;1.6001749965604665E7
2817;8021;1;1.6001749965604665E7
2818;8024;3;1.6001749965604665E7
2819;8026;2;1.6001749965604665E7
2820;8028;2;1.6001749965604665E7
2821;8030;2;1.6001749965604665E7
2822;8032;2;1.6001749965604665E7
2823;8033;1;1.6001749965604665E7
2824;8036;3;1.6001749965604665E7
2825;8037;1;1.6001749965604665E7
2826;8038;1;1.6001749965604665E7
2827;8040;2;1.6001749965604665E7
2828;8042;2;1.6001749965604665E7
2829;8043;1;1.6001749965604665E7
2830;8045;2;1.6001749965604665E7
2831;8047;2;1.6001749965604665E7
2832;8049;2;1.6001749965604665E7
2833;8051;2;1.6001749965604665E7
2834;8053;2;1.6001749965604665E7
2835;8055;2;1.6001749965604665E7
2836;8058;3;1.6001749965604665E7
2837;8060;2;1.6001749965604665E7
2838;8061;1;1.6001749965604665E7
2839;8063;2;1.6001749965604665E7
2840;8064;1;1.6001749965604665E7
2841;8066;2;1.6001749965604665E7
2842;8068;2;1.6001749965604665E7
2843;8069;1;1.6001749965604665E7
2844;8072;3;1.6001749965604665E7
2845;8074;2;1.6001749965604665E7
2846;8075;1;1.6001748898945864E7
2847;8077;2;1.6001748898945864E7
2848;8077;0;1.6001748898945864E7
2849;8080;3;1.6001748898945864E7
2850;8083;3;1.6001748898945864E7
2851;8084;1;1.6001748898945864E7
2852;8086;2;1.6001747038361875E7
2853;8087;1;1.6001747038361875E7
2854;8088;1;1.6001747038361875E7
2855;8088;0;1.6001747038361875E7
2856;8091;3;1.6001747038361875E7
2857;8092;1;1.6001747038361875E7
2858;8097;5;1.6001747038361875E7
2859;8098;1;1.6001747038361875E7
2860;8100;2;1.6001747038361875E7
2861;8102;2;1.6001747038361875E7
2862;8104;2;1.6001747038361875E7
2863;8105;1;1.6001747038361875E7
2864;8106;1;1.6001747038361875E7
2865;8108;2;1.6001747038361875E7
2866;8111;3;1.6001747038361875E7
2867;8113;2;1.6001747038361875E7
2868;8114;1;1.6001747038361875E7
2869;8116;2;1.6001747038361875E7
2870;8118;2;1.6001747038361875E7
2871;8121;3;1.6001747038361875E7
2872;8124;3;1.6001747038361875E7
2873;8125;1;1.6001747038361875E7
2874;8129;4;1.6001747038361875E7
2875;8138;9;1.6001747038361875E7
2876;8142;4;1.6001747038361875E7
2877;8144;2;1.6001747038361875E7
2878;8146;2;1.6001747038361875E7
2879;8148;2;1.6001747038361875E7
2880;8151;3;1.6001747038361875E7
2881;8155;4;1.6001747038361875E7
2882;8159;4;1.6001747038361875E7
2883;8164;5;1.6001747038361875E7
2884;8167;3;1.6001747038361875E7
2885;8170;3;1.6001747038361875E7
2886;8173;3;1.6001747038361875E7
2887;8179;6;1.6001747038361875E7
2888;8183;4;1.6001747038361875E7
2889;8186;3;1.6001747038361875E7
2890;8190;4;1.6001747038361875E7
2891;8193;3;1.6001747038361875E7
2892;8196;3;1.6001747038361875E7
2893;8200;4;1.6001747038361875E7
2894;8202;2;1.6001747038361875E7
2895;8205;3;1.6001747038361875E7
2896;8206;1;1.6001747038361875E7
2897;8208;2;1.6001747038361875E7
2898;8209;1;1.6001747038361875E7
2899;8211;2;1.6001747038361875E7
2900;8213;2;1.6001747038361875E7
2901;8214;1;1.6001747038361875E7
2902;8216;2;1.6001747038361875E7
2903;8218;2;1.6001747038361875E7
2904;8220;2;1.6001747038361875E7
2905;8222;2;1.6001747038361875E7
2906;8225;3;1.6001747038361875E7
2907;8227;2;1.6001747038361875E7
2908;8229;2;1.6001747038361875E7
2909;8231;2;1.6001747038361875E7
2910;8234;3;1.6001747038361875E7
2911;8235;1;1.6001747038361875E7
2912;8236;1;1.6001747038361875E7
2913;8236;0;1.6001747038361875E7
2914;8239;3;1.6001747038361875E7
2915;8241;2;1.6001747038361875E7
2916;8242;1;1.6001747038361875E7
2917;8244;2;1.6001747038361875E7
2918;8245;1;1.6001747038361875E7
2919;8247;2;1.6001747038361875E7
2920;8249;2;1.6001747038361875E7
2921;8251;2;1.6001740070272058E7
2922;8252;1;1.6001740070272058E7
2923;8253;1;1.6001740070272058E7
2924;8255;2;1.6001740070272058E7
2925;8256;1;1.6001740070272058E7
2926;8258;2;1.6001740070272058E7
2927;8259;1;1.6001740070272058E7
2928;8261;2;1.6001740070272058E7
2929;8261;0;1.6001740070272058E7
2930;8263;2;1.6001740070272058E7
2931;8265;2;1.6001740070272058E7
2932;8267;2;1.6001740070272058E7
2933;8269;2;1.6001740070272058E7
2934;8271;2;1.6001740070272058E7
2935;8273;2;1.6001740070272058E7
2936;8275;2;1.6001740070272058E7
2937;8277;2;1.6001740070272058E7
2938;8278;1;1.6001740070272058E7
2939;8280;2;1.6001740070272058E7
2940;8283;3;1.6001740070272058E7
2941;8283;0;1.6001740070272058E7
2942;8285;2;1.6001740070272058E7
2943;8286;1;1.6001740070272058E7
2944;8287;1;1.6001740070272058E7
2945;8289;2;1.6001740070272058E7
2946;8291;2;1.6001740070272058E7
2947;8293;2;1.6001740070272058E7
2948;8294;1;1.6001740070272058E7
2949;8296;2;1.6001740070272058E7
2950;8297;1;1.6001740070272058E7
2951;8297;0;1.6001740070272058E7
2952;8299;2;1.6001740070272058E7
2953;8300;1;1.6001740070272058E7
2954;8300;0;1.6001740070272058E7
2955;8302;2;1.6001740070272058E7
2956;8304;2;1.6001740070272058E7
2957;8306;2;1.6001740070272058E7
2958;8308;2;1.6001740070272058E7
2959;8311;3;1.6001740070272058E7
2960;8312;1;1.6001740070272058E7
2961;8314;2;1.6001740070272058E7
2962;8315;1;1.6001740070272058E7
2963;8316;1;1.6001740070272058E7
2964;8316;0;1.6001740070272058E7
2965;8318;2;1.6001740070272058E7
2966;8320;2;1.6001740070272058E7
2967;8321;1;1.6001740070272058E7
2968;8323;2;1.6001740070272058E7
2969;8324;1;1.6001740070272058E7
2970;8326;2;1.6001740070272058E7
2971;8327;1;1.6001740070272058E7
2972;8329;2;1.6001740070272058E7
2973;8331;2;1.6001740070272058E7
2974;8332;1;1.6001740070272058E7
2975;8334;2;1.6001740070272058E7
2976;8335;1;1.6001740070272058E7
2977;8337;2;1.6001740070272058E7
2978;8339;2;1.6001740070272058E7
2979;8340;1;1.6001738460624512E7
2980;8344;4;1.6001738460624512E7
2981;8346;2;1.6001738460624512E7
2982;8349;3;1.6001738460624512E7
2983;8352;3;1.6001738460624512E7
2984;8354;2;1.6001738460624512E7
2985;8354;0;1.6001738460624512E7
2986;8355;1;1.6001738460624512E7
2987;8356;1;1.6001738460624512E7
2988;8357;1;1.6001738460624512E7
2989;8359;2;1.6001738460624512E7
2990;8362;3;1.6001738460624512E7
2991;8363;1;1.6001738460624512E7
2992;8365;2;1.6001738460624512E7
2993;8367;2;1.6001738460624512E7
2994;8369;2;1.6001738460624512E7
2995;8369;0;1.6001738460624512E7
2996;8371;2;1.6001738460624512E7
2997;8373;2;1.6001738460624512E7
2998;8374;1;1.6001738460624512E7
2999;8376;2;1.6001738460624512E7
