Index;Time point [ms];Iteration length [ms];Cost
0;5;5;1.4002484462283997E7
1;10;5;1.4002061590271661E7
2;16;6;1.4001750663772497E7
3;18;2;1.400171017308474E7
4;23;5;1.4001582822021915E7
5;27;4;1.300201562776771E7
6;31;4;1.3001905116092369E7
7;33;2;1.3001905116092369E7
8;34;1;1.3001905116092369E7
9;38;4;1.3001811443643339E7
10;44;6;1.3001760836663052E7
11;45;1;1.3001760836663052E7
12;47;2;1.3001620840761522E7
13;50;3;1.3001619485179273E7
14;55;5;1.3001461811216276E7
15;56;1;1.3001461811216276E7
16;57;1;1.3001461811216276E7
17;59;2;1.3001461811216276E7
18;61;2;1.3001461811216276E7
19;64;3;1.3001461811216276E7
20;67;3;1.3001427098307053E7
21;69;2;1.3001427098307053E7
22;72;3;1.3001427098307053E7
23;74;2;1.3001427098307053E7
24;75;1;1.3001427098307053E7
25;78;3;1.3001427098307053E7
26;78;0;1.3001427098307053E7
27;81;3;1.3001427098307053E7
28;82;1;1.3001427098307053E7
29;83;1;1.3001427098307053E7
30;87;4;1.3001427098307053E7
31;90;3;1.3001427098307053E7
32;91;1;1.3001427098307053E7
33;95;4;1.3001427098307053E7
34;96;1;1.3001427098307053E7
35;101;5;1.3001427098307053E7
36;105;4;1.3001427098307053E7
37;108;3;1.3001427098307053E7
38;112;4;1.3001427098307053E7
39;113;1;1.3001427098307053E7
40;118;5;1.3001427098307053E7
41;121;3;1.3001427098307053E7
42;125;4;1.3001427098307053E7
43;128;3;1.3001427098307053E7
44;131;3;1.2001705267516581E7
45;133;2;1.2001705267516581E7
46;136;3;1.2001705267516581E7
47;137;1;1.2001705267516581E7
48;140;3;1.2001705267516581E7
49;142;2;1.2001705267516581E7
50;142;0;1.2001705267516581E7
51;145;3;1.2001705267516581E7
52;147;2;1.2001705267516581E7
53;150;3;1.2001705267516581E7
54;153;3;1.2001705267516581E7
55;154;1;1.2001705267516581E7
56;156;2;1.2001705267516581E7
57;158;2;1.2001705267516581E7
58;159;1;1.2001705267516581E7
59;161;2;1.2001705267516581E7
60;163;2;1.2001705267516581E7
61;170;7;1.2001705267516581E7
62;174;4;1.2001705267516581E7
63;175;1;1.2001705267516581E7
64;178;3;1.2001705267516581E7
65;183;5;1.2001705267516581E7
66;184;1;1.2001705267516581E7
67;189;5;1.2001705267516581E7
68;193;4;1.2001705267516581E7
69;197;4;1.2001705267516581E7
70;202;5;1.2001705267516581E7
71;207;5;1.2001705267516581E7
72;210;3;1.2001705267516581E7
73;212;2;1.2001705267516581E7
74;215;3;1.2001705267516581E7
75;218;3;1.2001705267516581E7
76;220;2;1.2001705267516581E7
77;224;4;1.2001705267516581E7
78;226;2;1.2001705267516581E7
79;228;2;1.2001705267516581E7
80;230;2;1.2001705267516581E7
81;233;3;1.2001705267516581E7
82;235;2;1.2001705267516581E7
83;238;3;1.2001705267516581E7
84;242;4;1.2001705267516581E7
85;244;2;1.2001705267516581E7
86;246;2;1.2001705267516581E7
87;250;4;1.2001705267516581E7
88;253;3;1.2001705267516581E7
89;256;3;1.2001705267516581E7
90;260;4;1.2001705267516581E7
91;265;5;1.2001705267516581E7
92;270;5;1.2001705267516581E7
93;273;3;1.2001705267516581E7
94;277;4;1.2001705267516581E7
95;278;1;1.2001705267516581E7
96;281;3;1.2001705267516581E7
97;285;4;1.2001705267516581E7
98;288;3;1.2001599299099255E7
99;290;2;1.100154072325531E7
100;292;2;1.100154072325531E7
101;295;3;1.100154072325531E7
102;298;3;1.100154072325531E7
103;301;3;1.100154072325531E7
104;303;2;1.100154072325531E7
105;303;0;1.100154072325531E7
106;306;3;1.100154072325531E7
107;309;3;1.100154072325531E7
108;313;4;1.100154072325531E7
109;316;3;1.100154072325531E7
110;320;4;1.100154072325531E7
111;324;4;1.100154072325531E7
112;327;3;1.100154072325531E7
113;331;4;1.100154072325531E7
114;334;3;1.100154072325531E7
115;335;1;1.100154072325531E7
116;338;3;1.100154072325531E7
117;341;3;1.100154072325531E7
118;341;0;1.100154072325531E7
119;344;3;1.100154072325531E7
120;347;3;1.100154072325531E7
121;349;2;1.100154072325531E7
122;352;3;1.100154072325531E7
123;353;1;1.100154072325531E7
124;357;4;1.100154072325531E7
125;357;0;1.100154072325531E7
126;360;3;1.100154072325531E7
127;363;3;1.100154072325531E7
128;365;2;1.100154072325531E7
129;366;1;1.100154072325531E7
130;369;3;1.100154072325531E7
131;373;4;1.100154072325531E7
132;376;3;1.100154072325531E7
133;378;2;1.100154072325531E7
134;382;4;1.100154072325531E7
135;386;4;1.100154072325531E7
136;390;4;1.100154072325531E7
137;393;3;1.100154072325531E7
138;395;2;1.100154072325531E7
139;398;3;1.100154072325531E7
140;401;3;1.100154072325531E7
141;404;3;1.100154072325531E7
142;406;2;1.100154072325531E7
143;409;3;1.100154072325531E7
144;412;3;1.100154072325531E7
145;412;0;1.100154072325531E7
146;415;3;1.100154072325531E7
147;416;1;1.100154072325531E7
148;417;1;1.100154072325531E7
149;419;2;1.1001127506396921E7
150;421;2;1.100112016408264E7
151;423;2;1.100112016408264E7
152;426;3;1.100112016408264E7
153;428;2;1.100112016408264E7
154;431;3;1.100112016408264E7
155;432;1;1.100112016408264E7
156;433;1;1.100112016408264E7
157;436;3;1.100112016408264E7
158;437;1;1.100112016408264E7
159;441;4;1.100112016408264E7
160;442;1;1.100112016408264E7
161;447;5;1.100112016408264E7
162;447;0;1.100112016408264E7
163;449;2;1.100112016408264E7
164;453;4;1.100112016408264E7
165;456;3;1.100112016408264E7
166;458;2;1.100112016408264E7
167;460;2;1.100112016408264E7
168;463;3;1.100112016408264E7
169;464;1;1.100112016408264E7
170;467;3;1.100112016408264E7
171;470;3;1.100112016408264E7
172;473;3;1.100112016408264E7
173;475;2;1.100112016408264E7
174;476;1;1.100112016408264E7
175;477;1;1.100112016408264E7
176;478;1;1.100112016408264E7
177;480;2;1.100112016408264E7
178;484;4;1.100112016408264E7
179;487;3;1.100112016408264E7
180;488;1;1.100112016408264E7
181;489;1;1.100112016408264E7
182;493;4;1.100112016408264E7
183;494;1;1.100112016408264E7
184;496;2;1.100112016408264E7
185;498;2;1.100112016408264E7
186;500;2;1.100112016408264E7
187;502;2;1.100112016408264E7
188;506;4;1.100112016408264E7
189;509;3;1.100112016408264E7
190;512;3;1.100112016408264E7
191;515;3;1.100112016408264E7
192;518;3;1.100112016408264E7
193;521;3;1.100112016408264E7
194;522;1;1.100112016408264E7
195;522;0;1.100112016408264E7
196;523;1;1.100112016408264E7
197;526;3;1.100112016408264E7
198;528;2;1.100112016408264E7
199;533;5;1.100112016408264E7
200;536;3;1.100112016408264E7
201;539;3;1.100112016408264E7
202;541;2;1.100112016408264E7
203;544;3;1.100112016408264E7
204;547;3;1.100112016408264E7
205;550;3;1.100112016408264E7
206;552;2;1.100112016408264E7
207;556;4;1.100112016408264E7
208;558;2;1.100112016408264E7
209;561;3;1.100112016408264E7
210;563;2;1.100112016408264E7
211;565;2;1.100112016408264E7
212;566;1;1.100112016408264E7
213;569;3;1.100112016408264E7
214;571;2;1.100112016408264E7
215;574;3;1.100112016408264E7
216;576;2;1.100112016408264E7
217;577;1;1.100112016408264E7
218;578;1;1.100112016408264E7
219;580;2;1.100112016408264E7
220;583;3;1.100112016408264E7
221;586;3;1.100112016408264E7
222;589;3;1.100112016408264E7
223;594;5;1.100112016408264E7
224;596;2;1.100112016408264E7
225;601;5;1.100112016408264E7
226;605;4;1.100112016408264E7
227;608;3;1.100112016408264E7
228;612;4;1.100112016408264E7
229;614;2;1.100112016408264E7
230;618;4;1.100112016408264E7
231;621;3;1.100112016408264E7
232;622;1;1.100112016408264E7
233;625;3;1.100112016408264E7
234;628;3;1.100112016408264E7
235;632;4;1.100112016408264E7
236;634;2;1.100112016408264E7
237;637;3;1.100112016408264E7
238;638;1;1.100112016408264E7
239;640;2;1.100112016408264E7
240;642;2;1.100112016408264E7
241;646;4;1.100112016408264E7
242;649;3;1.100112016408264E7
243;651;2;1.100112016408264E7
244;655;4;1.100112016408264E7
245;656;1;1.100112016408264E7
246;660;4;1.100112016408264E7
247;662;2;1.100112016408264E7
248;665;3;1.100112016408264E7
249;669;4;1.100112016408264E7
250;670;1;1.100112016408264E7
251;674;4;1.100112016408264E7
252;679;5;1.100112016408264E7
253;682;3;1.100112016408264E7
254;686;4;1.100112016408264E7
255;688;2;1.100112016408264E7
256;691;3;1.100112016408264E7
257;695;4;1.100112016408264E7
258;698;3;1.100112016408264E7
259;702;4;1.100112016408264E7
260;707;5;1.100112016408264E7
261;712;5;1.100112016408264E7
262;713;1;1.100112016408264E7
263;717;4;1.100112016408264E7
264;720;3;1.100112016408264E7
265;724;4;1.100112016408264E7
266;727;3;1.100112016408264E7
267;728;1;1.100112016408264E7
268;732;4;1.100112016408264E7
269;736;4;1.100112016408264E7
270;738;2;1.100112016408264E7
271;741;3;1.100112016408264E7
272;743;2;1.100112016408264E7
273;750;7;1.100112016408264E7
274;755;5;1.100112016408264E7
275;758;3;1.100112016408264E7
276;760;2;1.100112016408264E7
277;765;5;1.100112016408264E7
278;768;3;1.100112016408264E7
279;772;4;1.100112016408264E7
280;775;3;1.100112016408264E7
281;779;4;1.100112016408264E7
282;781;2;1.100112016408264E7
283;785;4;1.100112016408264E7
284;788;3;1.100112016408264E7
285;790;2;1.100112016408264E7
286;793;3;1.100112016408264E7
287;797;4;1.100112016408264E7
288;799;2;1.100112016408264E7
289;801;2;1.100112016408264E7
290;803;2;1.100112016408264E7
291;806;3;1.100112016408264E7
292;809;3;1.100112016408264E7
293;812;3;1.100112016408264E7
294;814;2;1.100112016408264E7
295;817;3;1.100112016408264E7
296;819;2;1.100112016408264E7
297;822;3;1.100112016408264E7
298;825;3;1.100112016408264E7
299;827;2;1.100112016408264E7
300;830;3;1.100112016408264E7
301;834;4;1.100112016408264E7
302;837;3;1.100112016408264E7
303;841;4;1.100112016408264E7
304;843;2;1.100112016408264E7
305;847;4;1.100112016408264E7
306;849;2;1.100112016408264E7
307;850;1;1.100112016408264E7
308;852;2;1.100112016408264E7
309;856;4;1.100112016408264E7
310;858;2;1.100112016408264E7
311;860;2;1.100112016408264E7
312;863;3;1.100112016408264E7
313;865;2;1.100112016408264E7
314;868;3;1.100112016408264E7
315;872;4;1.100112016408264E7
316;874;2;1.100112016408264E7
317;877;3;1.100112016408264E7
318;880;3;1.100112016408264E7
319;881;1;1.100112016408264E7
320;882;1;1.100112016408264E7
321;885;3;1.100112016408264E7
322;889;4;1.100112016408264E7
323;893;4;1.100112016408264E7
324;897;4;1.100112016408264E7
325;900;3;1.100112016408264E7
326;901;1;1.100112016408264E7
327;902;1;1.100112016408264E7
328;906;4;1.100112016408264E7
329;909;3;1.100112016408264E7
330;912;3;1.100112016408264E7
331;915;3;1.100112016408264E7
332;919;4;1.100112016408264E7
333;921;2;1.100112016408264E7
334;923;2;1.100112016408264E7
335;926;3;1.100112016408264E7
336;929;3;1.100112016408264E7
337;932;3;1.100112016408264E7
338;935;3;1.100112016408264E7
339;938;3;1.100112016408264E7
340;940;2;1.100112016408264E7
341;943;3;1.100112016408264E7
342;947;4;1.100112016408264E7
343;950;3;1.100112016408264E7
344;951;1;1.100112016408264E7
345;952;1;1.100112016408264E7
346;955;3;1.100112016408264E7
347;959;4;1.100112016408264E7
348;963;4;1.1001092699610751E7
349;966;3;1.1001092699610751E7
350;967;1;1.1001092699610751E7
351;971;4;1.1001092699610751E7
352;974;3;1.1001092699610751E7
353;977;3;1.1001092699610751E7
354;979;2;1.1001092699610751E7
355;982;3;1.1001092699610751E7
356;985;3;1.1001092699610751E7
357;988;3;1.1001092699610751E7
358;989;1;1.1001092699610751E7
359;993;4;1.1001092699610751E7
360;998;5;1.1001092699610751E7
361;1002;4;1.1001092699610751E7
362;1004;2;1.1001092699610751E7
363;1008;4;1.1001092699610751E7
364;1010;2;1.1001092699610751E7
365;1013;3;1.1001092699610751E7
366;1015;2;1.1001092699610751E7
367;1019;4;1.1001092699610751E7
368;1021;2;1.1001092699610751E7
369;1025;4;1.1001092699610751E7
370;1028;3;1.1001092699610751E7
371;1030;2;1.1001092699610751E7
372;1032;2;1.1001092699610751E7
373;1035;3;1.1001092699610751E7
374;1037;2;1.1001092699610751E7
375;1040;3;1.1001092699610751E7
376;1041;1;1.1001092699610751E7
377;1043;2;1.1001092699610751E7
378;1044;1;1.1001092699610751E7
379;1048;4;1.1001092699610751E7
380;1051;3;1.1001092699610751E7
381;1054;3;1.1001092699610751E7
382;1054;0;1.1001092699610751E7
383;1057;3;1.1001092699610751E7
384;1058;1;1.1001092699610751E7
385;1061;3;1.1001092699610751E7
386;1064;3;1.1001092699610751E7
387;1065;1;1.1001092699610751E7
388;1067;2;1.1001092699610751E7
389;1069;2;1.1001092699610751E7
390;1071;2;1.1001092699610751E7
391;1074;3;1.1001092699610751E7
392;1078;4;1.1001092699610751E7
393;1081;3;1.1001092699610751E7
394;1086;5;1.1001092699610751E7
395;1090;4;1.1001092699610751E7
396;1093;3;1.1001092699610751E7
397;1097;4;1.1001092699610751E7
398;1100;3;1.1001092699610751E7
399;1103;3;1.1001092699610751E7
400;1105;2;1.1001092699610751E7
401;1108;3;1.1001092699610751E7
402;1111;3;1.1001092699610751E7
403;1113;2;1.1001092699610751E7
404;1114;1;1.1001092699610751E7
405;1117;3;1.1001092699610751E7
406;1118;1;1.1001092699610751E7
407;1121;3;1.1001092699610751E7
408;1122;1;1.1001092699610751E7
409;1123;1;1.1001092699610751E7
410;1124;1;1.1001092699610751E7
411;1128;4;1.1001092699610751E7
412;1131;3;1.1001092699610751E7
413;1134;3;1.1001092699610751E7
414;1138;4;1.1001092699610751E7
415;1142;4;1.1001092699610751E7
416;1144;2;1.1001092699610751E7
417;1146;2;1.1001092699610751E7
418;1148;2;1.1001092699610751E7
419;1148;0;1.1001092699610751E7
420;1150;2;1.1001092699610751E7
421;1155;5;1.1001092699610751E7
422;1159;4;1.1001092699610751E7
423;1163;4;1.1001092699610751E7
424;1167;4;1.1001092699610751E7
425;1168;1;1.1001092699610751E7
426;1171;3;1.1001092699610751E7
427;1174;3;1.1001092699610751E7
428;1177;3;1.1001092699610751E7
429;1181;4;1.1001092699610751E7
430;1184;3;1.1001092699610751E7
431;1188;4;1.1001092699610751E7
432;1191;3;1.1001092699610751E7
433;1193;2;1.1001092699610751E7
434;1197;4;1.1001092699610751E7
435;1200;3;1.1001092699610751E7
436;1204;4;1.1001092699610751E7
437;1208;4;1.1001092699610751E7
438;1210;2;1.1001092699610751E7
439;1214;4;1.1001092699610751E7
440;1217;3;1.1001092699610751E7
441;1218;1;1.1001092699610751E7
442;1220;2;1.1001092699610751E7
443;1222;2;1.1001092699610751E7
444;1225;3;1.1001092699610751E7
445;1225;0;1.1001092699610751E7
446;1226;1;1.1001092699610751E7
447;1228;2;1.1001092699610751E7
448;1229;1;1.1001092699610751E7
449;1230;1;1.1001092699610751E7
450;1232;2;1.1001092699610751E7
451;1233;1;1.1001092699610751E7
452;1236;3;1.1001092699610751E7
453;1237;1;1.1001092699610751E7
454;1238;1;1.1001092699610751E7
455;1240;2;1.1001092699610751E7
456;1241;1;1.1001092699610751E7
457;1244;3;1.1001092699610751E7
458;1247;3;1.1001092699610751E7
459;1249;2;1.1001092699610751E7
460;1252;3;1.1001092699610751E7
461;1255;3;1.1001092699610751E7
462;1257;2;1.1001092699610751E7
463;1261;4;1.1001092699610751E7
464;1264;3;1.1001092699610751E7
465;1266;2;1.1001092699610751E7
466;1267;1;1.1001092699610751E7
467;1269;2;1.1001092699610751E7
468;1270;1;1.1001092699610751E7
469;1272;2;1.1001092699610751E7
470;1275;3;1.1001092699610751E7
471;1275;0;1.1001092699610751E7
472;1279;4;1.1001092699610751E7
473;1282;3;1.1001092699610751E7
474;1286;4;1.1001092699610751E7
475;1289;3;1.1001092699610751E7
476;1292;3;1.1001092699610751E7
477;1295;3;1.1001092699610751E7
478;1297;2;1.1001092699610751E7
479;1298;1;1.1001092699610751E7
480;1300;2;1.1001092699610751E7
481;1302;2;1.1001092699610751E7
482;1305;3;1.1001092699610751E7
483;1308;3;1.1001092699610751E7
484;1310;2;1.1001092699610751E7
485;1312;2;1.1001092699610751E7
486;1315;3;1.1001092699610751E7
487;1318;3;1.1001092699610751E7
488;1319;1;1.1001092699610751E7
489;1322;3;1.1001092699610751E7
490;1324;2;1.1001092699610751E7
491;1326;2;1.1001092699610751E7
492;1328;2;1.1001092699610751E7
493;1331;3;1.1001092699610751E7
494;1333;2;1.1001092699610751E7
495;1335;2;1.1001092699610751E7
496;1338;3;1.1001092699610751E7
497;1339;1;1.1001092699610751E7
498;1341;2;1.1001092699610751E7
499;1343;2;1.1001092699610751E7
500;1344;1;1.1001092699610751E7
501;1346;2;1.1001092699610751E7
502;1348;2;1.1001092699610751E7
503;1350;2;1.1001092699610751E7
504;1353;3;1.1001092699610751E7
505;1356;3;1.1001092699610751E7
506;1357;1;1.1001092699610751E7
507;1360;3;1.1001092699610751E7
508;1364;4;1.1001092699610751E7
509;1364;0;1.1001092699610751E7
510;1365;1;1.1001092699610751E7
511;1368;3;1.1001092699610751E7
512;1371;3;1.1001092699610751E7
513;1374;3;1.1001092699610751E7
514;1376;2;1.1001092699610751E7
515;1379;3;1.1001092699610751E7
516;1380;1;1.1001092699610751E7
517;1381;1;1.1001092699610751E7
518;1384;3;1.1001092699610751E7
519;1387;3;1.1001092699610751E7
520;1388;1;1.1001092699610751E7
521;1392;4;1.1001092699610751E7
522;1395;3;1.1001092699610751E7
523;1398;3;1.1001092699610751E7
524;1400;2;1.1001092699610751E7
525;1402;2;1.1001092699610751E7
526;1406;4;1.1001092699610751E7
527;1410;4;1.1001092699610751E7
528;1413;3;1.1001092699610751E7
529;1417;4;1.1001092699610751E7
530;1419;2;1.1001092699610751E7
531;1421;2;1.1001092699610751E7
532;1424;3;1.1001092699610751E7
533;1427;3;1.1001092699610751E7
534;1429;2;1.1001092699610751E7
535;1430;1;1.1001092699610751E7
536;1432;2;1.1001092699610751E7
537;1434;2;1.1001092699610751E7
538;1436;2;1.1001092699610751E7
539;1438;2;1.1001092699610751E7
540;1442;4;1.1001092699610751E7
541;1444;2;1.1001092699610751E7
542;1446;2;1.1001092699610751E7
543;1448;2;1.1001092699610751E7
544;1450;2;1.1001092699610751E7
545;1454;4;1.1001092699610751E7
546;1455;1;1.1001092699610751E7
547;1458;3;1.1001092699610751E7
548;1460;2;1.1001092699610751E7
549;1463;3;1.1001092699610751E7
550;1464;1;1.1001092699610751E7
551;1467;3;1.1001092699610751E7
552;1469;2;1.1001092699610751E7
553;1473;4;1.1001092699610751E7
554;1476;3;1.1001092699610751E7
555;1480;4;1.1001092699610751E7
556;1483;3;1.1001092699610751E7
557;1486;3;1.1001092699610751E7
558;1486;0;1.1001092699610751E7
559;1487;1;1.1001092699610751E7
560;1489;2;1.1001092699610751E7
561;1491;2;1.1001092699610751E7
562;1494;3;1.1001092699610751E7
563;1496;2;1.1001092699610751E7
564;1500;4;1.1001092699610751E7
565;1502;2;1.1001092699610751E7
566;1506;4;1.1001092699610751E7
567;1508;2;1.1001092699610751E7
568;1510;2;1.1001092699610751E7
569;1512;2;1.1001092699610751E7
570;1515;3;1.1001092699610751E7
571;1518;3;1.1001092699610751E7
572;1521;3;1.1001092699610751E7
573;1524;3;1.1001092699610751E7
574;1527;3;1.1001092699610751E7
575;1529;2;1.1001092699610751E7
576;1533;4;1.1001092699610751E7
577;1536;3;1.1001092699610751E7
578;1538;2;1.1001092699610751E7
579;1539;1;1.1001092699610751E7
580;1541;2;1.1001092699610751E7
581;1542;1;1.1001092699610751E7
582;1543;1;1.1001092699610751E7
583;1545;2;1.1001092699610751E7
584;1547;2;1.1001092699610751E7
585;1550;3;1.1001092699610751E7
586;1552;2;1.1001092699610751E7
587;1554;2;1.1001092699610751E7
588;1556;2;1.1001092699610751E7
589;1558;2;1.1001092699610751E7
590;1560;2;1.1001092699610751E7
591;1563;3;1.1001092699610751E7
592;1565;2;1.1001092699610751E7
593;1567;2;1.1001092699610751E7
594;1570;3;1.1001092699610751E7
595;1573;3;1.1001092699610751E7
596;1574;1;1.1001092699610751E7
597;1577;3;1.1001092699610751E7
598;1580;3;1.1001092699610751E7
599;1582;2;1.1001092699610751E7
600;1586;4;1.1001092699610751E7
601;1588;2;1.1001092699610751E7
602;1591;3;1.1001092699610751E7
603;1593;2;1.1001092699610751E7
604;1596;3;1.1001092699610751E7
605;1598;2;1.1001092699610751E7
606;1602;4;1.1001092699610751E7
607;1605;3;1.1001092699610751E7
608;1606;1;1.1001092699610751E7
609;1608;2;1.1001092699610751E7
610;1609;1;1.1001092699610751E7
611;1613;4;1.1001092699610751E7
612;1616;3;1.1001092699610751E7
613;1619;3;1.1001092699610751E7
614;1620;1;1.1001092699610751E7
615;1620;0;1.1001092699610751E7
616;1622;2;1.1001092699610751E7
617;1624;2;1.1001092699610751E7
618;1625;1;1.1001092699610751E7
619;1629;4;1.1001092699610751E7
620;1632;3;1.1001092699610751E7
621;1635;3;1.1001092699610751E7
622;1638;3;1.1001092699610751E7
623;1641;3;1.1001092699610751E7
624;1643;2;1.1001092699610751E7
625;1646;3;1.1001092699610751E7
626;1648;2;1.1001092699610751E7
627;1652;4;1.1001092699610751E7
628;1655;3;1.1001092699610751E7
629;1657;2;1.1001092699610751E7
630;1660;3;1.1001092699610751E7
631;1661;1;1.1001092699610751E7
632;1662;1;1.1001092699610751E7
633;1664;2;1.1001092699610751E7
634;1665;1;1.1001092699610751E7
635;1667;2;1.1001092699610751E7
636;1669;2;1.1001092699610751E7
637;1672;3;1.1001092699610751E7
638;1674;2;1.1001092699610751E7
639;1677;3;1.1001092699610751E7
640;1678;1;1.1001092699610751E7
641;1680;2;1.1001092699610751E7
642;1681;1;1.1001092699610751E7
643;1681;0;1.1001092699610751E7
644;1684;3;1.1001092699610751E7
645;1687;3;1.1001092699610751E7
646;1688;1;1.1001092699610751E7
647;1689;1;1.1001092699610751E7
648;1691;2;1.1001092699610751E7
649;1693;2;1.1001092699610751E7
650;1695;2;1.1001092699610751E7
651;1698;3;1.1001092699610751E7
652;1700;2;1.1001092699610751E7
653;1703;3;1.1001092699610751E7
654;1705;2;1.1001092699610751E7
655;1706;1;1.1001092699610751E7
656;1708;2;1.1001092699610751E7
657;1714;6;1.1001092699610751E7
658;1715;1;1.1001092699610751E7
659;1720;5;1.1001092699610751E7
660;1723;3;1.1001092699610751E7
661;1726;3;1.1001092699610751E7
662;1728;2;1.1001092699610751E7
663;1731;3;1.1001092699610751E7
664;1733;2;1.1001092699610751E7
665;1734;1;1.1001092699610751E7
666;1737;3;1.1001092699610751E7
667;1739;2;1.1001092699610751E7
668;1740;1;1.1001092699610751E7
669;1740;0;1.1001092699610751E7
670;1742;2;1.1001092699610751E7
671;1746;4;1.1001092699610751E7
672;1748;2;1.1001092699610751E7
673;1748;0;1.1001092699610751E7
674;1750;2;1.1001092699610751E7
675;1751;1;1.1001092699610751E7
676;1754;3;1.1001092699610751E7
677;1757;3;1.1001092699610751E7
678;1760;3;1.1001092699610751E7
679;1762;2;1.1001092699610751E7
680;1766;4;1.1001092699610751E7
681;1770;4;1.1001092699610751E7
682;1774;4;1.1001092699610751E7
683;1779;5;1.1001092699610751E7
684;1781;2;1.1001092699610751E7
685;1784;3;1.1001092699610751E7
686;1786;2;1.1001092699610751E7
687;1790;4;1.1001092699610751E7
688;1791;1;1.1001092699610751E7
689;1793;2;1.1001092699610751E7
690;1796;3;1.1001092699610751E7
691;1798;2;1.1001092699610751E7
692;1800;2;1.1001092699610751E7
693;1801;1;1.1001092699610751E7
694;1802;1;1.1001092699610751E7
695;1804;2;1.1001092699610751E7
696;1808;4;1.1001092699610751E7
697;1811;3;1.1001092699610751E7
698;1812;1;1.1001092699610751E7
699;1813;1;1.1001092699610751E7
700;1817;4;1.1001092699610751E7
701;1819;2;1.1001092699610751E7
702;1822;3;1.1001092699610751E7
703;1824;2;1.1001092699610751E7
704;1826;2;1.1001092699610751E7
705;1829;3;1.1001092699610751E7
706;1830;1;1.1001092699610751E7
707;1832;2;1.1001092699610751E7
708;1835;3;1.1001092699610751E7
709;1838;3;1.1001092699610751E7
710;1841;3;1.1001092699610751E7
711;1843;2;1.1001092699610751E7
712;1846;3;1.1001092699610751E7
713;1849;3;1.1001092699610751E7
714;1851;2;1.1001092699610751E7
715;1852;1;1.1001092699610751E7
716;1855;3;1.1001092699610751E7
717;1856;1;1.1001092699610751E7
718;1859;3;1.1001092699610751E7
719;1859;0;1.1001092699610751E7
720;1860;1;1.1001092699610751E7
721;1862;2;1.1001092699610751E7
722;1864;2;1.1001092699610751E7
723;1867;3;1.1001092699610751E7
724;1868;1;1.1001092699610751E7
725;1869;1;1.1001092699610751E7
726;1871;2;1.1001092699610751E7
727;1872;1;1.1001092699610751E7
728;1873;1;1.1001092699610751E7
729;1875;2;1.1001092699610751E7
730;1876;1;1.1001092699610751E7
731;1878;2;1.1001092699610751E7
732;1881;3;1.1001092699610751E7
733;1882;1;1.1001092699610751E7
734;1885;3;1.1001092699610751E7
735;1889;4;1.1001092699610751E7
736;1893;4;1.1001092699610751E7
737;1898;5;1.1001092699610751E7
738;1902;4;1.1001092699610751E7
739;1907;5;1.1001092699610751E7
740;1910;3;1.1001092699610751E7
741;1914;4;1.1001092699610751E7
742;1918;4;1.1001092699610751E7
743;1925;7;1.1001092699610751E7
744;1929;4;1.1001092699610751E7
745;1934;5;1.1001092699610751E7
746;1937;3;1.1001092699610751E7
747;1941;4;1.1001092699610751E7
748;1944;3;1.1001092699610751E7
749;1945;1;1.1001092699610751E7
750;1951;6;1.1001092699610751E7
751;1955;4;1.1001092699610751E7
752;1959;4;1.1001092699610751E7
753;1962;3;1.1001092699610751E7
754;1965;3;1.1001092699610751E7
755;1968;3;1.1001092699610751E7
756;1971;3;1.1001092699610751E7
757;1975;4;1.1001092699610751E7
758;1978;3;1.1001092699610751E7
759;1980;2;1.1001092699610751E7
760;1981;1;1.1001092699610751E7
761;1982;1;1.1001092699610751E7
762;1984;2;1.1001092699610751E7
763;1987;3;1.1001092699610751E7
764;1992;5;1.1001092699610751E7
765;1995;3;1.1001092699610751E7
766;1997;2;1.1001092699610751E7
767;2000;3;1.1001092699610751E7
768;2002;2;1.1001092699610751E7
769;2005;3;1.1001092699610751E7
770;2008;3;1.1001092699610751E7
771;2010;2;1.1001092699610751E7
772;2013;3;1.1001092699610751E7
773;2015;2;1.1001092699610751E7
774;2017;2;1.1001092699610751E7
775;2019;2;1.1001092699610751E7
776;2020;1;1.1001092699610751E7
777;2023;3;1.1001092699610751E7
778;2024;1;1.1001092699610751E7
779;2025;1;1.1001092699610751E7
780;2026;1;1.1001092699610751E7
781;2026;0;1.1001092699610751E7
782;2027;1;1.1001092699610751E7
783;2027;0;1.1001092699610751E7
784;2030;3;1.1001092699610751E7
785;2032;2;1.1001092699610751E7
786;2034;2;1.1001092699610751E7
787;2036;2;1.1001092699610751E7
788;2037;1;1.1001092699610751E7
789;2040;3;1.1001092699610751E7
790;2040;0;1.1001092699610751E7
791;2041;1;1.1001092699610751E7
792;2043;2;1.1001092699610751E7
793;2045;2;1.1001092699610751E7
794;2049;4;1.1001092699610751E7
795;2051;2;1.1001092699610751E7
796;2053;2;1.1001092699610751E7
797;2055;2;1.1001092699610751E7
798;2059;4;1.1001092699610751E7
799;2061;2;1.1001092699610751E7
800;2064;3;1.1001092699610751E7
801;2065;1;1.1001092699610751E7
802;2068;3;1.1001092699610751E7
803;2071;3;1.1001092699610751E7
804;2071;0;1.1001092699610751E7
805;2074;3;1.1001092699610751E7
806;2075;1;1.1001092699610751E7
807;2079;4;1.1001092699610751E7
808;2080;1;1.1001092699610751E7
809;2083;3;1.1001092699610751E7
810;2085;2;1.1001092699610751E7
811;2087;2;1.1001092699610751E7
812;2089;2;1.1001092699610751E7
813;2092;3;1.1001092699610751E7
814;2094;2;1.1001092699610751E7
815;2097;3;1.1001092699610751E7
816;2099;2;1.1001092699610751E7
817;2101;2;1.1001092699610751E7
818;2104;3;1.1001092699610751E7
819;2107;3;1.1001092699610751E7
820;2110;3;1.1001092699610751E7
821;2112;2;1.1001092699610751E7
822;2114;2;1.1001092699610751E7
823;2118;4;1.1001092699610751E7
824;2121;3;1.1001092699610751E7
825;2123;2;1.1001092699610751E7
826;2125;2;1.1001092699610751E7
827;2127;2;1.1001092699610751E7
828;2128;1;1.1001092699610751E7
829;2131;3;1.1001092699610751E7
830;2132;1;1.1001092699610751E7
831;2135;3;1.1001092699610751E7
832;2137;2;1.1001092699610751E7
833;2140;3;1.1001092699610751E7
834;2142;2;1.1001092699610751E7
835;2145;3;1.1001092699610751E7
836;2147;2;1.1001092699610751E7
837;2147;0;1.1001092699610751E7
838;2150;3;1.1001092699610751E7
839;2153;3;1.1001092699610751E7
840;2154;1;1.1001092699610751E7
841;2157;3;1.1001092699610751E7
842;2159;2;1.1001092699610751E7
843;2162;3;1.1001092699610751E7
844;2164;2;1.1001092699610751E7
845;2166;2;1.1001092699610751E7
846;2170;4;1.1001092699610751E7
847;2173;3;1.1001092699610751E7
848;2176;3;1.1001092699610751E7
849;2178;2;1.1001092699610751E7
850;2182;4;1.1001092699610751E7
851;2184;2;1.1001092699610751E7
852;2186;2;1.1001092699610751E7
853;2186;0;1.1001092699610751E7
854;2190;4;1.1001092699610751E7
855;2193;3;1.1001092699610751E7
856;2196;3;1.1001092699610751E7
857;2198;2;1.1001092699610751E7
858;2200;2;1.1001092699610751E7
859;2201;1;1.1001092699610751E7
860;2205;4;1.1001092699610751E7
861;2206;1;1.1001092699610751E7
862;2209;3;1.1001092699610751E7
863;2210;1;1.1001092699610751E7
864;2212;2;1.1001092699610751E7
865;2214;2;1.1001092699610751E7
866;2217;3;1.1001092699610751E7
867;2219;2;1.1001092699610751E7
868;2222;3;1.1001092699610751E7
869;2224;2;1.1001092699610751E7
870;2226;2;1.1001092699610751E7
871;2229;3;1.1001092699610751E7
872;2232;3;1.1001092699610751E7
873;2234;2;1.1001092699610751E7
874;2236;2;1.1001092699610751E7
875;2238;2;1.1001092699610751E7
876;2241;3;1.1001092699610751E7
877;2244;3;1.1001092699610751E7
878;2246;2;1.1001092699610751E7
879;2248;2;1.1001092699610751E7
880;2250;2;1.1001092699610751E7
881;2250;0;1.1001092699610751E7
882;2253;3;1.1001092699610751E7
883;2256;3;1.1001092699610751E7
884;2259;3;1.1001092699610751E7
885;2263;4;1.1001092699610751E7
886;2265;2;1.1001092699610751E7
887;2267;2;1.1001092699610751E7
888;2270;3;1.1001092699610751E7
889;2273;3;1.1001092699610751E7
890;2275;2;1.1001092699610751E7
891;2278;3;1.1001092699610751E7
892;2281;3;1.1001092699610751E7
893;2283;2;1.1001092699610751E7
894;2286;3;1.1001092699610751E7
895;2286;0;1.1001092699610751E7
896;2290;4;1.1001092699610751E7
897;2292;2;1.1001092699610751E7
898;2294;2;1.1001092699610751E7
899;2295;1;1.1001092699610751E7
900;2297;2;1.1001092699610751E7
901;2298;1;1.1001092699610751E7
902;2302;4;1.1001092699610751E7
903;2303;1;1.1001092699610751E7
904;2304;1;1.1001092699610751E7
905;2306;2;1.1001092699610751E7
906;2309;3;1.1001092699610751E7
907;2312;3;1.1001092699610751E7
908;2315;3;1.1001092699610751E7
909;2317;2;1.1001092699610751E7
910;2318;1;1.1001092699610751E7
911;2320;2;1.1001092699610751E7
912;2322;2;1.1001092699610751E7
913;2323;1;1.1001092699610751E7
914;2324;1;1.1001092699610751E7
915;2325;1;1.1001092699610751E7
916;2326;1;1.1001092699610751E7
917;2329;3;1.1001092699610751E7
918;2331;2;1.1001092699610751E7
919;2333;2;1.1001092699610751E7
920;2335;2;1.1001092699610751E7
921;2337;2;1.1001092699610751E7
922;2339;2;1.1001092699610751E7
923;2341;2;1.1001092699610751E7
924;2344;3;1.1001092699610751E7
925;2347;3;1.1001092699610751E7
926;2349;2;1.1001092699610751E7
927;2353;4;1.1001092699610751E7
928;2355;2;1.1001092699610751E7
929;2358;3;1.1001092699610751E7
930;2360;2;1.1001092699610751E7
931;2361;1;1.1001092699610751E7
932;2362;1;1.1001092699610751E7
933;2364;2;1.1001092699610751E7
934;2366;2;1.1001092699610751E7
935;2368;2;1.1001092699610751E7
936;2370;2;1.1001092699610751E7
937;2372;2;1.1001092699610751E7
938;2374;2;1.1001092699610751E7
939;2376;2;1.1001092699610751E7
940;2379;3;1.1001092699610751E7
941;2381;2;1.1001092699610751E7
942;2383;2;1.1001092699610751E7
943;2383;0;1.1001092699610751E7
944;2385;2;1.1001092699610751E7
945;2386;1;1.1001092699610751E7
946;2387;1;1.1001092699610751E7
947;2389;2;1.1001092699610751E7
948;2391;2;1.1001092699610751E7
949;2393;2;1.1001092699610751E7
950;2395;2;1.1001092699610751E7
951;2398;3;1.1001092699610751E7
952;2401;3;1.1001092699610751E7
953;2405;4;1.1001092699610751E7
954;2407;2;1.1001092699610751E7
955;2408;1;1.1001092699610751E7
956;2411;3;1.1001092699610751E7
957;2412;1;1.1001092699610751E7
958;2414;2;1.1001092699610751E7
959;2416;2;1.1001092699610751E7
960;2417;1;1.1001092699610751E7
961;2420;3;1.1001092699610751E7
962;2422;2;1.1001092699610751E7
963;2424;2;1.1001092699610751E7
964;2424;0;1.1001092699610751E7
965;2427;3;1.1001092699610751E7
966;2428;1;1.1001092699610751E7
967;2430;2;1.1001092699610751E7
968;2433;3;1.1001092699610751E7
969;2435;2;1.1001092699610751E7
970;2438;3;1.1001092699610751E7
971;2439;1;1.1001092699610751E7
972;2441;2;1.1001092699610751E7
973;2442;1;1.1001092699610751E7
974;2443;1;1.1001092699610751E7
975;2446;3;1.1001092699610751E7
976;2446;0;1.1001092699610751E7
977;2448;2;1.1001092699610751E7
978;2450;2;1.1001092699610751E7
979;2454;4;1.1001092699610751E7
980;2457;3;1.1001092699610751E7
981;2458;1;1.1001092699610751E7
982;2459;1;1.1001092699610751E7
983;2461;2;1.1001092699610751E7
984;2464;3;1.1001092699610751E7
985;2466;2;1.1001092699610751E7
986;2468;2;1.1001092699610751E7
987;2469;1;1.1001092699610751E7
988;2470;1;1.1001092699610751E7
989;2473;3;1.1001092699610751E7
990;2474;1;1.1001092699610751E7
991;2478;4;1.1001092699610751E7
992;2480;2;1.1001092699610751E7
993;2483;3;1.1001092699610751E7
994;2486;3;1.1001092699610751E7
995;2488;2;1.1001092699610751E7
996;2491;3;1.1001092699610751E7
997;2493;2;1.1001092699610751E7
998;2497;4;1.1001092699610751E7
999;2500;3;1.1001092699610751E7
1000;2502;2;1.1001092699610751E7
1001;2505;3;1.1001092699610751E7
1002;2507;2;1.1001092699610751E7
1003;2509;2;1.1001092699610751E7
1004;2511;2;1.1001092699610751E7
1005;2513;2;1.1001092699610751E7
1006;2515;2;1.1001092699610751E7
1007;2516;1;1.1001092699610751E7
1008;2517;1;1.1001092699610751E7
1009;2517;0;1.1001092699610751E7
1010;2520;3;1.1001092699610751E7
1011;2523;3;1.1001092699610751E7
1012;2525;2;1.1001092699610751E7
1013;2526;1;1.1001092699610751E7
1014;2529;3;1.1001092699610751E7
1015;2529;0;1.1001092699610751E7
1016;2530;1;1.1001092699610751E7
1017;2531;1;1.1001092699610751E7
1018;2534;3;1.1001092699610751E7
1019;2537;3;1.1001092699610751E7
1020;2539;2;1.1001092699610751E7
1021;2540;1;1.1001092699610751E7
1022;2542;2;1.1001092699610751E7
1023;2546;4;1.1001092699610751E7
1024;2549;3;1.1001092699610751E7
1025;2552;3;1.1001092699610751E7
1026;2554;2;1.1001092699610751E7
1027;2557;3;1.1001092699610751E7
1028;2558;1;1.1001092699610751E7
1029;2562;4;1.1001092699610751E7
1030;2563;1;1.1001092699610751E7
1031;2563;0;1.1001092699610751E7
1032;2568;5;1.1001092699610751E7
1033;2570;2;1.1001092699610751E7
1034;2572;2;1.1001092699610751E7
1035;2573;1;1.1001092699610751E7
1036;2574;1;1.1001092699610751E7
1037;2578;4;1.1001092699610751E7
1038;2580;2;1.1001092699610751E7
1039;2581;1;1.1001092699610751E7
1040;2584;3;1.1001092699610751E7
1041;2587;3;1.1001092699610751E7
1042;2590;3;1.1001092699610751E7
1043;2593;3;1.1001092699610751E7
1044;2594;1;1.1001092699610751E7
1045;2597;3;1.1001092699610751E7
1046;2598;1;1.1001092699610751E7
1047;2601;3;1.1001092699610751E7
1048;2604;3;1.1001092699610751E7
1049;2605;1;1.1001092699610751E7
1050;2606;1;1.1001092699610751E7
1051;2607;1;1.1001092699610751E7
1052;2610;3;1.1001092699610751E7
1053;2610;0;1.1001092699610751E7
1054;2613;3;1.1001092699610751E7
1055;2616;3;1.1001092699610751E7
1056;2618;2;1.1001092699610751E7
1057;2618;0;1.1001092699610751E7
1058;2620;2;1.1001092699610751E7
1059;2622;2;1.1001092699610751E7
1060;2624;2;1.1001092699610751E7
1061;2626;2;1.1001092699610751E7
1062;2629;3;1.1001092699610751E7
1063;2629;0;1.1001092699610751E7
1064;2631;2;1.1001092699610751E7
1065;2633;2;1.1001092699610751E7
1066;2635;2;1.1001092699610751E7
1067;2636;1;1.1001092699610751E7
1068;2638;2;1.1001092699610751E7
1069;2640;2;1.1001092699610751E7
1070;2643;3;1.1001092699610751E7
1071;2644;1;1.1001092699610751E7
1072;2646;2;1.1001092699610751E7
1073;2648;2;1.1001092699610751E7
1074;2649;1;1.1001092699610751E7
1075;2651;2;1.1001092699610751E7
1076;2655;4;1.1001092699610751E7
1077;2657;2;1.1001092699610751E7
1078;2657;0;1.1001092699610751E7
1079;2661;4;1.1001092699610751E7
1080;2667;6;1.1001092699610751E7
1081;2667;0;1.1001092699610751E7
1082;2671;4;1.1001092699610751E7
1083;2673;2;1.1001092699610751E7
1084;2675;2;1.1001092699610751E7
1085;2677;2;1.1001092699610751E7
1086;2678;1;1.1001092699610751E7
1087;2681;3;1.1001092699610751E7
1088;2683;2;1.1001092699610751E7
1089;2685;2;1.1001092699610751E7
1090;2687;2;1.1001092699610751E7
1091;2688;1;1.1001092699610751E7
1092;2689;1;1.1001092699610751E7
1093;2692;3;1.1001092699610751E7
1094;2694;2;1.1001092699610751E7
1095;2696;2;1.1001092699610751E7
1096;2699;3;1.1001092699610751E7
1097;2701;2;1.1001092699610751E7
1098;2702;1;1.1001092699610751E7
1099;2704;2;1.1001092699610751E7
1100;2706;2;1.1001092699610751E7
1101;2707;1;1.1001092699610751E7
1102;2710;3;1.1001092699610751E7
1103;2711;1;1.1001092699610751E7
1104;2714;3;1.1001092699610751E7
1105;2717;3;1.1001092699610751E7
1106;2717;0;1.1001092699610751E7
1107;2719;2;1.1001092699610751E7
1108;2719;0;1.1001092699610751E7
1109;2720;1;1.1001092699610751E7
1110;2723;3;1.1001092699610751E7
1111;2726;3;1.1001092699610751E7
1112;2729;3;1.1001092699610751E7
1113;2731;2;1.1001092699610751E7
1114;2734;3;1.1001092699610751E7
1115;2736;2;1.1001092699610751E7
1116;2738;2;1.1001092699610751E7
1117;2741;3;1.1001092699610751E7
1118;2743;2;1.1001092699610751E7
1119;2747;4;1.1001092699610751E7
1120;2751;4;1.1001092699610751E7
1121;2753;2;1.1001092699610751E7
1122;2756;3;1.1001092699610751E7
1123;2758;2;1.1001092699610751E7
1124;2760;2;1.1001092699610751E7
1125;2762;2;1.1001092699610751E7
1126;2764;2;1.1001092699610751E7
1127;2765;1;1.1001092699610751E7
1128;2767;2;1.1001092699610751E7
1129;2767;0;1.1001092699610751E7
1130;2770;3;1.1001092699610751E7
1131;2773;3;1.1001092699610751E7
1132;2775;2;1.1001092699610751E7
1133;2778;3;1.1001092699610751E7
1134;2781;3;1.1001092699610751E7
1135;2783;2;1.1001092699610751E7
1136;2784;1;1.1001092699610751E7
1137;2785;1;1.1001092699610751E7
1138;2786;1;1.1001092699610751E7
1139;2787;1;1.1001092699610751E7
1140;2790;3;1.1001092699610751E7
1141;2793;3;1.1001092699610751E7
1142;2795;2;1.1001092699610751E7
1143;2797;2;1.1001092699610751E7
1144;2800;3;1.1001092699610751E7
1145;2801;1;1.1001092699610751E7
1146;2804;3;1.1001092699610751E7
1147;2805;1;1.1001092699610751E7
1148;2808;3;1.1001092699610751E7
1149;2810;2;1.1001092699610751E7
1150;2812;2;1.1001092699610751E7
1151;2814;2;1.1001092699610751E7
1152;2816;2;1.1001092699610751E7
1153;2818;2;1.1001092699610751E7
1154;2821;3;1.1001092699610751E7
1155;2823;2;1.1001092699610751E7
1156;2826;3;1.1001092699610751E7
1157;2828;2;1.1001092699610751E7
1158;2831;3;1.1001092699610751E7
1159;2832;1;1.1001092699610751E7
1160;2835;3;1.1001092699610751E7
1161;2837;2;1.1001092699610751E7
1162;2839;2;1.1001092699610751E7
1163;2843;4;1.1001092699610751E7
1164;2845;2;1.1001092699610751E7
1165;2848;3;1.1001092699610751E7
1166;2848;0;1.1001092699610751E7
1167;2851;3;1.1001092699610751E7
1168;2853;2;1.1001092699610751E7
1169;2854;1;1.1001092699610751E7
1170;2855;1;1.1001092699610751E7
1171;2857;2;1.1001092699610751E7
1172;2858;1;1.1001092699610751E7
1173;2859;1;1.1001092699610751E7
1174;2861;2;1.1001092699610751E7
1175;2863;2;1.1001092699610751E7
1176;2864;1;1.1001092699610751E7
1177;2866;2;1.1001092699610751E7
1178;2868;2;1.1001092699610751E7
1179;2871;3;1.1001092699610751E7
1180;2872;1;1.1001092699610751E7
1181;2875;3;1.1001092699610751E7
1182;2877;2;1.1001092699610751E7
1183;2878;1;1.1001092699610751E7
1184;2881;3;1.1001092699610751E7
1185;2883;2;1.1001092699610751E7
1186;2885;2;1.1001092699610751E7
1187;2886;1;1.1001092699610751E7
1188;2887;1;1.1001092699610751E7
1189;2890;3;1.1001092699610751E7
1190;2893;3;1.1001092699610751E7
1191;2893;0;1.1001092699610751E7
1192;2895;2;1.1001092699610751E7
1193;2897;2;1.1001092699610751E7
1194;2899;2;1.1001092699610751E7
1195;2901;2;1.1001092699610751E7
1196;2902;1;1.1001092699610751E7
1197;2905;3;1.1001092699610751E7
1198;2908;3;1.1001092699610751E7
1199;2910;2;1.1001092699610751E7
1200;2913;3;1.1001092699610751E7
1201;2915;2;1.1001092699610751E7
1202;2918;3;1.1001092699610751E7
1203;2920;2;1.1001092699610751E7
1204;2923;3;1.1001092699610751E7
1205;2927;4;1.1001092699610751E7
1206;2929;2;1.1001092699610751E7
1207;2930;1;1.1001092699610751E7
1208;2932;2;1.1001092699610751E7
1209;2934;2;1.1001092699610751E7
1210;2935;1;1.1001092699610751E7
1211;2936;1;1.1001092699610751E7
1212;2938;2;1.1001092699610751E7
1213;2940;2;1.1001092699610751E7
1214;2940;0;1.1001092699610751E7
1215;2942;2;1.1001092699610751E7
1216;2944;2;1.1001092699610751E7
1217;2947;3;1.1001092699610751E7
1218;2951;4;1.1001092699610751E7
1219;2951;0;1.1001092699610751E7
1220;2953;2;1.1001092699610751E7
1221;2955;2;1.1001092699610751E7
1222;2957;2;1.1001092699610751E7
1223;2960;3;1.1001092699610751E7
1224;2963;3;1.1001092699610751E7
1225;2967;4;1.1001092699610751E7
1226;2971;4;1.1001092699610751E7
1227;2974;3;1.1001092699610751E7
1228;2977;3;1.1001092699610751E7
1229;2980;3;1.1001092699610751E7
1230;2982;2;1.1001092699610751E7
1231;2985;3;1.1001092699610751E7
1232;2989;4;1.1001092699610751E7
1233;2993;4;1.1001092699610751E7
1234;2993;0;1.1001092699610751E7
1235;2995;2;1.1001092699610751E7
1236;2998;3;1.1001092699610751E7
1237;3001;3;1.1001092699610751E7
1238;3004;3;1.1001092699610751E7
1239;3005;1;1.1001092699610751E7
1240;3006;1;1.1001092699610751E7
1241;3009;3;1.1001092699610751E7
1242;3011;2;1.1001092699610751E7
1243;3013;2;1.1001092699610751E7
1244;3015;2;1.1001092699610751E7
1245;3018;3;1.1001092699610751E7
1246;3021;3;1.1001092699610751E7
1247;3023;2;1.1001092699610751E7
1248;3025;2;1.1001092699610751E7
1249;3026;1;1.1001092699610751E7
1250;3027;1;1.1001092699610751E7
1251;3030;3;1.1001017612915672E7
1252;3030;0;1.1001017612915672E7
1253;3033;3;1.1001017612915672E7
1254;3035;2;1.1001017612915672E7
1255;3037;2;1.1001017612915672E7
1256;3039;2;1.1001017612915672E7
1257;3042;3;1.1001017612915672E7
1258;3043;1;1.1001017612915672E7
1259;3044;1;1.1001017612915672E7
1260;3045;1;1.1001017612915672E7
1261;3047;2;1.1001017612915672E7
1262;3049;2;1.1001017612915672E7
1263;3051;2;1.1001017612915672E7
1264;3053;2;1.1001017612915672E7
1265;3056;3;1.1001017612915672E7
1266;3058;2;1.1001017612915672E7
1267;3060;2;1.1001017612915672E7
1268;3061;1;1.1001017612915672E7
1269;3063;2;1.1001017612915672E7
1270;3064;1;1.1001017612915672E7
1271;3066;2;1.1001017612915672E7
1272;3068;2;1.1001017612915672E7
1273;3071;3;1.1001017612915672E7
1274;3072;1;1.1001017612915672E7
1275;3075;3;1.1001017612915672E7
1276;3077;2;1.1001017612915672E7
1277;3079;2;1.1001017612915672E7
1278;3080;1;1.1001017612915672E7
1279;3083;3;1.1001017612915672E7
1280;3085;2;1.1001017612915672E7
1281;3086;1;1.1001017612915672E7
1282;3090;4;1.1001017612915672E7
1283;3092;2;1.1001017612915672E7
1284;3095;3;1.1001017612915672E7
1285;3097;2;1.1001017612915672E7
1286;3099;2;1.1001017612915672E7
1287;3100;1;1.1001017612915672E7
1288;3103;3;1.1001017612915672E7
1289;3106;3;1.1001017612915672E7
1290;3107;1;1.1001017612915672E7
1291;3110;3;1.1001017612915672E7
1292;3110;0;1.1001017612915672E7
1293;3111;1;1.1001017612915672E7
1294;3112;1;1.1001017612915672E7
1295;3114;2;1.1001017612915672E7
1296;3117;3;1.1001017612915672E7
1297;3119;2;1.1001017612915672E7
1298;3120;1;1.1001017612915672E7
1299;3123;3;1.1001017612915672E7
1300;3126;3;1.1001017612915672E7
1301;3129;3;1.1001017612915672E7
1302;3131;2;1.1001017612915672E7
1303;3135;4;1.1001017612915672E7
1304;3135;0;1.1001017612915672E7
1305;3137;2;1.1001017612915672E7
1306;3139;2;1.1001017612915672E7
1307;3142;3;1.1001017612915672E7
1308;3144;2;1.1001017612915672E7
1309;3144;0;1.1001017612915672E7
1310;3148;4;1.1001017612915672E7
1311;3151;3;1.1001017612915672E7
1312;3153;2;1.1001017612915672E7
1313;3155;2;1.1001017612915672E7
1314;3157;2;1.1001017612915672E7
1315;3157;0;1.1001017612915672E7
1316;3160;3;1.1001017612915672E7
1317;3164;4;1.1001017612915672E7
1318;3170;6;1.1001017612915672E7
1319;3172;2;1.1001017612915672E7
1320;3173;1;1.1001017612915672E7
1321;3176;3;1.1001017612915672E7
1322;3178;2;1.1001017612915672E7
1323;3180;2;1.1001017612915672E7
1324;3182;2;1.1001017612915672E7
1325;3186;4;1.1001017612915672E7
1326;3188;2;1.1001017612915672E7
1327;3191;3;1.1001017612915672E7
1328;3193;2;1.1001017612915672E7
1329;3194;1;1.1001017612915672E7
1330;3199;5;1.1001017612915672E7
1331;3201;2;1.1001017612915672E7
1332;3202;1;1.1001017612915672E7
1333;3206;4;1.1001017612915672E7
1334;3208;2;1.1001017612915672E7
1335;3211;3;1.1001017612915672E7
1336;3216;5;1.1001017612915672E7
1337;3217;1;1.1001017612915672E7
1338;3218;1;1.1001017612915672E7
1339;3219;1;1.1001017612915672E7
1340;3221;2;1.1001017612915672E7
1341;3222;1;1.1001017612915672E7
1342;3224;2;1.1001017612915672E7
1343;3225;1;1.1001017612915672E7
1344;3225;0;1.1001017612915672E7
1345;3228;3;1.1001017612915672E7
1346;3231;3;1.1001017612915672E7
1347;3234;3;1.1001017612915672E7
1348;3237;3;1.1001017612915672E7
1349;3240;3;1.1001017612915672E7
1350;3243;3;1.1001017612915672E7
1351;3245;2;1.1001017612915672E7
1352;3247;2;1.1001017612915672E7
1353;3248;1;1.1001017612915672E7
1354;3250;2;1.1001017612915672E7
1355;3252;2;1.1001017612915672E7
1356;3255;3;1.1001017612915672E7
1357;3255;0;1.1001017612915672E7
1358;3256;1;1.1001017612915672E7
1359;3258;2;1.1001017612915672E7
1360;3262;4;1.1001017612915672E7
1361;3264;2;1.1001017612915672E7
1362;3266;2;1.1001017612915672E7
1363;3270;4;1.1001017612915672E7
1364;3272;2;1.1001017612915672E7
1365;3275;3;1.1001017612915672E7
1366;3278;3;1.1001017612915672E7
1367;3279;1;1.1001017612915672E7
1368;3280;1;1.1001017612915672E7
1369;3282;2;1.1001017612915672E7
1370;3285;3;1.1001017612915672E7
1371;3288;3;1.1001017612915672E7
1372;3291;3;1.1001017612915672E7
1373;3293;2;1.1001017612915672E7
1374;3295;2;1.1001017612915672E7
1375;3297;2;1.1001017612915672E7
1376;3300;3;1.1001017612915672E7
1377;3302;2;1.1001017612915672E7
1378;3305;3;1.1001017612915672E7
1379;3306;1;1.1001017612915672E7
1380;3308;2;1.1001017612915672E7
1381;3311;3;1.1001017612915672E7
1382;3313;2;1.1001017612915672E7
1383;3316;3;1.1001017612915672E7
1384;3320;4;1.1001017612915672E7
1385;3322;2;1.1001017612915672E7
1386;3324;2;1.1001017612915672E7
1387;3326;2;1.1001017612915672E7
1388;3328;2;1.1001017612915672E7
1389;3330;2;1.1001017612915672E7
1390;3332;2;1.1001017612915672E7
1391;3335;3;1.1001017612915672E7
1392;3336;1;1.1001017612915672E7
1393;3339;3;1.1001017612915672E7
1394;3341;2;1.1001017612915672E7
1395;3342;1;1.1001017612915672E7
1396;3344;2;1.1001017612915672E7
1397;3347;3;1.1001017612915672E7
1398;3350;3;1.1001017612915672E7
1399;3352;2;1.1001017612915672E7
1400;3354;2;1.1001017612915672E7
1401;3357;3;1.1001017612915672E7
1402;3358;1;1.1001017612915672E7
1403;3359;1;1.1001017612915672E7
1404;3361;2;1.1001017612915672E7
1405;3362;1;1.1001017612915672E7
1406;3364;2;1.1001017612915672E7
1407;3366;2;1.1001017612915672E7
1408;3367;1;1.1001017612915672E7
1409;3368;1;1.1001017612915672E7
1410;3370;2;1.1001017612915672E7
1411;3370;0;1.1001017612915672E7
1412;3372;2;1.1001017612915672E7
1413;3375;3;1.1001017612915672E7
1414;3380;5;1.1001017612915672E7
1415;3382;2;1.1001017612915672E7
1416;3385;3;1.1001017612915672E7
1417;3389;4;1.1001017612915672E7
1418;3390;1;1.1001017612915672E7
1419;3392;2;1.1001017612915672E7
1420;3393;1;1.1001017612915672E7
1421;3396;3;1.1001017612915672E7
1422;3398;2;1.1001017612915672E7
1423;3401;3;1.1001017612915672E7
1424;3405;4;1.1001017612915672E7
1425;3407;2;1.1001017612915672E7
1426;3409;2;1.1001017612915672E7
1427;3409;0;1.1001017612915672E7
1428;3411;2;1.1001017612915672E7
1429;3414;3;1.1001017612915672E7
1430;3415;1;1.1001017612915672E7
1431;3418;3;1.1001017612915672E7
1432;3420;2;1.1001017612915672E7
1433;3421;1;1.1001017612915672E7
1434;3423;2;1.1001017612915672E7
1435;3426;3;1.1001017612915672E7
1436;3427;1;1.1001017612915672E7
1437;3429;2;1.1001017612915672E7
1438;3431;2;1.1001017612915672E7
1439;3433;2;1.1001017612915672E7
1440;3436;3;1.1001017612915672E7
1441;3439;3;1.1001017612915672E7
1442;3440;1;1.1001017612915672E7
1443;3442;2;1.1001017612915672E7
1444;3445;3;1.1001017612915672E7
1445;3447;2;1.1001017612915672E7
1446;3449;2;1.1001017612915672E7
1447;3451;2;1.1001017612915672E7
1448;3453;2;1.1001017612915672E7
1449;3456;3;1.1001017612915672E7
1450;3458;2;1.1001017612915672E7
1451;3460;2;1.1001017612915672E7
1452;3462;2;1.1001017612915672E7
1453;3464;2;1.1001017612915672E7
1454;3467;3;1.1001017612915672E7
1455;3471;4;1.1001017612915672E7
1456;3473;2;1.1001017612915672E7
1457;3475;2;1.1001017612915672E7
1458;3477;2;1.1001017612915672E7
1459;3479;2;1.1001017612915672E7
1460;3481;2;1.1001017612915672E7
1461;3484;3;1.1001017612915672E7
1462;3486;2;1.1001017612915672E7
1463;3488;2;1.1001017612915672E7
1464;3489;1;1.1001017612915672E7
1465;3490;1;1.1001017612915672E7
1466;3494;4;1.1001017612915672E7
1467;3494;0;1.1001017612915672E7
1468;3496;2;1.1001017612915672E7
1469;3497;1;1.1001017612915672E7
1470;3500;3;1.1001017612915672E7
1471;3502;2;1.1001017612915672E7
1472;3504;2;1.1001017612915672E7
1473;3504;0;1.1001017612915672E7
1474;3505;1;1.1001017612915672E7
1475;3506;1;1.1001017612915672E7
1476;3509;3;1.1001017612915672E7
1477;3513;4;1.1001017612915672E7
1478;3515;2;1.1001017612915672E7
1479;3516;1;1.1001017612915672E7
1480;3519;3;1.1001017612915672E7
1481;3521;2;1.1001017612915672E7
1482;3523;2;1.1001017612915672E7
1483;3526;3;1.1001017612915672E7
1484;3527;1;1.1001017612915672E7
1485;3529;2;1.1001017612915672E7
1486;3530;1;1.1001017612915672E7
1487;3532;2;1.1001017612915672E7
1488;3534;2;1.1001017612915672E7
1489;3536;2;1.1001017612915672E7
1490;3538;2;1.1001017612915672E7
1491;3538;0;1.1001017612915672E7
1492;3539;1;1.1001017612915672E7
1493;3540;1;1.1001017612915672E7
1494;3542;2;1.1001017612915672E7
1495;3545;3;1.1001017612915672E7
1496;3547;2;1.1001017612915672E7
1497;3548;1;1.1001017612915672E7
1498;3550;2;1.1001017612915672E7
1499;3551;1;1.1001017612915672E7
1500;3552;1;1.1001017612915672E7
1501;3553;1;1.1001017612915672E7
1502;3555;2;1.1001017612915672E7
1503;3557;2;1.1001017612915672E7
1504;3559;2;1.1001017612915672E7
1505;3561;2;1.1001017612915672E7
1506;3563;2;1.1001017612915672E7
1507;3564;1;1.1001017612915672E7
1508;3566;2;1.1001017612915672E7
1509;3569;3;1.1001017612915672E7
1510;3572;3;1.1001017612915672E7
1511;3575;3;1.1001017612915672E7
1512;3577;2;1.1001017612915672E7
1513;3580;3;1.1001017612915672E7
1514;3583;3;1.1001017612915672E7
1515;3585;2;1.1001017612915672E7
1516;3588;3;1.1001017612915672E7
1517;3590;2;1.1001017612915672E7
1518;3591;1;1.1001017612915672E7
1519;3593;2;1.1001017612915672E7
1520;3594;1;1.1001017612915672E7
1521;3597;3;1.1001017612915672E7
1522;3598;1;1.1001017612915672E7
1523;3600;2;1.1001017612915672E7
1524;3600;0;1.1001017612915672E7
1525;3603;3;1.1001017612915672E7
1526;3606;3;1.1001017612915672E7
1527;3609;3;1.1001017612915672E7
1528;3610;1;1.1001017612915672E7
1529;3611;1;1.1001017612915672E7
1530;3612;1;1.1001017612915672E7
1531;3614;2;1.1001017612915672E7
1532;3615;1;1.1001017612915672E7
1533;3617;2;1.1001017612915672E7
1534;3620;3;1.1001017612915672E7
1535;3622;2;1.1001017612915672E7
1536;3624;2;1.1001017612915672E7
1537;3627;3;1.1001017612915672E7
1538;3629;2;1.1001017612915672E7
1539;3631;2;1.1001017612915672E7
1540;3631;0;1.1001017612915672E7
1541;3634;3;1.1001017612915672E7
1542;3635;1;1.1001017612915672E7
1543;3637;2;1.1001017612915672E7
1544;3638;1;1.1001017612915672E7
1545;3641;3;1.1001017612915672E7
1546;3644;3;1.1001017612915672E7
1547;3646;2;1.1001017612915672E7
1548;3649;3;1.1001017612915672E7
1549;3649;0;1.1001017612915672E7
1550;3650;1;1.1001017612915672E7
1551;3652;2;1.1001017612915672E7
1552;3654;2;1.1001017612915672E7
1553;3657;3;1.1001017612915672E7
1554;3660;3;1.1001017612915672E7
1555;3664;4;1.1001017612915672E7
1556;3669;5;1.1001017612915672E7
1557;3671;2;1.1001017612915672E7
1558;3673;2;1.1001017612915672E7
1559;3674;1;1.1001017612915672E7
1560;3676;2;1.1001017612915672E7
1561;3677;1;1.1001017612915672E7
1562;3680;3;1.1001017612915672E7
1563;3682;2;1.1001017612915672E7
1564;3683;1;1.1001017612915672E7
1565;3686;3;1.1001017612915672E7
1566;3689;3;1.1001017612915672E7
1567;3689;0;1.1001017612915672E7
1568;3691;2;1.1001017612915672E7
1569;3693;2;1.1001017612915672E7
1570;3694;1;1.1001017612915672E7
1571;3697;3;1.1001017612915672E7
1572;3699;2;1.1001017612915672E7
1573;3702;3;1.1001017612915672E7
1574;3704;2;1.1001017612915672E7
1575;3704;0;1.1001017612915672E7
1576;3706;2;1.1001017612915672E7
1577;3708;2;1.1001017612915672E7
1578;3711;3;1.1001017612915672E7
1579;3713;2;1.1001017612915672E7
1580;3715;2;1.1001017612915672E7
1581;3716;1;1.1001017612915672E7
1582;3718;2;1.1001017612915672E7
1583;3720;2;1.1001017612915672E7
1584;3722;2;1.1001017612915672E7
1585;3724;2;1.1001017612915672E7
1586;3725;1;1.1001017612915672E7
1587;3728;3;1.1001017612915672E7
1588;3731;3;1.1001017612915672E7
1589;3733;2;1.1001017612915672E7
1590;3735;2;1.1001017612915672E7
1591;3737;2;1.1001017612915672E7
1592;3740;3;1.1001017612915672E7
1593;3742;2;1.1001017612915672E7
1594;3745;3;1.1001017612915672E7
1595;3746;1;1.1001017612915672E7
1596;3749;3;1.1001017612915672E7
1597;3750;1;1.1001017612915672E7
1598;3752;2;1.1001017612915672E7
1599;3755;3;1.1001017612915672E7
1600;3757;2;1.1001017612915672E7
1601;3757;0;1.1001017612915672E7
1602;3760;3;1.1001017612915672E7
1603;3762;2;1.1001017612915672E7
1604;3765;3;1.1001017612915672E7
1605;3768;3;1.1001017612915672E7
1606;3772;4;1.1001017612915672E7
1607;3776;4;1.1001017612915672E7
1608;3780;4;1.1001017612915672E7
1609;3790;10;1.1001017612915672E7
1610;3793;3;1.1001017612915672E7
1611;3797;4;1.1001017612915672E7
1612;3800;3;1.1001017612915672E7
1613;3804;4;1.1001017612915672E7
1614;3807;3;1.1001017612915672E7
1615;3809;2;1.1001017612915672E7
1616;3813;4;1.1001017612915672E7
1617;3813;0;1.1001017612915672E7
1618;3814;1;1.1001017612915672E7
1619;3816;2;1.1001017612915672E7
1620;3817;1;1.1001017612915672E7
1621;3821;4;1.1001017612915672E7
1622;3823;2;1.1001017612915672E7
1623;3831;8;1.1001017612915672E7
1624;3832;1;1.1001017612915672E7
1625;3834;2;1.1001017612915672E7
1626;3836;2;1.1001017612915672E7
1627;3837;1;1.1001017612915672E7
1628;3838;1;1.1001017612915672E7
1629;3840;2;1.1001017612915672E7
1630;3842;2;1.1001017612915672E7
1631;3848;6;1.1001017612915672E7
1632;3849;1;1.1001017612915672E7
1633;3850;1;1.1001017612915672E7
1634;3853;3;1.1001017612915672E7
1635;3856;3;1.1001017612915672E7
1636;3858;2;1.1001017612915672E7
1637;3861;3;1.1001017612915672E7
1638;3863;2;1.1001017612915672E7
1639;3865;2;1.1001017612915672E7
1640;3867;2;1.1001017612915672E7
1641;3869;2;1.1001017612915672E7
1642;3871;2;1.1001017612915672E7
1643;3873;2;1.1001017612915672E7
1644;3875;2;1.1001017612915672E7
1645;3877;2;1.1001017612915672E7
1646;3880;3;1.1001017612915672E7
1647;3882;2;1.1001017612915672E7
1648;3884;2;1.1001017612915672E7
1649;3887;3;1.1001017612915672E7
1650;3890;3;1.1001017612915672E7
1651;3892;2;1.1001017612915672E7
1652;3892;0;1.1001017612915672E7
1653;3894;2;1.1001017612915672E7
1654;3896;2;1.1001017612915672E7
1655;3897;1;1.1001017612915672E7
1656;3900;3;1.1001017612915672E7
1657;3902;2;1.1001017612915672E7
1658;3904;2;1.1001017612915672E7
1659;3906;2;1.1001017612915672E7
1660;3910;4;1.1001017612915672E7
1661;3913;3;1.1001017612915672E7
1662;3915;2;1.1001017612915672E7
1663;3916;1;1.1001017612915672E7
1664;3918;2;1.1001017612915672E7
1665;3919;1;1.1001017612915672E7
1666;3921;2;1.1001017612915672E7
1667;3923;2;1.1001017612915672E7
1668;3925;2;1.1001017612915672E7
1669;3927;2;1.1001017612915672E7
1670;3931;4;1.1001017612915672E7
1671;3933;2;1.1001017612915672E7
1672;3934;1;1.1001017612915672E7
1673;3934;0;1.1001017612915672E7
1674;3937;3;1.1001017612915672E7
1675;3939;2;1.1001017612915672E7
1676;3941;2;1.1001017612915672E7
1677;3944;3;1.1001017612915672E7
1678;3945;1;1.1001017612915672E7
1679;3946;1;1.1001017612915672E7
1680;3948;2;1.1001017612915672E7
1681;3949;1;1.1001017612915672E7
1682;3951;2;1.1001017612915672E7
1683;3953;2;1.1001017612915672E7
1684;3954;1;1.1001017612915672E7
1685;3956;2;1.1001017612915672E7
1686;3959;3;1.1001017612915672E7
1687;3961;2;1.1001017612915672E7
1688;3961;0;1.1001017612915672E7
1689;3963;2;1.1001017612915672E7
1690;3966;3;1.1001017612915672E7
1691;3970;4;1.1001017612915672E7
1692;3971;1;1.1001017612915672E7
1693;3973;2;1.1001017612915672E7
1694;3976;3;1.1001017612915672E7
1695;3977;1;1.1001017612915672E7
1696;3978;1;1.1001017612915672E7
1697;3979;1;1.1001017612915672E7
1698;3981;2;1.1001017612915672E7
1699;3982;1;1.1001017612915672E7
1700;3983;1;1.1001017612915672E7
1701;3985;2;1.1001017612915672E7
1702;3986;1;1.1001017612915672E7
1703;3989;3;1.1001017612915672E7
1704;3994;5;1.1001017612915672E7
1705;3994;0;1.1001017612915672E7
1706;3996;2;1.1001017612915672E7
1707;3999;3;1.1001017612915672E7
1708;4002;3;1.1001017612915672E7
1709;4005;3;1.1001017612915672E7
1710;4008;3;1.1001017612915672E7
1711;4010;2;1.1001017612915672E7
1712;4011;1;1.1001017612915672E7
1713;4014;3;1.1001017612915672E7
1714;4016;2;1.1001017612915672E7
1715;4019;3;1.1001017612915672E7
1716;4021;2;1.1001017612915672E7
1717;4023;2;1.1001017612915672E7
1718;4025;2;1.1001017612915672E7
1719;4027;2;1.1001017612915672E7
1720;4028;1;1.1001017612915672E7
1721;4029;1;1.1001017612915672E7
1722;4030;1;1.1001017612915672E7
1723;4031;1;1.1001017612915672E7
1724;4033;2;1.1001017612915672E7
1725;4033;0;1.1001017612915672E7
1726;4035;2;1.1001017612915672E7
1727;4037;2;1.1001017612915672E7
1728;4038;1;1.1001017612915672E7
1729;4041;3;1.1001017612915672E7
1730;4042;1;1.1001017612915672E7
1731;4044;2;1.1001017612915672E7
1732;4045;1;1.1001017612915672E7
1733;4046;1;1.1001017612915672E7
1734;4049;3;1.1001017612915672E7
1735;4052;3;1.1001017612915672E7
1736;4053;1;1.1001017612915672E7
1737;4054;1;1.1001017612915672E7
1738;4057;3;1.1001017612915672E7
1739;4058;1;1.1001017612915672E7
1740;4060;2;1.1001017612915672E7
1741;4061;1;1.1001017612915672E7
1742;4063;2;1.1001017612915672E7
1743;4065;2;1.1001017612915672E7
1744;4070;5;1.1001017612915672E7
1745;4073;3;1.1001017612915672E7
1746;4075;2;1.1001017612915672E7
1747;4077;2;1.1001017612915672E7
1748;4078;1;1.1001017612915672E7
1749;4080;2;1.1001017612915672E7
1750;4081;1;1.1001017612915672E7
1751;4084;3;1.1001017612915672E7
1752;4085;1;1.1001017612915672E7
1753;4087;2;1.1001017612915672E7
1754;4088;1;1.1001017612915672E7
1755;4088;0;1.1001017612915672E7
1756;4089;1;1.1001017612915672E7
1757;4090;1;1.1001017612915672E7
1758;4092;2;1.1001017612915672E7
1759;4095;3;1.1001017612915672E7
1760;4097;2;1.1001017612915672E7
1761;4100;3;1.1001017612915672E7
1762;4103;3;1.1001017612915672E7
1763;4105;2;1.1001017612915672E7
1764;4106;1;1.1001017612915672E7
1765;4108;2;1.1001017612915672E7
1766;4110;2;1.1001017612915672E7
1767;4111;1;1.1001017612915672E7
1768;4112;1;1.1001017612915672E7
1769;4114;2;1.1001017612915672E7
1770;4116;2;1.1001017612915672E7
1771;4119;3;1.1001017612915672E7
1772;4120;1;1.1001017612915672E7
1773;4123;3;1.1001017612915672E7
1774;4124;1;1.1001017612915672E7
1775;4127;3;1.1001017612915672E7
1776;4127;0;1.1001017612915672E7
1777;4130;3;1.1001017612915672E7
1778;4132;2;1.1001017612915672E7
1779;4134;2;1.1001017612915672E7
1780;4137;3;1.1001017612915672E7
1781;4138;1;1.1001017612915672E7
1782;4142;4;1.1001017612915672E7
1783;4144;2;1.1001017612915672E7
1784;4147;3;1.1001017612915672E7
1785;4149;2;1.1001017612915672E7
1786;4150;1;1.1001017612915672E7
1787;4152;2;1.1001017612915672E7
1788;4154;2;1.1001017612915672E7
1789;4156;2;1.1001017612915672E7
1790;4158;2;1.1001017612915672E7
1791;4160;2;1.1001017612915672E7
1792;4163;3;1.1001017612915672E7
1793;4164;1;1.1001017612915672E7
1794;4167;3;1.1001017612915672E7
1795;4169;2;1.1001017612915672E7
1796;4171;2;1.1001017612915672E7
1797;4172;1;1.1001017612915672E7
1798;4173;1;1.1001017612915672E7
1799;4175;2;1.1001017612915672E7
1800;4176;1;1.1001017612915672E7
1801;4177;1;1.1001017612915672E7
1802;4179;2;1.1001017612915672E7
1803;4181;2;1.1001017612915672E7
1804;4184;3;1.1001017612915672E7
1805;4184;0;1.1001017612915672E7
1806;4188;4;1.1001017612915672E7
1807;4190;2;1.1001017612915672E7
1808;4191;1;1.1001017612915672E7
1809;4194;3;1.1001017612915672E7
1810;4196;2;1.1001017612915672E7
1811;4198;2;1.1001017612915672E7
1812;4201;3;1.1001017612915672E7
1813;4203;2;1.1001017612915672E7
1814;4206;3;1.1001017612915672E7
1815;4209;3;1.1001017612915672E7
1816;4211;2;1.1001017612915672E7
1817;4215;4;1.1001017612915672E7
1818;4217;2;1.1001017612915672E7
1819;4218;1;1.1001017612915672E7
1820;4218;0;1.1001017612915672E7
1821;4220;2;1.1001017612915672E7
1822;4221;1;1.1001017612915672E7
1823;4224;3;1.1001017612915672E7
1824;4225;1;1.1001017612915672E7
1825;4226;1;1.1001017612915672E7
1826;4228;2;1.1001017612915672E7
1827;4230;2;1.1001017612915672E7
1828;4232;2;1.1001017612915672E7
1829;4233;1;1.1001017612915672E7
1830;4236;3;1.1001017612915672E7
1831;4238;2;1.1001017612915672E7
1832;4239;1;1.1001017612915672E7
1833;4240;1;1.1001017612915672E7
1834;4241;1;1.1001017612915672E7
1835;4243;2;1.1001017612915672E7
1836;4244;1;1.1001017612915672E7
1837;4247;3;1.1001017612915672E7
1838;4248;1;1.1001017612915672E7
1839;4250;2;1.1001017612915672E7
1840;4251;1;1.1001017612915672E7
1841;4252;1;1.1001017612915672E7
1842;4255;3;1.1001017612915672E7
1843;4255;0;1.1001017612915672E7
1844;4257;2;1.1001017612915672E7
1845;4260;3;1.1001017612915672E7
1846;4262;2;1.1001017612915672E7
1847;4264;2;1.1001017612915672E7
1848;4264;0;1.1001017612915672E7
1849;4267;3;1.1001017612915672E7
1850;4269;2;1.1001017612915672E7
1851;4271;2;1.1001017612915672E7
1852;4272;1;1.1001017612915672E7
1853;4275;3;1.1001017612915672E7
1854;4276;1;1.1001017612915672E7
1855;4278;2;1.1001017612915672E7
1856;4279;1;1.1001017612915672E7
1857;4282;3;1.1001017612915672E7
1858;4284;2;1.1001017612915672E7
1859;4285;1;1.1001017612915672E7
1860;4287;2;1.1001017612915672E7
1861;4289;2;1.1001017612915672E7
1862;4291;2;1.1001017612915672E7
1863;4293;2;1.1001017612915672E7
1864;4295;2;1.1001017612915672E7
1865;4297;2;1.1001017612915672E7
1866;4300;3;1.1001017612915672E7
1867;4302;2;1.1001017612915672E7
1868;4304;2;1.1001017612915672E7
1869;4304;0;1.1001017612915672E7
1870;4307;3;1.1001017612915672E7
1871;4310;3;1.1001017612915672E7
1872;4313;3;1.1001017612915672E7
1873;4315;2;1.1001017612915672E7
1874;4316;1;1.1001017612915672E7
1875;4317;1;1.1001017612915672E7
1876;4319;2;1.1001017612915672E7
1877;4322;3;1.1001017612915672E7
1878;4323;1;1.1001017612915672E7
1879;4326;3;1.1001017612915672E7
1880;4327;1;1.1001017612915672E7
1881;4329;2;1.1001017612915672E7
1882;4330;1;1.1001017612915672E7
1883;4332;2;1.1001017612915672E7
1884;4334;2;1.1001017612915672E7
1885;4337;3;1.1001017612915672E7
1886;4339;2;1.1001017612915672E7
1887;4340;1;1.1001017612915672E7
1888;4341;1;1.1001017612915672E7
1889;4342;1;1.1001017612915672E7
1890;4344;2;1.1001017612915672E7
1891;4345;1;1.1001017612915672E7
1892;4348;3;1.1001017612915672E7
1893;4351;3;1.1001017612915672E7
1894;4354;3;1.1001017612915672E7
1895;4355;1;1.1001017612915672E7
1896;4355;0;1.1001017612915672E7
1897;4359;4;1.1001017612915672E7
1898;4360;1;1.1001017612915672E7
1899;4362;2;1.1001017612915672E7
1900;4364;2;1.1001017612915672E7
1901;4365;1;1.1001017612915672E7
1902;4368;3;1.1001017612915672E7
1903;4370;2;1.1001017612915672E7
1904;4372;2;1.1001017612915672E7
1905;4374;2;1.1001017612915672E7
1906;4375;1;1.1001017612915672E7
1907;4377;2;1.1001017612915672E7
1908;4380;3;1.1001017612915672E7
1909;4383;3;1.1001017612915672E7
1910;4384;1;1.1001017612915672E7
1911;4386;2;1.1001017612915672E7
1912;4389;3;1.1001017612915672E7
1913;4392;3;1.1001017612915672E7
1914;4394;2;1.1001017612915672E7
1915;4396;2;1.1001017612915672E7
1916;4398;2;1.1001017612915672E7
1917;4399;1;1.1001017612915672E7
1918;4401;2;1.1001017612915672E7
1919;4403;2;1.1001017612915672E7
1920;4406;3;1.1001017612915672E7
1921;4408;2;1.1001017612915672E7
1922;4409;1;1.1001017612915672E7
1923;4411;2;1.1001017612915672E7
1924;4414;3;1.1001017612915672E7
1925;4415;1;1.1001017612915672E7
1926;4417;2;1.1001017612915672E7
1927;4418;1;1.1001017612915672E7
1928;4420;2;1.1001017612915672E7
1929;4422;2;1.1001017612915672E7
1930;4422;0;1.1001017612915672E7
1931;4426;4;1.1001017612915672E7
1932;4427;1;1.1001017612915672E7
1933;4430;3;1.1001017612915672E7
1934;4432;2;1.1001017612915672E7
1935;4433;1;1.1001017612915672E7
1936;4435;2;1.1001017612915672E7
1937;4436;1;1.1001017612915672E7
1938;4438;2;1.1001017612915672E7
1939;4440;2;1.1001017612915672E7
1940;4442;2;1.1001017612915672E7
1941;4444;2;1.1001017612915672E7
1942;4446;2;1.1001017612915672E7
1943;4447;1;1.1001017612915672E7
1944;4450;3;1.1001017612915672E7
1945;4451;1;1.1001017612915672E7
1946;4454;3;1.1001017612915672E7
1947;4455;1;1.1001017612915672E7
1948;4457;2;1.1001017612915672E7
1949;4459;2;1.1001017612915672E7
1950;4461;2;1.1001017612915672E7
1951;4464;3;1.1001017612915672E7
1952;4466;2;1.1001017612915672E7
1953;4468;2;1.1001017612915672E7
1954;4470;2;1.1001017612915672E7
1955;4472;2;1.1001017612915672E7
1956;4474;2;1.1001017612915672E7
1957;4476;2;1.1001017612915672E7
1958;4477;1;1.1001017612915672E7
1959;4478;1;1.1001017612915672E7
1960;4481;3;1.1001017612915672E7
1961;4483;2;1.1001017612915672E7
1962;4486;3;1.1001017612915672E7
1963;4489;3;1.1001017612915672E7
1964;4491;2;1.1001017612915672E7
1965;4492;1;1.1001017612915672E7
1966;4493;1;1.1001017612915672E7
1967;4495;2;1.1001017612915672E7
1968;4497;2;1.1001017612915672E7
1969;4498;1;1.1001017612915672E7
1970;4500;2;1.1001017612915672E7
1971;4502;2;1.1001017612915672E7
1972;4503;1;1.1001017612915672E7
1973;4506;3;1.1001017612915672E7
1974;4507;1;1.1001017612915672E7
1975;4509;2;1.1001017612915672E7
1976;4512;3;1.1001017612915672E7
1977;4514;2;1.1001017612915672E7
1978;4518;4;1.1001017612915672E7
1979;4522;4;1.1001017612915672E7
1980;4525;3;1.1001017612915672E7
1981;4525;0;1.1001017612915672E7
1982;4527;2;1.1001017612915672E7
1983;4528;1;1.1001017612915672E7
1984;4528;0;1.1001017612915672E7
1985;4530;2;1.1001017612915672E7
1986;4532;2;1.1001017612915672E7
1987;4534;2;1.1001017612915672E7
1988;4535;1;1.1001017612915672E7
1989;4536;1;1.1001017612915672E7
1990;4537;1;1.1001017612915672E7
1991;4540;3;1.1001017612915672E7
1992;4540;0;1.1001017612915672E7
1993;4542;2;1.1001017612915672E7
1994;4543;1;1.1001017612915672E7
1995;4544;1;1.1001017612915672E7
1996;4546;2;1.1001017612915672E7
1997;4547;1;1.1001017612915672E7
1998;4549;2;1.1001017612915672E7
1999;4550;1;1.1001017612915672E7
2000;4550;0;1.1001017612915672E7
2001;4553;3;1.1001017612915672E7
2002;4553;0;1.1001017612915672E7
2003;4555;2;1.1001017612915672E7
2004;4558;3;1.1001017612915672E7
2005;4560;2;1.1001017612915672E7
2006;4561;1;1.1001017612915672E7
2007;4563;2;1.1001017612915672E7
2008;4565;2;1.1001017612915672E7
2009;4567;2;1.1001017612915672E7
2010;4569;2;1.1001017612915672E7
2011;4570;1;1.1001017612915672E7
2012;4571;1;1.1001017612915672E7
2013;4571;0;1.1001017612915672E7
2014;4574;3;1.1001017612915672E7
2015;4575;1;1.1001017612915672E7
2016;4577;2;1.1001017612915672E7
2017;4578;1;1.1001017612915672E7
2018;4580;2;1.1001017612915672E7
2019;4582;2;1.1001017612915672E7
2020;4585;3;1.1001017612915672E7
2021;4587;2;1.1001017612915672E7
2022;4589;2;1.1001017612915672E7
2023;4591;2;1.1001017612915672E7
2024;4594;3;1.1001017612915672E7
2025;4594;0;1.1001017612915672E7
2026;4596;2;1.1001017612915672E7
2027;4598;2;1.1001017612915672E7
2028;4600;2;1.1001017612915672E7
2029;4603;3;1.1001017612915672E7
2030;4605;2;1.1001017612915672E7
2031;4606;1;1.1001017612915672E7
2032;4608;2;1.1001017612915672E7
2033;4610;2;1.1001017612915672E7
2034;4613;3;1.1001017612915672E7
2035;4615;2;1.1001017612915672E7
2036;4616;1;1.1001017612915672E7
2037;4618;2;1.1001017612915672E7
2038;4619;1;1.1001017612915672E7
2039;4620;1;1.1001017612915672E7
2040;4622;2;1.1001017612915672E7
2041;4625;3;1.1001017612915672E7
2042;4625;0;1.1001017612915672E7
2043;4626;1;1.1001017612915672E7
2044;4628;2;1.1001017612915672E7
2045;4631;3;1.1001017612915672E7
2046;4633;2;1.1001017612915672E7
2047;4635;2;1.1001017612915672E7
2048;4637;2;1.1001017612915672E7
2049;4638;1;1.1001017612915672E7
2050;4640;2;1.1001017612915672E7
2051;4643;3;1.1001017612915672E7
2052;4645;2;1.1001017612915672E7
2053;4647;2;1.1001017612915672E7
2054;4649;2;1.1001017612915672E7
2055;4651;2;1.1001017612915672E7
2056;4653;2;1.1001017612915672E7
2057;4656;3;1.1001017612915672E7
2058;4659;3;1.1001017612915672E7
2059;4662;3;1.1001017612915672E7
2060;4664;2;1.1001017612915672E7
2061;4665;1;1.1001017612915672E7
2062;4667;2;1.1001017612915672E7
2063;4669;2;1.1001017612915672E7
2064;4671;2;1.1001017612915672E7
2065;4674;3;1.1001017612915672E7
2066;4676;2;1.1001017612915672E7
2067;4677;1;1.1001017612915672E7
2068;4680;3;1.1001017612915672E7
2069;4680;0;1.1001017612915672E7
2070;4683;3;1.1001017612915672E7
2071;4685;2;1.1001017612915672E7
2072;4687;2;1.1001017612915672E7
2073;4690;3;1.1001017612915672E7
2074;4692;2;1.1001017612915672E7
2075;4693;1;1.1001017612915672E7
2076;4694;1;1.1001017612915672E7
2077;4696;2;1.1001017612915672E7
2078;4696;0;1.1001017612915672E7
2079;4698;2;1.1001017612915672E7
2080;4701;3;1.1001017612915672E7
2081;4702;1;1.1001017612915672E7
2082;4705;3;1.1001017612915672E7
2083;4706;1;1.1001017612915672E7
2084;4709;3;1.1001017612915672E7
2085;4711;2;1.1001017612915672E7
2086;4713;2;1.1001017612915672E7
2087;4715;2;1.1001017612915672E7
2088;4717;2;1.1001017612915672E7
2089;4720;3;1.1001017612915672E7
2090;4722;2;1.1001017612915672E7
2091;4724;2;1.1001017612915672E7
2092;4725;1;1.1001017612915672E7
2093;4727;2;1.1001017612915672E7
2094;4730;3;1.1001017612915672E7
2095;4731;1;1.1001017612915672E7
2096;4732;1;1.1001017612915672E7
2097;4735;3;1.1001017612915672E7
2098;4736;1;1.1001017612915672E7
2099;4739;3;1.1001017612915672E7
2100;4741;2;1.1001017612915672E7
2101;4744;3;1.1001017612915672E7
2102;4746;2;1.1001017612915672E7
2103;4747;1;1.1001017612915672E7
2104;4749;2;1.1001017612915672E7
2105;4750;1;1.1001017612915672E7
2106;4751;1;1.1001017612915672E7
2107;4753;2;1.1001017612915672E7
2108;4755;2;1.1001017612915672E7
2109;4757;2;1.1001017612915672E7
2110;4758;1;1.1001017612915672E7
2111;4760;2;1.1001017612915672E7
2112;4761;1;1.1001017612915672E7
2113;4764;3;1.1001017612915672E7
2114;4766;2;1.1001017612915672E7
2115;4766;0;1.1001017612915672E7
2116;4769;3;1.1001017612915672E7
2117;4771;2;1.1001017612915672E7
2118;4775;4;1.1001017612915672E7
2119;4777;2;1.1001017612915672E7
2120;4779;2;1.1001017612915672E7
2121;4781;2;1.1001017612915672E7
2122;4782;1;1.1001017612915672E7
2123;4783;1;1.1001017612915672E7
2124;4786;3;1.1001017612915672E7
2125;4788;2;1.1001017612915672E7
2126;4789;1;1.1001017612915672E7
2127;4791;2;1.1001017612915672E7
2128;4793;2;1.1001017612915672E7
2129;4793;0;1.1001017612915672E7
2130;4794;1;1.1001017612915672E7
2131;4796;2;1.1001017612915672E7
2132;4798;2;1.1001017612915672E7
2133;4800;2;1.1001017612915672E7
2134;4803;3;1.1001017612915672E7
2135;4806;3;1.1001017612915672E7
2136;4809;3;1.1001017612915672E7
2137;4811;2;1.1001017612915672E7
2138;4813;2;1.1001017612915672E7
2139;4816;3;1.1001017612915672E7
2140;4818;2;1.1001017612915672E7
2141;4820;2;1.1001017612915672E7
2142;4822;2;1.1001017612915672E7
2143;4824;2;1.1001017612915672E7
2144;4827;3;1.1001017612915672E7
2145;4830;3;1.1001017612915672E7
2146;4832;2;1.1001017612915672E7
2147;4834;2;1.1001017612915672E7
2148;4837;3;1.1001017612915672E7
2149;4838;1;1.1001017612915672E7
2150;4838;0;1.1001017612915672E7
2151;4840;2;1.1001017612915672E7
2152;4843;3;1.1000977368275817E7
2153;4845;2;1.1000977368275817E7
2154;4846;1;1.1000977368275817E7
2155;4848;2;1.1000977368275817E7
2156;4851;3;1.1000976346556999E7
2157;4853;2;1.1000976346556999E7
2158;4855;2;1.1000976346556999E7
2159;4856;1;1.1000976346556999E7
2160;4856;0;1.1000976346556999E7
2161;4859;3;1.1000976346556999E7
2162;4861;2;1.1000976346556999E7
2163;4862;1;1.1000976346556999E7
2164;4865;3;1.1000976346556999E7
2165;4865;0;1.1000976346556999E7
2166;4866;1;1.1000976346556999E7
2167;4868;2;1.1000976346556999E7
2168;4870;2;1.1000976346556999E7
2169;4871;1;1.1000976346556999E7
2170;4871;0;1.1000976346556999E7
2171;4873;2;1.1000976346556999E7
2172;4873;0;1.1000976346556999E7
2173;4874;1;1.1000976346556999E7
2174;4876;2;1.1000976346556999E7
2175;4878;2;1.1000976346556999E7
2176;4879;1;1.1000976346556999E7
2177;4881;2;1.1000976346556999E7
2178;4881;0;1.1000976346556999E7
2179;4884;3;1.1000976346556999E7
2180;4885;1;1.1000976346556999E7
2181;4888;3;1.1000976346556999E7
2182;4890;2;1.1000976346556999E7
2183;4892;2;1.1000976346556999E7
2184;4894;2;1.1000959873769552E7
2185;4897;3;1.1000959873769552E7
2186;4899;2;1.1000959873769552E7
2187;4900;1;1.1000959873769552E7
2188;4903;3;1.1000959873769552E7
2189;4904;1;1.1000959873769552E7
2190;4906;2;1.1000959873769552E7
2191;4908;2;1.1000959873769552E7
2192;4910;2;1.1000959873769552E7
2193;4911;1;1.1000959873769552E7
2194;4913;2;1.1000959873769552E7
2195;4915;2;1.1000959873769552E7
2196;4917;2;1.1000959873769552E7
2197;4919;2;1.1000959873769552E7
2198;4921;2;1.1000959873769552E7
2199;4922;1;1.1000959873769552E7
2200;4925;3;1.1000959873769552E7
2201;4928;3;1.1000959873769552E7
2202;4931;3;1.1000959873769552E7
2203;4933;2;1.1000959873769552E7
2204;4935;2;1.1000959873769552E7
2205;4937;2;1.1000959873769552E7
2206;4940;3;1.1000959873769552E7
2207;4942;2;1.1000959873769552E7
2208;4944;2;1.1000959873769552E7
2209;4947;3;1.1000959873769552E7
2210;4949;2;1.1000959873769552E7
2211;4951;2;1.1000959873769552E7
2212;4952;1;1.1000959873769552E7
2213;4955;3;1.1000959873769552E7
2214;4955;0;1.1000959873769552E7
2215;4957;2;1.1000959873769552E7
2216;4959;2;1.1000959873769552E7
2217;4961;2;1.1000959873769552E7
2218;4962;1;1.1000959873769552E7
2219;4963;1;1.1000959873769552E7
2220;4965;2;1.1000959873769552E7
2221;4969;4;1.1000959873769552E7
2222;4970;1;1.1000959873769552E7
2223;4971;1;1.1000959873769552E7
2224;4974;3;1.1000959873769552E7
2225;4975;1;1.1000959873769552E7
2226;4977;2;1.1000959873769552E7
2227;4979;2;1.1000959873769552E7
2228;4981;2;1.1000959873769552E7
2229;4983;2;1.1000959873769552E7
2230;4987;4;1.1000959873769552E7
2231;4989;2;1.1000959873769552E7
2232;4991;2;1.1000959873769552E7
2233;4992;1;1.1000959873769552E7
2234;4995;3;1.1000959873769552E7
2235;4997;2;1.1000959873769552E7
2236;4999;2;1.1000959873769552E7
2237;5000;1;1.1000959873769552E7
2238;5002;2;1.1000959873769552E7
2239;5004;2;1.1000959873769552E7
2240;5005;1;1.1000959873769552E7
2241;5007;2;1.1000959873769552E7
2242;5009;2;1.1000959873769552E7
2243;5011;2;1.1000959873769552E7
2244;5012;1;1.1000959873769552E7
2245;5014;2;1.1000959873769552E7
2246;5015;1;1.1000959873769552E7
2247;5016;1;1.1000959873769552E7
2248;5019;3;1.1000959873769552E7
2249;5021;2;1.1000959873769552E7
2250;5023;2;1.1000959873769552E7
2251;5025;2;1.1000959873769552E7
2252;5027;2;1.1000959873769552E7
2253;5028;1;1.1000959873769552E7
2254;5029;1;1.1000959873769552E7
2255;5030;1;1.1000959873769552E7
2256;5031;1;1.1000959873769552E7
2257;5033;2;1.1000959873769552E7
2258;5036;3;1.1000959873769552E7
2259;5036;0;1.1000959873769552E7
2260;5037;1;1.1000959873769552E7
2261;5039;2;1.1000959873769552E7
2262;5042;3;1.1000959873769552E7
2263;5043;1;1.1000959873769552E7
2264;5045;2;1.1000959873769552E7
2265;5047;2;1.1000959873769552E7
2266;5048;1;1.1000959873769552E7
2267;5050;2;1.1000959873769552E7
2268;5051;1;1.1000959873769552E7
2269;5052;1;1.1000959873769552E7
2270;5055;3;1.1000959873769552E7
2271;5055;0;1.1000959873769552E7
2272;5057;2;1.1000959873769552E7
2273;5058;1;1.1000959873769552E7
2274;5060;2;1.1000959873769552E7
2275;5062;2;1.1000959873769552E7
2276;5064;2;1.1000959873769552E7
2277;5066;2;1.1000959873769552E7
2278;5069;3;1.1000959873769552E7
2279;5070;1;1.1000959873769552E7
2280;5073;3;1.1000959873769552E7
2281;5075;2;1.1000959873769552E7
2282;5076;1;1.1000959873769552E7
2283;5078;2;1.1000959873769552E7
2284;5079;1;1.1000959873769552E7
2285;5082;3;1.1000959873769552E7
2286;5083;1;1.1000959873769552E7
2287;5085;2;1.1000959873769552E7
2288;5089;4;1.1000959873769552E7
2289;5092;3;1.1000959873769552E7
2290;5093;1;1.1000959873769552E7
2291;5095;2;1.1000959873769552E7
2292;5097;2;1.1000959873769552E7
2293;5100;3;1.1000959873769552E7
2294;5101;1;1.1000959873769552E7
2295;5103;2;1.1000959873769552E7
2296;5105;2;1.1000959873769552E7
2297;5105;0;1.1000959873769552E7
2298;5107;2;1.1000959873769552E7
2299;5110;3;1.1000959873769552E7
2300;5112;2;1.1000959873769552E7
2301;5114;2;1.1000959873769552E7
2302;5115;1;1.1000959873769552E7
2303;5118;3;1.1000959873769552E7
2304;5120;2;1.1000959873769552E7
2305;5122;2;1.1000959873769552E7
2306;5125;3;1.1000959873769552E7
2307;5127;2;1.1000959873769552E7
2308;5129;2;1.1000959873769552E7
2309;5132;3;1.1000959873769552E7
2310;5133;1;1.1000959873769552E7
2311;5135;2;1.1000959873769552E7
2312;5137;2;1.1000959873769552E7
2313;5138;1;1.1000959873769552E7
2314;5139;1;1.1000959873769552E7
2315;5141;2;1.1000959873769552E7
2316;5143;2;1.1000959873769552E7
2317;5146;3;1.1000959873769552E7
2318;5148;2;1.1000959873769552E7
2319;5151;3;1.1000959873769552E7
2320;5152;1;1.1000959873769552E7
2321;5154;2;1.1000959873769552E7
2322;5156;2;1.1000959873769552E7
2323;5158;2;1.1000959873769552E7
2324;5162;4;1.1000959873769552E7
2325;5166;4;1.1000959873769552E7
2326;5169;3;1.1000959873769552E7
2327;5172;3;1.1000959873769552E7
2328;5175;3;1.1000959873769552E7
2329;5177;2;1.1000959873769552E7
2330;5179;2;1.1000959873769552E7
2331;5180;1;1.1000959873769552E7
2332;5181;1;1.1000959873769552E7
2333;5182;1;1.1000959873769552E7
2334;5184;2;1.1000959873769552E7
2335;5187;3;1.1000959873769552E7
2336;5188;1;1.1000959873769552E7
2337;5191;3;1.1000959873769552E7
2338;5193;2;1.1000959873769552E7
2339;5195;2;1.1000959873769552E7
2340;5196;1;1.1000959873769552E7
2341;5199;3;1.1000959873769552E7
2342;5201;2;1.1000959873769552E7
2343;5202;1;1.1000959873769552E7
2344;5206;4;1.1000959873769552E7
2345;5209;3;1.1000959873769552E7
2346;5212;3;1.1000959873769552E7
2347;5214;2;1.1000959873769552E7
2348;5215;1;1.1000959873769552E7
2349;5217;2;1.1000959873769552E7
2350;5217;0;1.1000959873769552E7
2351;5220;3;1.1000959873769552E7
2352;5222;2;1.1000959873769552E7
2353;5223;1;1.1000959873769552E7
2354;5224;1;1.1000959873769552E7
2355;5225;1;1.1000959873769552E7
2356;5226;1;1.1000959873769552E7
2357;5228;2;1.1000959873769552E7
2358;5231;3;1.1000959873769552E7
2359;5232;1;1.1000959873769552E7
2360;5234;2;1.1000959873769552E7
2361;5236;2;1.1000959873769552E7
2362;5237;1;1.1000959873769552E7
2363;5238;1;1.1000959873769552E7
2364;5239;1;1.1000959873769552E7
2365;5242;3;1.1000959873769552E7
2366;5243;1;1.1000959873769552E7
2367;5245;2;1.1000959873769552E7
2368;5246;1;1.1000959873769552E7
2369;5247;1;1.1000959873769552E7
2370;5247;0;1.1000959873769552E7
2371;5249;2;1.1000959873769552E7
2372;5251;2;1.1000959873769552E7
2373;5252;1;1.1000959873769552E7
2374;5253;1;1.1000959873769552E7
2375;5255;2;1.1000959873769552E7
2376;5256;1;1.1000959873769552E7
2377;5257;1;1.1000959873769552E7
2378;5259;2;1.1000959873769552E7
2379;5260;1;1.1000959873769552E7
2380;5261;1;1.1000959873769552E7
2381;5263;2;1.1000959873769552E7
2382;5267;4;1.1000959873769552E7
2383;5268;1;1.1000959873769552E7
2384;5271;3;1.1000959873769552E7
2385;5272;1;1.1000959873769552E7
2386;5273;1;1.0001176594870234E7
2387;5275;2;1.0001176594870234E7
2388;5277;2;1.0001176594870234E7
2389;5280;3;1.0001176594870234E7
2390;5281;1;1.0001176594870234E7
2391;5283;2;1.0001176594870234E7
2392;5284;1;1.0001176594870234E7
2393;5286;2;1.0001176594870234E7
2394;5287;1;1.0001176594870234E7
2395;5288;1;1.0001176594870234E7
2396;5290;2;1.0001176594870234E7
2397;5291;1;1.0001168323575344E7
2398;5291;0;1.0001168323575344E7
2399;5292;1;1.0001168323575344E7
2400;5294;2;1.0001168323575344E7
2401;5297;3;1.0001166210111277E7
2402;5299;2;1.0001166210111277E7
2403;5301;2;1.0001166210111277E7
2404;5304;3;1.0001166210111277E7
2405;5306;2;1.0001155228247173E7
2406;5308;2;1.0001155228247173E7
2407;5308;0;1.0001155228247173E7
2408;5311;3;1.0001155228247173E7
2409;5313;2;1.0001155228247173E7
2410;5315;2;1.0001155228247173E7
2411;5317;2;1.0001155228247173E7
2412;5319;2;1.0001155228247173E7
2413;5321;2;1.0001155228247173E7
2414;5323;2;1.0001155228247173E7
2415;5325;2;1.0001155228247173E7
2416;5326;1;1.0001155228247173E7
2417;5328;2;1.0001155228247173E7
2418;5330;2;1.0001155228247173E7
2419;5331;1;1.0001155228247173E7
2420;5333;2;1.0001155228247173E7
2421;5335;2;1.0001155228247173E7
2422;5337;2;1.0001152699050695E7
2423;5340;3;1.0001121910273891E7
2424;5341;1;1.0001121910273891E7
2425;5342;1;1.0001121910273891E7
2426;5343;1;1.0001121910273891E7
2427;5345;2;1.0001121910273891E7
2428;5347;2;1.0001121910273891E7
2429;5349;2;1.0001121910273891E7
2430;5351;2;1.000110176585457E7
2431;5353;2;1.0001101160303295E7
2432;5355;2;1.0001101160303295E7
2433;5357;2;1.0001101160303295E7
2434;5359;2;1.0001101160303295E7
2435;5360;1;1.0001101160303295E7
2436;5361;1;1.0001101160303295E7
2437;5362;1;1.0001101160303295E7
2438;5363;1;1.0001101160303295E7
2439;5365;2;1.0001101160303295E7
2440;5367;2;1.0001066885079883E7
2441;5368;1;1.0001066885079883E7
2442;5370;2;1.0001066885079883E7
2443;5371;1;1.0001066885079883E7
2444;5372;1;1.0001066885079883E7
2445;5374;2;1.0001066885079883E7
2446;5376;2;1.0001066885079883E7
2447;5378;2;1.0001066885079883E7
2448;5380;2;1.0001066885079883E7
2449;5382;2;1.0001066885079883E7
2450;5384;2;1.0001066885079883E7
2451;5385;1;1.0001066885079883E7
2452;5387;2;1.0001066885079883E7
2453;5388;1;1.0001066885079883E7
2454;5388;0;1.0001066885079883E7
2455;5389;1;1.0001066885079883E7
2456;5391;2;1.0001066885079883E7
2457;5392;1;1.0001066885079883E7
2458;5394;2;1.0001066885079883E7
2459;5396;2;1.0001066885079883E7
2460;5399;3;1.000105681487873E7
2461;5401;2;1.000105681487873E7
2462;5403;2;1.000105681487873E7
2463;5404;1;1.000105681487873E7
2464;5406;2;1.0001047441080682E7
2465;5408;2;1.0001047441080682E7
2466;5410;2;1.0001047441080682E7
2467;5412;2;1.0001047441080682E7
2468;5414;2;1.0001047441080682E7
2469;5417;3;1.0001047441080682E7
2470;5420;3;1.0001047441080682E7
2471;5421;1;1.0001047441080682E7
2472;5422;1;1.0001047441080682E7
2473;5424;2;1.0001047441080682E7
2474;5426;2;1.000104286845983E7
2475;5429;3;1.000104286845983E7
2476;5430;1;1.000104286845983E7
2477;5431;1;1.000104286845983E7
2478;5433;2;1.000104286845983E7
2479;5433;0;1.000104286845983E7
2480;5435;2;1.000104286845983E7
2481;5437;2;1.000104286845983E7
2482;5439;2;1.000104286845983E7
2483;5442;3;1.000104286845983E7
2484;5445;3;1.000104286845983E7
2485;5445;0;1.000104286845983E7
2486;5447;2;1.0001037277929008E7
2487;5448;1;1.0001037277929008E7
2488;5448;0;1.0001037277929008E7
2489;5450;2;1.0001037277929008E7
2490;5451;1;1.0001037277929008E7
2491;5451;0;1.0001037277929008E7
2492;5452;1;1.0001037277929008E7
2493;5454;2;1.0001037277929008E7
2494;5457;3;1.0001037277929008E7
2495;5458;1;1.0001037277929008E7
2496;5460;2;1.0001036215346238E7
2497;5464;4;1.0001036215346238E7
2498;5466;2;1.0001036215346238E7
2499;5467;1;1.0001036215346238E7
2500;5470;3;1.0001036215346238E7
2501;5471;1;1.0001036215346238E7
2502;5473;2;1.0001036215346238E7
2503;5475;2;1.0001036215346238E7
2504;5477;2;1.0001036215346238E7
2505;5480;3;1.0001036215346238E7
2506;5482;2;1.0001036215346238E7
2507;5484;2;1.0001036215346238E7
2508;5487;3;1.0001036215346238E7
2509;5488;1;1.0001036215346238E7
2510;5491;3;1.0001036215346238E7
2511;5493;2;1.0001036215346238E7
2512;5496;3;1.0001036215346238E7
2513;5498;2;1.0001036215346238E7
2514;5500;2;1.0001036215346238E7
2515;5501;1;1.0001036215346238E7
2516;5503;2;1.0001036215346238E7
2517;5505;2;1.0001036215346238E7
2518;5506;1;1.0001036215346238E7
2519;5507;1;1.0001036215346238E7
2520;5509;2;1.0001036215346238E7
2521;5512;3;1.0001036215346238E7
2522;5514;2;1.0001036215346238E7
2523;5515;1;1.0001036215346238E7
2524;5517;2;1.0001002370381257E7
2525;5519;2;1.0001002370381257E7
2526;5521;2;1.0001002370381257E7
2527;5524;3;1.0001002370381257E7
2528;5525;1;1.0001002370381257E7
2529;5527;2;1.0000999770714138E7
2530;5529;2;1.0000992645998223E7
2531;5530;1;1.0000992645998223E7
2532;5532;2;1.0000992645998223E7
2533;5535;3;1.0000992645998223E7
2534;5538;3;1.0000992645998223E7
2535;5538;0;1.0000992645998223E7
2536;5540;2;1.0000992645998223E7
2537;5542;2;1.0000992645998223E7
2538;5543;1;1.0000992645998223E7
2539;5548;5;1.0000992645998223E7
2540;5550;2;1.0000992645998223E7
2541;5552;2;1.0000992645998223E7
2542;5554;2;1.0000992645998223E7
2543;5555;1;1.0000992645998223E7
2544;5559;4;1.0000992391053569E7
2545;5561;2;1.0000977454947874E7
2546;5564;3;1.0000969551207133E7
2547;5565;1;1.0000969551207133E7
2548;5565;0;1.0000969551207133E7
2549;5566;1;1.0000969551207133E7
2550;5568;2;1.0000969551207133E7
2551;5571;3;1.0000969551207133E7
2552;5573;2;1.0000969551207133E7
2553;5574;1;1.0000969551207133E7
2554;5575;1;1.0000969551207133E7
2555;5577;2;1.0000969551207133E7
2556;5578;1;1.0000969551207133E7
2557;5581;3;1.0000969551207133E7
2558;5583;2;1.0000969551207133E7
2559;5585;2;1.000096655366975E7
2560;5585;0;1.000096655366975E7
2561;5587;2;1.0000962281507473E7
2562;5588;1;1.0000962281507473E7
2563;5592;4;1.0000962281507473E7
2564;5594;2;1.0000962281507473E7
2565;5594;0;1.0000962281507473E7
2566;5595;1;1.0000962281507473E7
2567;5597;2;1.0000962281507473E7
2568;5599;2;1.0000962281507473E7
2569;5601;2;1.0000962281507473E7
2570;5601;0;1.0000962281507473E7
2571;5602;1;1.0000962281507473E7
2572;5604;2;1.0000962281507473E7
2573;5606;2;1.0000962281507473E7
2574;5607;1;1.0000962281507473E7
2575;5609;2;1.0000962281507473E7
2576;5609;0;1.0000962281507473E7
2577;5612;3;1.0000962281507473E7
2578;5614;2;1.0000962281507473E7
2579;5616;2;1.0000962281507473E7
2580;5618;2;1.0000962281507473E7
2581;5620;2;1.0000962281507473E7
2582;5622;2;1.0000962281507473E7
2583;5624;2;1.0000962281507473E7
2584;5625;1;1.0000962281507473E7
2585;5627;2;1.0000962281507473E7
2586;5627;0;1.0000962281507473E7
2587;5629;2;1.0000962281507473E7
2588;5630;1;1.0000962281507473E7
2589;5632;2;1.0000962281507473E7
2590;5634;2;1.0000962281507473E7
2591;5637;3;1.0000962281507473E7
2592;5638;1;1.0000962281507473E7
2593;5639;1;1.0000962281507473E7
2594;5640;1;1.0000962281507473E7
2595;5641;1;1.0000962281507473E7
2596;5643;2;1.0000962281507473E7
2597;5646;3;1.0000962281507473E7
2598;5647;1;1.0000962281507473E7
2599;5649;2;1.0000962281507473E7
2600;5651;2;1.0000962281507473E7
2601;5654;3;1.0000962281507473E7
2602;5656;2;1.0000962281507473E7
2603;5657;1;1.0000962281507473E7
2604;5658;1;1.0000962281507473E7
2605;5660;2;1.0000962281507473E7
2606;5663;3;1.0000962281507473E7
2607;5665;2;1.0000962281507473E7
2608;5666;1;1.0000962281507473E7
2609;5668;2;1.0000962281507473E7
2610;5669;1;1.0000962281507473E7
2611;5670;1;1.0000962281507473E7
2612;5673;3;1.0000962281507473E7
2613;5674;1;1.0000962281507473E7
2614;5675;1;1.0000962281507473E7
2615;5677;2;1.0000962281507473E7
2616;5680;3;1.0000962281507473E7
2617;5681;1;1.0000962281507473E7
2618;5684;3;1.0000962281507473E7
2619;5685;1;1.0000962281507473E7
2620;5686;1;1.0000962281507473E7
2621;5688;2;1.0000962281507473E7
2622;5690;2;1.0000962281507473E7
2623;5693;3;1.0000962281507473E7
2624;5695;2;1.0000962281507473E7
2625;5698;3;1.0000962281507473E7
2626;5698;0;1.0000962281507473E7
2627;5700;2;1.0000962281507473E7
2628;5702;2;1.0000962281507473E7
2629;5703;1;1.0000962281507473E7
2630;5705;2;1.0000962281507473E7
2631;5707;2;1.0000898583908422E7
2632;5709;2;1.0000898583908422E7
2633;5709;0;1.0000898583908422E7
2634;5710;1;1.0000898583908422E7
2635;5713;3;1.0000898583908422E7
2636;5715;2;1.0000898583908422E7
2637;5718;3;1.0000896185480442E7
2638;5721;3;1.0000896185480442E7
2639;5723;2;1.0000896185480442E7
2640;5724;1;1.0000896185480442E7
2641;5726;2;1.0000896185480442E7
2642;5727;1;1.0000896185480442E7
2643;5729;2;1.0000896185480442E7
2644;5732;3;1.0000896185480442E7
2645;5732;0;1.0000896185480442E7
2646;5733;1;1.0000896185480442E7
2647;5734;1;1.0000896185480442E7
2648;5737;3;1.000087099136835E7
2649;5738;1;1.000087099136835E7
2650;5740;2;1.000087099136835E7
2651;5742;2;1.000087099136835E7
2652;5744;2;1.000087099136835E7
2653;5747;3;1.000087099136835E7
2654;5748;1;1.000087099136835E7
2655;5750;2;1.000087099136835E7
2656;5751;1;1.000087099136835E7
2657;5753;2;1.000087099136835E7
2658;5754;1;1.000087099136835E7
2659;5756;2;1.000087099136835E7
2660;5757;1;1.000087099136835E7
2661;5759;2;1.000087099136835E7
2662;5761;2;1.000087099136835E7
2663;5762;1;1.000087099136835E7
2664;5764;2;1.000087099136835E7
2665;5767;3;1.000087099136835E7
2666;5767;0;1.000087099136835E7
2667;5769;2;1.000087099136835E7
2668;5772;3;1.000087099136835E7
2669;5774;2;1.000087099136835E7
2670;5776;2;1.000087099136835E7
2671;5779;3;1.000087099136835E7
2672;5779;0;1.000087099136835E7
2673;5781;2;1.000087099136835E7
2674;5783;2;1.000087099136835E7
2675;5787;4;1.000087099136835E7
2676;5789;2;1.000087099136835E7
2677;5792;3;1.000087099136835E7
2678;5795;3;1.000087099136835E7
2679;5797;2;1.000087099136835E7
2680;5800;3;1.000087099136835E7
2681;5802;2;1.000087099136835E7
2682;5804;2;1.000087099136835E7
2683;5806;2;1.000087099136835E7
2684;5808;2;1.0000870665609265E7
2685;5810;2;1.0000870665609265E7
2686;5813;3;1.0000870665609265E7
2687;5816;3;1.0000870665609265E7
2688;5817;1;1.0000870665609265E7
2689;5818;1;1.0000870665609265E7
2690;5820;2;1.0000870665609265E7
2691;5822;2;1.0000870665609265E7
2692;5823;1;1.0000870665609265E7
2693;5826;3;1.0000870665609265E7
2694;5827;1;1.0000870665609265E7
2695;5829;2;1.0000870665609265E7
2696;5830;1;1.0000870665609265E7
2697;5831;1;1.0000870665609265E7
2698;5833;2;1.0000870665609265E7
2699;5834;1;1.0000870665609265E7
2700;5837;3;1.0000870665609265E7
2701;5838;1;1.0000870665609265E7
2702;5840;2;1.000087044086383E7
2703;5842;2;1.000087044086383E7
2704;5844;2;1.000087044086383E7
2705;5847;3;1.000087044086383E7
2706;5849;2;1.000087044086383E7
2707;5851;2;1.000087044086383E7
2708;5852;1;1.000087044086383E7
2709;5853;1;1.000087044086383E7
2710;5855;2;1.000087044086383E7
2711;5857;2;1.0000857645178063E7
2712;5858;1;1.0000857645178063E7
2713;5860;2;1.0000857645178063E7
2714;5862;2;1.0000857645178063E7
2715;5863;1;1.0000857645178063E7
2716;5864;1;1.0000857645178063E7
2717;5867;3;1.0000857645178063E7
2718;5869;2;1.0000853238045117E7
2719;5870;1;1.0000853238045117E7
2720;5871;1;1.0000853238045117E7
2721;5873;2;1.0000853238045117E7
2722;5876;3;1.0000853238045117E7
2723;5879;3;1.0000853238045117E7
2724;5879;0;1.0000853238045117E7
2725;5881;2;1.0000853238045117E7
2726;5883;2;1.0000853238045117E7
2727;5885;2;1.0000853238045117E7
2728;5887;2;1.0000853238045117E7
2729;5888;1;1.0000853238045117E7
2730;5891;3;1.0000853238045117E7
2731;5894;3;1.0000853238045117E7
2732;5896;2;1.0000853238045117E7
2733;5898;2;1.0000853238045117E7
2734;5899;1;1.0000853238045117E7
2735;5900;1;1.0000853238045117E7
2736;5901;1;1.0000853238045117E7
2737;5903;2;1.0000853238045117E7
2738;5912;9;1.0000853238045117E7
2739;5914;2;1.0000853238045117E7
2740;5915;1;1.0000853238045117E7
2741;5918;3;1.0000853238045117E7
2742;5920;2;1.0000853238045117E7
2743;5925;5;1.0000853238045117E7
2744;5928;3;1.0000853238045117E7
2745;5930;2;1.0000853238045117E7
2746;5934;4;1.0000853238045117E7
2747;5936;2;1.0000853238045117E7
2748;5939;3;1.0000853238045117E7
2749;5942;3;1.0000853238045117E7
2750;5944;2;1.0000853238045117E7
2751;5947;3;1.0000853238045117E7
2752;5948;1;1.0000853238045117E7
2753;5949;1;1.0000853238045117E7
2754;5952;3;1.0000853238045117E7
2755;5953;1;1.0000853238045117E7
2756;5955;2;1.0000853238045117E7
2757;5957;2;1.0000853238045117E7
2758;5959;2;1.0000853238045117E7
2759;5962;3;1.0000853238045117E7
2760;5963;1;1.0000853238045117E7
2761;5966;3;1.0000853238045117E7
2762;5967;1;1.0000853238045117E7
2763;5971;4;1.0000853238045117E7
2764;5972;1;1.0000853238045117E7
2765;5975;3;1.0000853238045117E7
2766;5975;0;1.0000853238045117E7
2767;5977;2;1.0000832641437734E7
2768;5978;1;1.0000832641437734E7
2769;5980;2;1.0000832641437734E7
2770;5983;3;1.0000832641437734E7
2771;5987;4;1.0000832641437734E7
2772;5992;5;1.0000832641437734E7
2773;5997;5;1.0000832641437734E7
2774;6000;3;1.0000832641437734E7
2775;6002;2;1.0000832641437734E7
2776;6005;3;1.0000832641437734E7
2777;6007;2;1.0000832641437734E7
2778;6013;6;1.0000832641437734E7
2779;6018;5;1.0000832341785291E7
2780;6023;5;1.0000832341785291E7
2781;6026;3;1.0000832341785291E7
2782;6027;1;1.0000832341785291E7
2783;6029;2;1.0000832341785291E7
2784;6030;1;1.0000832341785291E7
2785;6031;1;1.0000832341785291E7
2786;6033;2;1.0000832341785291E7
2787;6034;1;1.0000832341785291E7
2788;6037;3;1.0000832341785291E7
2789;6038;1;1.0000832341785291E7
2790;6040;2;1.0000832341785291E7
2791;6042;2;1.0000832341785291E7
2792;6044;2;1.0000832341785291E7
2793;6046;2;1.0000832341785291E7
2794;6048;2;1.0000832341785291E7
2795;6049;1;1.0000832341785291E7
2796;6050;1;1.0000832341785291E7
2797;6053;3;1.0000832341785291E7
2798;6055;2;1.0000832341785291E7
2799;6056;1;1.0000832341785291E7
2800;6058;2;1.0000832341785291E7
2801;6058;0;1.0000832341785291E7
2802;6059;1;1.0000832341785291E7
2803;6062;3;1.0000832341785291E7
2804;6063;1;1.0000832341785291E7
2805;6065;2;1.0000832341785291E7
2806;6066;1;1.0000832341785291E7
2807;6069;3;1.0000832341785291E7
2808;6069;0;1.0000832341785291E7
2809;6071;2;1.0000832341785291E7
2810;6072;1;1.0000832341785291E7
2811;6074;2;1.0000832341785291E7
2812;6075;1;1.0000832341785291E7
2813;6077;2;1.0000832341785291E7
2814;6079;2;1.0000832341785291E7
2815;6082;3;1.0000832341785291E7
2816;6083;1;1.0000832341785291E7
2817;6085;2;1.0000832341785291E7
2818;6086;1;1.0000832341785291E7
2819;6087;1;1.0000832341785291E7
2820;6087;0;1.0000832341785291E7
2821;6090;3;1.0000832341785291E7
2822;6090;0;1.0000832341785291E7
2823;6091;1;1.0000832341785291E7
2824;6092;1;1.0000832341785291E7
2825;6095;3;1.0000832341785291E7
2826;6096;1;1.0000832341785291E7
2827;6097;1;1.0000832341785291E7
2828;6098;1;1.0000832341785291E7
2829;6100;2;1.0000832341785291E7
2830;6101;1;1.0000832341785291E7
2831;6102;1;1.0000832341785291E7
2832;6104;2;1.0000832341785291E7
2833;6105;1;1.0000832341785291E7
2834;6106;1;1.0000832341785291E7
2835;6107;1;1.0000832341785291E7
2836;6108;1;1.0000832341785291E7
2837;6108;0;1.0000832341785291E7
2838;6112;4;1.0000832341785291E7
2839;6113;1;1.0000832341785291E7
2840;6115;2;1.0000832341785291E7
2841;6117;2;1.0000832341785291E7
2842;6118;1;1.0000832341785291E7
2843;6120;2;1.0000832341785291E7
2844;6122;2;1.0000832341785291E7
2845;6126;4;1.0000832341785291E7
2846;6127;1;1.0000832341785291E7
2847;6129;2;1.0000832341785291E7
2848;6132;3;1.0000832341785291E7
2849;6133;1;1.0000832341785291E7
2850;6135;2;1.0000832341785291E7
2851;6136;1;1.0000832341785291E7
2852;6137;1;1.0000832341785291E7
2853;6139;2;1.0000832341785291E7
2854;6141;2;1.0000832341785291E7
2855;6143;2;1.0000832341785291E7
2856;6145;2;1.0000832341785291E7
2857;6146;1;1.0000832341785291E7
2858;6147;1;1.0000832341785291E7
2859;6148;1;1.0000832341785291E7
2860;6151;3;1.0000832341785291E7
2861;6153;2;1.0000832341785291E7
2862;6155;2;1.0000832341785291E7
2863;6158;3;1.0000832341785291E7
2864;6160;2;1.0000832341785291E7
2865;6163;3;1.0000832341785291E7
2866;6164;1;1.0000832341785291E7
2867;6166;2;1.0000832341785291E7
2868;6167;1;1.0000832341785291E7
2869;6169;2;1.0000832341785291E7
2870;6170;1;1.0000832341785291E7
2871;6171;1;1.0000832341785291E7
2872;6173;2;1.0000832341785291E7
2873;6175;2;1.0000832341785291E7
2874;6177;2;1.0000832341785291E7
2875;6179;2;1.0000832341785291E7
2876;6181;2;1.0000832341785291E7
2877;6183;2;1.0000832341785291E7
2878;6185;2;1.0000832341785291E7
2879;6187;2;1.0000832341785291E7
2880;6188;1;1.0000832341785291E7
2881;6189;1;1.0000832341785291E7
2882;6191;2;1.0000832341785291E7
2883;6193;2;1.0000832341785291E7
2884;6195;2;1.0000832341785291E7
2885;6196;1;1.0000832341785291E7
2886;6198;2;1.0000832341785291E7
2887;6199;1;1.0000832341785291E7
2888;6201;2;1.0000832341785291E7
2889;6202;1;1.0000832341785291E7
2890;6204;2;1.0000832341785291E7
2891;6208;4;1.0000832341785291E7
2892;6210;2;1.0000832341785291E7
2893;6212;2;1.0000832341785291E7
2894;6213;1;1.0000832341785291E7
2895;6215;2;1.0000832341785291E7
2896;6217;2;1.0000832341785291E7
2897;6219;2;1.0000832341785291E7
2898;6220;1;1.0000832341785291E7
2899;6221;1;1.0000832341785291E7
2900;6222;1;1.0000832341785291E7
2901;6223;1;1.0000832341785291E7
2902;6225;2;1.0000832341785291E7
2903;6229;4;1.0000832341785291E7
2904;6231;2;1.0000832341785291E7
2905;6234;3;1.0000832341785291E7
2906;6236;2;1.0000832341785291E7
2907;6239;3;1.0000832341785291E7
2908;6245;6;1.0000832341785291E7
2909;6249;4;1.0000832341785291E7
2910;6251;2;1.0000832341785291E7
2911;6256;5;1.0000832341785291E7
2912;6258;2;1.0000832341785291E7
2913;6261;3;1.0000832341785291E7
2914;6262;1;1.0000832341785291E7
2915;6266;4;1.0000832341785291E7
2916;6272;6;1.0000832341785291E7
2917;6276;4;1.0000832341785291E7
2918;6279;3;1.0000832341785291E7
2919;6280;1;1.0000832341785291E7
2920;6282;2;1.0000832341785291E7
2921;6285;3;1.0000832341785291E7
2922;6286;1;1.0000832341785291E7
2923;6288;2;1.0000832341785291E7
2924;6290;2;1.0000832341785291E7
2925;6293;3;1.0000832341785291E7
2926;6297;4;1.0000832341785291E7
2927;6300;3;1.0000832341785291E7
2928;6301;1;1.0000832341785291E7
2929;6303;2;1.0000832341785291E7
2930;6306;3;1.0000832341785291E7
2931;6307;1;1.0000832341785291E7
2932;6308;1;1.0000832341785291E7
2933;6309;1;1.0000832341785291E7
2934;6312;3;1.0000832341785291E7
2935;6313;1;1.0000832341785291E7
2936;6315;2;1.0000832341785291E7
2937;6320;5;1.0000832341785291E7
2938;6321;1;1.0000832341785291E7
2939;6323;2;1.0000832341785291E7
2940;6323;0;1.0000832341785291E7
2941;6325;2;1.0000832341785291E7
2942;6327;2;1.0000832341785291E7
2943;6328;1;1.0000832341785291E7
2944;6330;2;1.0000832341785291E7
2945;6332;2;1.0000832341785291E7
2946;6336;4;1.0000832341785291E7
2947;6338;2;1.0000832341785291E7
2948;6338;0;1.0000832341785291E7
2949;6341;3;1.0000832341785291E7
2950;6342;1;1.0000832341785291E7
2951;6344;2;1.0000832341785291E7
2952;6345;1;1.0000832341785291E7
2953;6347;2;1.0000832341785291E7
2954;6349;2;1.0000832341785291E7
2955;6351;2;1.0000832341785291E7
2956;6352;1;1.0000832341785291E7
2957;6353;1;1.0000832341785291E7
2958;6354;1;1.0000832341785291E7
2959;6356;2;1.0000832341785291E7
2960;6357;1;1.0000832341785291E7
2961;6359;2;1.0000832341785291E7
2962;6361;2;1.0000832341785291E7
2963;6361;0;1.0000832341785291E7
2964;6364;3;1.0000832341785291E7
2965;6366;2;1.0000832341785291E7
2966;6368;2;1.0000832341785291E7
2967;6370;2;1.0000832341785291E7
2968;6372;2;1.0000832341785291E7
2969;6373;1;1.0000832341785291E7
2970;6376;3;1.0000832341785291E7
2971;6376;0;1.0000832341785291E7
2972;6378;2;1.0000832341785291E7
2973;6380;2;1.0000832341785291E7
2974;6381;1;1.0000832341785291E7
2975;6383;2;1.0000832341785291E7
2976;6385;2;1.0000832341785291E7
2977;6386;1;1.0000832341785291E7
2978;6387;1;1.0000832341785291E7
2979;6389;2;1.0000832341785291E7
2980;6393;4;1.0000832341785291E7
2981;6396;3;1.0000832341785291E7
2982;6397;1;1.0000832341785291E7
2983;6399;2;1.0000832341785291E7
2984;6401;2;1.0000832341785291E7
2985;6403;2;1.0000832341785291E7
2986;6405;2;1.0000832341785291E7
2987;6405;0;1.0000832341785291E7
2988;6407;2;1.0000832341785291E7
2989;6408;1;1.0000832341785291E7
2990;6409;1;1.0000832341785291E7
2991;6410;1;1.0000832341785291E7
2992;6411;1;1.0000832341785291E7
2993;6412;1;1.0000832341785291E7
2994;6412;0;1.0000832341785291E7
2995;6413;1;1.0000832341785291E7
2996;6415;2;1.0000832341785291E7
2997;6416;1;1.0000832341785291E7
2998;6418;2;1.0000832341785291E7
2999;6420;2;1.0000832341785291E7
