Index;Time point [ms];Iteration length [ms];Cost
0;16;16;1.7002080663084123E7
1;24;8;1.7001834499088872E7
2;28;4;1.7001834499088872E7
3;28;0;1.7001834499088872E7
4;32;4;1.700161537790935E7
5;36;4;1.700156855319152E7
6;41;5;1.700156855319152E7
7;43;2;1.700156855319152E7
8;45;2;1.700156855319152E7
9;47;2;1.600181205285889E7
10;48;1;1.600181205285889E7
11;51;3;1.5001886601503152E7
12;51;0;1.5001886601503152E7
13;55;4;1.5001886601503152E7
14;59;4;1.5001886601503152E7
15;61;2;1.5001886601503152E7
16;65;4;1.5001886601503152E7
17;67;2;1.5001767451141948E7
18;73;6;1.5001767451141948E7
19;77;4;1.5001767451141948E7
20;79;2;1.5001767451141948E7
21;84;5;1.5001767451141948E7
22;87;3;1.5001767451141948E7
23;90;3;1.5001767451141948E7
24;93;3;1.5001767451141948E7
25;95;2;1.5001767451141948E7
26;98;3;1.5001767451141948E7
27;103;5;1.5001767451141948E7
28;110;7;1.5001767451141948E7
29;113;3;1.5001767451141948E7
30;114;1;1.5001767451141948E7
31;117;3;1.5001767451141948E7
32;121;4;1.5001767451141948E7
33;125;4;1.5001767451141948E7
34;125;0;1.5001767451141948E7
35;129;4;1.5001767451141948E7
36;132;3;1.5001767451141948E7
37;132;0;1.5001767451141948E7
38;136;4;1.5001767451141948E7
39;140;4;1.5001767451141948E7
40;142;2;1.5001767451141948E7
41;145;3;1.5001767451141948E7
42;147;2;1.5001767451141948E7
43;149;2;1.5001767451141948E7
44;152;3;1.5001767451141948E7
45;152;0;1.5001767451141948E7
46;155;3;1.5001767451141948E7
47;157;2;1.5001767451141948E7
48;159;2;1.5001767451141948E7
49;160;1;1.5001767451141948E7
50;163;3;1.5001767451141948E7
51;166;3;1.5001767451141948E7
52;168;2;1.5001767451141948E7
53;170;2;1.5001767451141948E7
54;173;3;1.5001767451141948E7
55;176;3;1.5001767451141948E7
56;180;4;1.5001767451141948E7
57;183;3;1.5001767451141948E7
58;187;4;1.5001767451141948E7
59;190;3;1.5001767451141948E7
60;196;6;1.5001767451141948E7
61;197;1;1.5001767451141948E7
62;199;2;1.5001767451141948E7
63;202;3;1.5001767451141948E7
64;205;3;1.5001767451141948E7
65;208;3;1.5001767451141948E7
66;210;2;1.5001767451141948E7
67;213;3;1.5001767451141948E7
68;216;3;1.5001767451141948E7
69;218;2;1.5001767451141948E7
70;222;4;1.5001767451141948E7
71;225;3;1.5001767451141948E7
72;229;4;1.5001767451141948E7
73;232;3;1.5001767451141948E7
74;235;3;1.5001767451141948E7
75;238;3;1.5001767451141948E7
76;242;4;1.5001767451141948E7
77;245;3;1.5001767451141948E7
78;248;3;1.5001767451141948E7
79;251;3;1.5001712640244145E7
80;251;0;1.5001712640244145E7
81;256;5;1.5001712640244145E7
82;260;4;1.5001712640244145E7
83;262;2;1.5001712640244145E7
84;263;1;1.500164464762694E7
85;267;4;1.5001461258291181E7
86;271;4;1.5001461258291181E7
87;274;3;1.5001430846562376E7
88;277;3;1.5001404008879788E7
89;280;3;1.5001404008879788E7
90;280;0;1.5001404008879788E7
91;281;1;1.5001404008879788E7
92;284;3;1.5001404008879788E7
93;284;0;1.5001404008879788E7
94;287;3;1.5001404008879788E7
95;290;3;1.5001404008879788E7
96;293;3;1.5001404008879788E7
97;293;0;1.5001404008879788E7
98;294;1;1.5001404008879788E7
99;296;2;1.5001404008879788E7
100;298;2;1.5001404008879788E7
101;301;3;1.4001539127582023E7
102;304;3;1.4001539127582023E7
103;307;3;1.4001539127582023E7
104;307;0;1.4001539127582023E7
105;308;1;1.4001539127582023E7
106;310;2;1.4001539127582023E7
107;311;1;1.4001539127582023E7
108;314;3;1.4001539127582023E7
109;317;3;1.4001539127582023E7
110;317;0;1.4001539127582023E7
111;320;3;1.4001539127582023E7
112;323;3;1.4001539127582023E7
113;327;4;1.4001539127582023E7
114;330;3;1.4001539127582023E7
115;331;1;1.4001539127582023E7
116;332;1;1.4001539127582023E7
117;335;3;1.4001539127582023E7
118;339;4;1.4001539127582023E7
119;341;2;1.4001539127582023E7
120;343;2;1.4001539127582023E7
121;347;4;1.4001539127582023E7
122;347;0;1.4001539127582023E7
123;349;2;1.4001539127582023E7
124;350;1;1.4001539127582023E7
125;355;5;1.4001539127582023E7
126;358;3;1.4001539127582023E7
127;361;3;1.4001539127582023E7
128;364;3;1.4001539127582023E7
129;367;3;1.4001539127582023E7
130;369;2;1.4001539127582023E7
131;374;5;1.4001539127582023E7
132;376;2;1.4001539127582023E7
133;378;2;1.4001539127582023E7
134;379;1;1.4001539127582023E7
135;381;2;1.4001539127582023E7
136;385;4;1.4001539127582023E7
137;387;2;1.4001539127582023E7
138;390;3;1.4001539127582023E7
139;393;3;1.4001539127582023E7
140;395;2;1.4001539127582023E7
141;397;2;1.4001539127582023E7
142;400;3;1.4001539127582023E7
143;402;2;1.4001539127582023E7
144;405;3;1.4001539127582023E7
145;407;2;1.4001539127582023E7
146;410;3;1.4001539127582023E7
147;411;1;1.4001539127582023E7
148;413;2;1.4001539127582023E7
149;416;3;1.4001539127582023E7
150;420;4;1.4001539127582023E7
151;420;0;1.4001539127582023E7
152;424;4;1.4001539127582023E7
153;424;0;1.4001539127582023E7
154;428;4;1.4001539127582023E7
155;431;3;1.4001539127582023E7
156;434;3;1.4001539127582023E7
157;435;1;1.4001539127582023E7
158;436;1;1.4001539127582023E7
159;438;2;1.4001539127582023E7
160;438;0;1.4001539127582023E7
161;442;4;1.4001539127582023E7
162;443;1;1.4001539127582023E7
163;447;4;1.4001539127582023E7
164;450;3;1.4001539127582023E7
165;454;4;1.4001539127582023E7
166;457;3;1.4001539127582023E7
167;460;3;1.4001539127582023E7
168;463;3;1.4001539127582023E7
169;465;2;1.4001539127582023E7
170;470;5;1.4001539127582023E7
171;471;1;1.4001539127582023E7
172;474;3;1.4001539127582023E7
173;477;3;1.4001539127582023E7
174;481;4;1.4001539127582023E7
175;482;1;1.4001539127582023E7
176;485;3;1.4001539127582023E7
177;489;4;1.4001539127582023E7
178;492;3;1.4001539127582023E7
179;494;2;1.4001539127582023E7
180;498;4;1.4001539127582023E7
181;499;1;1.4001539127582023E7
182;503;4;1.4001539127582023E7
183;505;2;1.4001539127582023E7
184;509;4;1.4001539127582023E7
185;511;2;1.4001539127582023E7
186;514;3;1.4001539127582023E7
187;516;2;1.4001539127582023E7
188;519;3;1.4001539127582023E7
189;522;3;1.4001539127582023E7
190;522;0;1.4001539127582023E7
191;525;3;1.4001539127582023E7
192;527;2;1.4001539127582023E7
193;528;1;1.4001539127582023E7
194;531;3;1.4001539127582023E7
195;535;4;1.4001539127582023E7
196;538;3;1.4001539127582023E7
197;538;0;1.4001539127582023E7
198;539;1;1.4001539127582023E7
199;543;4;1.4001539127582023E7
200;547;4;1.4001539127582023E7
201;549;2;1.4001539127582023E7
202;551;2;1.4001539127582023E7
203;553;2;1.4001539127582023E7
204;554;1;1.4001539127582023E7
205;556;2;1.4001539127582023E7
206;558;2;1.4001539127582023E7
207;559;1;1.4001539127582023E7
208;561;2;1.4001539127582023E7
209;562;1;1.4001539127582023E7
210;565;3;1.4001539127582023E7
211;567;2;1.4001539127582023E7
212;568;1;1.4001539127582023E7
213;569;1;1.4001539127582023E7
214;572;3;1.4001539127582023E7
215;574;2;1.4001539127582023E7
216;574;0;1.4001539127582023E7
217;576;2;1.4001539127582023E7
218;578;2;1.4001539127582023E7
219;582;4;1.4001539127582023E7
220;584;2;1.4001539127582023E7
221;587;3;1.4001539127582023E7
222;589;2;1.4001539127582023E7
223;592;3;1.4001539127582023E7
224;594;2;1.4001539127582023E7
225;596;2;1.4001539127582023E7
226;598;2;1.4001539127582023E7
227;599;1;1.4001539127582023E7
228;602;3;1.4001539127582023E7
229;604;2;1.4001539127582023E7
230;605;1;1.4001539127582023E7
231;608;3;1.4001539127582023E7
232;610;2;1.4001539127582023E7
233;612;2;1.4001539127582023E7
234;615;3;1.4001539127582023E7
235;616;1;1.4001539127582023E7
236;618;2;1.4001539127582023E7
237;619;1;1.4001539127582023E7
238;623;4;1.4001539127582023E7
239;627;4;1.4001539127582023E7
240;627;0;1.4001539127582023E7
241;630;3;1.4001539127582023E7
242;634;4;1.4001523460280875E7
243;637;3;1.400145083033799E7
244;641;4;1.400145083033799E7
245;643;2;1.400145083033799E7
246;645;2;1.400145083033799E7
247;647;2;1.400145083033799E7
248;649;2;1.400145083033799E7
249;650;1;1.400145083033799E7
250;652;2;1.400145083033799E7
251;654;2;1.400145083033799E7
252;656;2;1.400145083033799E7
253;657;1;1.400145083033799E7
254;660;3;1.400145083033799E7
255;661;1;1.400145083033799E7
256;664;3;1.400145083033799E7
257;665;1;1.400145083033799E7
258;668;3;1.400145083033799E7
259;671;3;1.400145083033799E7
260;675;4;1.400145083033799E7
261;677;2;1.400145083033799E7
262;679;2;1.400145083033799E7
263;681;2;1.400145083033799E7
264;683;2;1.400145083033799E7
265;686;3;1.400145083033799E7
266;688;2;1.400145083033799E7
267;691;3;1.400145083033799E7
268;694;3;1.400145083033799E7
269;696;2;1.400145083033799E7
270;699;3;1.400145083033799E7
271;700;1;1.400145083033799E7
272;702;2;1.400145083033799E7
273;704;2;1.400145083033799E7
274;705;1;1.400145083033799E7
275;709;4;1.400145083033799E7
276;711;2;1.400145083033799E7
277;714;3;1.400145083033799E7
278;717;3;1.400145083033799E7
279;720;3;1.400145083033799E7
280;723;3;1.400145083033799E7
281;726;3;1.400145083033799E7
282;728;2;1.400145083033799E7
283;731;3;1.400145083033799E7
284;738;7;1.400145083033799E7
285;739;1;1.400145083033799E7
286;743;4;1.400145083033799E7
287;747;4;1.400145083033799E7
288;748;1;1.400145083033799E7
289;749;1;1.400145083033799E7
290;751;2;1.400145083033799E7
291;754;3;1.400145083033799E7
292;754;0;1.400145083033799E7
293;757;3;1.400145083033799E7
294;759;2;1.400145083033799E7
295;763;4;1.400145083033799E7
296;765;2;1.400145083033799E7
297;766;1;1.400145083033799E7
298;769;3;1.400145083033799E7
299;772;3;1.400145083033799E7
300;774;2;1.400145083033799E7
301;775;1;1.400145083033799E7
302;778;3;1.400145083033799E7
303;782;4;1.400145083033799E7
304;783;1;1.400145083033799E7
305;785;2;1.400145083033799E7
306;786;1;1.400145083033799E7
307;790;4;1.400145083033799E7
308;793;3;1.400145083033799E7
309;795;2;1.400145083033799E7
310;797;2;1.400145083033799E7
311;801;4;1.400145083033799E7
312;804;3;1.400145083033799E7
313;807;3;1.400145083033799E7
314;809;2;1.400145083033799E7
315;812;3;1.400145083033799E7
316;815;3;1.400145083033799E7
317;816;1;1.400145083033799E7
318;818;2;1.400145083033799E7
319;821;3;1.400145083033799E7
320;823;2;1.400145083033799E7
321;825;2;1.400145083033799E7
322;829;4;1.400145083033799E7
323;833;4;1.400145083033799E7
324;834;1;1.400145083033799E7
325;838;4;1.400145083033799E7
326;840;2;1.400145083033799E7
327;843;3;1.400145083033799E7
328;845;2;1.400145083033799E7
329;850;5;1.400145083033799E7
330;852;2;1.400145083033799E7
331;856;4;1.400145083033799E7
332;858;2;1.400145083033799E7
333;860;2;1.400145083033799E7
334;861;1;1.400145083033799E7
335;866;5;1.400145083033799E7
336;866;0;1.400145083033799E7
337;869;3;1.400145083033799E7
338;869;0;1.400145083033799E7
339;872;3;1.400145083033799E7
340;874;2;1.400145083033799E7
341;876;2;1.400145083033799E7
342;878;2;1.400145083033799E7
343;881;3;1.400145083033799E7
344;884;3;1.400145083033799E7
345;886;2;1.400145083033799E7
346;888;2;1.400145083033799E7
347;889;1;1.400145083033799E7
348;890;1;1.400145083033799E7
349;893;3;1.400145083033799E7
350;893;0;1.400145083033799E7
351;896;3;1.400145083033799E7
352;899;3;1.400145083033799E7
353;904;5;1.400145083033799E7
354;904;0;1.400145083033799E7
355;908;4;1.400145083033799E7
356;909;1;1.400145083033799E7
357;911;2;1.400145083033799E7
358;913;2;1.400145083033799E7
359;915;2;1.400145083033799E7
360;916;1;1.400145083033799E7
361;919;3;1.400145083033799E7
362;923;4;1.400145083033799E7
363;926;3;1.400145083033799E7
364;928;2;1.400145083033799E7
365;930;2;1.400145083033799E7
366;933;3;1.400145083033799E7
367;935;2;1.400145083033799E7
368;937;2;1.400145083033799E7
369;940;3;1.400145083033799E7
370;943;3;1.400145083033799E7
371;945;2;1.400145083033799E7
372;946;1;1.400145083033799E7
373;949;3;1.400145083033799E7
374;951;2;1.400145083033799E7
375;954;3;1.400145083033799E7
376;957;3;1.400145083033799E7
377;959;2;1.400145083033799E7
378;961;2;1.400145083033799E7
379;961;0;1.400145083033799E7
380;963;2;1.400145083033799E7
381;964;1;1.400145083033799E7
382;967;3;1.400145083033799E7
383;970;3;1.400145083033799E7
384;972;2;1.400145083033799E7
385;975;3;1.400145083033799E7
386;976;1;1.400145083033799E7
387;977;1;1.400145083033799E7
388;979;2;1.400145083033799E7
389;982;3;1.400145083033799E7
390;984;2;1.400145083033799E7
391;987;3;1.400145083033799E7
392;988;1;1.400145083033799E7
393;989;1;1.400145083033799E7
394;990;1;1.400145083033799E7
395;993;3;1.400145083033799E7
396;994;1;1.400145083033799E7
397;997;3;1.400145083033799E7
398;1000;3;1.400145083033799E7
399;1000;0;1.400145083033799E7
400;1003;3;1.400145083033799E7
401;1006;3;1.400145083033799E7
402;1008;2;1.400145083033799E7
403;1010;2;1.400145083033799E7
404;1013;3;1.400145083033799E7
405;1014;1;1.400145083033799E7
406;1018;4;1.400145083033799E7
407;1021;3;1.400145083033799E7
408;1024;3;1.400145083033799E7
409;1027;3;1.400145083033799E7
410;1029;2;1.400145083033799E7
411;1031;2;1.400145083033799E7
412;1034;3;1.400145083033799E7
413;1035;1;1.400145083033799E7
414;1037;2;1.400145083033799E7
415;1038;1;1.400145083033799E7
416;1041;3;1.400145083033799E7
417;1043;2;1.400145083033799E7
418;1045;2;1.400145083033799E7
419;1047;2;1.400145083033799E7
420;1050;3;1.400145083033799E7
421;1054;4;1.400145083033799E7
422;1059;5;1.400145083033799E7
423;1063;4;1.400145083033799E7
424;1065;2;1.400145083033799E7
425;1067;2;1.400145083033799E7
426;1068;1;1.400145083033799E7
427;1068;0;1.400145083033799E7
428;1072;4;1.400145083033799E7
429;1073;1;1.400145083033799E7
430;1077;4;1.400145083033799E7
431;1080;3;1.400145083033799E7
432;1082;2;1.400145083033799E7
433;1087;5;1.400145083033799E7
434;1088;1;1.400145083033799E7
435;1092;4;1.400145083033799E7
436;1095;3;1.400145083033799E7
437;1098;3;1.400145083033799E7
438;1100;2;1.400145083033799E7
439;1102;2;1.400145083033799E7
440;1104;2;1.400145083033799E7
441;1107;3;1.400145083033799E7
442;1110;3;1.400145083033799E7
443;1113;3;1.400145083033799E7
444;1117;4;1.400145083033799E7
445;1119;2;1.400145083033799E7
446;1120;1;1.400145083033799E7
447;1121;1;1.400145083033799E7
448;1123;2;1.400145083033799E7
449;1124;1;1.400145083033799E7
450;1127;3;1.400145083033799E7
451;1131;4;1.400145083033799E7
452;1133;2;1.400145083033799E7
453;1137;4;1.400145083033799E7
454;1140;3;1.400145083033799E7
455;1142;2;1.400145083033799E7
456;1144;2;1.400145083033799E7
457;1145;1;1.400145083033799E7
458;1148;3;1.400145083033799E7
459;1149;1;1.400145083033799E7
460;1151;2;1.400145083033799E7
461;1154;3;1.400145083033799E7
462;1157;3;1.400145083033799E7
463;1160;3;1.400145083033799E7
464;1160;0;1.400145083033799E7
465;1162;2;1.400145083033799E7
466;1165;3;1.400145083033799E7
467;1168;3;1.400145083033799E7
468;1171;3;1.400145083033799E7
469;1173;2;1.400145083033799E7
470;1175;2;1.400145083033799E7
471;1178;3;1.400145083033799E7
472;1179;1;1.400145083033799E7
473;1181;2;1.400145083033799E7
474;1183;2;1.400145083033799E7
475;1184;1;1.400145083033799E7
476;1186;2;1.400145083033799E7
477;1187;1;1.400145083033799E7
478;1189;2;1.400145083033799E7
479;1191;2;1.400145083033799E7
480;1194;3;1.400145083033799E7
481;1197;3;1.400145083033799E7
482;1200;3;1.400145083033799E7
483;1202;2;1.400145083033799E7
484;1204;2;1.400145083033799E7
485;1205;1;1.400145083033799E7
486;1207;2;1.400145083033799E7
487;1211;4;1.400145083033799E7
488;1216;5;1.400145083033799E7
489;1219;3;1.400145083033799E7
490;1221;2;1.400145083033799E7
491;1224;3;1.400145083033799E7
492;1227;3;1.400145083033799E7
493;1229;2;1.400145083033799E7
494;1233;4;1.400145083033799E7
495;1233;0;1.400145083033799E7
496;1236;3;1.400145083033799E7
497;1238;2;1.400145083033799E7
498;1241;3;1.400145083033799E7
499;1244;3;1.400145083033799E7
500;1246;2;1.400145083033799E7
501;1249;3;1.400145083033799E7
502;1252;3;1.400145083033799E7
503;1255;3;1.400145083033799E7
504;1257;2;1.400145083033799E7
505;1260;3;1.400145083033799E7
506;1263;3;1.400145083033799E7
507;1266;3;1.400145083033799E7
508;1269;3;1.400145083033799E7
509;1270;1;1.400145083033799E7
510;1272;2;1.400145083033799E7
511;1275;3;1.400145083033799E7
512;1277;2;1.400145083033799E7
513;1279;2;1.400145083033799E7
514;1279;0;1.400145083033799E7
515;1282;3;1.400145083033799E7
516;1284;2;1.400145083033799E7
517;1287;3;1.400145083033799E7
518;1287;0;1.400145083033799E7
519;1290;3;1.400145083033799E7
520;1293;3;1.400145083033799E7
521;1295;2;1.400145083033799E7
522;1298;3;1.400145083033799E7
523;1301;3;1.400145083033799E7
524;1303;2;1.400145083033799E7
525;1305;2;1.400145083033799E7
526;1305;0;1.400145083033799E7
527;1308;3;1.400145083033799E7
528;1310;2;1.400145083033799E7
529;1313;3;1.400145083033799E7
530;1313;0;1.400145083033799E7
531;1316;3;1.400145083033799E7
532;1319;3;1.400145083033799E7
533;1321;2;1.400145083033799E7
534;1324;3;1.400145083033799E7
535;1327;3;1.400145083033799E7
536;1329;2;1.400145083033799E7
537;1332;3;1.400145083033799E7
538;1334;2;1.400145083033799E7
539;1337;3;1.400145083033799E7
540;1340;3;1.400145083033799E7
541;1343;3;1.400145083033799E7
542;1345;2;1.400145083033799E7
543;1348;3;1.400145083033799E7
544;1353;5;1.400145083033799E7
545;1357;4;1.400145083033799E7
546;1360;3;1.400145083033799E7
547;1363;3;1.400145083033799E7
548;1365;2;1.400145083033799E7
549;1368;3;1.400145083033799E7
550;1374;6;1.400145083033799E7
551;1375;1;1.400145083033799E7
552;1376;1;1.400145083033799E7
553;1377;1;1.400145083033799E7
554;1377;0;1.400145083033799E7
555;1380;3;1.400145083033799E7
556;1382;2;1.400145083033799E7
557;1385;3;1.400145083033799E7
558;1387;2;1.400145083033799E7
559;1389;2;1.400145083033799E7
560;1394;5;1.400145083033799E7
561;1398;4;1.400145083033799E7
562;1400;2;1.400145083033799E7
563;1401;1;1.400145083033799E7
564;1404;3;1.400145083033799E7
565;1405;1;1.400145083033799E7
566;1407;2;1.400145083033799E7
567;1409;2;1.400145083033799E7
568;1411;2;1.400145083033799E7
569;1414;3;1.400145083033799E7
570;1416;2;1.400145083033799E7
571;1418;2;1.400145083033799E7
572;1419;1;1.400145083033799E7
573;1421;2;1.400145083033799E7
574;1428;7;1.400145083033799E7
575;1431;3;1.400145083033799E7
576;1434;3;1.400145083033799E7
577;1435;1;1.400145083033799E7
578;1438;3;1.400145083033799E7
579;1440;2;1.400145083033799E7
580;1443;3;1.400145083033799E7
581;1444;1;1.400145083033799E7
582;1444;0;1.400145083033799E7
583;1447;3;1.400145083033799E7
584;1447;0;1.400145083033799E7
585;1448;1;1.400145083033799E7
586;1450;2;1.400145083033799E7
587;1453;3;1.400145083033799E7
588;1456;3;1.400145083033799E7
589;1459;3;1.400145083033799E7
590;1462;3;1.400145083033799E7
591;1465;3;1.400145083033799E7
592;1467;2;1.400145083033799E7
593;1470;3;1.400145083033799E7
594;1472;2;1.400145083033799E7
595;1474;2;1.400145083033799E7
596;1476;2;1.400145083033799E7
597;1479;3;1.400145083033799E7
598;1482;3;1.400145083033799E7
599;1486;4;1.400145083033799E7
600;1488;2;1.400145083033799E7
601;1491;3;1.400145083033799E7
602;1491;0;1.400145083033799E7
603;1494;3;1.400145083033799E7
604;1496;2;1.400145083033799E7
605;1497;1;1.400145083033799E7
606;1500;3;1.400145083033799E7
607;1503;3;1.400145083033799E7
608;1505;2;1.400145083033799E7
609;1508;3;1.400145083033799E7
610;1509;1;1.400145083033799E7
611;1511;2;1.400145083033799E7
612;1514;3;1.400145083033799E7
613;1517;3;1.400145083033799E7
614;1518;1;1.400145083033799E7
615;1520;2;1.400145083033799E7
616;1522;2;1.400145083033799E7
617;1524;2;1.400145083033799E7
618;1527;3;1.400145083033799E7
619;1529;2;1.400145083033799E7
620;1533;4;1.400145083033799E7
621;1535;2;1.400145083033799E7
622;1539;4;1.400145083033799E7
623;1540;1;1.400145083033799E7
624;1542;2;1.400145083033799E7
625;1544;2;1.400145083033799E7
626;1547;3;1.400145083033799E7
627;1551;4;1.400145083033799E7
628;1552;1;1.400145083033799E7
629;1555;3;1.400145083033799E7
630;1558;3;1.400145083033799E7
631;1561;3;1.400145083033799E7
632;1563;2;1.400145083033799E7
633;1564;1;1.400145083033799E7
634;1566;2;1.400145083033799E7
635;1569;3;1.400145083033799E7
636;1571;2;1.400145083033799E7
637;1574;3;1.400145083033799E7
638;1574;0;1.400145083033799E7
639;1577;3;1.400145083033799E7
640;1578;1;1.400145083033799E7
641;1582;4;1.400145083033799E7
642;1586;4;1.400145083033799E7
643;1587;1;1.400145083033799E7
644;1588;1;1.400145083033799E7
645;1591;3;1.400145083033799E7
646;1594;3;1.400145083033799E7
647;1594;0;1.400145083033799E7
648;1598;4;1.400145083033799E7
649;1599;1;1.400145083033799E7
650;1602;3;1.400145083033799E7
651;1602;0;1.400145083033799E7
652;1605;3;1.400145083033799E7
653;1605;0;1.400145083033799E7
654;1608;3;1.400145083033799E7
655;1611;3;1.400145083033799E7
656;1613;2;1.400145083033799E7
657;1616;3;1.400145083033799E7
658;1617;1;1.400145083033799E7
659;1622;5;1.400145083033799E7
660;1624;2;1.400145083033799E7
661;1625;1;1.400145083033799E7
662;1627;2;1.400145083033799E7
663;1630;3;1.400145083033799E7
664;1633;3;1.400145083033799E7
665;1638;5;1.400145083033799E7
666;1641;3;1.400145083033799E7
667;1643;2;1.400145083033799E7
668;1646;3;1.400145083033799E7
669;1647;1;1.400145083033799E7
670;1650;3;1.400145083033799E7
671;1653;3;1.400145083033799E7
672;1656;3;1.400145083033799E7
673;1658;2;1.400145083033799E7
674;1663;5;1.400145083033799E7
675;1665;2;1.400145083033799E7
676;1669;4;1.400145083033799E7
677;1672;3;1.400145083033799E7
678;1674;2;1.400145083033799E7
679;1677;3;1.400145083033799E7
680;1680;3;1.400145083033799E7
681;1684;4;1.400145083033799E7
682;1685;1;1.400145083033799E7
683;1686;1;1.400145083033799E7
684;1689;3;1.400145083033799E7
685;1691;2;1.400145083033799E7
686;1693;2;1.400145083033799E7
687;1697;4;1.400145083033799E7
688;1701;4;1.400145083033799E7
689;1702;1;1.400145083033799E7
690;1706;4;1.400145083033799E7
691;1710;4;1.400145083033799E7
692;1712;2;1.400145083033799E7
693;1715;3;1.400145083033799E7
694;1717;2;1.400145083033799E7
695;1720;3;1.400145083033799E7
696;1722;2;1.400145083033799E7
697;1725;3;1.400145083033799E7
698;1727;2;1.400145083033799E7
699;1728;1;1.400145083033799E7
700;1732;4;1.400145083033799E7
701;1735;3;1.400145083033799E7
702;1738;3;1.400145083033799E7
703;1740;2;1.400145083033799E7
704;1743;3;1.400145083033799E7
705;1746;3;1.400145083033799E7
706;1747;1;1.400145083033799E7
707;1748;1;1.400145083033799E7
708;1750;2;1.400145083033799E7
709;1752;2;1.400145083033799E7
710;1756;4;1.400145083033799E7
711;1759;3;1.400145083033799E7
712;1762;3;1.400145083033799E7
713;1764;2;1.400145083033799E7
714;1768;4;1.400145083033799E7
715;1771;3;1.400145083033799E7
716;1772;1;1.400145083033799E7
717;1774;2;1.400145083033799E7
718;1777;3;1.4001383814763833E7
719;1779;2;1.4001371505266609E7
720;1780;1;1.4001371505266609E7
721;1782;2;1.4001371505266609E7
722;1785;3;1.4001371505266609E7
723;1785;0;1.4001371505266609E7
724;1788;3;1.4001371505266609E7
725;1792;4;1.4001371505266609E7
726;1794;2;1.4001371505266609E7
727;1796;2;1.4001371505266609E7
728;1799;3;1.4001371505266609E7
729;1801;2;1.4001371505266609E7
730;1804;3;1.4001371505266609E7
731;1806;2;1.4001371505266609E7
732;1809;3;1.4001371505266609E7
733;1812;3;1.4001371505266609E7
734;1813;1;1.4001371505266609E7
735;1815;2;1.4001371505266609E7
736;1817;2;1.4001371505266609E7
737;1818;1;1.4001371505266609E7
738;1820;2;1.4001371505266609E7
739;1822;2;1.4001371505266609E7
740;1824;2;1.4001371505266609E7
741;1826;2;1.4001371505266609E7
742;1828;2;1.4001371505266609E7
743;1831;3;1.4001371505266609E7
744;1831;0;1.4001371505266609E7
745;1832;1;1.4001371505266609E7
746;1832;0;1.4001371505266609E7
747;1834;2;1.4001371505266609E7
748;1837;3;1.4001371505266609E7
749;1839;2;1.4001371505266609E7
750;1842;3;1.4001371505266609E7
751;1843;1;1.4001371505266609E7
752;1845;2;1.4001371505266609E7
753;1848;3;1.4001371505266609E7
754;1851;3;1.4001371505266609E7
755;1854;3;1.4001371505266609E7
756;1857;3;1.4001371505266609E7
757;1860;3;1.4001371505266609E7
758;1864;4;1.4001371505266609E7
759;1867;3;1.4001371505266609E7
760;1869;2;1.4001371505266609E7
761;1872;3;1.4001371505266609E7
762;1875;3;1.4001371505266609E7
763;1878;3;1.4001371505266609E7
764;1881;3;1.4001371505266609E7
765;1883;2;1.4001371505266609E7
766;1886;3;1.4001371505266609E7
767;1888;2;1.4001371505266609E7
768;1892;4;1.4001371505266609E7
769;1895;3;1.4001371505266609E7
770;1898;3;1.4001371505266609E7
771;1899;1;1.4001371505266609E7
772;1903;4;1.4001371505266609E7
773;1903;0;1.4001371505266609E7
774;1905;2;1.4001371505266609E7
775;1907;2;1.4001371505266609E7
776;1911;4;1.4001371505266609E7
777;1913;2;1.4001371505266609E7
778;1917;4;1.4001371505266609E7
779;1920;3;1.4001371505266609E7
780;1921;1;1.4001371505266609E7
781;1923;2;1.4001371505266609E7
782;1925;2;1.4001371505266609E7
783;1927;2;1.4001371505266609E7
784;1932;5;1.4001371505266609E7
785;1936;4;1.4001343433842758E7
786;1938;2;1.4001343433842758E7
787;1938;0;1.4001343433842758E7
788;1940;2;1.4001343433842758E7
789;1942;2;1.4001343433842758E7
790;1945;3;1.4001343433842758E7
791;1951;6;1.4001343433842758E7
792;1953;2;1.4001343433842758E7
793;1956;3;1.4001343433842758E7
794;1960;4;1.4001343433842758E7
795;1963;3;1.4001343433842758E7
796;1969;6;1.4001343433842758E7
797;1972;3;1.4001343433842758E7
798;1975;3;1.4001343433842758E7
799;1978;3;1.4001343433842758E7
800;1978;0;1.4001343433842758E7
801;1979;1;1.4001343433842758E7
802;1984;5;1.4001343433842758E7
803;1985;1;1.4001343433842758E7
804;1988;3;1.4001343433842758E7
805;1991;3;1.4001343433842758E7
806;1994;3;1.4001343433842758E7
807;2000;6;1.4001343433842758E7
808;2003;3;1.4001343433842758E7
809;2005;2;1.4001343433842758E7
810;2008;3;1.4001343433842758E7
811;2009;1;1.4001343433842758E7
812;2012;3;1.3001342375024047E7
813;2014;2;1.3001342375024047E7
814;2016;2;1.3001342375024047E7
815;2020;4;1.3001342375024047E7
816;2024;4;1.3001342375024047E7
817;2027;3;1.3001342375024047E7
818;2030;3;1.3001342375024047E7
819;2032;2;1.3001342375024047E7
820;2035;3;1.3001342375024047E7
821;2038;3;1.3001342375024047E7
822;2039;1;1.3001342375024047E7
823;2041;2;1.3001342375024047E7
824;2045;4;1.3001342375024047E7
825;2045;0;1.3001342375024047E7
826;2047;2;1.3001333619338678E7
827;2049;2;1.3001333619338678E7
828;2052;3;1.3001333619338678E7
829;2054;2;1.3001333619338678E7
830;2055;1;1.3001333619338678E7
831;2056;1;1.3001333619338678E7
832;2056;0;1.3001333619338678E7
833;2058;2;1.3001333619338678E7
834;2061;3;1.3001333619338678E7
835;2062;1;1.3001333619338678E7
836;2063;1;1.3001333619338678E7
837;2064;1;1.3001333619338678E7
838;2067;3;1.3001333619338678E7
839;2068;1;1.3001333619338678E7
840;2069;1;1.3001333619338678E7
841;2071;2;1.3001333619338678E7
842;2072;1;1.3001333619338678E7
843;2075;3;1.3001333619338678E7
844;2077;2;1.3001333619338678E7
845;2079;2;1.3001333619338678E7
846;2083;4;1.3001333619338678E7
847;2086;3;1.3001333619338678E7
848;2088;2;1.3001333619338678E7
849;2091;3;1.3001333619338678E7
850;2093;2;1.3001333619338678E7
851;2095;2;1.3001333619338678E7
852;2097;2;1.3001333619338678E7
853;2099;2;1.3001333619338678E7
854;2099;0;1.3001333619338678E7
855;2101;2;1.3001333619338678E7
856;2105;4;1.3001333619338678E7
857;2107;2;1.3001331238183334E7
858;2108;1;1.3001331238183334E7
859;2110;2;1.3001331238183334E7
860;2113;3;1.3001331238183334E7
861;2115;2;1.3001331238183334E7
862;2118;3;1.3001331238183334E7
863;2120;2;1.3001331238183334E7
864;2123;3;1.3001331238183334E7
865;2125;2;1.3001331238183334E7
866;2126;1;1.3001331238183334E7
867;2128;2;1.3001331238183334E7
868;2130;2;1.3001331238183334E7
869;2134;4;1.3001331238183334E7
870;2136;2;1.3001331238183334E7
871;2138;2;1.3001327438254766E7
872;2140;2;1.3001327438254766E7
873;2142;2;1.3001327438254766E7
874;2145;3;1.3001327438254766E7
875;2146;1;1.3001327438254766E7
876;2149;3;1.3001327438254766E7
877;2150;1;1.3001327438254766E7
878;2153;3;1.3001327438254766E7
879;2156;3;1.3001327438254766E7
880;2158;2;1.3001327438254766E7
881;2160;2;1.3001327438254766E7
882;2162;2;1.3001327438254766E7
883;2166;4;1.3001327438254766E7
884;2168;2;1.3001327438254766E7
885;2171;3;1.3001327438254766E7
886;2173;2;1.3001327438254766E7
887;2175;2;1.3001327438254766E7
888;2177;2;1.3001327438254766E7
889;2180;3;1.3001327438254766E7
890;2183;3;1.3001327438254766E7
891;2185;2;1.3001327438254766E7
892;2187;2;1.3001327438254766E7
893;2189;2;1.3001327438254766E7
894;2191;2;1.3001327438254766E7
895;2193;2;1.3001327438254766E7
896;2196;3;1.3001327438254766E7
897;2197;1;1.3001327438254766E7
898;2198;1;1.3001327438254766E7
899;2200;2;1.3001327438254766E7
900;2203;3;1.3001327438254766E7
901;2205;2;1.3001327438254766E7
902;2208;3;1.3001327438254766E7
903;2210;2;1.3001327438254766E7
904;2211;1;1.3001327438254766E7
905;2214;3;1.3001327438254766E7
906;2217;3;1.3001327438254766E7
907;2219;2;1.3001327438254766E7
908;2220;1;1.3001327438254766E7
909;2224;4;1.3001327438254766E7
910;2227;3;1.3001327438254766E7
911;2230;3;1.3001327438254766E7
912;2232;2;1.3001327438254766E7
913;2234;2;1.3001327438254766E7
914;2235;1;1.3001327438254766E7
915;2237;2;1.3001327438254766E7
916;2238;1;1.3001327438254766E7
917;2240;2;1.3001327438254766E7
918;2243;3;1.3001327438254766E7
919;2245;2;1.3001327438254766E7
920;2248;3;1.3001327438254766E7
921;2251;3;1.3001327438254766E7
922;2253;2;1.3001327438254766E7
923;2256;3;1.3001327438254766E7
924;2258;2;1.3001327438254766E7
925;2259;1;1.3001327438254766E7
926;2261;2;1.3001327438254766E7
927;2263;2;1.3001327438254766E7
928;2266;3;1.3001327438254766E7
929;2268;2;1.3001327438254766E7
930;2271;3;1.3001327438254766E7
931;2273;2;1.3001327438254766E7
932;2275;2;1.3001327438254766E7
933;2278;3;1.3001327438254766E7
934;2281;3;1.3001327438254766E7
935;2284;3;1.3001327438254766E7
936;2287;3;1.3001327438254766E7
937;2288;1;1.3001327438254766E7
938;2291;3;1.3001327438254766E7
939;2292;1;1.3001327438254766E7
940;2295;3;1.3001327438254766E7
941;2298;3;1.3001327438254766E7
942;2298;0;1.3001327438254766E7
943;2300;2;1.3001327438254766E7
944;2302;2;1.3001327438254766E7
945;2303;1;1.3001327438254766E7
946;2306;3;1.3001327438254766E7
947;2308;2;1.3001327438254766E7
948;2310;2;1.3001327438254766E7
949;2312;2;1.3001327438254766E7
950;2312;0;1.3001327438254766E7
951;2315;3;1.3001327438254766E7
952;2318;3;1.3001327438254766E7
953;2318;0;1.3001327438254766E7
954;2321;3;1.3001327438254766E7
955;2323;2;1.3001327438254766E7
956;2325;2;1.3001327438254766E7
957;2327;2;1.3001327438254766E7
958;2329;2;1.3001327438254766E7
959;2329;0;1.3001327438254766E7
960;2330;1;1.3001327438254766E7
961;2330;0;1.3001327438254766E7
962;2335;5;1.3001327438254766E7
963;2337;2;1.3001327438254766E7
964;2341;4;1.3001327438254766E7
965;2344;3;1.3001327438254766E7
966;2346;2;1.3001327438254766E7
967;2350;4;1.3001327438254766E7
968;2351;1;1.3001327438254766E7
969;2354;3;1.3001327438254766E7
970;2356;2;1.3001327438254766E7
971;2358;2;1.3001327438254766E7
972;2361;3;1.3001327438254766E7
973;2364;3;1.3001327438254766E7
974;2367;3;1.3001327438254766E7
975;2369;2;1.3001327438254766E7
976;2371;2;1.3001327438254766E7
977;2373;2;1.3001327438254766E7
978;2374;1;1.3001327438254766E7
979;2376;2;1.3001327438254766E7
980;2378;2;1.3001327438254766E7
981;2381;3;1.3001327438254766E7
982;2384;3;1.3001327438254766E7
983;2387;3;1.3001327438254766E7
984;2389;2;1.3001327438254766E7
985;2392;3;1.3001327438254766E7
986;2395;3;1.3001327438254766E7
987;2398;3;1.3001327438254766E7
988;2401;3;1.3001327438254766E7
989;2403;2;1.3001327438254766E7
990;2405;2;1.3001327438254766E7
991;2406;1;1.3001327438254766E7
992;2408;2;1.3001327438254766E7
993;2410;2;1.3001327438254766E7
994;2413;3;1.3001327438254766E7
995;2414;1;1.3001327438254766E7
996;2415;1;1.3001327438254766E7
997;2417;2;1.3001327438254766E7
998;2420;3;1.3001327438254766E7
999;2421;1;1.3001327438254766E7
1000;2424;3;1.3001327438254766E7
1001;2428;4;1.3001327438254766E7
1002;2430;2;1.3001327438254766E7
1003;2432;2;1.3001327438254766E7
1004;2435;3;1.3001327438254766E7
1005;2435;0;1.3001327438254766E7
1006;2439;4;1.3001327438254766E7
1007;2440;1;1.3001327438254766E7
1008;2442;2;1.3001327438254766E7
1009;2445;3;1.3001327438254766E7
1010;2448;3;1.3001327438254766E7
1011;2450;2;1.3001327438254766E7
1012;2452;2;1.3001327438254766E7
1013;2455;3;1.3001327438254766E7
1014;2455;0;1.3001327438254766E7
1015;2458;3;1.3001327438254766E7
1016;2461;3;1.3001327438254766E7
1017;2465;4;1.3001327438254766E7
1018;2467;2;1.3001327438254766E7
1019;2471;4;1.3001327438254766E7
1020;2473;2;1.3001327438254766E7
1021;2475;2;1.3001327438254766E7
1022;2478;3;1.3001327438254766E7
1023;2482;4;1.3001327438254766E7
1024;2485;3;1.3001327438254766E7
1025;2487;2;1.3001327438254766E7
1026;2489;2;1.3001327438254766E7
1027;2491;2;1.3001327438254766E7
1028;2492;1;1.3001327438254766E7
1029;2495;3;1.3001327438254766E7
1030;2500;5;1.3001327438254766E7
1031;2502;2;1.3001327438254766E7
1032;2502;0;1.3001327438254766E7
1033;2505;3;1.3001327438254766E7
1034;2508;3;1.3001327438254766E7
1035;2510;2;1.3001327438254766E7
1036;2512;2;1.3001327438254766E7
1037;2517;5;1.3001327438254766E7
1038;2519;2;1.3001327438254766E7
1039;2521;2;1.3001327438254766E7
1040;2524;3;1.3001327438254766E7
1041;2526;2;1.3001327438254766E7
1042;2530;4;1.3001327438254766E7
1043;2533;3;1.3001327438254766E7
1044;2535;2;1.3001327438254766E7
1045;2536;1;1.3001327438254766E7
1046;2540;4;1.3001327438254766E7
1047;2544;4;1.3001327438254766E7
1048;2548;4;1.3001327438254766E7
1049;2549;1;1.3001327438254766E7
1050;2552;3;1.3001327438254766E7
1051;2555;3;1.3001327438254766E7
1052;2556;1;1.3001327438254766E7
1053;2557;1;1.3001327438254766E7
1054;2559;2;1.3001327438254766E7
1055;2560;1;1.3001327438254766E7
1056;2561;1;1.3001327438254766E7
1057;2563;2;1.3001327438254766E7
1058;2565;2;1.3001327438254766E7
1059;2568;3;1.3001327438254766E7
1060;2571;3;1.3001327438254766E7
1061;2573;2;1.3001327438254766E7
1062;2575;2;1.3001327438254766E7
1063;2578;3;1.3001327438254766E7
1064;2580;2;1.3001327438254766E7
1065;2582;2;1.3001327438254766E7
1066;2584;2;1.3001327438254766E7
1067;2585;1;1.3001327438254766E7
1068;2586;1;1.3001327438254766E7
1069;2588;2;1.3001327438254766E7
1070;2590;2;1.3001327438254766E7
1071;2592;2;1.3001327438254766E7
1072;2594;2;1.3001327438254766E7
1073;2595;1;1.3001327438254766E7
1074;2596;1;1.3001327438254766E7
1075;2598;2;1.3001327438254766E7
1076;2600;2;1.3001327438254766E7
1077;2603;3;1.3001327438254766E7
1078;2606;3;1.3001327438254766E7
1079;2609;3;1.3001327438254766E7
1080;2611;2;1.3001327438254766E7
1081;2614;3;1.3001327438254766E7
1082;2616;2;1.3001327438254766E7
1083;2622;6;1.3001327438254766E7
1084;2623;1;1.3001327438254766E7
1085;2624;1;1.3001327438254766E7
1086;2627;3;1.3001327438254766E7
1087;2629;2;1.3001327438254766E7
1088;2631;2;1.3001327438254766E7
1089;2636;5;1.3001327438254766E7
1090;2640;4;1.3001327438254766E7
1091;2642;2;1.3001327438254766E7
1092;2642;0;1.3001327438254766E7
1093;2644;2;1.3001327438254766E7
1094;2647;3;1.3001327438254766E7
1095;2648;1;1.3001327438254766E7
1096;2648;0;1.3001327438254766E7
1097;2650;2;1.3001327438254766E7
1098;2653;3;1.3001327438254766E7
1099;2655;2;1.3001327438254766E7
1100;2656;1;1.3001327438254766E7
1101;2659;3;1.3001327438254766E7
1102;2662;3;1.3001327438254766E7
1103;2664;2;1.3001327438254766E7
1104;2664;0;1.3001327438254766E7
1105;2666;2;1.3001327438254766E7
1106;2667;1;1.3001327438254766E7
1107;2669;2;1.3001327438254766E7
1108;2671;2;1.3001327438254766E7
1109;2673;2;1.3001327438254766E7
1110;2674;1;1.3001327438254766E7
1111;2676;2;1.3001327438254766E7
1112;2678;2;1.3001327438254766E7
1113;2680;2;1.3001327438254766E7
1114;2683;3;1.3001327438254766E7
1115;2686;3;1.3001327438254766E7
1116;2688;2;1.3001327438254766E7
1117;2689;1;1.3001327438254766E7
1118;2691;2;1.3001327438254766E7
1119;2694;3;1.3001327438254766E7
1120;2696;2;1.3001327438254766E7
1121;2699;3;1.3001327438254766E7
1122;2701;2;1.3001327438254766E7
1123;2702;1;1.3001327438254766E7
1124;2704;2;1.3001327438254766E7
1125;2705;1;1.3001327438254766E7
1126;2708;3;1.3001327438254766E7
1127;2710;2;1.3001327438254766E7
1128;2712;2;1.3001327438254766E7
1129;2715;3;1.3001327438254766E7
1130;2717;2;1.3001327438254766E7
1131;2719;2;1.3001327438254766E7
1132;2721;2;1.3001327438254766E7
1133;2723;2;1.3001327438254766E7
1134;2726;3;1.3001327438254766E7
1135;2728;2;1.3001327438254766E7
1136;2730;2;1.3001327438254766E7
1137;2733;3;1.3001327438254766E7
1138;2735;2;1.3001327438254766E7
1139;2735;0;1.3001327438254766E7
1140;2737;2;1.3001327438254766E7
1141;2740;3;1.3001327438254766E7
1142;2742;2;1.3001327438254766E7
1143;2746;4;1.3001327438254766E7
1144;2748;2;1.3001327438254766E7
1145;2751;3;1.3001327438254766E7
1146;2751;0;1.3001327438254766E7
1147;2754;3;1.3001327438254766E7
1148;2755;1;1.3001327438254766E7
1149;2757;2;1.3001327438254766E7
1150;2760;3;1.3001327438254766E7
1151;2761;1;1.3001327438254766E7
1152;2764;3;1.3001327438254766E7
1153;2766;2;1.3001327438254766E7
1154;2768;2;1.3001327438254766E7
1155;2770;2;1.3001327438254766E7
1156;2770;0;1.3001327438254766E7
1157;2773;3;1.3001327438254766E7
1158;2776;3;1.3001327438254766E7
1159;2779;3;1.3001327438254766E7
1160;2780;1;1.3001327438254766E7
1161;2782;2;1.3001327438254766E7
1162;2784;2;1.3001327438254766E7
1163;2786;2;1.3001327438254766E7
1164;2788;2;1.3001327438254766E7
1165;2791;3;1.3001327438254766E7
1166;2791;0;1.3001327438254766E7
1167;2794;3;1.3001327438254766E7
1168;2798;4;1.3001327438254766E7
1169;2802;4;1.3001327438254766E7
1170;2802;0;1.3001327438254766E7
1171;2804;2;1.3001327438254766E7
1172;2807;3;1.3001327438254766E7
1173;2807;0;1.3001327438254766E7
1174;2810;3;1.3001327438254766E7
1175;2815;5;1.3001327438254766E7
1176;2816;1;1.3001327438254766E7
1177;2817;1;1.3001327438254766E7
1178;2820;3;1.3001327438254766E7
1179;2822;2;1.3001327438254766E7
1180;2826;4;1.3001327438254766E7
1181;2828;2;1.3001327438254766E7
1182;2831;3;1.3001327438254766E7
1183;2835;4;1.3001327438254766E7
1184;2837;2;1.3001327438254766E7
1185;2838;1;1.3001327438254766E7
1186;2840;2;1.3001327438254766E7
1187;2843;3;1.3001327438254766E7
1188;2843;0;1.3001327438254766E7
1189;2849;6;1.3001327438254766E7
1190;2851;2;1.3001327438254766E7
1191;2851;0;1.3001327438254766E7
1192;2855;4;1.3001327438254766E7
1193;2857;2;1.3001327438254766E7
1194;2859;2;1.3001327438254766E7
1195;2861;2;1.3001327438254766E7
1196;2866;5;1.3001327438254766E7
1197;2868;2;1.3001327438254766E7
1198;2870;2;1.3001327438254766E7
1199;2873;3;1.3001327438254766E7
1200;2875;2;1.3001327438254766E7
1201;2877;2;1.3001327438254766E7
1202;2883;6;1.3001327438254766E7
1203;2886;3;1.3001327438254766E7
1204;2888;2;1.3001327438254766E7
1205;2891;3;1.3001327438254766E7
1206;2892;1;1.3001327438254766E7
1207;2893;1;1.3001327438254766E7
1208;2899;6;1.3001327438254766E7
1209;2900;1;1.3001327438254766E7
1210;2902;2;1.3001327438254766E7
1211;2903;1;1.3001327438254766E7
1212;2904;1;1.3001327438254766E7
1213;2905;1;1.3001327438254766E7
1214;2906;1;1.3001327438254766E7
1215;2908;2;1.3001327438254766E7
1216;2910;2;1.3001327438254766E7
1217;2915;5;1.3001327438254766E7
1218;2917;2;1.3001327438254766E7
1219;2922;5;1.3001327438254766E7
1220;2924;2;1.3001327438254766E7
1221;2925;1;1.3001327438254766E7
1222;2927;2;1.3001327438254766E7
1223;2931;4;1.3001327438254766E7
1224;2933;2;1.3001327438254766E7
1225;2936;3;1.3001327438254766E7
1226;2938;2;1.3001327438254766E7
1227;2940;2;1.3001327438254766E7
1228;2941;1;1.3001327438254766E7
1229;2944;3;1.3001327438254766E7
1230;2945;1;1.3001327438254766E7
1231;2950;5;1.3001327438254766E7
1232;2951;1;1.3001327438254766E7
1233;2953;2;1.3001327438254766E7
1234;2955;2;1.3001327438254766E7
1235;2957;2;1.3001327438254766E7
1236;2960;3;1.3001327438254766E7
1237;2965;5;1.3001327438254766E7
1238;2968;3;1.3001327438254766E7
1239;2971;3;1.3001327438254766E7
1240;2973;2;1.3001327438254766E7
1241;2974;1;1.3001327438254766E7
1242;2977;3;1.3001327438254766E7
1243;2979;2;1.3001327438254766E7
1244;2984;5;1.3001327438254766E7
1245;2986;2;1.3001327438254766E7
1246;2989;3;1.3001327438254766E7
1247;2991;2;1.3001327438254766E7
1248;2994;3;1.3001327438254766E7
1249;2998;4;1.3001327438254766E7
1250;3000;2;1.3001327438254766E7
1251;3004;4;1.3001327438254766E7
1252;3006;2;1.3001327438254766E7
1253;3008;2;1.3001327438254766E7
1254;3011;3;1.3001327438254766E7
1255;3012;1;1.3001327438254766E7
1256;3014;2;1.3001327438254766E7
1257;3016;2;1.3001327438254766E7
1258;3020;4;1.3001327438254766E7
1259;3022;2;1.3001327438254766E7
1260;3024;2;1.3001327438254766E7
1261;3027;3;1.3001327438254766E7
1262;3029;2;1.3001327438254766E7
1263;3030;1;1.3001327438254766E7
1264;3031;1;1.3001327438254766E7
1265;3033;2;1.3001327438254766E7
1266;3034;1;1.3001327438254766E7
1267;3037;3;1.3001327438254766E7
1268;3039;2;1.3001327438254766E7
1269;3042;3;1.3001327438254766E7
1270;3044;2;1.3001327438254766E7
1271;3047;3;1.3001327438254766E7
1272;3050;3;1.3001327438254766E7
1273;3053;3;1.3001327438254766E7
1274;3054;1;1.3001327438254766E7
1275;3055;1;1.3001327438254766E7
1276;3056;1;1.3001327438254766E7
1277;3060;4;1.3001327438254766E7
1278;3060;0;1.3001327438254766E7
1279;3061;1;1.3001327438254766E7
1280;3062;1;1.3001327438254766E7
1281;3065;3;1.3001327438254766E7
1282;3067;2;1.3001327438254766E7
1283;3069;2;1.3001327438254766E7
1284;3072;3;1.3001327438254766E7
1285;3074;2;1.3001327438254766E7
1286;3076;2;1.3001327438254766E7
1287;3078;2;1.3001327438254766E7
1288;3081;3;1.3001327438254766E7
1289;3082;1;1.3001327438254766E7
1290;3085;3;1.3001327438254766E7
1291;3089;4;1.3001327438254766E7
1292;3092;3;1.3001327438254766E7
1293;3095;3;1.3001327438254766E7
1294;3098;3;1.3001327438254766E7
1295;3100;2;1.3001327438254766E7
1296;3101;1;1.3001327438254766E7
1297;3103;2;1.3001327438254766E7
1298;3105;2;1.3001327438254766E7
1299;3107;2;1.3001327438254766E7
1300;3109;2;1.3001327438254766E7
1301;3111;2;1.3001327438254766E7
1302;3114;3;1.3001327438254766E7
1303;3116;2;1.3001327438254766E7
1304;3118;2;1.3001327438254766E7
1305;3120;2;1.3001327438254766E7
1306;3122;2;1.3001327438254766E7
1307;3122;0;1.3001327438254766E7
1308;3124;2;1.3001327438254766E7
1309;3127;3;1.3001327438254766E7
1310;3127;0;1.3001327438254766E7
1311;3129;2;1.3001327438254766E7
1312;3132;3;1.3001327438254766E7
1313;3135;3;1.3001327438254766E7
1314;3137;2;1.3001327438254766E7
1315;3137;0;1.3001327438254766E7
1316;3138;1;1.3001327438254766E7
1317;3141;3;1.3001327438254766E7
1318;3143;2;1.3001327438254766E7
1319;3143;0;1.3001327438254766E7
1320;3145;2;1.3001327438254766E7
1321;3148;3;1.3001327438254766E7
1322;3149;1;1.3001327438254766E7
1323;3150;1;1.3001327438254766E7
1324;3152;2;1.3001327438254766E7
1325;3154;2;1.3001327438254766E7
1326;3154;0;1.3001327438254766E7
1327;3157;3;1.3001327438254766E7
1328;3159;2;1.3001327438254766E7
1329;3160;1;1.3001327438254766E7
1330;3160;0;1.3001327438254766E7
1331;3162;2;1.3001327438254766E7
1332;3165;3;1.3001327438254766E7
1333;3166;1;1.3001327438254766E7
1334;3169;3;1.3001327438254766E7
1335;3171;2;1.3001327438254766E7
1336;3173;2;1.3001321037750712E7
1337;3174;1;1.3001321037750712E7
1338;3176;2;1.3001321037750712E7
1339;3178;2;1.3001321037750712E7
1340;3181;3;1.3001321037750712E7
1341;3182;1;1.3001321037750712E7
1342;3184;2;1.3001321037750712E7
1343;3186;2;1.3001321037750712E7
1344;3189;3;1.3001321037750712E7
1345;3191;2;1.3001321037750712E7
1346;3193;2;1.3001321037750712E7
1347;3195;2;1.3001321037750712E7
1348;3197;2;1.3001321037750712E7
1349;3199;2;1.3001321037750712E7
1350;3200;1;1.3001321037750712E7
1351;3202;2;1.3001321037750712E7
1352;3205;3;1.3001321037750712E7
1353;3206;1;1.3001321037750712E7
1354;3209;3;1.3001321037750712E7
1355;3210;1;1.3001321037750712E7
1356;3213;3;1.3001321037750712E7
1357;3215;2;1.3001321037750712E7
1358;3216;1;1.3001321037750712E7
1359;3217;1;1.3001321037750712E7
1360;3220;3;1.3001321037750712E7
1361;3221;1;1.3001321037750712E7
1362;3225;4;1.3001321037750712E7
1363;3228;3;1.3001321037750712E7
1364;3232;4;1.3001321037750712E7
1365;3236;4;1.3001321037750712E7
1366;3238;2;1.3001321037750712E7
1367;3241;3;1.3001321037750712E7
1368;3245;4;1.3001321037750712E7
1369;3250;5;1.3001321037750712E7
1370;3251;1;1.3001321037750712E7
1371;3253;2;1.3001321037750712E7
1372;3254;1;1.3001321037750712E7
1373;3257;3;1.3001321037750712E7
1374;3259;2;1.3001321037750712E7
1375;3260;1;1.3001321037750712E7
1376;3261;1;1.3001321037750712E7
1377;3264;3;1.3001321037750712E7
1378;3266;2;1.3001321037750712E7
1379;3269;3;1.3001321037750712E7
1380;3271;2;1.3001321037750712E7
1381;3272;1;1.3001321037750712E7
1382;3273;1;1.3001321037750712E7
1383;3275;2;1.3001321037750712E7
1384;3276;1;1.3001321037750712E7
1385;3279;3;1.3001321037750712E7
1386;3282;3;1.3001321037750712E7
1387;3284;2;1.3001321037750712E7
1388;3288;4;1.3001321037750712E7
1389;3288;0;1.3001321037750712E7
1390;3289;1;1.3001321037750712E7
1391;3292;3;1.3001321037750712E7
1392;3293;1;1.3001321037750712E7
1393;3296;3;1.3001321037750712E7
1394;3298;2;1.3001321037750712E7
1395;3299;1;1.3001321037750712E7
1396;3301;2;1.3001321037750712E7
1397;3303;2;1.3001321037750712E7
1398;3304;1;1.3001321037750712E7
1399;3305;1;1.3001321037750712E7
1400;3306;1;1.3001321037750712E7
1401;3309;3;1.3001321037750712E7
1402;3312;3;1.3001321037750712E7
1403;3315;3;1.3001321037750712E7
1404;3317;2;1.3001321037750712E7
1405;3320;3;1.3001321037750712E7
1406;3321;1;1.3001321037750712E7
1407;3324;3;1.3001321037750712E7
1408;3326;2;1.3001321037750712E7
1409;3328;2;1.3001321037750712E7
1410;3330;2;1.3001321037750712E7
1411;3332;2;1.3001321037750712E7
1412;3336;4;1.3001321037750712E7
1413;3338;2;1.3001321037750712E7
1414;3340;2;1.3001321037750712E7
1415;3342;2;1.3001321037750712E7
1416;3344;2;1.3001321037750712E7
1417;3346;2;1.3001321037750712E7
1418;3348;2;1.3001321037750712E7
1419;3351;3;1.3001321037750712E7
1420;3353;2;1.3001321037750712E7
1421;3354;1;1.3001321037750712E7
1422;3354;0;1.3001321037750712E7
1423;3358;4;1.3001321037750712E7
1424;3358;0;1.3001321037750712E7
1425;3360;2;1.3001321037750712E7
1426;3363;3;1.3001321037750712E7
1427;3366;3;1.3001321037750712E7
1428;3366;0;1.3001321037750712E7
1429;3368;2;1.3001321037750712E7
1430;3371;3;1.3001321037750712E7
1431;3373;2;1.3001321037750712E7
1432;3374;1;1.3001321037750712E7
1433;3377;3;1.3001321037750712E7
1434;3379;2;1.3001321037750712E7
1435;3381;2;1.3001321037750712E7
1436;3382;1;1.3001321037750712E7
1437;3383;1;1.3001321037750712E7
1438;3385;2;1.3001321037750712E7
1439;3387;2;1.3001321037750712E7
1440;3388;1;1.3001321037750712E7
1441;3389;1;1.3001321037750712E7
1442;3391;2;1.3001321037750712E7
1443;3392;1;1.3001321037750712E7
1444;3394;2;1.3001321037750712E7
1445;3398;4;1.3001321037750712E7
1446;3398;0;1.3001321037750712E7
1447;3400;2;1.3001321037750712E7
1448;3403;3;1.3001321037750712E7
1449;3406;3;1.3001321037750712E7
1450;3407;1;1.3001321037750712E7
1451;3409;2;1.3001321037750712E7
1452;3411;2;1.3001321037750712E7
1453;3414;3;1.3001321037750712E7
1454;3415;1;1.3001321037750712E7
1455;3417;2;1.3001321037750712E7
1456;3420;3;1.3001321037750712E7
1457;3424;4;1.3001321037750712E7
1458;3425;1;1.3001321037750712E7
1459;3427;2;1.3001321037750712E7
1460;3428;1;1.3001321037750712E7
1461;3431;3;1.3001321037750712E7
1462;3433;2;1.3001321037750712E7
1463;3434;1;1.3001321037750712E7
1464;3435;1;1.3001321037750712E7
1465;3438;3;1.3001321037750712E7
1466;3441;3;1.3001321037750712E7
1467;3443;2;1.3001321037750712E7
1468;3446;3;1.3001321037750712E7
1469;3449;3;1.3001321037750712E7
1470;3451;2;1.3001321037750712E7
1471;3453;2;1.3001321037750712E7
1472;3456;3;1.3001321037750712E7
1473;3458;2;1.3001321037750712E7
1474;3459;1;1.3001321037750712E7
1475;3462;3;1.3001321037750712E7
1476;3464;2;1.3001321037750712E7
1477;3468;4;1.3001321037750712E7
1478;3470;2;1.3001321037750712E7
1479;3471;1;1.3001321037750712E7
1480;3474;3;1.3001321037750712E7
1481;3475;1;1.3001321037750712E7
1482;3477;2;1.3001321037750712E7
1483;3479;2;1.3001321037750712E7
1484;3482;3;1.3001321037750712E7
1485;3484;2;1.3001321037750712E7
1486;3486;2;1.3001321037750712E7
1487;3487;1;1.3001321037750712E7
1488;3489;2;1.3001321037750712E7
1489;3491;2;1.3001321037750712E7
1490;3493;2;1.3001321037750712E7
1491;3497;4;1.3001321037750712E7
1492;3499;2;1.3001321037750712E7
1493;3502;3;1.3001321037750712E7
1494;3505;3;1.3001321037750712E7
1495;3507;2;1.3001321037750712E7
1496;3508;1;1.3001321037750712E7
1497;3510;2;1.3001321037750712E7
1498;3510;0;1.3001321037750712E7
1499;3513;3;1.3001321037750712E7
1500;3514;1;1.3001321037750712E7
1501;3516;2;1.3001321037750712E7
1502;3518;2;1.3001321037750712E7
1503;3520;2;1.3001321037750712E7
1504;3522;2;1.3001321037750712E7
1505;3523;1;1.3001321037750712E7
1506;3524;1;1.3001321037750712E7
1507;3526;2;1.3001321037750712E7
1508;3528;2;1.3001321037750712E7
1509;3530;2;1.3001321037750712E7
1510;3530;0;1.3001321037750712E7
1511;3532;2;1.3001321037750712E7
1512;3536;4;1.3001321037750712E7
1513;3536;0;1.3001321037750712E7
1514;3537;1;1.3001321037750712E7
1515;3538;1;1.3001321037750712E7
1516;3540;2;1.3001321037750712E7
1517;3543;3;1.3001321037750712E7
1518;3546;3;1.3001321037750712E7
1519;3549;3;1.3001321037750712E7
1520;3551;2;1.3001321037750712E7
1521;3552;1;1.3001321037750712E7
1522;3553;1;1.3001321037750712E7
1523;3554;1;1.3001321037750712E7
1524;3557;3;1.3001321037750712E7
1525;3557;0;1.3001321037750712E7
1526;3559;2;1.3001321037750712E7
1527;3560;1;1.3001321037750712E7
1528;3562;2;1.3001321037750712E7
1529;3563;1;1.3001321037750712E7
1530;3565;2;1.3001321037750712E7
1531;3566;1;1.3001321037750712E7
1532;3569;3;1.3001321037750712E7
1533;3573;4;1.3001321037750712E7
1534;3573;0;1.3001321037750712E7
1535;3576;3;1.3001321037750712E7
1536;3578;2;1.3001321037750712E7
1537;3580;2;1.3001321037750712E7
1538;3581;1;1.3001321037750712E7
1539;3582;1;1.3001321037750712E7
1540;3584;2;1.3001321037750712E7
1541;3586;2;1.3001321037750712E7
1542;3588;2;1.3001321037750712E7
1543;3588;0;1.3001321037750712E7
1544;3590;2;1.3001321037750712E7
1545;3592;2;1.3001321037750712E7
1546;3594;2;1.3001321037750712E7
1547;3595;1;1.3001321037750712E7
1548;3597;2;1.3001321037750712E7
1549;3600;3;1.3001321037750712E7
1550;3602;2;1.3001321037750712E7
1551;3605;3;1.3001321037750712E7
1552;3609;4;1.3001321037750712E7
1553;3612;3;1.3001321037750712E7
1554;3616;4;1.3001321037750712E7
1555;3617;1;1.3001321037750712E7
1556;3622;5;1.3001321037750712E7
1557;3626;4;1.3001321037750712E7
1558;3629;3;1.3001321037750712E7
1559;3633;4;1.3001321037750712E7
1560;3637;4;1.3001321037750712E7
1561;3641;4;1.3001321037750712E7
1562;3642;1;1.3001321037750712E7
1563;3644;2;1.3001321037750712E7
1564;3646;2;1.3001321037750712E7
1565;3647;1;1.3001321037750712E7
1566;3651;4;1.3001321037750712E7
1567;3655;4;1.3001321037750712E7
1568;3658;3;1.3001321037750712E7
1569;3662;4;1.3001321037750712E7
1570;3666;4;1.3001321037750712E7
1571;3667;1;1.3001321037750712E7
1572;3668;1;1.3001321037750712E7
1573;3671;3;1.3001321037750712E7
1574;3673;2;1.3001321037750712E7
1575;3675;2;1.3001321037750712E7
1576;3677;2;1.3001321037750712E7
1577;3680;3;1.3001321037750712E7
1578;3682;2;1.3001321037750712E7
1579;3684;2;1.3001321037750712E7
1580;3686;2;1.3001321037750712E7
1581;3688;2;1.3001321037750712E7
1582;3691;3;1.3001321037750712E7
1583;3693;2;1.3001321037750712E7
1584;3694;1;1.3001321037750712E7
1585;3697;3;1.3001321037750712E7
1586;3698;1;1.3001321037750712E7
1587;3700;2;1.3001321037750712E7
1588;3703;3;1.3001321037750712E7
1589;3704;1;1.3001321037750712E7
1590;3706;2;1.3001321037750712E7
1591;3708;2;1.3001321037750712E7
1592;3710;2;1.3001321037750712E7
1593;3712;2;1.3001321037750712E7
1594;3712;0;1.3001321037750712E7
1595;3714;2;1.3001321037750712E7
1596;3716;2;1.3001321037750712E7
1597;3717;1;1.3001321037750712E7
1598;3719;2;1.3001321037750712E7
1599;3721;2;1.3001321037750712E7
1600;3724;3;1.3001321037750712E7
1601;3725;1;1.3001321037750712E7
1602;3726;1;1.3001321037750712E7
1603;3728;2;1.3001321037750712E7
1604;3730;2;1.3001321037750712E7
1605;3732;2;1.3001321037750712E7
1606;3734;2;1.3001321037750712E7
1607;3737;3;1.3001321037750712E7
1608;3738;1;1.3001321037750712E7
1609;3739;1;1.3001321037750712E7
1610;3741;2;1.3001321037750712E7
1611;3744;3;1.3001321037750712E7
1612;3746;2;1.3001321037750712E7
1613;3748;2;1.3001321037750712E7
1614;3751;3;1.3001321037750712E7
1615;3752;1;1.3001321037750712E7
1616;3753;1;1.3001321037750712E7
1617;3754;1;1.3001321037750712E7
1618;3756;2;1.3001321037750712E7
1619;3759;3;1.3001321037750712E7
1620;3762;3;1.3001321037750712E7
1621;3765;3;1.3001321037750712E7
1622;3768;3;1.3001321037750712E7
1623;3770;2;1.3001321037750712E7
1624;3773;3;1.3001321037750712E7
1625;3775;2;1.3001321037750712E7
1626;3778;3;1.3001321037750712E7
1627;3778;0;1.3001321037750712E7
1628;3780;2;1.3001321037750712E7
1629;3782;2;1.3001321037750712E7
1630;3785;3;1.3001321037750712E7
1631;3786;1;1.3001321037750712E7
1632;3789;3;1.3001321037750712E7
1633;3791;2;1.3001321037750712E7
1634;3794;3;1.3001321037750712E7
1635;3796;2;1.3001321037750712E7
1636;3797;1;1.3001321037750712E7
1637;3799;2;1.3001321037750712E7
1638;3801;2;1.3001321037750712E7
1639;3803;2;1.3001321037750712E7
1640;3806;3;1.3001321037750712E7
1641;3808;2;1.3001321037750712E7
1642;3809;1;1.3001321037750712E7
1643;3809;0;1.3001321037750712E7
1644;3810;1;1.3001321037750712E7
1645;3812;2;1.3001321037750712E7
1646;3814;2;1.3001321037750712E7
1647;3817;3;1.3001321037750712E7
1648;3818;1;1.3001321037750712E7
1649;3820;2;1.3001321037750712E7
1650;3822;2;1.3001321037750712E7
1651;3824;2;1.3001321037750712E7
1652;3825;1;1.3001321037750712E7
1653;3826;1;1.3001321037750712E7
1654;3829;3;1.3001321037750712E7
1655;3831;2;1.3001321037750712E7
1656;3833;2;1.3001321037750712E7
1657;3837;4;1.3001321037750712E7
1658;3839;2;1.3001321037750712E7
1659;3841;2;1.3001321037750712E7
1660;3844;3;1.3001321037750712E7
1661;3846;2;1.3001321037750712E7
1662;3848;2;1.3001321037750712E7
1663;3851;3;1.3001321037750712E7
1664;3854;3;1.3001321037750712E7
1665;3855;1;1.3001321037750712E7
1666;3857;2;1.3001321037750712E7
1667;3859;2;1.3001321037750712E7
1668;3861;2;1.3001321037750712E7
1669;3862;1;1.3001321037750712E7
1670;3863;1;1.3001321037750712E7
1671;3865;2;1.3001321037750712E7
1672;3867;2;1.3001321037750712E7
1673;3869;2;1.3001321037750712E7
1674;3872;3;1.3001321037750712E7
1675;3874;2;1.3001321037750712E7
1676;3875;1;1.3001321037750712E7
1677;3875;0;1.3001321037750712E7
1678;3878;3;1.3001321037750712E7
1679;3880;2;1.3001321037750712E7
1680;3883;3;1.3001321037750712E7
1681;3886;3;1.3001321037750712E7
1682;3888;2;1.3001321037750712E7
1683;3890;2;1.3001321037750712E7
1684;3891;1;1.3001321037750712E7
1685;3893;2;1.3001321037750712E7
1686;3894;1;1.3001321037750712E7
1687;3897;3;1.3001321037750712E7
1688;3901;4;1.3001321037750712E7
1689;3903;2;1.3001321037750712E7
1690;3904;1;1.3001321037750712E7
1691;3905;1;1.3001321037750712E7
1692;3906;1;1.3001321037750712E7
1693;3908;2;1.3001321037750712E7
1694;3909;1;1.3001321037750712E7
1695;3912;3;1.3001321037750712E7
1696;3914;2;1.3001321037750712E7
1697;3916;2;1.3001321037750712E7
1698;3917;1;1.3001321037750712E7
1699;3919;2;1.3001321037750712E7
1700;3921;2;1.3001321037750712E7
1701;3924;3;1.3001321037750712E7
1702;3925;1;1.3001321037750712E7
1703;3926;1;1.3001321037750712E7
1704;3928;2;1.3001321037750712E7
1705;3930;2;1.3001321037750712E7
1706;3931;1;1.3001321037750712E7
1707;3934;3;1.3001321037750712E7
1708;3935;1;1.3001321037750712E7
1709;3937;2;1.3001321037750712E7
1710;3939;2;1.3001321037750712E7
1711;3941;2;1.3001321037750712E7
1712;3943;2;1.3001321037750712E7
1713;3945;2;1.3001321037750712E7
1714;3946;1;1.3001321037750712E7
1715;3948;2;1.3001321037750712E7
1716;3948;0;1.3001321037750712E7
1717;3951;3;1.3001321037750712E7
1718;3953;2;1.3001321037750712E7
1719;3957;4;1.3001321037750712E7
1720;3959;2;1.3001321037750712E7
1721;3961;2;1.3001321037750712E7
1722;3964;3;1.3001321037750712E7
1723;3966;2;1.3001321037750712E7
1724;3969;3;1.3001321037750712E7
1725;3972;3;1.3001321037750712E7
1726;3972;0;1.3001321037750712E7
1727;3975;3;1.3001321037750712E7
1728;3977;2;1.3001321037750712E7
1729;3979;2;1.3001321037750712E7
1730;3982;3;1.3001321037750712E7
1731;3984;2;1.3001321037750712E7
1732;3987;3;1.3001321037750712E7
1733;3989;2;1.3001321037750712E7
1734;3992;3;1.3001321037750712E7
1735;3994;2;1.3001321037750712E7
1736;3995;1;1.3001321037750712E7
1737;3997;2;1.3001321037750712E7
1738;3998;1;1.3001321037750712E7
1739;4000;2;1.3001321037750712E7
1740;4003;3;1.3001321037750712E7
1741;4003;0;1.3001321037750712E7
1742;4006;3;1.3001321037750712E7
1743;4008;2;1.3001321037750712E7
1744;4010;2;1.3001321037750712E7
1745;4012;2;1.3001321037750712E7
1746;4013;1;1.3001321037750712E7
1747;4014;1;1.3001321037750712E7
1748;4017;3;1.3001321037750712E7
1749;4019;2;1.3001321037750712E7
1750;4022;3;1.3001321037750712E7
1751;4023;1;1.3001321037750712E7
1752;4026;3;1.3001321037750712E7
1753;4028;2;1.3001321037750712E7
1754;4031;3;1.3001321037750712E7
1755;4033;2;1.3001321037750712E7
1756;4035;2;1.3001321037750712E7
1757;4037;2;1.3001321037750712E7
1758;4039;2;1.3001321037750712E7
1759;4042;3;1.3001321037750712E7
1760;4042;0;1.3001321037750712E7
1761;4043;1;1.3001321037750712E7
1762;4046;3;1.3001321037750712E7
1763;4048;2;1.3001321037750712E7
1764;4050;2;1.3001321037750712E7
1765;4053;3;1.3001321037750712E7
1766;4055;2;1.3001321037750712E7
1767;4057;2;1.3001321037750712E7
1768;4060;3;1.3001321037750712E7
1769;4063;3;1.3001321037750712E7
1770;4065;2;1.3001321037750712E7
1771;4067;2;1.3001321037750712E7
1772;4069;2;1.3001321037750712E7
1773;4072;3;1.3001321037750712E7
1774;4072;0;1.3001321037750712E7
1775;4073;1;1.3001321037750712E7
1776;4075;2;1.3001321037750712E7
1777;4076;1;1.3001321037750712E7
1778;4077;1;1.3001321037750712E7
1779;4079;2;1.3001321037750712E7
1780;4082;3;1.3001321037750712E7
1781;4083;1;1.3001321037750712E7
1782;4085;2;1.3001321037750712E7
1783;4088;3;1.3001321037750712E7
1784;4089;1;1.3001321037750712E7
1785;4090;1;1.3001321037750712E7
1786;4092;2;1.3001321037750712E7
1787;4094;2;1.3001321037750712E7
1788;4096;2;1.3001321037750712E7
1789;4098;2;1.3001321037750712E7
1790;4100;2;1.3001321037750712E7
1791;4101;1;1.3001321037750712E7
1792;4101;0;1.3001321037750712E7
1793;4103;2;1.3001321037750712E7
1794;4104;1;1.3001321037750712E7
1795;4107;3;1.3001321037750712E7
1796;4110;3;1.3001321037750712E7
1797;4111;1;1.3001321037750712E7
1798;4113;2;1.3001321037750712E7
1799;4116;3;1.3001321037750712E7
1800;4117;1;1.3001321037750712E7
1801;4121;4;1.3001321037750712E7
1802;4121;0;1.3001321037750712E7
1803;4124;3;1.3001321037750712E7
1804;4126;2;1.3001321037750712E7
1805;4127;1;1.3001321037750712E7
1806;4130;3;1.3001321037750712E7
1807;4132;2;1.3001321037750712E7
1808;4133;1;1.3001321037750712E7
1809;4136;3;1.3001321037750712E7
1810;4139;3;1.3001321037750712E7
1811;4141;2;1.3001321037750712E7
1812;4143;2;1.3001321037750712E7
1813;4146;3;1.3001321037750712E7
1814;4149;3;1.3001321037750712E7
1815;4150;1;1.3001321037750712E7
1816;4152;2;1.3001321037750712E7
1817;4155;3;1.3001321037750712E7
1818;4157;2;1.3001321037750712E7
1819;4159;2;1.3001321037750712E7
1820;4160;1;1.3001321037750712E7
1821;4164;4;1.3001321037750712E7
1822;4166;2;1.3001321037750712E7
1823;4168;2;1.3001321037750712E7
1824;4170;2;1.3001321037750712E7
1825;4172;2;1.3001321037750712E7
1826;4174;2;1.3001321037750712E7
1827;4176;2;1.3001321037750712E7
1828;4177;1;1.3001321037750712E7
1829;4179;2;1.3001321037750712E7
1830;4182;3;1.3001321037750712E7
1831;4183;1;1.3001321037750712E7
1832;4186;3;1.3001321037750712E7
1833;4188;2;1.3001321037750712E7
1834;4191;3;1.3001321037750712E7
1835;4193;2;1.3001321037750712E7
1836;4196;3;1.3001321037750712E7
1837;4198;2;1.3001321037750712E7
1838;4200;2;1.3001321037750712E7
1839;4202;2;1.3001321037750712E7
1840;4205;3;1.3001321037750712E7
1841;4206;1;1.3001321037750712E7
1842;4206;0;1.3001321037750712E7
1843;4209;3;1.3001321037750712E7
1844;4213;4;1.3001321037750712E7
1845;4216;3;1.3001321037750712E7
1846;4217;1;1.3001321037750712E7
1847;4220;3;1.3001321037750712E7
1848;4222;2;1.3001315879863983E7
1849;4224;2;1.3001315879863983E7
1850;4226;2;1.3001315879863983E7
1851;4227;1;1.3001315879863983E7
1852;4230;3;1.3001315879863983E7
1853;4232;2;1.3001315879863983E7
1854;4234;2;1.3001315879863983E7
1855;4238;4;1.3001315879863983E7
1856;4239;1;1.3001315879863983E7
1857;4241;2;1.3001315879863983E7
1858;4244;3;1.3001315879863983E7
1859;4247;3;1.3001315879863983E7
1860;4247;0;1.3001315879863983E7
1861;4250;3;1.3001315879863983E7
1862;4252;2;1.3001315879863983E7
1863;4253;1;1.3001315879863983E7
1864;4256;3;1.3001315879863983E7
1865;4258;2;1.3001315879863983E7
1866;4260;2;1.3001315879863983E7
1867;4262;2;1.3001315879863983E7
1868;4264;2;1.3001315879863983E7
1869;4266;2;1.3001315879863983E7
1870;4266;0;1.3001315879863983E7
1871;4269;3;1.3001315879863983E7
1872;4271;2;1.3001315879863983E7
1873;4271;0;1.3001315879863983E7
1874;4273;2;1.3001315879863983E7
1875;4277;4;1.3001315879863983E7
1876;4278;1;1.3001315879863983E7
1877;4280;2;1.3001315879863983E7
1878;4281;1;1.3001315879863983E7
1879;4282;1;1.3001315879863983E7
1880;4282;0;1.3001315879863983E7
1881;4283;1;1.3001315879863983E7
1882;4284;1;1.3001315879863983E7
1883;4286;2;1.3001315879863983E7
1884;4288;2;1.3001315879863983E7
1885;4289;1;1.3001315879863983E7
1886;4292;3;1.3001315879863983E7
1887;4294;2;1.3001315879863983E7
1888;4294;0;1.3001315879863983E7
1889;4296;2;1.3001315879863983E7
1890;4298;2;1.3001315879863983E7
1891;4299;1;1.3001315879863983E7
1892;4300;1;1.3001315879863983E7
1893;4302;2;1.3001315879863983E7
1894;4304;2;1.3001315879863983E7
1895;4306;2;1.3001315879863983E7
1896;4308;2;1.3001315879863983E7
1897;4309;1;1.3001315879863983E7
1898;4311;2;1.3001315879863983E7
1899;4313;2;1.3001315879863983E7
1900;4315;2;1.3001315879863983E7
1901;4316;1;1.3001315879863983E7
1902;4318;2;1.3001315879863983E7
1903;4321;3;1.3001315879863983E7
1904;4322;1;1.3001315879863983E7
1905;4323;1;1.3001315879863983E7
1906;4325;2;1.3001315879863983E7
1907;4327;2;1.3001315879863983E7
1908;4330;3;1.3001315879863983E7
1909;4331;1;1.3001315879863983E7
1910;4333;2;1.3001315879863983E7
1911;4335;2;1.3001315879863983E7
1912;4338;3;1.3001315879863983E7
1913;4338;0;1.3001315879863983E7
1914;4339;1;1.3001293636772955E7
1915;4341;2;1.3001291194540784E7
1916;4341;0;1.3001291194540784E7
1917;4343;2;1.3001291194540784E7
1918;4344;1;1.3001291194540784E7
1919;4347;3;1.3001291194540784E7
1920;4349;2;1.3001291194540784E7
1921;4352;3;1.3001291194540784E7
1922;4353;1;1.3001291194540784E7
1923;4356;3;1.3001291194540784E7
1924;4359;3;1.3001291194540784E7
1925;4361;2;1.3001291194540784E7
1926;4363;2;1.3001291194540784E7
1927;4366;3;1.3001291194540784E7
1928;4368;2;1.3001291194540784E7
1929;4370;2;1.3001291194540784E7
1930;4371;1;1.3001291194540784E7
1931;4372;1;1.3001291194540784E7
1932;4374;2;1.3001291194540784E7
1933;4377;3;1.3001291194540784E7
1934;4378;1;1.3001291194540784E7
1935;4380;2;1.3001291194540784E7
1936;4380;0;1.3001291194540784E7
1937;4382;2;1.3001291194540784E7
1938;4384;2;1.3001291194540784E7
1939;4386;2;1.3001291194540784E7
1940;4389;3;1.3001291194540784E7
1941;4390;1;1.3001291194540784E7
1942;4392;2;1.3001291194540784E7
1943;4393;1;1.3001291194540784E7
1944;4395;2;1.3001291194540784E7
1945;4396;1;1.3001291194540784E7
1946;4399;3;1.3001291194540784E7
1947;4401;2;1.3001291194540784E7
1948;4403;2;1.3001291194540784E7
1949;4406;3;1.3001291194540784E7
1950;4408;2;1.3001291194540784E7
1951;4410;2;1.3001291194540784E7
1952;4412;2;1.3001291194540784E7
1953;4414;2;1.3001291194540784E7
1954;4414;0;1.3001291194540784E7
1955;4415;1;1.3001291194540784E7
1956;4419;4;1.3001291194540784E7
1957;4422;3;1.3001291194540784E7
1958;4425;3;1.3001291194540784E7
1959;4427;2;1.3001291194540784E7
1960;4430;3;1.3001291194540784E7
1961;4432;2;1.3001291194540784E7
1962;4435;3;1.3001291194540784E7
1963;4435;0;1.3001291194540784E7
1964;4437;2;1.3001291194540784E7
1965;4440;3;1.3001291194540784E7
1966;4443;3;1.3001291194540784E7
1967;4446;3;1.3001291194540784E7
1968;4447;1;1.3001291194540784E7
1969;4449;2;1.3001291194540784E7
1970;4449;0;1.3001291194540784E7
1971;4451;2;1.3001291194540784E7
1972;4451;0;1.3001291194540784E7
1973;4454;3;1.3001291194540784E7
1974;4458;4;1.3001291194540784E7
1975;4462;4;1.3001291194540784E7
1976;4464;2;1.3001291194540784E7
1977;4467;3;1.3001291194540784E7
1978;4469;2;1.3001291194540784E7
1979;4472;3;1.3001291194540784E7
1980;4474;2;1.3001291194540784E7
1981;4475;1;1.3001291194540784E7
1982;4477;2;1.3001291194540784E7
1983;4479;2;1.3001291194540784E7
1984;4481;2;1.3001291194540784E7
1985;4483;2;1.3001291194540784E7
1986;4486;3;1.3001291194540784E7
1987;4488;2;1.3001291194540784E7
1988;4491;3;1.3001291194540784E7
1989;4494;3;1.3001291194540784E7
1990;4495;1;1.3001291194540784E7
1991;4498;3;1.3001291194540784E7
1992;4498;0;1.3001291194540784E7
1993;4499;1;1.3001291194540784E7
1994;4502;3;1.3001291194540784E7
1995;4504;2;1.3001291194540784E7
1996;4506;2;1.3001291194540784E7
1997;4507;1;1.3001291194540784E7
1998;4510;3;1.3001291194540784E7
1999;4512;2;1.3001291194540784E7
2000;4514;2;1.3001291194540784E7
2001;4518;4;1.3001291194540784E7
2002;4518;0;1.3001291194540784E7
2003;4520;2;1.3001291194540784E7
2004;4522;2;1.3001291194540784E7
2005;4525;3;1.3001291194540784E7
2006;4527;2;1.3001291194540784E7
2007;4529;2;1.3001291194540784E7
2008;4530;1;1.3001291194540784E7
2009;4532;2;1.3001291194540784E7
2010;4534;2;1.3001291194540784E7
2011;4536;2;1.3001291194540784E7
2012;4538;2;1.3001291194540784E7
2013;4539;1;1.3001291194540784E7
2014;4542;3;1.3001291194540784E7
2015;4544;2;1.3001291194540784E7
2016;4546;2;1.3001291194540784E7
2017;4547;1;1.3001291194540784E7
2018;4550;3;1.3001291194540784E7
2019;4553;3;1.3001291194540784E7
2020;4554;1;1.3001291194540784E7
2021;4557;3;1.3001291194540784E7
2022;4559;2;1.3001291194540784E7
2023;4561;2;1.3001291194540784E7
2024;4564;3;1.3001291194540784E7
2025;4565;1;1.3001291194540784E7
2026;4567;2;1.3001291194540784E7
2027;4570;3;1.3001291194540784E7
2028;4572;2;1.3001291194540784E7
2029;4575;3;1.3001291194540784E7
2030;4577;2;1.3001291194540784E7
2031;4580;3;1.3001291194540784E7
2032;4582;2;1.3001291194540784E7
2033;4586;4;1.3001291194540784E7
2034;4587;1;1.3001291194540784E7
2035;4588;1;1.3001291194540784E7
2036;4591;3;1.3001291194540784E7
2037;4592;1;1.3001291194540784E7
2038;4595;3;1.3001291194540784E7
2039;4598;3;1.3001291194540784E7
2040;4599;1;1.3001291194540784E7
2041;4600;1;1.3001291194540784E7
2042;4603;3;1.3001291194540784E7
2043;4604;1;1.3001291194540784E7
2044;4606;2;1.3001291194540784E7
2045;4609;3;1.3001291194540784E7
2046;4610;1;1.3001291194540784E7
2047;4611;1;1.3001291194540784E7
2048;4612;1;1.3001291194540784E7
2049;4614;2;1.3001291194540784E7
2050;4617;3;1.3001291194540784E7
2051;4620;3;1.3001291194540784E7
2052;4622;2;1.3001291194540784E7
2053;4624;2;1.3001291194540784E7
2054;4627;3;1.3001291194540784E7
2055;4628;1;1.3001291194540784E7
2056;4630;2;1.3001291194540784E7
2057;4633;3;1.3001291194540784E7
2058;4635;2;1.3001291194540784E7
2059;4637;2;1.3001291194540784E7
2060;4640;3;1.3001291194540784E7
2061;4642;2;1.3001291194540784E7
2062;4645;3;1.3001291194540784E7
2063;4647;2;1.3001291194540784E7
2064;4649;2;1.3001291194540784E7
2065;4651;2;1.3001291194540784E7
2066;4653;2;1.3001291194540784E7
2067;4654;1;1.3001291194540784E7
2068;4656;2;1.3001291194540784E7
2069;4658;2;1.3001291194540784E7
2070;4661;3;1.3001291194540784E7
2071;4664;3;1.3001291194540784E7
2072;4666;2;1.3001291194540784E7
2073;4668;2;1.3001291194540784E7
2074;4669;1;1.3001291194540784E7
2075;4672;3;1.3001291194540784E7
2076;4673;1;1.3001291194540784E7
2077;4675;2;1.3001291194540784E7
2078;4678;3;1.3001291194540784E7
2079;4680;2;1.3001291194540784E7
2080;4682;2;1.3001291194540784E7
2081;4684;2;1.3001291194540784E7
2082;4687;3;1.3001291194540784E7
2083;4689;2;1.3001291194540784E7
2084;4691;2;1.3001291194540784E7
2085;4693;2;1.3001291194540784E7
2086;4695;2;1.3001291194540784E7
2087;4697;2;1.3001291194540784E7
2088;4699;2;1.3001291194540784E7
2089;4699;0;1.3001291194540784E7
2090;4701;2;1.3001291194540784E7
2091;4703;2;1.3001291194540784E7
2092;4706;3;1.3001291194540784E7
2093;4706;0;1.3001291194540784E7
2094;4709;3;1.3001291194540784E7
2095;4710;1;1.3001291194540784E7
2096;4713;3;1.3001291194540784E7
2097;4715;2;1.3001291194540784E7
2098;4717;2;1.3001291194540784E7
2099;4720;3;1.3001291194540784E7
2100;4723;3;1.3001291194540784E7
2101;4724;1;1.3001291194540784E7
2102;4727;3;1.3001291194540784E7
2103;4729;2;1.3001291194540784E7
2104;4729;0;1.3001291194540784E7
2105;4730;1;1.3001291194540784E7
2106;4731;1;1.3001291194540784E7
2107;4733;2;1.3001291194540784E7
2108;4735;2;1.3001291194540784E7
2109;4736;1;1.3001291194540784E7
2110;4738;2;1.3001291194540784E7
2111;4742;4;1.3001291194540784E7
2112;4744;2;1.3001291194540784E7
2113;4745;1;1.3001291194540784E7
2114;4746;1;1.3001291194540784E7
2115;4749;3;1.3001291194540784E7
2116;4752;3;1.3001291194540784E7
2117;4753;1;1.3001291194540784E7
2118;4756;3;1.3001291194540784E7
2119;4756;0;1.3001291194540784E7
2120;4759;3;1.3001291194540784E7
2121;4761;2;1.3001291194540784E7
2122;4763;2;1.3001291194540784E7
2123;4763;0;1.3001291194540784E7
2124;4766;3;1.3001291194540784E7
2125;4767;1;1.3001291194540784E7
2126;4769;2;1.3001291194540784E7
2127;4771;2;1.3001291194540784E7
2128;4775;4;1.3001291194540784E7
2129;4777;2;1.3001291194540784E7
2130;4779;2;1.3001291194540784E7
2131;4780;1;1.3001291194540784E7
2132;4783;3;1.3001291194540784E7
2133;4785;2;1.3001291194540784E7
2134;4786;1;1.3001291194540784E7
2135;4787;1;1.3001291194540784E7
2136;4789;2;1.3001291194540784E7
2137;4791;2;1.3001291194540784E7
2138;4793;2;1.3001291194540784E7
2139;4795;2;1.3001291194540784E7
2140;4798;3;1.3001291194540784E7
2141;4799;1;1.3001291194540784E7
2142;4801;2;1.3001291194540784E7
2143;4803;2;1.3001291194540784E7
2144;4804;1;1.3001291194540784E7
2145;4806;2;1.3001291194540784E7
2146;4808;2;1.3001291194540784E7
2147;4810;2;1.3001291194540784E7
2148;4814;4;1.3001291194540784E7
2149;4815;1;1.3001291194540784E7
2150;4817;2;1.3001291194540784E7
2151;4820;3;1.3001291194540784E7
2152;4822;2;1.3001291194540784E7
2153;4822;0;1.3001291194540784E7
2154;4824;2;1.3001291194540784E7
2155;4826;2;1.3001291194540784E7
2156;4827;1;1.3001291194540784E7
2157;4829;2;1.3001291194540784E7
2158;4831;2;1.3001291194540784E7
2159;4833;2;1.3001291194540784E7
2160;4834;1;1.3001291194540784E7
2161;4836;2;1.3001291194540784E7
2162;4840;4;1.3001291194540784E7
2163;4841;1;1.3001291194540784E7
2164;4844;3;1.3001291194540784E7
2165;4844;0;1.3001291194540784E7
2166;4847;3;1.3001291194540784E7
2167;4851;4;1.3001291194540784E7
2168;4852;1;1.3001291194540784E7
2169;4855;3;1.3001291194540784E7
2170;4857;2;1.3001291194540784E7
2171;4859;2;1.3001291194540784E7
2172;4860;1;1.3001291194540784E7
2173;4863;3;1.3001291194540784E7
2174;4865;2;1.3001291194540784E7
2175;4866;1;1.3001291194540784E7
2176;4868;2;1.3001291194540784E7
2177;4869;1;1.3001291194540784E7
2178;4870;1;1.3001291194540784E7
2179;4872;2;1.3001291194540784E7
2180;4873;1;1.3001291194540784E7
2181;4874;1;1.3001291194540784E7
2182;4876;2;1.3001291194540784E7
2183;4878;2;1.3001291194540784E7
2184;4880;2;1.3001291194540784E7
2185;4882;2;1.3001291194540784E7
2186;4885;3;1.3001291194540784E7
2187;4888;3;1.3001291194540784E7
2188;4890;2;1.3001291194540784E7
2189;4891;1;1.3001291194540784E7
2190;4893;2;1.3001291194540784E7
2191;4895;2;1.3001291194540784E7
2192;4898;3;1.3001291194540784E7
2193;4899;1;1.3001291194540784E7
2194;4902;3;1.3001291194540784E7
2195;4902;0;1.3001291194540784E7
2196;4904;2;1.3001291194540784E7
2197;4904;0;1.3001291194540784E7
2198;4905;1;1.3001291194540784E7
2199;4906;1;1.3001291194540784E7
2200;4908;2;1.3001291194540784E7
2201;4911;3;1.3001291194540784E7
2202;4913;2;1.3001291194540784E7
2203;4914;1;1.3001291194540784E7
2204;4914;0;1.3001291194540784E7
2205;4917;3;1.3001291194540784E7
2206;4919;2;1.3001291194540784E7
2207;4923;4;1.3001291194540784E7
2208;4924;1;1.3001291194540784E7
2209;4924;0;1.3001291194540784E7
2210;4925;1;1.3001291194540784E7
2211;4927;2;1.3001291194540784E7
2212;4929;2;1.3001291194540784E7
2213;4931;2;1.3001291194540784E7
2214;4933;2;1.3001291194540784E7
2215;4936;3;1.3001291194540784E7
2216;4936;0;1.3001291194540784E7
2217;4939;3;1.3001291194540784E7
2218;4942;3;1.3001291194540784E7
2219;4944;2;1.3001291194540784E7
2220;4948;4;1.3001291194540784E7
2221;4950;2;1.3001291194540784E7
2222;4952;2;1.3001291194540784E7
2223;4954;2;1.3001291194540784E7
2224;4955;1;1.3001291194540784E7
2225;4958;3;1.3001291194540784E7
2226;4960;2;1.3001291194540784E7
2227;4964;4;1.3001291194540784E7
2228;4966;2;1.3001291194540784E7
2229;4967;1;1.3001291194540784E7
2230;4968;1;1.3001291194540784E7
2231;4970;2;1.3001291194540784E7
2232;4972;2;1.3001291194540784E7
2233;4975;3;1.3001291194540784E7
2234;4976;1;1.3001291194540784E7
2235;4979;3;1.3001291194540784E7
2236;4981;2;1.3001291194540784E7
2237;4984;3;1.3001291194540784E7
2238;4986;2;1.3001291194540784E7
2239;4988;2;1.3001291194540784E7
2240;4991;3;1.3001291194540784E7
2241;4993;2;1.3001291194540784E7
2242;4995;2;1.3001291194540784E7
2243;4996;1;1.3001291194540784E7
2244;4997;1;1.3001291194540784E7
2245;5000;3;1.3001291194540784E7
2246;5001;1;1.3001291194540784E7
2247;5003;2;1.3001291194540784E7
2248;5004;1;1.3001291194540784E7
2249;5006;2;1.3001291194540784E7
2250;5008;2;1.3001291194540784E7
2251;5011;3;1.3001291194540784E7
2252;5012;1;1.3001291194540784E7
2253;5014;2;1.3001291194540784E7
2254;5016;2;1.3001291194540784E7
2255;5018;2;1.3001291194540784E7
2256;5020;2;1.3001291194540784E7
2257;5022;2;1.3001291194540784E7
2258;5024;2;1.3001291194540784E7
2259;5026;2;1.3001291194540784E7
2260;5028;2;1.3001291194540784E7
2261;5030;2;1.3001291194540784E7
2262;5030;0;1.3001291194540784E7
2263;5033;3;1.3001291194540784E7
2264;5035;2;1.3001291194540784E7
2265;5037;2;1.3001291194540784E7
2266;5040;3;1.3001291194540784E7
2267;5043;3;1.3001291194540784E7
2268;5044;1;1.3001291194540784E7
2269;5045;1;1.3001291194540784E7
2270;5046;1;1.3001291194540784E7
2271;5048;2;1.3001291194540784E7
2272;5050;2;1.3001291194540784E7
2273;5053;3;1.3001291194540784E7
2274;5055;2;1.3001291194540784E7
2275;5057;2;1.3001291194540784E7
2276;5059;2;1.3001291194540784E7
2277;5060;1;1.3001291194540784E7
2278;5063;3;1.3001291194540784E7
2279;5065;2;1.3001291194540784E7
2280;5067;2;1.3001291194540784E7
2281;5069;2;1.3001291194540784E7
2282;5071;2;1.3001291194540784E7
2283;5073;2;1.3001291194540784E7
2284;5075;2;1.3001291194540784E7
2285;5078;3;1.3001291194540784E7
2286;5079;1;1.3001291194540784E7
2287;5081;2;1.3001291194540784E7
2288;5082;1;1.3001291194540784E7
2289;5083;1;1.3001291194540784E7
2290;5084;1;1.3001291194540784E7
2291;5085;1;1.3001291194540784E7
2292;5086;1;1.3001291194540784E7
2293;5088;2;1.3001291194540784E7
2294;5089;1;1.3001291194540784E7
2295;5090;1;1.3001291194540784E7
2296;5091;1;1.3001291194540784E7
2297;5093;2;1.3001291194540784E7
2298;5096;3;1.3001291194540784E7
2299;5097;1;1.3001291194540784E7
2300;5099;2;1.3001291194540784E7
2301;5100;1;1.3001291194540784E7
2302;5102;2;1.3001291194540784E7
2303;5105;3;1.3001291194540784E7
2304;5107;2;1.3001291194540784E7
2305;5109;2;1.3001291194540784E7
2306;5109;0;1.3001291194540784E7
2307;5112;3;1.3001291194540784E7
2308;5114;2;1.3001291194540784E7
2309;5116;2;1.3001291194540784E7
2310;5117;1;1.3001291194540784E7
2311;5119;2;1.3001291194540784E7
2312;5121;2;1.3001291194540784E7
2313;5122;1;1.3001291194540784E7
2314;5123;1;1.3001291194540784E7
2315;5123;0;1.3001291194540784E7
2316;5124;1;1.3001291194540784E7
2317;5127;3;1.3001291194540784E7
2318;5129;2;1.3001291194540784E7
2319;5132;3;1.3001291194540784E7
2320;5134;2;1.3001291194540784E7
2321;5137;3;1.3001291194540784E7
2322;5140;3;1.3001291194540784E7
2323;5141;1;1.3001291194540784E7
2324;5144;3;1.3001291194540784E7
2325;5146;2;1.3001291194540784E7
2326;5148;2;1.3001291194540784E7
2327;5150;2;1.3001291194540784E7
2328;5151;1;1.3001291194540784E7
2329;5153;2;1.3001291194540784E7
2330;5155;2;1.3001291194540784E7
2331;5157;2;1.3001291194540784E7
2332;5159;2;1.3001291194540784E7
2333;5161;2;1.3001291194540784E7
2334;5162;1;1.3001291194540784E7
2335;5164;2;1.3001291194540784E7
2336;5166;2;1.3001291194540784E7
2337;5168;2;1.3001291194540784E7
2338;5170;2;1.3001291194540784E7
2339;5171;1;1.3001291194540784E7
2340;5174;3;1.3001291194540784E7
2341;5175;1;1.3001291194540784E7
2342;5176;1;1.3001291194540784E7
2343;5178;2;1.3001291194540784E7
2344;5180;2;1.3001291194540784E7
2345;5182;2;1.3001291194540784E7
2346;5184;2;1.3001291194540784E7
2347;5186;2;1.3001291194540784E7
2348;5188;2;1.3001291194540784E7
2349;5189;1;1.3001291194540784E7
2350;5191;2;1.3001291194540784E7
2351;5193;2;1.3001291194540784E7
2352;5194;1;1.3001291194540784E7
2353;5195;1;1.3001291194540784E7
2354;5198;3;1.3001291194540784E7
2355;5200;2;1.3001291194540784E7
2356;5203;3;1.3001291194540784E7
2357;5205;2;1.3001291194540784E7
2358;5206;1;1.3001291194540784E7
2359;5207;1;1.3001291194540784E7
2360;5209;2;1.3001291194540784E7
2361;5211;2;1.3001291194540784E7
2362;5212;1;1.3001291194540784E7
2363;5214;2;1.3001291194540784E7
2364;5215;1;1.3001291194540784E7
2365;5217;2;1.3001291194540784E7
2366;5217;0;1.3001291194540784E7
2367;5218;1;1.3001291194540784E7
2368;5219;1;1.3001291194540784E7
2369;5221;2;1.3001291194540784E7
2370;5223;2;1.3001291194540784E7
2371;5225;2;1.3001291194540784E7
2372;5228;3;1.3001291194540784E7
2373;5229;1;1.3001291194540784E7
2374;5229;0;1.3001291194540784E7
2375;5230;1;1.3001291194540784E7
2376;5232;2;1.3001291194540784E7
2377;5233;1;1.3001291194540784E7
2378;5235;2;1.3001291194540784E7
2379;5236;1;1.3001291194540784E7
2380;5237;1;1.3001291194540784E7
2381;5238;1;1.3001291194540784E7
2382;5238;0;1.3001291194540784E7
2383;5240;2;1.3001291194540784E7
2384;5242;2;1.3001272738827538E7
2385;5246;4;1.3001272738827538E7
2386;5246;0;1.3001272738827538E7
2387;5248;2;1.3001272738827538E7
2388;5249;1;1.3001272738827538E7
2389;5252;3;1.3001272738827538E7
2390;5254;2;1.3001272738827538E7
2391;5254;0;1.3001272738827538E7
2392;5255;1;1.3001272738827538E7
2393;5257;2;1.3001272738827538E7
2394;5262;5;1.3001272738827538E7
2395;5264;2;1.3001272738827538E7
2396;5266;2;1.3001272738827538E7
2397;5267;1;1.3001272738827538E7
2398;5270;3;1.3001272738827538E7
2399;5272;2;1.3001272738827538E7
2400;5275;3;1.3001272738827538E7
2401;5276;1;1.3001272738827538E7
2402;5277;1;1.3001272738827538E7
2403;5278;1;1.3001272738827538E7
2404;5280;2;1.3001272738827538E7
2405;5282;2;1.3001272738827538E7
2406;5285;3;1.3001272738827538E7
2407;5285;0;1.3001272738827538E7
2408;5287;2;1.3001272738827538E7
2409;5288;1;1.3001272738827538E7
2410;5290;2;1.3001272738827538E7
2411;5292;2;1.3001272738827538E7
2412;5292;0;1.3001272738827538E7
2413;5294;2;1.3001272738827538E7
2414;5295;1;1.3001272738827538E7
2415;5298;3;1.3001272738827538E7
2416;5300;2;1.3001272738827538E7
2417;5302;2;1.3001272738827538E7
2418;5304;2;1.3001272738827538E7
2419;5305;1;1.3001272738827538E7
2420;5307;2;1.3001272738827538E7
2421;5309;2;1.3001272738827538E7
2422;5311;2;1.3001272738827538E7
2423;5313;2;1.3001272738827538E7
2424;5315;2;1.3001272738827538E7
2425;5316;1;1.3001272738827538E7
2426;5318;2;1.3001272738827538E7
2427;5321;3;1.3001272738827538E7
2428;5323;2;1.3001272738827538E7
2429;5326;3;1.3001272738827538E7
2430;5326;0;1.3001272738827538E7
2431;5328;2;1.3001272738827538E7
2432;5330;2;1.3001272738827538E7
2433;5332;2;1.3001272738827538E7
2434;5335;3;1.3001272738827538E7
2435;5337;2;1.3001272738827538E7
2436;5339;2;1.3001272738827538E7
2437;5341;2;1.3001272738827538E7
2438;5343;2;1.3001272738827538E7
2439;5347;4;1.3001272738827538E7
2440;5348;1;1.3001272738827538E7
2441;5352;4;1.3001272738827538E7
2442;5354;2;1.3001272738827538E7
2443;5356;2;1.3001272738827538E7
2444;5357;1;1.3001272738827538E7
2445;5359;2;1.3001272738827538E7
2446;5360;1;1.3001272738827538E7
2447;5363;3;1.3001272738827538E7
2448;5366;3;1.3001272738827538E7
2449;5367;1;1.3001272738827538E7
2450;5368;1;1.3001272738827538E7
2451;5370;2;1.3001272738827538E7
2452;5373;3;1.3001270975886734E7
2453;5375;2;1.3001270975886734E7
2454;5376;1;1.3001270975886734E7
2455;5378;2;1.3001270975886734E7
2456;5380;2;1.3001270975886734E7
2457;5382;2;1.3001270975886734E7
2458;5383;1;1.3001270975886734E7
2459;5384;1;1.3001270975886734E7
2460;5385;1;1.3001270975886734E7
2461;5388;3;1.3001270975886734E7
2462;5390;2;1.3001270975886734E7
2463;5392;2;1.3001270975886734E7
2464;5393;1;1.3001270975886734E7
2465;5395;2;1.3001270975886734E7
2466;5396;1;1.3001270975886734E7
2467;5397;1;1.3001270975886734E7
2468;5398;1;1.3001270975886734E7
2469;5400;2;1.3001270975886734E7
2470;5401;1;1.3001270975886734E7
2471;5402;1;1.3001270975886734E7
2472;5405;3;1.3001270975886734E7
2473;5407;2;1.3001270975886734E7
2474;5407;0;1.3001270975886734E7
2475;5409;2;1.3001270975886734E7
2476;5410;1;1.3001270975886734E7
2477;5413;3;1.3001270975886734E7
2478;5413;0;1.3001270975886734E7
2479;5415;2;1.3001270975886734E7
2480;5417;2;1.3001270975886734E7
2481;5417;0;1.3001270975886734E7
2482;5418;1;1.3001270975886734E7
2483;5420;2;1.3001270975886734E7
2484;5422;2;1.3001270975886734E7
2485;5423;1;1.3001270975886734E7
2486;5424;1;1.3001270975886734E7
2487;5426;2;1.3001270975886734E7
2488;5428;2;1.3001270975886734E7
2489;5429;1;1.3001270975886734E7
2490;5431;2;1.3001270975886734E7
2491;5433;2;1.3001270975886734E7
2492;5434;1;1.3001270975886734E7
2493;5434;0;1.3001270975886734E7
2494;5436;2;1.3001270975886734E7
2495;5437;1;1.3001270975886734E7
2496;5438;1;1.3001270975886734E7
2497;5440;2;1.3001270975886734E7
2498;5441;1;1.3001270975886734E7
2499;5444;3;1.3001270975886734E7
2500;5447;3;1.3001270975886734E7
2501;5448;1;1.3001270975886734E7
2502;5449;1;1.3001270975886734E7
2503;5450;1;1.3001270975886734E7
2504;5451;1;1.3001270975886734E7
2505;5453;2;1.3001270975886734E7
2506;5455;2;1.3001270975886734E7
2507;5457;2;1.3001270975886734E7
2508;5459;2;1.3001270975886734E7
2509;5461;2;1.3001270975886734E7
2510;5464;3;1.3001270975886734E7
2511;5466;2;1.3001270975886734E7
2512;5468;2;1.3001270975886734E7
2513;5470;2;1.3001270975886734E7
2514;5472;2;1.3001270975886734E7
2515;5474;2;1.3001270975886734E7
2516;5475;1;1.3001270975886734E7
2517;5477;2;1.3001270975886734E7
2518;5479;2;1.3001270975886734E7
2519;5483;4;1.3001270975886734E7
2520;5486;3;1.3001270975886734E7
2521;5488;2;1.3001270975886734E7
2522;5490;2;1.3001270975886734E7
2523;5492;2;1.3001270975886734E7
2524;5493;1;1.3001270975886734E7
2525;5495;2;1.3001270975886734E7
2526;5497;2;1.3001270975886734E7
2527;5500;3;1.3001270975886734E7
2528;5502;2;1.3001270975886734E7
2529;5504;2;1.3001270975886734E7
2530;5506;2;1.3001270975886734E7
2531;5509;3;1.3001270975886734E7
2532;5511;2;1.3001270975886734E7
2533;5513;2;1.3001270975886734E7
2534;5514;1;1.3001270975886734E7
2535;5515;1;1.3001270975886734E7
2536;5517;2;1.3001270975886734E7
2537;5518;1;1.3001270975886734E7
2538;5518;0;1.3001270975886734E7
2539;5520;2;1.3001270975886734E7
2540;5522;2;1.3001270975886734E7
2541;5524;2;1.3001270975886734E7
2542;5527;3;1.3001270975886734E7
2543;5529;2;1.3001270975886734E7
2544;5531;2;1.3001270975886734E7
2545;5533;2;1.3001270975886734E7
2546;5535;2;1.3001270975886734E7
2547;5536;1;1.3001270975886734E7
2548;5538;2;1.3001270975886734E7
2549;5539;1;1.3001270975886734E7
2550;5542;3;1.3001270975886734E7
2551;5544;2;1.3001270975886734E7
2552;5545;1;1.3001270975886734E7
2553;5547;2;1.3001270975886734E7
2554;5549;2;1.3001270975886734E7
2555;5551;2;1.3001270975886734E7
2556;5553;2;1.3001270975886734E7
2557;5555;2;1.3001270975886734E7
2558;5557;2;1.3001270975886734E7
2559;5559;2;1.3001270975886734E7
2560;5561;2;1.3001270975886734E7
2561;5562;1;1.3001270975886734E7
2562;5564;2;1.3001270975886734E7
2563;5567;3;1.3001270975886734E7
2564;5571;4;1.3001270975886734E7
2565;5572;1;1.3001270975886734E7
2566;5574;2;1.3001270975886734E7
2567;5576;2;1.3001270975886734E7
2568;5578;2;1.3001270975886734E7
2569;5580;2;1.3001270975886734E7
2570;5582;2;1.3001270975886734E7
2571;5585;3;1.3001270975886734E7
2572;5587;2;1.3001270975886734E7
2573;5587;0;1.3001270975886734E7
2574;5589;2;1.3001270975886734E7
2575;5591;2;1.3001270975886734E7
2576;5593;2;1.3001270975886734E7
2577;5595;2;1.3001270975886734E7
2578;5598;3;1.3001270975886734E7
2579;5601;3;1.3001270975886734E7
2580;5603;2;1.3001270975886734E7
2581;5605;2;1.3001270975886734E7
2582;5607;2;1.3001270975886734E7
2583;5609;2;1.3001270975886734E7
2584;5610;1;1.3001270975886734E7
2585;5611;1;1.3001270975886734E7
2586;5615;4;1.3001270975886734E7
2587;5617;2;1.3001270975886734E7
2588;5619;2;1.3001270975886734E7
2589;5620;1;1.3001270975886734E7
2590;5621;1;1.3001270975886734E7
2591;5623;2;1.3001270975886734E7
2592;5625;2;1.3001270975886734E7
2593;5627;2;1.3001270975886734E7
2594;5630;3;1.3001270975886734E7
2595;5632;2;1.3001270975886734E7
2596;5633;1;1.3001270975886734E7
2597;5635;2;1.3001270975886734E7
2598;5636;1;1.3001270975886734E7
2599;5640;4;1.3001270975886734E7
2600;5642;2;1.3001270975886734E7
2601;5642;0;1.3001270975886734E7
2602;5645;3;1.3001270975886734E7
2603;5646;1;1.3001270975886734E7
2604;5647;1;1.3001270975886734E7
2605;5649;2;1.3001270975886734E7
2606;5651;2;1.3001270975886734E7
2607;5655;4;1.3001270975886734E7
2608;5657;2;1.3001270975886734E7
2609;5659;2;1.3001270975886734E7
2610;5661;2;1.3001270975886734E7
2611;5664;3;1.3001270975886734E7
2612;5666;2;1.3001270975886734E7
2613;5668;2;1.3001270975886734E7
2614;5669;1;1.3001270975886734E7
2615;5671;2;1.3001270975886734E7
2616;5673;2;1.3001270975886734E7
2617;5676;3;1.3001270975886734E7
2618;5678;2;1.3001270975886734E7
2619;5679;1;1.3001270975886734E7
2620;5680;1;1.3001270975886734E7
2621;5682;2;1.3001270975886734E7
2622;5685;3;1.3001270975886734E7
2623;5685;0;1.3001270975886734E7
2624;5688;3;1.3001270975886734E7
2625;5690;2;1.3001270975886734E7
2626;5692;2;1.3001270975886734E7
2627;5694;2;1.3001270975886734E7
2628;5695;1;1.3001270975886734E7
2629;5697;2;1.3001270975886734E7
2630;5699;2;1.3001270975886734E7
2631;5704;5;1.3001270975886734E7
2632;5705;1;1.3001270975886734E7
2633;5706;1;1.3001270975886734E7
2634;5707;1;1.3001270975886734E7
2635;5707;0;1.3001270975886734E7
2636;5709;2;1.3001270975886734E7
2637;5714;5;1.3001270975886734E7
2638;5716;2;1.3001270975886734E7
2639;5718;2;1.3001270975886734E7
2640;5721;3;1.3001270975886734E7
2641;5723;2;1.3001270975886734E7
2642;5725;2;1.3001270975886734E7
2643;5728;3;1.3001270975886734E7
2644;5730;2;1.3001270975886734E7
2645;5732;2;1.3001270975886734E7
2646;5735;3;1.3001270975886734E7
2647;5737;2;1.3001270975886734E7
2648;5738;1;1.3001270975886734E7
2649;5739;1;1.3001270975886734E7
2650;5741;2;1.3001270975886734E7
2651;5742;1;1.3001270975886734E7
2652;5745;3;1.3001270975886734E7
2653;5747;2;1.3001270975886734E7
2654;5750;3;1.3001270975886734E7
2655;5750;0;1.3001270975886734E7
2656;5752;2;1.3001270975886734E7
2657;5754;2;1.3001270975886734E7
2658;5756;2;1.3001270975886734E7
2659;5757;1;1.3001270975886734E7
2660;5760;3;1.3001270975886734E7
2661;5762;2;1.3001270975886734E7
2662;5764;2;1.3001270975886734E7
2663;5766;2;1.3001270975886734E7
2664;5768;2;1.3001270975886734E7
2665;5770;2;1.3001270975886734E7
2666;5770;0;1.3001270975886734E7
2667;5772;2;1.3001270975886734E7
2668;5774;2;1.3001270975886734E7
2669;5776;2;1.3001270975886734E7
2670;5778;2;1.3001270975886734E7
2671;5778;0;1.3001270975886734E7
2672;5781;3;1.3001270975886734E7
2673;5783;2;1.3001270975886734E7
2674;5784;1;1.3001270975886734E7
2675;5785;1;1.3001270975886734E7
2676;5787;2;1.3001270975886734E7
2677;5789;2;1.3001270975886734E7
2678;5792;3;1.3001270975886734E7
2679;5794;2;1.3001270975886734E7
2680;5795;1;1.3001270975886734E7
2681;5796;1;1.3001270975886734E7
2682;5797;1;1.3001270975886734E7
2683;5799;2;1.3001270975886734E7
2684;5801;2;1.3001270975886734E7
2685;5803;2;1.3001270975886734E7
2686;5803;0;1.3001270975886734E7
2687;5805;2;1.3001270975886734E7
2688;5808;3;1.3001270975886734E7
2689;5809;1;1.3001270975886734E7
2690;5811;2;1.3001270975886734E7
2691;5812;1;1.3001270975886734E7
2692;5813;1;1.3001270975886734E7
2693;5814;1;1.3001270975886734E7
2694;5817;3;1.3001270975886734E7
2695;5820;3;1.3001270975886734E7
2696;5820;0;1.3001270975886734E7
2697;5822;2;1.3001270975886734E7
2698;5824;2;1.3001270975886734E7
2699;5825;1;1.3001270975886734E7
2700;5826;1;1.3001270975886734E7
2701;5828;2;1.3001270975886734E7
2702;5830;2;1.3001270975886734E7
2703;5832;2;1.3001270975886734E7
2704;5835;3;1.3001270975886734E7
2705;5835;0;1.3001270975886734E7
2706;5837;2;1.3001270975886734E7
2707;5837;0;1.3001270975886734E7
2708;5839;2;1.3001270975886734E7
2709;5840;1;1.3001270975886734E7
2710;5842;2;1.3001270975886734E7
2711;5844;2;1.3001270975886734E7
2712;5845;1;1.3001270975886734E7
2713;5846;1;1.3001270975886734E7
2714;5848;2;1.3001270975886734E7
2715;5849;1;1.3001270975886734E7
2716;5850;1;1.3001270975886734E7
2717;5852;2;1.3001270975886734E7
2718;5852;0;1.3001270975886734E7
2719;5855;3;1.3001270975886734E7
2720;5857;2;1.3001270975886734E7
2721;5860;3;1.3001270975886734E7
2722;5862;2;1.3001270975886734E7
2723;5864;2;1.3001270975886734E7
2724;5865;1;1.3001270975886734E7
2725;5868;3;1.3001270975886734E7
2726;5870;2;1.3001270975886734E7
2727;5871;1;1.3001270975886734E7
2728;5872;1;1.3001270975886734E7
2729;5874;2;1.3001270975886734E7
2730;5876;2;1.3001270975886734E7
2731;5878;2;1.3001270975886734E7
2732;5880;2;1.3001270975886734E7
2733;5882;2;1.3001270975886734E7
2734;5885;3;1.3001270975886734E7
2735;5885;0;1.3001270975886734E7
2736;5887;2;1.3001270975886734E7
2737;5889;2;1.3001270975886734E7
2738;5890;1;1.3001270975886734E7
2739;5892;2;1.3001270975886734E7
2740;5894;2;1.3001270975886734E7
2741;5897;3;1.3001270975886734E7
2742;5899;2;1.3001270975886734E7
2743;5901;2;1.3001270975886734E7
2744;5903;2;1.3001270975886734E7
2745;5905;2;1.3001270975886734E7
2746;5906;1;1.3001270975886734E7
2747;5907;1;1.3001270975886734E7
2748;5909;2;1.3001270975886734E7
2749;5910;1;1.3001270975886734E7
2750;5912;2;1.3001270975886734E7
2751;5914;2;1.3001270975886734E7
2752;5916;2;1.3001270975886734E7
2753;5919;3;1.3001270975886734E7
2754;5922;3;1.3001270975886734E7
2755;5923;1;1.3001270975886734E7
2756;5924;1;1.3001270975886734E7
2757;5925;1;1.3001270975886734E7
2758;5927;2;1.3001270975886734E7
2759;5929;2;1.3001270975886734E7
2760;5930;1;1.3001270975886734E7
2761;5932;2;1.3001270975886734E7
2762;5932;0;1.3001270975886734E7
2763;5935;3;1.3001270975886734E7
2764;5939;4;1.3001270975886734E7
2765;5942;3;1.3001270975886734E7
2766;5945;3;1.3001270975886734E7
2767;5946;1;1.3001270975886734E7
2768;5949;3;1.3001270975886734E7
2769;5952;3;1.3001270975886734E7
2770;5955;3;1.3001270975886734E7
2771;5957;2;1.3001270975886734E7
2772;5959;2;1.3001270975886734E7
2773;5961;2;1.3001270975886734E7
2774;5962;1;1.3001270975886734E7
2775;5963;1;1.3001270975886734E7
2776;5964;1;1.3001270975886734E7
2777;5965;1;1.3001270975886734E7
2778;5967;2;1.3001270975886734E7
2779;5970;3;1.3001270975886734E7
2780;5972;2;1.3001270975886734E7
2781;5974;2;1.3001270975886734E7
2782;5976;2;1.3001270975886734E7
2783;5977;1;1.3001270975886734E7
2784;5979;2;1.3001270975886734E7
2785;5981;2;1.3001270975886734E7
2786;5982;1;1.3001270975886734E7
2787;5984;2;1.3001270975886734E7
2788;5984;0;1.3001270975886734E7
2789;5986;2;1.3001270975886734E7
2790;5987;1;1.3001270975886734E7
2791;5989;2;1.3001270975886734E7
2792;5992;3;1.3001270975886734E7
2793;5994;2;1.3001270975886734E7
2794;5997;3;1.3001270975886734E7
2795;5998;1;1.3001270975886734E7
2796;5999;1;1.3001270975886734E7
2797;6001;2;1.3001270975886734E7
2798;6002;1;1.3001270975886734E7
2799;6004;2;1.3001270975886734E7
2800;6006;2;1.3001270975886734E7
2801;6008;2;1.3001270975886734E7
2802;6012;4;1.3001270975886734E7
2803;6013;1;1.3001270975886734E7
2804;6015;2;1.3001270975886734E7
2805;6015;0;1.3001270975886734E7
2806;6019;4;1.3001270975886734E7
2807;6021;2;1.3001270975886734E7
2808;6024;3;1.3001270975886734E7
2809;6025;1;1.3001270975886734E7
2810;6026;1;1.3001270975886734E7
2811;6029;3;1.3001270402362965E7
2812;6029;0;1.3001270402362965E7
2813;6030;1;1.3001270402362965E7
2814;6032;2;1.3001270402362965E7
2815;6036;4;1.3001270402362965E7
2816;6036;0;1.3001270402362965E7
2817;6038;2;1.3001270402362965E7
2818;6041;3;1.3001270402362965E7
2819;6043;2;1.3001270402362965E7
2820;6045;2;1.3001270402362965E7
2821;6046;1;1.3001270402362965E7
2822;6049;3;1.3001270402362965E7
2823;6052;3;1.3001270402362965E7
2824;6053;1;1.3001270402362965E7
2825;6054;1;1.3001270402362965E7
2826;6055;1;1.3001270402362965E7
2827;6057;2;1.3001270402362965E7
2828;6058;1;1.3001270402362965E7
2829;6061;3;1.3001270402362965E7
2830;6063;2;1.3001270402362965E7
2831;6064;1;1.3001270402362965E7
2832;6067;3;1.3001270402362965E7
2833;6068;1;1.3001270402362965E7
2834;6071;3;1.3001270402362965E7
2835;6072;1;1.3001270402362965E7
2836;6075;3;1.3001270402362965E7
2837;6077;2;1.3001270402362965E7
2838;6078;1;1.3001270402362965E7
2839;6080;2;1.3001270402362965E7
2840;6082;2;1.3001270402362965E7
2841;6084;2;1.3001266395306667E7
2842;6085;1;1.3001266395306667E7
2843;6088;3;1.3001266395306667E7
2844;6090;2;1.3001266395306667E7
2845;6091;1;1.3001266395306667E7
2846;6091;0;1.3001266395306667E7
2847;6092;1;1.3001266395306667E7
2848;6095;3;1.3001266395306667E7
2849;6096;1;1.3001266395306667E7
2850;6099;3;1.3001266395306667E7
2851;6100;1;1.3001264686706455E7
2852;6102;2;1.3001264686706455E7
2853;6102;0;1.3001264686706455E7
2854;6104;2;1.3001264686706455E7
2855;6104;0;1.3001264686706455E7
2856;6106;2;1.3001264686706455E7
2857;6107;1;1.3001264686706455E7
2858;6109;2;1.3001264686706455E7
2859;6111;2;1.3001264686706455E7
2860;6113;2;1.3001264686706455E7
2861;6115;2;1.3001264686706455E7
2862;6117;2;1.3001264686706455E7
2863;6118;1;1.3001264686706455E7
2864;6120;2;1.3001264686706455E7
2865;6122;2;1.3001264686706455E7
2866;6124;2;1.3001264686706455E7
2867;6126;2;1.3001264686706455E7
2868;6126;0;1.3001264686706455E7
2869;6128;2;1.3001264686706455E7
2870;6130;2;1.3001264686706455E7
2871;6133;3;1.3001264686706455E7
2872;6134;1;1.3001264686706455E7
2873;6135;1;1.3001264686706455E7
2874;6136;1;1.3001264686706455E7
2875;6136;0;1.3001264686706455E7
2876;6137;1;1.3001264686706455E7
2877;6139;2;1.3001264686706455E7
2878;6141;2;1.3001264686706455E7
2879;6142;1;1.3001264686706455E7
2880;6143;1;1.3001264686706455E7
2881;6144;1;1.3001264686706455E7
2882;6147;3;1.3001264686706455E7
2883;6148;1;1.3001264686706455E7
2884;6151;3;1.3001264686706455E7
2885;6152;1;1.300126304986232E7
2886;6154;2;1.300126304986232E7
2887;6156;2;1.300126304986232E7
2888;6157;1;1.300126304986232E7
2889;6159;2;1.300126304986232E7
2890;6161;2;1.300126304986232E7
2891;6162;1;1.300126304986232E7
2892;6165;3;1.300126304986232E7
2893;6166;1;1.300126304986232E7
2894;6167;1;1.300126304986232E7
2895;6169;2;1.300126304986232E7
2896;6171;2;1.300126304986232E7
2897;6172;1;1.300126304986232E7
2898;6174;2;1.300126304986232E7
2899;6176;2;1.300126304986232E7
2900;6178;2;1.300126304986232E7
2901;6180;2;1.300126304986232E7
2902;6182;2;1.300126304986232E7
2903;6183;1;1.300126304986232E7
2904;6185;2;1.300126304986232E7
2905;6186;1;1.300126304986232E7
2906;6188;2;1.300126304986232E7
2907;6190;2;1.300126304986232E7
2908;6191;1;1.300126304986232E7
2909;6193;2;1.300126304986232E7
2910;6196;3;1.300126304986232E7
2911;6197;1;1.300126304986232E7
2912;6198;1;1.300126304986232E7
2913;6200;2;1.300126304986232E7
2914;6201;1;1.300126304986232E7
2915;6204;3;1.300126304986232E7
2916;6207;3;1.300126304986232E7
2917;6209;2;1.300126304986232E7
2918;6211;2;1.300126304986232E7
2919;6213;2;1.300126304986232E7
2920;6215;2;1.300126304986232E7
2921;6217;2;1.300126304986232E7
2922;6219;2;1.300126304986232E7
2923;6221;2;1.300126304986232E7
2924;6222;1;1.300126304986232E7
2925;6223;1;1.300126304986232E7
2926;6225;2;1.300126304986232E7
2927;6226;1;1.300126304986232E7
2928;6228;2;1.300126304986232E7
2929;6231;3;1.300126304986232E7
2930;6233;2;1.300126304986232E7
2931;6235;2;1.300126304986232E7
2932;6239;4;1.300126304986232E7
2933;6241;2;1.300126304986232E7
2934;6243;2;1.300126304986232E7
2935;6245;2;1.300126304986232E7
2936;6247;2;1.300126304986232E7
2937;6249;2;1.300126304986232E7
2938;6249;0;1.300126304986232E7
2939;6252;3;1.300126304986232E7
2940;6254;2;1.300126304986232E7
2941;6255;1;1.300126304986232E7
2942;6257;2;1.300126304986232E7
2943;6259;2;1.300126304986232E7
2944;6262;3;1.300126304986232E7
2945;6263;1;1.300126304986232E7
2946;6264;1;1.300126304986232E7
2947;6266;2;1.300126304986232E7
2948;6268;2;1.300126304986232E7
2949;6269;1;1.300126304986232E7
2950;6270;1;1.300126304986232E7
2951;6271;1;1.300126304986232E7
2952;6273;2;1.300126304986232E7
2953;6273;0;1.300126304986232E7
2954;6275;2;1.300126304986232E7
2955;6276;1;1.300126304986232E7
2956;6277;1;1.300126304986232E7
2957;6279;2;1.300126304986232E7
2958;6281;2;1.300126304986232E7
2959;6283;2;1.300126304986232E7
2960;6286;3;1.300126106304946E7
2961;6289;3;1.300126106304946E7
2962;6290;1;1.300126106304946E7
2963;6292;2;1.300126106304946E7
2964;6294;2;1.300126106304946E7
2965;6294;0;1.300126106304946E7
2966;6296;2;1.300126106304946E7
2967;6298;2;1.300126106304946E7
2968;6300;2;1.300126106304946E7
2969;6302;2;1.300126106304946E7
2970;6304;2;1.3001260351324996E7
2971;6306;2;1.3001260351324996E7
2972;6307;1;1.3001260351324996E7
2973;6309;2;1.3001260351324996E7
2974;6309;0;1.3001260351324996E7
2975;6310;1;1.3001260351324996E7
2976;6312;2;1.300125969129208E7
2977;6313;1;1.300125969129208E7
2978;6315;2;1.300125969129208E7
2979;6316;1;1.300125969129208E7
2980;6317;1;1.300125969129208E7
2981;6319;2;1.300125969129208E7
2982;6320;1;1.300125969129208E7
2983;6321;1;1.300125969129208E7
2984;6323;2;1.300125969129208E7
2985;6325;2;1.300125969129208E7
2986;6327;2;1.300125969129208E7
2987;6329;2;1.300125969129208E7
2988;6331;2;1.300125969129208E7
2989;6332;1;1.300125969129208E7
2990;6334;2;1.300125969129208E7
2991;6336;2;1.300125969129208E7
2992;6337;1;1.300125969129208E7
2993;6339;2;1.300125969129208E7
2994;6341;2;1.300125969129208E7
2995;6342;1;1.300125969129208E7
2996;6344;2;1.300125969129208E7
2997;6345;1;1.300125969129208E7
2998;6348;3;1.3001257958122721E7
2999;6350;2;1.3001257958122721E7
