Index;Time point [ms];Iteration length [ms];Cost
0;7;7;1.8002742873406764E7
1;9;2;1.8002715107390452E7
2;12;3;1.80025791204999E7
3;14;2;1.7002585352973793E7
4;18;4;1.700221652598825E7
5;19;1;1.7002173343472622E7
6;20;1;1.7002133619173873E7
7;24;4;1.7002133619173873E7
8;26;2;1.7002133619173873E7
9;28;2;1.7002133619173873E7
10;30;2;1.7002133619173873E7
11;33;3;1.7002112670625422E7
12;35;2;1.7002107382759735E7
13;37;2;1.7002035586106673E7
14;41;4;1.7001852965663154E7
15;42;1;1.7001852965663154E7
16;44;2;1.7001852965663154E7
17;47;3;1.7001852965663154E7
18;49;2;1.6001999147439077E7
19;52;3;1.6001933996312043E7
20;55;3;1.6001933996312043E7
21;58;3;1.6001933996312043E7
22;61;3;1.6001933996312043E7
23;64;3;1.6001933996312043E7
24;66;2;1.6001933996312043E7
25;67;1;1.6001933996312043E7
26;69;2;1.6001933996312043E7
27;72;3;1.6001933996312043E7
28;75;3;1.5001994029773049E7
29;78;3;1.5001994029773049E7
30;83;5;1.5001994029773049E7
31;85;2;1.5001994029773049E7
32;89;4;1.5001994029773049E7
33;92;3;1.5001994029773049E7
34;93;1;1.5001994029773049E7
35;96;3;1.5001994029773049E7
36;98;2;1.5001994029773049E7
37;100;2;1.5001994029773049E7
38;102;2;1.5001994029773049E7
39;107;5;1.5001994029773049E7
40;112;5;1.5001994029773049E7
41;117;5;1.5001994029773049E7
42;121;4;1.5001994029773049E7
43;123;2;1.5001994029773049E7
44;127;4;1.5001840607376553E7
45;128;1;1.5001840607376553E7
46;132;4;1.5001840607376553E7
47;135;3;1.5001840607376553E7
48;137;2;1.5001840607376553E7
49;140;3;1.5001840607376553E7
50;144;4;1.5001840607376553E7
51;147;3;1.5001840607376553E7
52;150;3;1.5001840607376553E7
53;152;2;1.5001840607376553E7
54;157;5;1.5001840607376553E7
55;160;3;1.5001840607376553E7
56;164;4;1.5001840607376553E7
57;165;1;1.5001840607376553E7
58;170;5;1.5001840607376553E7
59;172;2;1.5001840607376553E7
60;175;3;1.5001840607376553E7
61;178;3;1.5001840607376553E7
62;178;0;1.5001840607376553E7
63;181;3;1.5001840607376553E7
64;184;3;1.5001840607376553E7
65;187;3;1.5001840607376553E7
66;190;3;1.5001840607376553E7
67;194;4;1.5001840607376553E7
68;197;3;1.5001780693445995E7
69;200;3;1.5001780693445995E7
70;204;4;1.5001780693445995E7
71;206;2;1.5001780693445995E7
72;209;3;1.5001780693445995E7
73;212;3;1.5001780693445995E7
74;214;2;1.5001780693445995E7
75;216;2;1.5001780693445995E7
76;218;2;1.5001780693445995E7
77;220;2;1.4001869055439638E7
78;223;3;1.4001869055439638E7
79;225;2;1.4001869055439638E7
80;226;1;1.4001869055439638E7
81;228;2;1.4001869055439638E7
82;230;2;1.4001869055439638E7
83;232;2;1.4001869055439638E7
84;233;1;1.4001869055439638E7
85;236;3;1.4001869055439638E7
86;238;2;1.4001869055439638E7
87;239;1;1.4001869055439638E7
88;243;4;1.4001869055439638E7
89;245;2;1.4001869055439638E7
90;245;0;1.4001869055439638E7
91;246;1;1.4001869055439638E7
92;248;2;1.4001869055439638E7
93;250;2;1.4001869055439638E7
94;250;0;1.4001869055439638E7
95;251;1;1.4001869055439638E7
96;253;2;1.4001869055439638E7
97;257;4;1.4001869055439638E7
98;257;0;1.4001869055439638E7
99;261;4;1.4001869055439638E7
100;265;4;1.4001869055439638E7
101;267;2;1.4001869055439638E7
102;270;3;1.4001842356347058E7
103;272;2;1.4001823353880864E7
104;275;3;1.4001823353880864E7
105;278;3;1.4001823353880864E7
106;281;3;1.4001823353880864E7
107;284;3;1.4001823353880864E7
108;287;3;1.4001823353880864E7
109;290;3;1.4001823353880864E7
110;290;0;1.4001823353880864E7
111;293;3;1.4001823353880864E7
112;296;3;1.4001823353880864E7
113;299;3;1.4001823353880864E7
114;302;3;1.4001823353880864E7
115;303;1;1.4001823353880864E7
116;303;0;1.4001823353880864E7
117;306;3;1.4001823353880864E7
118;308;2;1.4001823353880864E7
119;311;3;1.4001823353880864E7
120;315;4;1.4001823353880864E7
121;318;3;1.4001823353880864E7
122;320;2;1.4001823353880864E7
123;322;2;1.4001823353880864E7
124;325;3;1.4001823353880864E7
125;329;4;1.4001823353880864E7
126;332;3;1.4001823353880864E7
127;335;3;1.4001823353880864E7
128;338;3;1.4001823353880864E7
129;339;1;1.4001823353880864E7
130;341;2;1.4001823353880864E7
131;343;2;1.400175483909094E7
132;347;4;1.4001679469887372E7
133;348;1;1.4001679469887372E7
134;351;3;1.4001679469887372E7
135;354;3;1.4001679469887372E7
136;357;3;1.4001679469887372E7
137;359;2;1.4001679469887372E7
138;362;3;1.4001679469887372E7
139;363;1;1.4001679469887372E7
140;365;2;1.4001679469887372E7
141;369;4;1.4001679469887372E7
142;371;2;1.4001679469887372E7
143;372;1;1.4001679469887372E7
144;376;4;1.4001679469887372E7
145;377;1;1.4001679469887372E7
146;378;1;1.4001679469887372E7
147;382;4;1.4001679469887372E7
148;385;3;1.4001679469887372E7
149;388;3;1.4001679469887372E7
150;392;4;1.4001679469887372E7
151;395;3;1.4001679469887372E7
152;398;3;1.4001679469887372E7
153;401;3;1.4001679469887372E7
154;404;3;1.4001679469887372E7
155;406;2;1.4001679469887372E7
156;409;3;1.4001679469887372E7
157;411;2;1.4001679469887372E7
158;414;3;1.4001679469887372E7
159;416;2;1.4001679469887372E7
160;418;2;1.4001679469887372E7
161;420;2;1.4001679469887372E7
162;422;2;1.4001679469887372E7
163;424;2;1.4001679469887372E7
164;426;2;1.4001679469887372E7
165;429;3;1.4001679469887372E7
166;431;2;1.4001679469887372E7
167;434;3;1.4001679469887372E7
168;437;3;1.4001679469887372E7
169;438;1;1.4001679469887372E7
170;441;3;1.4001679469887372E7
171;441;0;1.4001679469887372E7
172;442;1;1.4001679469887372E7
173;445;3;1.4001679469887372E7
174;447;2;1.4001679469887372E7
175;451;4;1.4001679469887372E7
176;454;3;1.4001679469887372E7
177;458;4;1.4001679469887372E7
178;462;4;1.4001679469887372E7
179;463;1;1.4001679469887372E7
180;468;5;1.4001679469887372E7
181;472;4;1.4001679469887372E7
182;476;4;1.4001679469887372E7
183;480;4;1.4001679469887372E7
184;484;4;1.4001679469887372E7
185;485;1;1.4001679469887372E7
186;488;3;1.4001679469887372E7
187;493;5;1.4001679469887372E7
188;498;5;1.4001679469887372E7
189;500;2;1.4001679469887372E7
190;504;4;1.4001679469887372E7
191;505;1;1.4001679469887372E7
192;508;3;1.4001679469887372E7
193;511;3;1.4001679469887372E7
194;512;1;1.4001679469887372E7
195;514;2;1.4001679469887372E7
196;517;3;1.4001679469887372E7
197;520;3;1.4001679469887372E7
198;524;4;1.4001679469887372E7
199;528;4;1.4001679469887372E7
200;531;3;1.4001679469887372E7
201;532;1;1.4001679469887372E7
202;534;2;1.4001679469887372E7
203;536;2;1.4001679469887372E7
204;539;3;1.4001679469887372E7
205;541;2;1.4001679469887372E7
206;542;1;1.4001679469887372E7
207;545;3;1.4001679469887372E7
208;550;5;1.4001679469887372E7
209;553;3;1.4001679469887372E7
210;555;2;1.4001679469887372E7
211;557;2;1.4001679469887372E7
212;558;1;1.4001679469887372E7
213;561;3;1.4001679469887372E7
214;564;3;1.4001679469887372E7
215;567;3;1.4001679469887372E7
216;570;3;1.4001679469887372E7
217;572;2;1.4001679469887372E7
218;574;2;1.4001679469887372E7
219;576;2;1.4001679469887372E7
220;578;2;1.4001679469887372E7
221;579;1;1.4001679469887372E7
222;579;0;1.4001679469887372E7
223;583;4;1.4001679469887372E7
224;585;2;1.4001679469887372E7
225;587;2;1.4001679469887372E7
226;590;3;1.4001679469887372E7
227;593;3;1.4001679469887372E7
228;596;3;1.4001679469887372E7
229;599;3;1.4001679469887372E7
230;600;1;1.4001679469887372E7
231;605;5;1.4001679469887372E7
232;606;1;1.4001679469887372E7
233;608;2;1.4001679469887372E7
234;610;2;1.4001679469887372E7
235;613;3;1.4001679469887372E7
236;614;1;1.4001679469887372E7
237;615;1;1.4001679469887372E7
238;617;2;1.4001679469887372E7
239;617;0;1.4001679469887372E7
240;621;4;1.4001679469887372E7
241;621;0;1.4001679469887372E7
242;623;2;1.4001679469887372E7
243;625;2;1.4001679469887372E7
244;627;2;1.4001679469887372E7
245;630;3;1.4001679469887372E7
246;632;2;1.4001679469887372E7
247;635;3;1.4001679469887372E7
248;638;3;1.4001679469887372E7
249;639;1;1.4001679469887372E7
250;642;3;1.4001679469887372E7
251;646;4;1.4001679469887372E7
252;650;4;1.4001679469887372E7
253;652;2;1.4001679469887372E7
254;655;3;1.4001679469887372E7
255;656;1;1.4001679469887372E7
256;659;3;1.4001608722209653E7
257;660;1;1.4001608722209653E7
258;661;1;1.4001608722209653E7
259;666;5;1.400155654312988E7
260;666;0;1.400155654312988E7
261;668;2;1.400155654312988E7
262;668;0;1.400155654312988E7
263;671;3;1.400155654312988E7
264;672;1;1.400155654312988E7
265;674;2;1.400155654312988E7
266;677;3;1.400155654312988E7
267;682;5;1.400155654312988E7
268;684;2;1.400155654312988E7
269;686;2;1.400155654312988E7
270;687;1;1.400155654312988E7
271;689;2;1.400155654312988E7
272;693;4;1.400155654312988E7
273;696;3;1.400155654312988E7
274;700;4;1.400155654312988E7
275;701;1;1.400155654312988E7
276;704;3;1.400155654312988E7
277;707;3;1.400155654312988E7
278;711;4;1.400155654312988E7
279;712;1;1.400155654312988E7
280;713;1;1.400155654312988E7
281;713;0;1.400155654312988E7
282;716;3;1.400155654312988E7
283;719;3;1.400155654312988E7
284;722;3;1.400155654312988E7
285;725;3;1.400155654312988E7
286;728;3;1.400155654312988E7
287;731;3;1.400155654312988E7
288;733;2;1.400155654312988E7
289;737;4;1.400155654312988E7
290;740;3;1.400155654312988E7
291;743;3;1.400155654312988E7
292;746;3;1.400155654312988E7
293;748;2;1.400155654312988E7
294;751;3;1.400155654312988E7
295;753;2;1.400155654312988E7
296;756;3;1.400155654312988E7
297;756;0;1.400155654312988E7
298;760;4;1.400155654312988E7
299;763;3;1.400155654312988E7
300;766;3;1.400155654312988E7
301;768;2;1.400155654312988E7
302;771;3;1.400155654312988E7
303;774;3;1.400155654312988E7
304;778;4;1.400155654312988E7
305;779;1;1.400155654312988E7
306;782;3;1.400155654312988E7
307;785;3;1.400155654312988E7
308;787;2;1.400155654312988E7
309;790;3;1.400155654312988E7
310;793;3;1.400155654312988E7
311;796;3;1.400155654312988E7
312;798;2;1.400155654312988E7
313;801;3;1.400155654312988E7
314;802;1;1.400155654312988E7
315;805;3;1.400155654312988E7
316;808;3;1.400155654312988E7
317;812;4;1.400155654312988E7
318;815;3;1.400155654312988E7
319;816;1;1.400155654312988E7
320;819;3;1.400155654312988E7
321;819;0;1.400155654312988E7
322;820;1;1.400155654312988E7
323;822;2;1.400155654312988E7
324;824;2;1.400155654312988E7
325;829;5;1.400155654312988E7
326;831;2;1.400155654312988E7
327;834;3;1.400155654312988E7
328;837;3;1.400155654312988E7
329;841;4;1.400155654312988E7
330;845;4;1.400155654312988E7
331;846;1;1.400155654312988E7
332;846;0;1.400155654312988E7
333;847;1;1.400155654312988E7
334;850;3;1.400155654312988E7
335;852;2;1.400155654312988E7
336;853;1;1.400155654312988E7
337;854;1;1.400155654312988E7
338;856;2;1.400155654312988E7
339;859;3;1.400155654312988E7
340;862;3;1.400155654312988E7
341;865;3;1.400155654312988E7
342;869;4;1.400155654312988E7
343;872;3;1.400155654312988E7
344;876;4;1.400155654312988E7
345;876;0;1.400155654312988E7
346;879;3;1.400155654312988E7
347;881;2;1.400155654312988E7
348;884;3;1.400155654312988E7
349;886;2;1.400155654312988E7
350;887;1;1.400155654312988E7
351;890;3;1.400155654312988E7
352;892;2;1.400155654312988E7
353;895;3;1.400155654312988E7
354;896;1;1.400155654312988E7
355;898;2;1.400155654312988E7
356;901;3;1.400155654312988E7
357;904;3;1.400155654312988E7
358;905;1;1.400155654312988E7
359;906;1;1.400155654312988E7
360;908;2;1.400155654312988E7
361;913;5;1.400155654312988E7
362;915;2;1.400155654312988E7
363;918;3;1.400155654312988E7
364;920;2;1.400155654312988E7
365;921;1;1.400155654312988E7
366;924;3;1.400155654312988E7
367;926;2;1.400155654312988E7
368;929;3;1.400155654312988E7
369;932;3;1.400155654312988E7
370;934;2;1.400155654312988E7
371;938;4;1.400155654312988E7
372;940;2;1.400155654312988E7
373;943;3;1.400155654312988E7
374;945;2;1.400155654312988E7
375;947;2;1.400155654312988E7
376;950;3;1.400155654312988E7
377;952;2;1.400155654312988E7
378;953;1;1.400155654312988E7
379;955;2;1.400155654312988E7
380;957;2;1.400155654312988E7
381;958;1;1.400155654312988E7
382;961;3;1.400155654312988E7
383;962;1;1.400155654312988E7
384;965;3;1.400155654312988E7
385;968;3;1.400155654312988E7
386;970;2;1.400155654312988E7
387;972;2;1.400155654312988E7
388;975;3;1.400155654312988E7
389;978;3;1.400155654312988E7
390;981;3;1.400155654312988E7
391;982;1;1.400155654312988E7
392;984;2;1.400155654312988E7
393;987;3;1.400155654312988E7
394;988;1;1.400155654312988E7
395;991;3;1.400155654312988E7
396;993;2;1.400155654312988E7
397;996;3;1.400155654312988E7
398;998;2;1.400155654312988E7
399;999;1;1.400155654312988E7
400;1001;2;1.400155654312988E7
401;1003;2;1.400155654312988E7
402;1007;4;1.400155654312988E7
403;1007;0;1.400155654312988E7
404;1010;3;1.400155654312988E7
405;1011;1;1.400155654312988E7
406;1014;3;1.400155654312988E7
407;1017;3;1.400155654312988E7
408;1020;3;1.400155654312988E7
409;1023;3;1.400155654312988E7
410;1025;2;1.400155654312988E7
411;1027;2;1.400155654312988E7
412;1030;3;1.400155654312988E7
413;1034;4;1.400155654312988E7
414;1037;3;1.400155654312988E7
415;1040;3;1.400155654312988E7
416;1041;1;1.400155654312988E7
417;1042;1;1.400155654312988E7
418;1044;2;1.400155654312988E7
419;1045;1;1.400155654312988E7
420;1047;2;1.400155654312988E7
421;1050;3;1.400155654312988E7
422;1050;0;1.400155654312988E7
423;1053;3;1.400155654312988E7
424;1054;1;1.400155654312988E7
425;1055;1;1.400155654312988E7
426;1056;1;1.400155654312988E7
427;1057;1;1.400155654312988E7
428;1062;5;1.400155654312988E7
429;1065;3;1.400155654312988E7
430;1067;2;1.400155654312988E7
431;1070;3;1.400155654312988E7
432;1072;2;1.400155654312988E7
433;1074;2;1.400155654312988E7
434;1075;1;1.400155654312988E7
435;1076;1;1.400155654312988E7
436;1078;2;1.400155654312988E7
437;1081;3;1.400155654312988E7
438;1084;3;1.400155654312988E7
439;1086;2;1.400155654312988E7
440;1087;1;1.400155654312988E7
441;1088;1;1.400155654312988E7
442;1091;3;1.300178630103658E7
443;1092;1;1.300178630103658E7
444;1093;1;1.300178630103658E7
445;1097;4;1.300178630103658E7
446;1097;0;1.300178630103658E7
447;1098;1;1.300178630103658E7
448;1100;2;1.300178630103658E7
449;1103;3;1.300178630103658E7
450;1105;2;1.300178630103658E7
451;1107;2;1.3001704294049386E7
452;1113;6;1.3001704294049386E7
453;1115;2;1.3001704294049386E7
454;1119;4;1.3001704294049386E7
455;1121;2;1.3001704294049386E7
456;1123;2;1.3001704294049386E7
457;1127;4;1.3001704294049386E7
458;1128;1;1.3001704294049386E7
459;1129;1;1.3001704294049386E7
460;1131;2;1.3001704294049386E7
461;1132;1;1.3001704294049386E7
462;1134;2;1.3001704294049386E7
463;1138;4;1.3001704294049386E7
464;1141;3;1.3001704294049386E7
465;1145;4;1.3001704294049386E7
466;1149;4;1.3001704294049386E7
467;1153;4;1.3001704294049386E7
468;1154;1;1.3001700650808161E7
469;1156;2;1.3001700650808161E7
470;1158;2;1.3001645273198644E7
471;1160;2;1.3001645273198644E7
472;1163;3;1.3001645273198644E7
473;1166;3;1.3001645273198644E7
474;1169;3;1.3001645273198644E7
475;1172;3;1.3001645273198644E7
476;1174;2;1.3001643296244068E7
477;1177;3;1.3001643296244068E7
478;1180;3;1.3001643296244068E7
479;1182;2;1.3001643296244068E7
480;1185;3;1.3001643296244068E7
481;1187;2;1.3001643296244068E7
482;1191;4;1.3001643296244068E7
483;1194;3;1.3001643296244068E7
484;1197;3;1.3001643296244068E7
485;1200;3;1.3001643296244068E7
486;1201;1;1.3001643296244068E7
487;1203;2;1.3001643296244068E7
488;1205;2;1.3001643296244068E7
489;1208;3;1.3001643296244068E7
490;1212;4;1.3001643296244068E7
491;1215;3;1.3001643296244068E7
492;1219;4;1.3001643296244068E7
493;1221;2;1.3001643296244068E7
494;1222;1;1.3001643296244068E7
495;1227;5;1.3001625370780036E7
496;1229;2;1.3001625370780036E7
497;1231;2;1.3001625370780036E7
498;1233;2;1.3001625370780036E7
499;1233;0;1.3001625370780036E7
500;1237;4;1.3001606656984873E7
501;1239;2;1.3001602704061005E7
502;1241;2;1.3001602704061005E7
503;1243;2;1.3001602704061005E7
504;1246;3;1.3001602704061005E7
505;1248;2;1.3001602704061005E7
506;1253;5;1.3001602704061005E7
507;1254;1;1.3001602704061005E7
508;1256;2;1.3001602704061005E7
509;1259;3;1.3001602704061005E7
510;1262;3;1.3001602704061005E7
511;1265;3;1.3001602704061005E7
512;1267;2;1.3001602704061005E7
513;1271;4;1.3001602704061005E7
514;1274;3;1.3001602704061005E7
515;1278;4;1.3001602704061005E7
516;1279;1;1.3001602704061005E7
517;1282;3;1.3001602704061005E7
518;1283;1;1.3001602704061005E7
519;1285;2;1.3001602704061005E7
520;1288;3;1.3001602704061005E7
521;1290;2;1.3001602704061005E7
522;1291;1;1.3001602704061005E7
523;1298;7;1.3001602704061005E7
524;1302;4;1.3001602704061005E7
525;1309;7;1.3001602704061005E7
526;1313;4;1.3001602704061005E7
527;1316;3;1.300159647176214E7
528;1322;6;1.300159647176214E7
529;1325;3;1.300159647176214E7
530;1328;3;1.300159647176214E7
531;1331;3;1.300159647176214E7
532;1335;4;1.300159647176214E7
533;1338;3;1.300159647176214E7
534;1341;3;1.300159647176214E7
535;1343;2;1.300159647176214E7
536;1345;2;1.300159647176214E7
537;1349;4;1.300159647176214E7
538;1352;3;1.300159647176214E7
539;1355;3;1.300159647176214E7
540;1357;2;1.300159647176214E7
541;1360;3;1.300159647176214E7
542;1362;2;1.300159647176214E7
543;1364;2;1.300159647176214E7
544;1366;2;1.300159647176214E7
545;1369;3;1.300159647176214E7
546;1371;2;1.300159647176214E7
547;1374;3;1.300159647176214E7
548;1376;2;1.300159647176214E7
549;1380;4;1.300159647176214E7
550;1383;3;1.300159647176214E7
551;1385;2;1.300159647176214E7
552;1387;2;1.300159647176214E7
553;1390;3;1.300159647176214E7
554;1394;4;1.300159647176214E7
555;1395;1;1.300159647176214E7
556;1396;1;1.300159647176214E7
557;1400;4;1.300159647176214E7
558;1402;2;1.300159647176214E7
559;1404;2;1.300159647176214E7
560;1404;0;1.300159647176214E7
561;1405;1;1.300159647176214E7
562;1407;2;1.300159647176214E7
563;1409;2;1.300159647176214E7
564;1412;3;1.300159647176214E7
565;1414;2;1.300159647176214E7
566;1416;2;1.300159647176214E7
567;1419;3;1.300159647176214E7
568;1420;1;1.300159647176214E7
569;1422;2;1.300159647176214E7
570;1425;3;1.300159647176214E7
571;1425;0;1.300159647176214E7
572;1428;3;1.300159647176214E7
573;1430;2;1.300159647176214E7
574;1434;4;1.300159647176214E7
575;1436;2;1.300159647176214E7
576;1437;1;1.300159647176214E7
577;1440;3;1.300159647176214E7
578;1443;3;1.300159647176214E7
579;1443;0;1.300159647176214E7
580;1446;3;1.300159647176214E7
581;1447;1;1.300159647176214E7
582;1448;1;1.300159647176214E7
583;1451;3;1.300159647176214E7
584;1454;3;1.300159647176214E7
585;1458;4;1.300159647176214E7
586;1458;0;1.300159647176214E7
587;1460;2;1.300159647176214E7
588;1461;1;1.300159647176214E7
589;1463;2;1.300159647176214E7
590;1466;3;1.300159647176214E7
591;1467;1;1.300159647176214E7
592;1469;2;1.300159647176214E7
593;1472;3;1.300159647176214E7
594;1475;3;1.300159647176214E7
595;1475;0;1.300159647176214E7
596;1476;1;1.300159647176214E7
597;1476;0;1.300159647176214E7
598;1479;3;1.300159647176214E7
599;1481;2;1.300159647176214E7
600;1483;2;1.300159647176214E7
601;1485;2;1.300159647176214E7
602;1489;4;1.300159647176214E7
603;1490;1;1.300159647176214E7
604;1493;3;1.300159647176214E7
605;1495;2;1.300159647176214E7
606;1497;2;1.300159647176214E7
607;1499;2;1.300159647176214E7
608;1501;2;1.300159647176214E7
609;1504;3;1.300159647176214E7
610;1506;2;1.300159647176214E7
611;1506;0;1.300159647176214E7
612;1509;3;1.300159647176214E7
613;1511;2;1.300159647176214E7
614;1514;3;1.300159647176214E7
615;1516;2;1.300159647176214E7
616;1519;3;1.300159647176214E7
617;1521;2;1.300159647176214E7
618;1524;3;1.300159647176214E7
619;1526;2;1.300159647176214E7
620;1526;0;1.300159647176214E7
621;1530;4;1.300159647176214E7
622;1534;4;1.300159647176214E7
623;1537;3;1.300159647176214E7
624;1539;2;1.300159647176214E7
625;1541;2;1.300159647176214E7
626;1544;3;1.300159647176214E7
627;1546;2;1.300159647176214E7
628;1549;3;1.300159647176214E7
629;1552;3;1.300159647176214E7
630;1553;1;1.300159647176214E7
631;1555;2;1.300159647176214E7
632;1558;3;1.300159647176214E7
633;1561;3;1.300159647176214E7
634;1563;2;1.300159647176214E7
635;1566;3;1.300159647176214E7
636;1570;4;1.300159647176214E7
637;1573;3;1.300159647176214E7
638;1575;2;1.300159647176214E7
639;1579;4;1.300159647176214E7
640;1582;3;1.300159647176214E7
641;1585;3;1.300159647176214E7
642;1587;2;1.300159647176214E7
643;1592;5;1.300159647176214E7
644;1592;0;1.300159647176214E7
645;1595;3;1.300159647176214E7
646;1597;2;1.300159647176214E7
647;1600;3;1.300159647176214E7
648;1604;4;1.300159647176214E7
649;1605;1;1.300159647176214E7
650;1607;2;1.300159647176214E7
651;1609;2;1.300159647176214E7
652;1612;3;1.300159647176214E7
653;1614;2;1.300159647176214E7
654;1616;2;1.300159647176214E7
655;1618;2;1.300159647176214E7
656;1620;2;1.300159647176214E7
657;1623;3;1.300159647176214E7
658;1625;2;1.300159647176214E7
659;1625;0;1.300159647176214E7
660;1627;2;1.300159647176214E7
661;1628;1;1.300159647176214E7
662;1629;1;1.300159647176214E7
663;1631;2;1.300159647176214E7
664;1635;4;1.300159647176214E7
665;1638;3;1.300159647176214E7
666;1642;4;1.300159647176214E7
667;1645;3;1.300159647176214E7
668;1646;1;1.300159647176214E7
669;1648;2;1.300159647176214E7
670;1651;3;1.300159647176214E7
671;1652;1;1.300159647176214E7
672;1653;1;1.300159647176214E7
673;1655;2;1.300159647176214E7
674;1658;3;1.300159647176214E7
675;1659;1;1.300159647176214E7
676;1660;1;1.300159647176214E7
677;1664;4;1.300159647176214E7
678;1665;1;1.300159647176214E7
679;1666;1;1.300159647176214E7
680;1668;2;1.300159647176214E7
681;1670;2;1.300159647176214E7
682;1672;2;1.300159647176214E7
683;1675;3;1.300159647176214E7
684;1678;3;1.300159647176214E7
685;1678;0;1.300159647176214E7
686;1680;2;1.300159647176214E7
687;1681;1;1.300159647176214E7
688;1683;2;1.300159647176214E7
689;1684;1;1.300159647176214E7
690;1686;2;1.300159647176214E7
691;1688;2;1.300159647176214E7
692;1689;1;1.300159647176214E7
693;1692;3;1.300159647176214E7
694;1695;3;1.300159647176214E7
695;1696;1;1.300159647176214E7
696;1698;2;1.300159647176214E7
697;1701;3;1.300159647176214E7
698;1704;3;1.300159647176214E7
699;1707;3;1.300159647176214E7
700;1707;0;1.300159647176214E7
701;1710;3;1.300159647176214E7
702;1713;3;1.300159647176214E7
703;1716;3;1.300159647176214E7
704;1718;2;1.300159647176214E7
705;1720;2;1.300159647176214E7
706;1723;3;1.300159647176214E7
707;1725;2;1.300159647176214E7
708;1727;2;1.300159647176214E7
709;1730;3;1.300159647176214E7
710;1732;2;1.300159647176214E7
711;1734;2;1.300159647176214E7
712;1737;3;1.300159647176214E7
713;1739;2;1.300159647176214E7
714;1741;2;1.300159647176214E7
715;1743;2;1.300159647176214E7
716;1746;3;1.300159647176214E7
717;1749;3;1.300159647176214E7
718;1752;3;1.300159647176214E7
719;1753;1;1.300159647176214E7
720;1755;2;1.300159647176214E7
721;1758;3;1.300159647176214E7
722;1760;2;1.300159647176214E7
723;1762;2;1.300159647176214E7
724;1765;3;1.300159647176214E7
725;1766;1;1.300159647176214E7
726;1767;1;1.300159647176214E7
727;1769;2;1.300159647176214E7
728;1772;3;1.300159647176214E7
729;1774;2;1.300159647176214E7
730;1778;4;1.300159647176214E7
731;1780;2;1.300159647176214E7
732;1783;3;1.300159647176214E7
733;1785;2;1.300159647176214E7
734;1787;2;1.300159647176214E7
735;1789;2;1.300159647176214E7
736;1792;3;1.300159647176214E7
737;1794;2;1.300159647176214E7
738;1797;3;1.300159647176214E7
739;1799;2;1.300159647176214E7
740;1803;4;1.300159647176214E7
741;1805;2;1.300159647176214E7
742;1808;3;1.300159647176214E7
743;1811;3;1.300159647176214E7
744;1813;2;1.300159647176214E7
745;1815;2;1.300159647176214E7
746;1817;2;1.300159647176214E7
747;1820;3;1.300159647176214E7
748;1822;2;1.300159647176214E7
749;1823;1;1.300159647176214E7
750;1823;0;1.300159647176214E7
751;1824;1;1.300159647176214E7
752;1826;2;1.300159647176214E7
753;1827;1;1.300159647176214E7
754;1831;4;1.300159647176214E7
755;1832;1;1.300159647176214E7
756;1835;3;1.300159647176214E7
757;1836;1;1.300159647176214E7
758;1838;2;1.300159647176214E7
759;1839;1;1.300159647176214E7
760;1843;4;1.300159647176214E7
761;1844;1;1.300159647176214E7
762;1846;2;1.300159647176214E7
763;1849;3;1.300159647176214E7
764;1852;3;1.300159647176214E7
765;1854;2;1.300159647176214E7
766;1858;4;1.300159647176214E7
767;1860;2;1.300159647176214E7
768;1863;3;1.300159647176214E7
769;1866;3;1.300159647176214E7
770;1869;3;1.300159647176214E7
771;1873;4;1.300159647176214E7
772;1875;2;1.300159647176214E7
773;1878;3;1.300159647176214E7
774;1881;3;1.300159647176214E7
775;1882;1;1.300159647176214E7
776;1885;3;1.300159647176214E7
777;1888;3;1.300159647176214E7
778;1890;2;1.300159647176214E7
779;1893;3;1.300159647176214E7
780;1895;2;1.300159647176214E7
781;1897;2;1.300159647176214E7
782;1899;2;1.300159647176214E7
783;1902;3;1.300159647176214E7
784;1903;1;1.300159647176214E7
785;1905;2;1.300159647176214E7
786;1907;2;1.300159647176214E7
787;1910;3;1.300159647176214E7
788;1912;2;1.300159647176214E7
789;1914;2;1.300159647176214E7
790;1918;4;1.300159647176214E7
791;1920;2;1.300159647176214E7
792;1920;0;1.300159647176214E7
793;1923;3;1.300159647176214E7
794;1925;2;1.300159647176214E7
795;1927;2;1.300159647176214E7
796;1929;2;1.300159647176214E7
797;1931;2;1.300159647176214E7
798;1934;3;1.300159647176214E7
799;1934;0;1.300159647176214E7
800;1937;3;1.300159647176214E7
801;1940;3;1.300159647176214E7
802;1943;3;1.300159647176214E7
803;1944;1;1.300159647176214E7
804;1947;3;1.300159647176214E7
805;1949;2;1.300159647176214E7
806;1950;1;1.300159647176214E7
807;1952;2;1.300159647176214E7
808;1954;2;1.300159647176214E7
809;1955;1;1.300159647176214E7
810;1955;0;1.300159647176214E7
811;1957;2;1.300159647176214E7
812;1960;3;1.300159647176214E7
813;1964;4;1.300159647176214E7
814;1969;5;1.300159647176214E7
815;1970;1;1.300159647176214E7
816;1972;2;1.300159647176214E7
817;1973;1;1.300159647176214E7
818;1975;2;1.300159647176214E7
819;1976;1;1.300159647176214E7
820;1979;3;1.300159647176214E7
821;1980;1;1.300159647176214E7
822;1982;2;1.300159647176214E7
823;1985;3;1.300159647176214E7
824;1988;3;1.300159647176214E7
825;1991;3;1.300159647176214E7
826;1993;2;1.300159647176214E7
827;1995;2;1.300159647176214E7
828;1996;1;1.300159647176214E7
829;1998;2;1.300159647176214E7
830;2000;2;1.300159647176214E7
831;2003;3;1.300159647176214E7
832;2005;2;1.300159647176214E7
833;2007;2;1.300159647176214E7
834;2010;3;1.300159647176214E7
835;2014;4;1.300159647176214E7
836;2018;4;1.300159647176214E7
837;2021;3;1.300159647176214E7
838;2023;2;1.300159647176214E7
839;2028;5;1.300159647176214E7
840;2031;3;1.300159647176214E7
841;2034;3;1.300159647176214E7
842;2037;3;1.300159647176214E7
843;2038;1;1.300159647176214E7
844;2041;3;1.300159647176214E7
845;2044;3;1.300159647176214E7
846;2047;3;1.300159647176214E7
847;2048;1;1.300159647176214E7
848;2052;4;1.300159647176214E7
849;2055;3;1.300159647176214E7
850;2058;3;1.300159647176214E7
851;2061;3;1.300159647176214E7
852;2063;2;1.300159647176214E7
853;2066;3;1.300159647176214E7
854;2067;1;1.300159647176214E7
855;2069;2;1.300159647176214E7
856;2071;2;1.300159647176214E7
857;2073;2;1.300159647176214E7
858;2076;3;1.300159647176214E7
859;2078;2;1.300159647176214E7
860;2081;3;1.300159647176214E7
861;2083;2;1.300159647176214E7
862;2085;2;1.300159647176214E7
863;2085;0;1.300159647176214E7
864;2087;2;1.300159647176214E7
865;2090;3;1.300159647176214E7
866;2092;2;1.300159647176214E7
867;2094;2;1.300159647176214E7
868;2095;1;1.300159647176214E7
869;2097;2;1.300159647176214E7
870;2099;2;1.300159647176214E7
871;2101;2;1.2001606043363193E7
872;2104;3;1.2001606043363193E7
873;2106;2;1.2001606043363193E7
874;2107;1;1.2001606043363193E7
875;2111;4;1.2001606043363193E7
876;2113;2;1.2001606043363193E7
877;2115;2;1.2001606043363193E7
878;2118;3;1.2001606043363193E7
879;2122;4;1.2001606043363193E7
880;2125;3;1.2001606043363193E7
881;2128;3;1.2001606043363193E7
882;2129;1;1.2001606043363193E7
883;2133;4;1.2001606043363193E7
884;2136;3;1.2001606043363193E7
885;2138;2;1.2001606043363193E7
886;2139;1;1.2001606043363193E7
887;2141;2;1.2001606043363193E7
888;2144;3;1.2001606043363193E7
889;2146;2;1.2001606043363193E7
890;2148;2;1.2001606043363193E7
891;2152;4;1.2001606043363193E7
892;2155;3;1.2001606043363193E7
893;2158;3;1.2001606043363193E7
894;2160;2;1.2001606043363193E7
895;2163;3;1.2001606043363193E7
896;2165;2;1.2001606043363193E7
897;2168;3;1.2001606043363193E7
898;2170;2;1.2001606043363193E7
899;2173;3;1.2001606043363193E7
900;2175;2;1.2001606043363193E7
901;2178;3;1.2001606043363193E7
902;2180;2;1.2001606043363193E7
903;2181;1;1.2001606043363193E7
904;2181;0;1.2001606043363193E7
905;2184;3;1.2001606043363193E7
906;2186;2;1.2001606043363193E7
907;2187;1;1.2001606043363193E7
908;2188;1;1.2001606043363193E7
909;2190;2;1.2001606043363193E7
910;2193;3;1.2001606043363193E7
911;2194;1;1.2001606043363193E7
912;2196;2;1.2001606043363193E7
913;2198;2;1.2001606043363193E7
914;2201;3;1.2001606043363193E7
915;2204;3;1.2001606043363193E7
916;2206;2;1.2001606043363193E7
917;2209;3;1.2001606043363193E7
918;2211;2;1.2001606043363193E7
919;2213;2;1.2001606043363193E7
920;2215;2;1.2001606043363193E7
921;2218;3;1.2001606043363193E7
922;2220;2;1.2001606043363193E7
923;2223;3;1.2001606043363193E7
924;2225;2;1.2001606043363193E7
925;2227;2;1.2001606043363193E7
926;2228;1;1.2001606043363193E7
927;2231;3;1.2001606043363193E7
928;2233;2;1.2001606043363193E7
929;2234;1;1.2001606043363193E7
930;2237;3;1.2001606043363193E7
931;2239;2;1.2001606043363193E7
932;2242;3;1.2001606043363193E7
933;2242;0;1.2001606043363193E7
934;2245;3;1.2001606043363193E7
935;2250;5;1.2001606043363193E7
936;2254;4;1.2001606043363193E7
937;2255;1;1.2001606043363193E7
938;2257;2;1.2001606043363193E7
939;2260;3;1.2001606043363193E7
940;2263;3;1.2001606043363193E7
941;2265;2;1.2001606043363193E7
942;2268;3;1.2001606043363193E7
943;2270;2;1.2001606043363193E7
944;2273;3;1.2001606043363193E7
945;2277;4;1.2001606043363193E7
946;2281;4;1.2001606043363193E7
947;2283;2;1.2001606043363193E7
948;2285;2;1.2001606043363193E7
949;2287;2;1.2001606043363193E7
950;2290;3;1.2001606043363193E7
951;2292;2;1.2001606043363193E7
952;2293;1;1.2001606043363193E7
953;2295;2;1.2001606043363193E7
954;2298;3;1.2001606043363193E7
955;2299;1;1.2001606043363193E7
956;2300;1;1.2001606043363193E7
957;2303;3;1.2001606043363193E7
958;2306;3;1.2001606043363193E7
959;2309;3;1.2001606043363193E7
960;2311;2;1.2001606043363193E7
961;2314;3;1.2001606043363193E7
962;2315;1;1.2001606043363193E7
963;2316;1;1.2001606043363193E7
964;2317;1;1.2001606043363193E7
965;2319;2;1.2001606043363193E7
966;2320;1;1.2001606043363193E7
967;2322;2;1.2001606043363193E7
968;2324;2;1.2001606043363193E7
969;2325;1;1.2001606043363193E7
970;2328;3;1.2001606043363193E7
971;2329;1;1.2001606043363193E7
972;2330;1;1.2001606043363193E7
973;2330;0;1.2001606043363193E7
974;2331;1;1.2001606043363193E7
975;2334;3;1.2001606043363193E7
976;2338;4;1.2001606043363193E7
977;2340;2;1.2001606043363193E7
978;2342;2;1.2001606043363193E7
979;2345;3;1.2001606043363193E7
980;2347;2;1.2001606043363193E7
981;2350;3;1.2001606043363193E7
982;2354;4;1.2001606043363193E7
983;2356;2;1.2001606043363193E7
984;2359;3;1.2001606043363193E7
985;2361;2;1.2001606043363193E7
986;2361;0;1.2001606043363193E7
987;2363;2;1.2001606043363193E7
988;2365;2;1.2001606043363193E7
989;2367;2;1.2001606043363193E7
990;2368;1;1.2001606043363193E7
991;2371;3;1.2001606043363193E7
992;2372;1;1.2001606043363193E7
993;2375;3;1.2001606043363193E7
994;2376;1;1.2001606043363193E7
995;2377;1;1.2001606043363193E7
996;2379;2;1.2001606043363193E7
997;2380;1;1.2001606043363193E7
998;2382;2;1.2001606043363193E7
999;2384;2;1.2001606043363193E7
1000;2386;2;1.2001606043363193E7
1001;2389;3;1.2001606043363193E7
1002;2390;1;1.2001606043363193E7
1003;2392;2;1.2001606043363193E7
1004;2394;2;1.2001606043363193E7
1005;2397;3;1.2001606043363193E7
1006;2399;2;1.2001606043363193E7
1007;2401;2;1.2001606043363193E7
1008;2402;1;1.2001606043363193E7
1009;2403;1;1.2001606043363193E7
1010;2405;2;1.2001606043363193E7
1011;2408;3;1.2001606043363193E7
1012;2411;3;1.2001606043363193E7
1013;2413;2;1.2001606043363193E7
1014;2415;2;1.2001606043363193E7
1015;2417;2;1.2001606043363193E7
1016;2418;1;1.2001606043363193E7
1017;2420;2;1.2001606043363193E7
1018;2421;1;1.2001606043363193E7
1019;2422;1;1.2001606043363193E7
1020;2424;2;1.2001606043363193E7
1021;2426;2;1.2001602853757307E7
1022;2430;4;1.2001602853757307E7
1023;2430;0;1.2001602853757307E7
1024;2432;2;1.2001602853757307E7
1025;2435;3;1.2001602853757307E7
1026;2437;2;1.2001602853757307E7
1027;2440;3;1.2001602853757307E7
1028;2442;2;1.2001602853757307E7
1029;2442;0;1.2001602853757307E7
1030;2446;4;1.2001602853757307E7
1031;2450;4;1.2001602853757307E7
1032;2450;0;1.2001602853757307E7
1033;2453;3;1.2001602853757307E7
1034;2455;2;1.2001602853757307E7
1035;2458;3;1.2001602853757307E7
1036;2461;3;1.2001602853757307E7
1037;2464;3;1.2001602853757307E7
1038;2466;2;1.2001602853757307E7
1039;2468;2;1.2001602853757307E7
1040;2468;0;1.2001602853757307E7
1041;2471;3;1.2001602853757307E7
1042;2472;1;1.2001602853757307E7
1043;2474;2;1.2001602853757307E7
1044;2476;2;1.2001602853757307E7
1045;2480;4;1.2001602853757307E7
1046;2482;2;1.2001602853757307E7
1047;2485;3;1.2001602853757307E7
1048;2485;0;1.2001602853757307E7
1049;2487;2;1.2001602853757307E7
1050;2489;2;1.2001602853757307E7
1051;2491;2;1.2001602853757307E7
1052;2493;2;1.2001602853757307E7
1053;2494;1;1.2001602853757307E7
1054;2498;4;1.2001602853757307E7
1055;2501;3;1.2001602853757307E7
1056;2505;4;1.2001602853757307E7
1057;2507;2;1.2001602853757307E7
1058;2508;1;1.2001602853757307E7
1059;2510;2;1.2001602853757307E7
1060;2512;2;1.2001582759179216E7
1061;2514;2;1.2001582759179216E7
1062;2516;2;1.2001582759179216E7
1063;2520;4;1.2001582759179216E7
1064;2522;2;1.2001582759179216E7
1065;2526;4;1.2001582759179216E7
1066;2527;1;1.2001582759179216E7
1067;2529;2;1.2001582759179216E7
1068;2532;3;1.2001582759179216E7
1069;2534;2;1.2001582759179216E7
1070;2536;2;1.2001575752195003E7
1071;2538;2;1.2001575752195003E7
1072;2540;2;1.2001575752195003E7
1073;2544;4;1.2001575752195003E7
1074;2545;1;1.2001575752195003E7
1075;2547;2;1.2001575752195003E7
1076;2548;1;1.2001575752195003E7
1077;2551;3;1.2001575752195003E7
1078;2553;2;1.2001571754702594E7
1079;2556;3;1.2001571754702594E7
1080;2558;2;1.2001571754702594E7
1081;2562;4;1.2001571754702594E7
1082;2564;2;1.2001571754702594E7
1083;2566;2;1.2001571754702594E7
1084;2567;1;1.2001571754702594E7
1085;2569;2;1.2001571754702594E7
1086;2571;2;1.2001571754702594E7
1087;2573;2;1.2001571754702594E7
1088;2576;3;1.2001571754702594E7
1089;2579;3;1.2001571754702594E7
1090;2582;3;1.2001571754702594E7
1091;2586;4;1.2001571754702594E7
1092;2588;2;1.2001571754702594E7
1093;2590;2;1.2001571754702594E7
1094;2593;3;1.2001571754702594E7
1095;2593;0;1.2001571754702594E7
1096;2596;3;1.2001571754702594E7
1097;2599;3;1.2001571754702594E7
1098;2601;2;1.2001571754702594E7
1099;2603;2;1.2001571754702594E7
1100;2604;1;1.2001571754702594E7
1101;2606;2;1.2001571754702594E7
1102;2608;2;1.2001571754702594E7
1103;2611;3;1.2001571754702594E7
1104;2615;4;1.2001571754702594E7
1105;2617;2;1.2001571754702594E7
1106;2619;2;1.2001571754702594E7
1107;2622;3;1.2001571754702594E7
1108;2624;2;1.2001571754702594E7
1109;2626;2;1.2001571754702594E7
1110;2630;4;1.2001571754702594E7
1111;2633;3;1.2001571754702594E7
1112;2633;0;1.2001571754702594E7
1113;2634;1;1.2001571754702594E7
1114;2637;3;1.2001571754702594E7
1115;2639;2;1.2001571754702594E7
1116;2642;3;1.2001571754702594E7
1117;2643;1;1.2001571754702594E7
1118;2644;1;1.2001571754702594E7
1119;2646;2;1.2001571754702594E7
1120;2646;0;1.2001571754702594E7
1121;2647;1;1.2001571754702594E7
1122;2649;2;1.2001571754702594E7
1123;2652;3;1.2001571754702594E7
1124;2655;3;1.2001571754702594E7
1125;2658;3;1.2001571754702594E7
1126;2660;2;1.2001571754702594E7
1127;2662;2;1.2001571754702594E7
1128;2665;3;1.2001571754702594E7
1129;2668;3;1.2001571754702594E7
1130;2671;3;1.2001571754702594E7
1131;2673;2;1.2001571754702594E7
1132;2675;2;1.2001571754702594E7
1133;2677;2;1.2001571754702594E7
1134;2679;2;1.2001571754702594E7
1135;2680;1;1.2001571754702594E7
1136;2682;2;1.2001571754702594E7
1137;2684;2;1.2001571754702594E7
1138;2685;1;1.2001571754702594E7
1139;2687;2;1.2001571754702594E7
1140;2690;3;1.2001571754702594E7
1141;2692;2;1.2001571754702594E7
1142;2695;3;1.2001571754702594E7
1143;2696;1;1.2001564652693093E7
1144;2698;2;1.2001564652693093E7
1145;2701;3;1.2001564652693093E7
1146;2703;2;1.2001564652693093E7
1147;2704;1;1.200155765002079E7
1148;2708;4;1.200155765002079E7
1149;2710;2;1.2001546317143349E7
1150;2713;3;1.2001546317143349E7
1151;2717;4;1.2001546317143349E7
1152;2720;3;1.2001546317143349E7
1153;2721;1;1.2001546317143349E7
1154;2724;3;1.2001546317143349E7
1155;2726;2;1.2001546317143349E7
1156;2728;2;1.2001546317143349E7
1157;2731;3;1.2001546317143349E7
1158;2734;3;1.2001546317143349E7
1159;2736;2;1.2001546317143349E7
1160;2739;3;1.2001546317143349E7
1161;2739;0;1.2001546317143349E7
1162;2741;2;1.200152729993917E7
1163;2743;2;1.200152729993917E7
1164;2744;1;1.200152729993917E7
1165;2747;3;1.200152729993917E7
1166;2750;3;1.200152729993917E7
1167;2752;2;1.200152729993917E7
1168;2755;3;1.200152729993917E7
1169;2756;1;1.200152729993917E7
1170;2759;3;1.200152729993917E7
1171;2761;2;1.200152729993917E7
1172;2763;2;1.200152729993917E7
1173;2765;2;1.200152729993917E7
1174;2766;1;1.200152729993917E7
1175;2769;3;1.200152729993917E7
1176;2771;2;1.200152729993917E7
1177;2774;3;1.200152729993917E7
1178;2776;2;1.200152729993917E7
1179;2779;3;1.200152729993917E7
1180;2781;2;1.200152729993917E7
1181;2784;3;1.200152729993917E7
1182;2789;5;1.200152729993917E7
1183;2791;2;1.200152729993917E7
1184;2793;2;1.200152729993917E7
1185;2796;3;1.200152729993917E7
1186;2799;3;1.200152729993917E7
1187;2799;0;1.200152729993917E7
1188;2803;4;1.200152729993917E7
1189;2806;3;1.200152729993917E7
1190;2808;2;1.200152729993917E7
1191;2811;3;1.200152729993917E7
1192;2812;1;1.200152729993917E7
1193;2815;3;1.200152729993917E7
1194;2817;2;1.200152729993917E7
1195;2819;2;1.200152729993917E7
1196;2822;3;1.200152729993917E7
1197;2824;2;1.200152729993917E7
1198;2826;2;1.2001520747918582E7
1199;2829;3;1.2001520747918582E7
1200;2830;1;1.2001520747918582E7
1201;2832;2;1.2001520747918582E7
1202;2835;3;1.2001520747918582E7
1203;2838;3;1.2001453549687589E7
1204;2842;4;1.2001453549687589E7
1205;2845;3;1.2001453549687589E7
1206;2848;3;1.2001453549687589E7
1207;2850;2;1.2001453549687589E7
1208;2853;3;1.2001453549687589E7
1209;2855;2;1.2001453549687589E7
1210;2856;1;1.2001453549687589E7
1211;2859;3;1.2001453549687589E7
1212;2861;2;1.2001453549687589E7
1213;2863;2;1.2001441223783705E7
1214;2865;2;1.2001441223783705E7
1215;2866;1;1.2001441223783705E7
1216;2868;2;1.2001441223783705E7
1217;2870;2;1.2001441223783705E7
1218;2872;2;1.2001441223783705E7
1219;2874;2;1.2001441223783705E7
1220;2877;3;1.2001441223783705E7
1221;2879;2;1.2001441223783705E7
1222;2879;0;1.2001441223783705E7
1223;2882;3;1.2001441223783705E7
1224;2884;2;1.2001441223783705E7
1225;2887;3;1.200143444775614E7
1226;2888;1;1.200143444775614E7
1227;2889;1;1.200143444775614E7
1228;2891;2;1.200143444775614E7
1229;2891;0;1.200143444775614E7
1230;2894;3;1.200143444775614E7
1231;2896;2;1.200143444775614E7
1232;2899;3;1.200143444775614E7
1233;2903;4;1.200143444775614E7
1234;2904;1;1.200143444775614E7
1235;2905;1;1.200143444775614E7
1236;2906;1;1.200143444775614E7
1237;2906;0;1.200143444775614E7
1238;2908;2;1.200143444775614E7
1239;2909;1;1.200143444775614E7
1240;2910;1;1.200143444775614E7
1241;2911;1;1.200143444775614E7
1242;2913;2;1.2001427530858044E7
1243;2915;2;1.2001427530858044E7
1244;2916;1;1.2001427530858044E7
1245;2919;3;1.2001417128013093E7
1246;2919;0;1.2001417128013093E7
1247;2922;3;1.2001417128013093E7
1248;2923;1;1.2001417128013093E7
1249;2925;2;1.2001417128013093E7
1250;2927;2;1.2001417128013093E7
1251;2927;0;1.2001417128013093E7
1252;2930;3;1.2001417128013093E7
1253;2932;2;1.2001417128013093E7
1254;2933;1;1.2001417128013093E7
1255;2936;3;1.2001417128013093E7
1256;2937;1;1.2001417128013093E7
1257;2940;3;1.2001417128013093E7
1258;2941;1;1.2001417128013093E7
1259;2943;2;1.2001417128013093E7
1260;2946;3;1.2001417128013093E7
1261;2949;3;1.2001417128013093E7
1262;2952;3;1.2001417128013093E7
1263;2952;0;1.2001417128013093E7
1264;2954;2;1.2001417128013093E7
1265;2956;2;1.2001417128013093E7
1266;2956;0;1.2001417128013093E7
1267;2959;3;1.2001417128013093E7
1268;2961;2;1.2001417128013093E7
1269;2964;3;1.2001417128013093E7
1270;2965;1;1.2001417128013093E7
1271;2969;4;1.2001417128013093E7
1272;2973;4;1.2001417128013093E7
1273;2975;2;1.2001417128013093E7
1274;2979;4;1.2001417128013093E7
1275;2982;3;1.2001417128013093E7
1276;2984;2;1.2001417128013093E7
1277;2986;2;1.2001417128013093E7
1278;2988;2;1.2001417128013093E7
1279;2990;2;1.2001417128013093E7
1280;2990;0;1.2001417128013093E7
1281;2991;1;1.2001417128013093E7
1282;2993;2;1.2001417128013093E7
1283;2995;2;1.2001417128013093E7
1284;2997;2;1.2001417128013093E7
1285;3001;4;1.2001417128013093E7
1286;3003;2;1.2001417128013093E7
1287;3004;1;1.2001417128013093E7
1288;3006;2;1.2001417128013093E7
1289;3008;2;1.2001417128013093E7
1290;3010;2;1.2001417128013093E7
1291;3013;3;1.2001417128013093E7
1292;3013;0;1.2001417128013093E7
1293;3014;1;1.2001417128013093E7
1294;3017;3;1.2001417128013093E7
1295;3018;1;1.2001417128013093E7
1296;3021;3;1.2001417128013093E7
1297;3024;3;1.2001417128013093E7
1298;3026;2;1.2001417128013093E7
1299;3027;1;1.2001417128013093E7
1300;3029;2;1.2001417128013093E7
1301;3031;2;1.2001417128013093E7
1302;3034;3;1.2001417128013093E7
1303;3035;1;1.2001417128013093E7
1304;3036;1;1.2001417128013093E7
1305;3040;4;1.2001417128013093E7
1306;3042;2;1.2001417128013093E7
1307;3045;3;1.2001417128013093E7
1308;3048;3;1.2001417128013093E7
1309;3048;0;1.2001417128013093E7
1310;3051;3;1.2001417128013093E7
1311;3055;4;1.2001417128013093E7
1312;3060;5;1.2001417128013093E7
1313;3062;2;1.2001417128013093E7
1314;3064;2;1.2001417128013093E7
1315;3066;2;1.2001417128013093E7
1316;3067;1;1.2001417128013093E7
1317;3070;3;1.2001417128013093E7
1318;3071;1;1.2001417128013093E7
1319;3073;2;1.2001417128013093E7
1320;3075;2;1.2001417128013093E7
1321;3078;3;1.2001417128013093E7
1322;3080;2;1.2001417128013093E7
1323;3081;1;1.2001417128013093E7
1324;3083;2;1.2001417128013093E7
1325;3083;0;1.2001417128013093E7
1326;3085;2;1.2001417128013093E7
1327;3088;3;1.2001417128013093E7
1328;3092;4;1.2001417128013093E7
1329;3094;2;1.2001417128013093E7
1330;3097;3;1.2001417128013093E7
1331;3100;3;1.2001417128013093E7
1332;3100;0;1.2001417128013093E7
1333;3102;2;1.2001417128013093E7
1334;3108;6;1.2001417128013093E7
1335;3109;1;1.2001417128013093E7
1336;3112;3;1.2001417128013093E7
1337;3114;2;1.2001417128013093E7
1338;3116;2;1.2001417128013093E7
1339;3117;1;1.2001417128013093E7
1340;3118;1;1.2001417128013093E7
1341;3122;4;1.2001417128013093E7
1342;3125;3;1.2001417128013093E7
1343;3125;0;1.2001417128013093E7
1344;3128;3;1.2001417128013093E7
1345;3131;3;1.2001417128013093E7
1346;3133;2;1.2001417128013093E7
1347;3135;2;1.2001417128013093E7
1348;3137;2;1.2001417128013093E7
1349;3137;0;1.2001417128013093E7
1350;3140;3;1.2001417128013093E7
1351;3142;2;1.2001417128013093E7
1352;3146;4;1.2001417128013093E7
1353;3149;3;1.2001417128013093E7
1354;3151;2;1.2001417128013093E7
1355;3151;0;1.2001417128013093E7
1356;3153;2;1.2001417128013093E7
1357;3156;3;1.2001417128013093E7
1358;3159;3;1.2001417128013093E7
1359;3161;2;1.2001417128013093E7
1360;3162;1;1.2001417128013093E7
1361;3163;1;1.2001417128013093E7
1362;3165;2;1.2001417128013093E7
1363;3167;2;1.2001417128013093E7
1364;3169;2;1.2001417128013093E7
1365;3172;3;1.2001417128013093E7
1366;3176;4;1.2001417128013093E7
1367;3177;1;1.2001417128013093E7
1368;3180;3;1.2001417128013093E7
1369;3182;2;1.2001417128013093E7
1370;3184;2;1.2001417128013093E7
1371;3187;3;1.2001417128013093E7
1372;3190;3;1.2001417128013093E7
1373;3191;1;1.2001417128013093E7
1374;3196;5;1.2001417128013093E7
1375;3199;3;1.2001417128013093E7
1376;3201;2;1.2001417128013093E7
1377;3202;1;1.2001417128013093E7
1378;3203;1;1.2001417128013093E7
1379;3207;4;1.2001417128013093E7
1380;3210;3;1.2001417128013093E7
1381;3212;2;1.2001417128013093E7
1382;3214;2;1.2001417128013093E7
1383;3216;2;1.2001417128013093E7
1384;3217;1;1.2001417128013093E7
1385;3220;3;1.2001417128013093E7
1386;3222;2;1.2001417128013093E7
1387;3225;3;1.2001417128013093E7
1388;3227;2;1.2001417128013093E7
1389;3229;2;1.2001417128013093E7
1390;3233;4;1.2001417128013093E7
1391;3235;2;1.2001417128013093E7
1392;3237;2;1.2001417128013093E7
1393;3239;2;1.2001417128013093E7
1394;3240;1;1.2001417128013093E7
1395;3241;1;1.2001417128013093E7
1396;3244;3;1.2001417128013093E7
1397;3246;2;1.2001417128013093E7
1398;3250;4;1.2001417128013093E7
1399;3253;3;1.2001417128013093E7
1400;3255;2;1.2001417128013093E7
1401;3257;2;1.2001417128013093E7
1402;3261;4;1.2001417128013093E7
1403;3262;1;1.2001417128013093E7
1404;3266;4;1.2001417128013093E7
1405;3268;2;1.2001417128013093E7
1406;3270;2;1.2001417128013093E7
1407;3273;3;1.2001417128013093E7
1408;3275;2;1.2001417128013093E7
1409;3277;2;1.2001417128013093E7
1410;3279;2;1.2001417128013093E7
1411;3280;1;1.2001417128013093E7
1412;3282;2;1.2001417128013093E7
1413;3284;2;1.2001417128013093E7
1414;3285;1;1.2001417128013093E7
1415;3287;2;1.2001417128013093E7
1416;3288;1;1.2001417128013093E7
1417;3290;2;1.2001417128013093E7
1418;3292;2;1.2001417128013093E7
1419;3294;2;1.2001417128013093E7
1420;3295;1;1.2001417128013093E7
1421;3297;2;1.2001417128013093E7
1422;3299;2;1.2001417128013093E7
1423;3301;2;1.2001417128013093E7
1424;3304;3;1.2001417128013093E7
1425;3307;3;1.2001417128013093E7
1426;3310;3;1.2001417128013093E7
1427;3312;2;1.2001417128013093E7
1428;3314;2;1.2001417128013093E7
1429;3316;2;1.2001417128013093E7
1430;3316;0;1.2001417128013093E7
1431;3319;3;1.2001417128013093E7
1432;3323;4;1.2001417128013093E7
1433;3324;1;1.2001417128013093E7
1434;3326;2;1.2001417128013093E7
1435;3326;0;1.2001417128013093E7
1436;3328;2;1.2001417128013093E7
1437;3331;3;1.2001417128013093E7
1438;3333;2;1.2001417128013093E7
1439;3336;3;1.2001417128013093E7
1440;3339;3;1.2001417128013093E7
1441;3342;3;1.2001417128013093E7
1442;3345;3;1.2001417128013093E7
1443;3348;3;1.2001417128013093E7
1444;3349;1;1.2001417128013093E7
1445;3350;1;1.2001417128013093E7
1446;3351;1;1.2001417128013093E7
1447;3352;1;1.2001417128013093E7
1448;3356;4;1.2001417128013093E7
1449;3358;2;1.2001417128013093E7
1450;3361;3;1.2001417128013093E7
1451;3362;1;1.2001417128013093E7
1452;3365;3;1.2001417128013093E7
1453;3367;2;1.2001417128013093E7
1454;3370;3;1.2001417128013093E7
1455;3372;2;1.2001417128013093E7
1456;3376;4;1.2001417128013093E7
1457;3376;0;1.2001417128013093E7
1458;3377;1;1.2001417128013093E7
1459;3377;0;1.2001417128013093E7
1460;3380;3;1.2001417128013093E7
1461;3383;3;1.2001417128013093E7
1462;3384;1;1.2001417128013093E7
1463;3387;3;1.2001417128013093E7
1464;3390;3;1.2001417128013093E7
1465;3391;1;1.2001417128013093E7
1466;3391;0;1.2001417128013093E7
1467;3394;3;1.2001417128013093E7
1468;3397;3;1.2001417128013093E7
1469;3399;2;1.2001417128013093E7
1470;3400;1;1.2001417128013093E7
1471;3403;3;1.2001417128013093E7
1472;3406;3;1.2001417128013093E7
1473;3409;3;1.2001417128013093E7
1474;3411;2;1.2001417128013093E7
1475;3413;2;1.2001417128013093E7
1476;3414;1;1.2001417128013093E7
1477;3417;3;1.2001417128013093E7
1478;3420;3;1.2001417128013093E7
1479;3421;1;1.2001417128013093E7
1480;3424;3;1.2001417128013093E7
1481;3426;2;1.2001417128013093E7
1482;3429;3;1.2001417128013093E7
1483;3431;2;1.2001417128013093E7
1484;3433;2;1.2001417128013093E7
1485;3435;2;1.2001417128013093E7
1486;3439;4;1.2001417128013093E7
1487;3441;2;1.2001417128013093E7
1488;3442;1;1.2001417128013093E7
1489;3444;2;1.2001417128013093E7
1490;3446;2;1.2001417128013093E7
1491;3447;1;1.2001417128013093E7
1492;3450;3;1.2001417128013093E7
1493;3450;0;1.2001417128013093E7
1494;3452;2;1.2001417128013093E7
1495;3454;2;1.2001417128013093E7
1496;3455;1;1.2001417128013093E7
1497;3457;2;1.2001417128013093E7
1498;3458;1;1.2001417128013093E7
1499;3460;2;1.2001417128013093E7
1500;3464;4;1.2001417128013093E7
1501;3464;0;1.2001417128013093E7
1502;3467;3;1.2001417128013093E7
1503;3468;1;1.2001417128013093E7
1504;3470;2;1.2001417128013093E7
1505;3470;0;1.2001417128013093E7
1506;3472;2;1.2001417128013093E7
1507;3475;3;1.2001417128013093E7
1508;3476;1;1.2001417128013093E7
1509;3478;2;1.2001417128013093E7
1510;3480;2;1.2001417128013093E7
1511;3483;3;1.2001417128013093E7
1512;3486;3;1.2001417128013093E7
1513;3488;2;1.2001417128013093E7
1514;3489;1;1.2001417128013093E7
1515;3491;2;1.2001417128013093E7
1516;3493;2;1.2001417128013093E7
1517;3494;1;1.2001417128013093E7
1518;3496;2;1.2001417128013093E7
1519;3497;1;1.2001417128013093E7
1520;3498;1;1.2001417128013093E7
1521;3500;2;1.2001417128013093E7
1522;3502;2;1.2001417128013093E7
1523;3502;0;1.2001417128013093E7
1524;3505;3;1.2001417128013093E7
1525;3505;0;1.2001417128013093E7
1526;3507;2;1.2001417128013093E7
1527;3510;3;1.2001417128013093E7
1528;3510;0;1.2001417128013093E7
1529;3512;2;1.2001417128013093E7
1530;3514;2;1.2001417128013093E7
1531;3516;2;1.2001417128013093E7
1532;3518;2;1.2001417128013093E7
1533;3518;0;1.2001417128013093E7
1534;3521;3;1.2001417128013093E7
1535;3523;2;1.2001417128013093E7
1536;3524;1;1.2001417128013093E7
1537;3525;1;1.2001417128013093E7
1538;3527;2;1.2001417128013093E7
1539;3528;1;1.2001417128013093E7
1540;3529;1;1.2001417128013093E7
1541;3530;1;1.2001417128013093E7
1542;3533;3;1.2001417128013093E7
1543;3535;2;1.2001417128013093E7
1544;3537;2;1.2001417128013093E7
1545;3540;3;1.2001417128013093E7
1546;3542;2;1.2001417128013093E7
1547;3544;2;1.2001417128013093E7
1548;3547;3;1.2001417128013093E7
1549;3549;2;1.2001417128013093E7
1550;3552;3;1.2001417128013093E7
1551;3552;0;1.2001417128013093E7
1552;3556;4;1.2001417128013093E7
1553;3558;2;1.2001417128013093E7
1554;3561;3;1.2001417128013093E7
1555;3561;0;1.2001417128013093E7
1556;3564;3;1.2001417128013093E7
1557;3567;3;1.2001417128013093E7
1558;3570;3;1.2001417128013093E7
1559;3571;1;1.2001417128013093E7
1560;3573;2;1.2001417128013093E7
1561;3576;3;1.2001417128013093E7
1562;3577;1;1.2001417128013093E7
1563;3581;4;1.2001417128013093E7
1564;3582;1;1.2001417128013093E7
1565;3583;1;1.2001417128013093E7
1566;3585;2;1.2001417128013093E7
1567;3588;3;1.2001417128013093E7
1568;3590;2;1.2001417128013093E7
1569;3591;1;1.2001417128013093E7
1570;3593;2;1.2001417128013093E7
1571;3595;2;1.2001417128013093E7
1572;3596;1;1.2001417128013093E7
1573;3598;2;1.2001417128013093E7
1574;3600;2;1.2001417128013093E7
1575;3602;2;1.2001417128013093E7
1576;3604;2;1.2001417128013093E7
1577;3606;2;1.2001417128013093E7
1578;3608;2;1.2001417128013093E7
1579;3610;2;1.2001417128013093E7
1580;3611;1;1.2001417128013093E7
1581;3613;2;1.2001417128013093E7
1582;3616;3;1.2001417128013093E7
1583;3621;5;1.2001417128013093E7
1584;3623;2;1.2001417128013093E7
1585;3626;3;1.2001417128013093E7
1586;3627;1;1.2001417128013093E7
1587;3628;1;1.2001417128013093E7
1588;3628;0;1.2001417128013093E7
1589;3630;2;1.2001417128013093E7
1590;3632;2;1.2001417128013093E7
1591;3633;1;1.2001417128013093E7
1592;3635;2;1.2001417128013093E7
1593;3637;2;1.2001417128013093E7
1594;3640;3;1.2001417128013093E7
1595;3643;3;1.2001417128013093E7
1596;3644;1;1.2001417128013093E7
1597;3647;3;1.2001417128013093E7
1598;3648;1;1.2001417128013093E7
1599;3651;3;1.2001417128013093E7
1600;3654;3;1.2001417128013093E7
1601;3655;1;1.2001417128013093E7
1602;3657;2;1.2001417128013093E7
1603;3659;2;1.2001417128013093E7
1604;3660;1;1.2001417128013093E7
1605;3661;1;1.2001417128013093E7
1606;3662;1;1.2001417128013093E7
1607;3664;2;1.2001417128013093E7
1608;3666;2;1.2001417128013093E7
1609;3668;2;1.2001417128013093E7
1610;3670;2;1.2001417128013093E7
1611;3672;2;1.2001417128013093E7
1612;3674;2;1.2001417128013093E7
1613;3676;2;1.2001417128013093E7
1614;3677;1;1.2001417128013093E7
1615;3679;2;1.2001417128013093E7
1616;3681;2;1.2001417128013093E7
1617;3683;2;1.2001417128013093E7
1618;3687;4;1.2001417128013093E7
1619;3690;3;1.2001417128013093E7
1620;3692;2;1.2001417128013093E7
1621;3693;1;1.2001417128013093E7
1622;3696;3;1.2001417128013093E7
1623;3697;1;1.2001417128013093E7
1624;3699;2;1.2001417128013093E7
1625;3700;1;1.2001417128013093E7
1626;3702;2;1.2001417128013093E7
1627;3704;2;1.2001417128013093E7
1628;3706;2;1.2001417128013093E7
1629;3708;2;1.2001417128013093E7
1630;3709;1;1.2001417128013093E7
1631;3713;4;1.2001417128013093E7
1632;3714;1;1.2001417128013093E7
1633;3717;3;1.2001417128013093E7
1634;3719;2;1.2001417128013093E7
1635;3721;2;1.2001417128013093E7
1636;3722;1;1.2001417128013093E7
1637;3722;0;1.2001417128013093E7
1638;3725;3;1.2001417128013093E7
1639;3727;2;1.2001417128013093E7
1640;3730;3;1.2001417128013093E7
1641;3732;2;1.2001417128013093E7
1642;3734;2;1.2001417128013093E7
1643;3735;1;1.2001417128013093E7
1644;3737;2;1.2001417128013093E7
1645;3739;2;1.2001417128013093E7
1646;3741;2;1.2001417128013093E7
1647;3743;2;1.2001417128013093E7
1648;3745;2;1.2001417128013093E7
1649;3748;3;1.2001417128013093E7
1650;3749;1;1.2001417128013093E7
1651;3751;2;1.2001417128013093E7
1652;3753;2;1.2001417128013093E7
1653;3757;4;1.2001417128013093E7
1654;3757;0;1.2001417128013093E7
1655;3759;2;1.2001417128013093E7
1656;3761;2;1.2001417128013093E7
1657;3762;1;1.2001417128013093E7
1658;3764;2;1.2001417128013093E7
1659;3766;2;1.2001417128013093E7
1660;3767;1;1.2001417128013093E7
1661;3769;2;1.2001417128013093E7
1662;3772;3;1.2001417128013093E7
1663;3774;2;1.2001417128013093E7
1664;3775;1;1.2001417128013093E7
1665;3777;2;1.2001417128013093E7
1666;3778;1;1.2001417128013093E7
1667;3781;3;1.2001417128013093E7
1668;3783;2;1.2001417128013093E7
1669;3786;3;1.2001417128013093E7
1670;3787;1;1.2001417128013093E7
1671;3791;4;1.2001417128013093E7
1672;3792;1;1.2001417128013093E7
1673;3794;2;1.2001417128013093E7
1674;3796;2;1.2001417128013093E7
1675;3798;2;1.2001417128013093E7
1676;3800;2;1.2001417128013093E7
1677;3801;1;1.2001417128013093E7
1678;3804;3;1.2001417128013093E7
1679;3806;2;1.2001417128013093E7
1680;3810;4;1.2001417128013093E7
1681;3810;0;1.2001417128013093E7
1682;3812;2;1.2001417128013093E7
1683;3814;2;1.2001417128013093E7
1684;3816;2;1.2001417128013093E7
1685;3819;3;1.2001417128013093E7
1686;3821;2;1.2001417128013093E7
1687;3823;2;1.2001417128013093E7
1688;3823;0;1.2001417128013093E7
1689;3826;3;1.2001417128013093E7
1690;3827;1;1.2001417128013093E7
1691;3830;3;1.2001417128013093E7
1692;3832;2;1.2001417128013093E7
1693;3834;2;1.2001417128013093E7
1694;3836;2;1.2001417128013093E7
1695;3838;2;1.2001417128013093E7
1696;3841;3;1.2001417128013093E7
1697;3844;3;1.2001417128013093E7
1698;3846;2;1.2001417128013093E7
1699;3847;1;1.2001417128013093E7
1700;3850;3;1.2001417128013093E7
1701;3853;3;1.2001417128013093E7
1702;3856;3;1.2001417128013093E7
1703;3859;3;1.2001417128013093E7
1704;3861;2;1.2001417128013093E7
1705;3862;1;1.2001417128013093E7
1706;3862;0;1.2001417128013093E7
1707;3865;3;1.2001417128013093E7
1708;3867;2;1.2001417128013093E7
1709;3869;2;1.2001417128013093E7
1710;3870;1;1.2001417128013093E7
1711;3873;3;1.2001417128013093E7
1712;3875;2;1.2001417128013093E7
1713;3876;1;1.2001417128013093E7
1714;3877;1;1.2001417128013093E7
1715;3879;2;1.2001417128013093E7
1716;3881;2;1.2001417128013093E7
1717;3885;4;1.2001417128013093E7
1718;3886;1;1.2001417128013093E7
1719;3889;3;1.2001417128013093E7
1720;3891;2;1.2001417128013093E7
1721;3894;3;1.2001417128013093E7
1722;3896;2;1.2001417128013093E7
1723;3899;3;1.2001417128013093E7
1724;3901;2;1.2001417128013093E7
1725;3904;3;1.2001417128013093E7
1726;3906;2;1.2001417128013093E7
1727;3908;2;1.2001417128013093E7
1728;3910;2;1.2001417128013093E7
1729;3912;2;1.2001417128013093E7
1730;3913;1;1.2001417128013093E7
1731;3913;0;1.2001417128013093E7
1732;3915;2;1.2001417128013093E7
1733;3915;0;1.2001417128013093E7
1734;3916;1;1.2001417128013093E7
1735;3919;3;1.2001417128013093E7
1736;3919;0;1.2001417128013093E7
1737;3920;1;1.2001417128013093E7
1738;3922;2;1.2001417128013093E7
1739;3925;3;1.2001417128013093E7
1740;3928;3;1.2001417128013093E7
1741;3930;2;1.2001417128013093E7
1742;3931;1;1.2001417128013093E7
1743;3934;3;1.2001417128013093E7
1744;3936;2;1.2001417128013093E7
1745;3936;0;1.2001417128013093E7
1746;3938;2;1.2001417128013093E7
1747;3940;2;1.2001417128013093E7
1748;3942;2;1.2001417128013093E7
1749;3944;2;1.2001417128013093E7
1750;3946;2;1.2001417128013093E7
1751;3947;1;1.2001417128013093E7
1752;3949;2;1.2001417128013093E7
1753;3953;4;1.2001417128013093E7
1754;3955;2;1.2001417128013093E7
1755;3957;2;1.2001417128013093E7
1756;3959;2;1.2001417128013093E7
1757;3961;2;1.2001417128013093E7
1758;3963;2;1.2001417128013093E7
1759;3965;2;1.2001417128013093E7
1760;3967;2;1.2001417128013093E7
1761;3970;3;1.2001417128013093E7
1762;3971;1;1.2001417128013093E7
1763;3973;2;1.2001417128013093E7
1764;3977;4;1.2001417128013093E7
1765;3981;4;1.2001417128013093E7
1766;3983;2;1.2001417128013093E7
1767;3986;3;1.2001417128013093E7
1768;3986;0;1.2001417128013093E7
1769;3988;2;1.2001417128013093E7
1770;3991;3;1.2001417128013093E7
1771;3993;2;1.2001417128013093E7
1772;3995;2;1.2001417128013093E7
1773;3996;1;1.2001417128013093E7
1774;3997;1;1.2001417128013093E7
1775;3998;1;1.2001417128013093E7
1776;4000;2;1.2001417128013093E7
1777;4001;1;1.2001417128013093E7
1778;4004;3;1.2001417128013093E7
1779;4004;0;1.2001417128013093E7
1780;4005;1;1.2001417128013093E7
1781;4006;1;1.2001417128013093E7
1782;4007;1;1.2001417128013093E7
1783;4009;2;1.2001417128013093E7
1784;4010;1;1.2001417128013093E7
1785;4012;2;1.2001417128013093E7
1786;4015;3;1.2001417128013093E7
1787;4019;4;1.2001417128013093E7
1788;4020;1;1.2001417128013093E7
1789;4021;1;1.2001417128013093E7
1790;4023;2;1.2001417128013093E7
1791;4026;3;1.2001417128013093E7
1792;4028;2;1.2001417128013093E7
1793;4030;2;1.2001417128013093E7
1794;4032;2;1.2001417128013093E7
1795;4035;3;1.2001417128013093E7
1796;4037;2;1.2001417128013093E7
1797;4039;2;1.2001417128013093E7
1798;4042;3;1.2001417128013093E7
1799;4044;2;1.2001417128013093E7
1800;4047;3;1.2001417128013093E7
1801;4047;0;1.2001417128013093E7
1802;4048;1;1.2001417128013093E7
1803;4051;3;1.2001417128013093E7
1804;4053;2;1.2001417128013093E7
1805;4056;3;1.2001417128013093E7
1806;4058;2;1.2001417128013093E7
1807;4063;5;1.2001417128013093E7
1808;4066;3;1.2001417128013093E7
1809;4066;0;1.2001417128013093E7
1810;4068;2;1.2001417128013093E7
1811;4070;2;1.2001417128013093E7
1812;4070;0;1.2001417128013093E7
1813;4071;1;1.2001417128013093E7
1814;4074;3;1.2001417128013093E7
1815;4077;3;1.2001417128013093E7
1816;4078;1;1.2001417128013093E7
1817;4080;2;1.2001417128013093E7
1818;4083;3;1.2001417128013093E7
1819;4085;2;1.2001417128013093E7
1820;4087;2;1.2001417128013093E7
1821;4088;1;1.2001417128013093E7
1822;4089;1;1.2001417128013093E7
1823;4091;2;1.2001417128013093E7
1824;4093;2;1.2001417128013093E7
1825;4095;2;1.2001417128013093E7
1826;4098;3;1.2001417128013093E7
1827;4100;2;1.2001417128013093E7
1828;4100;0;1.2001417128013093E7
1829;4102;2;1.2001417128013093E7
1830;4104;2;1.2001417128013093E7
1831;4106;2;1.2001417128013093E7
1832;4108;2;1.2001417128013093E7
1833;4110;2;1.2001417128013093E7
1834;4112;2;1.2001417128013093E7
1835;4114;2;1.2001417128013093E7
1836;4115;1;1.2001417128013093E7
1837;4116;1;1.2001417128013093E7
1838;4119;3;1.2001417128013093E7
1839;4120;1;1.2001417128013093E7
1840;4122;2;1.2001417128013093E7
1841;4124;2;1.2001417128013093E7
1842;4126;2;1.2001417128013093E7
1843;4128;2;1.2001417128013093E7
1844;4131;3;1.2001417128013093E7
1845;4133;2;1.2001417128013093E7
1846;4135;2;1.2001417128013093E7
1847;4138;3;1.2001417128013093E7
1848;4141;3;1.2001417128013093E7
1849;4143;2;1.2001417128013093E7
1850;4146;3;1.2001417128013093E7
1851;4149;3;1.2001417128013093E7
1852;4151;2;1.2001417128013093E7
1853;4154;3;1.2001417128013093E7
1854;4157;3;1.2001417128013093E7
1855;4159;2;1.2001417128013093E7
1856;4161;2;1.2001417128013093E7
1857;4163;2;1.2001417128013093E7
1858;4165;2;1.2001417128013093E7
1859;4168;3;1.2001417128013093E7
1860;4170;2;1.2001417128013093E7
1861;4174;4;1.2001417128013093E7
1862;4176;2;1.2001417128013093E7
1863;4178;2;1.2001417128013093E7
1864;4181;3;1.2001417128013093E7
1865;4183;2;1.2001417128013093E7
1866;4186;3;1.2001417128013093E7
1867;4189;3;1.2001417128013093E7
1868;4189;0;1.2001417128013093E7
1869;4192;3;1.2001417128013093E7
1870;4195;3;1.2001417128013093E7
1871;4196;1;1.2001417128013093E7
1872;4198;2;1.2001417128013093E7
1873;4199;1;1.2001417128013093E7
1874;4200;1;1.2001417128013093E7
1875;4203;3;1.2001417128013093E7
1876;4204;1;1.2001417128013093E7
1877;4207;3;1.2001417128013093E7
1878;4210;3;1.2001417128013093E7
1879;4214;4;1.2001417128013093E7
1880;4218;4;1.2001417128013093E7
1881;4221;3;1.2001417128013093E7
1882;4223;2;1.2001417128013093E7
1883;4225;2;1.2001417128013093E7
1884;4228;3;1.2001417128013093E7
1885;4230;2;1.2001417128013093E7
1886;4232;2;1.2001417128013093E7
1887;4233;1;1.2001417128013093E7
1888;4236;3;1.2001417128013093E7
1889;4236;0;1.2001417128013093E7
1890;4238;2;1.2001417128013093E7
1891;4241;3;1.2001417128013093E7
1892;4244;3;1.2001417128013093E7
1893;4248;4;1.2001417128013093E7
1894;4249;1;1.2001417128013093E7
1895;4252;3;1.2001417128013093E7
1896;4255;3;1.2001417128013093E7
1897;4256;1;1.2001417128013093E7
1898;4261;5;1.2001417128013093E7
1899;4264;3;1.2001417128013093E7
1900;4266;2;1.2001417128013093E7
1901;4268;2;1.2001417128013093E7
1902;4268;0;1.2001417128013093E7
1903;4269;1;1.2001417128013093E7
1904;4271;2;1.2001417128013093E7
1905;4273;2;1.2001417128013093E7
1906;4277;4;1.2001417128013093E7
1907;4279;2;1.2001417128013093E7
1908;4280;1;1.2001417128013093E7
1909;4282;2;1.2001417128013093E7
1910;4284;2;1.2001417128013093E7
1911;4286;2;1.2001417128013093E7
1912;4286;0;1.2001417128013093E7
1913;4288;2;1.2001417128013093E7
1914;4289;1;1.2001417128013093E7
1915;4291;2;1.2001417128013093E7
1916;4293;2;1.2001417128013093E7
1917;4295;2;1.2001417128013093E7
1918;4296;1;1.2001417128013093E7
1919;4297;1;1.2001417128013093E7
1920;4301;4;1.2001417128013093E7
1921;4303;2;1.2001417128013093E7
1922;4304;1;1.2001417128013093E7
1923;4307;3;1.2001417128013093E7
1924;4308;1;1.2001417128013093E7
1925;4309;1;1.2001417128013093E7
1926;4312;3;1.2001417128013093E7
1927;4313;1;1.2001417128013093E7
1928;4313;0;1.2001417128013093E7
1929;4315;2;1.2001417128013093E7
1930;4317;2;1.2001417128013093E7
1931;4319;2;1.2001417128013093E7
1932;4321;2;1.2001417128013093E7
1933;4322;1;1.2001417128013093E7
1934;4324;2;1.2001417128013093E7
1935;4326;2;1.2001417128013093E7
1936;4328;2;1.2001417128013093E7
1937;4329;1;1.2001417128013093E7
1938;4330;1;1.2001417128013093E7
1939;4332;2;1.2001417128013093E7
1940;4334;2;1.2001417128013093E7
1941;4336;2;1.2001417128013093E7
1942;4338;2;1.2001417128013093E7
1943;4341;3;1.2001417128013093E7
1944;4343;2;1.2001417128013093E7
1945;4345;2;1.2001417128013093E7
1946;4347;2;1.2001417128013093E7
1947;4348;1;1.2001417128013093E7
1948;4351;3;1.2001417128013093E7
1949;4353;2;1.2001417128013093E7
1950;4356;3;1.2001417128013093E7
1951;4358;2;1.2001417128013093E7
1952;4359;1;1.2001417128013093E7
1953;4361;2;1.2001417128013093E7
1954;4364;3;1.2001417128013093E7
1955;4365;1;1.2001417128013093E7
1956;4368;3;1.2001417128013093E7
1957;4371;3;1.2001417128013093E7
1958;4373;2;1.2001417128013093E7
1959;4375;2;1.2001417128013093E7
1960;4376;1;1.2001417128013093E7
1961;4378;2;1.2001417128013093E7
1962;4379;1;1.2001417128013093E7
1963;4380;1;1.2001417128013093E7
1964;4382;2;1.2001417128013093E7
1965;4383;1;1.2001417128013093E7
1966;4384;1;1.2001417128013093E7
1967;4385;1;1.2001417128013093E7
1968;4386;1;1.2001417128013093E7
1969;4387;1;1.2001417128013093E7
1970;4388;1;1.2001417128013093E7
1971;4391;3;1.2001417128013093E7
1972;4394;3;1.2001417128013093E7
1973;4397;3;1.2001417128013093E7
1974;4399;2;1.2001417128013093E7
1975;4401;2;1.2001417128013093E7
1976;4403;2;1.2001417128013093E7
1977;4405;2;1.2001417128013093E7
1978;4408;3;1.2001417128013093E7
1979;4410;2;1.2001417128013093E7
1980;4413;3;1.2001417128013093E7
1981;4414;1;1.2001417128013093E7
1982;4416;2;1.2001417128013093E7
1983;4417;1;1.2001417128013093E7
1984;4420;3;1.2001417128013093E7
1985;4422;2;1.2001417128013093E7
1986;4424;2;1.2001417128013093E7
1987;4426;2;1.2001417128013093E7
1988;4428;2;1.2001417128013093E7
1989;4430;2;1.2001417128013093E7
1990;4430;0;1.2001417128013093E7
1991;4432;2;1.2001417128013093E7
1992;4433;1;1.2001417128013093E7
1993;4435;2;1.2001417128013093E7
1994;4437;2;1.2001417128013093E7
1995;4438;1;1.2001417128013093E7
1996;4440;2;1.2001417128013093E7
1997;4442;2;1.2001417128013093E7
1998;4445;3;1.2001417128013093E7
1999;4448;3;1.2001417128013093E7
2000;4450;2;1.2001417128013093E7
2001;4452;2;1.2001417128013093E7
2002;4454;2;1.2001417128013093E7
2003;4456;2;1.2001417128013093E7
2004;4458;2;1.2001417128013093E7
2005;4460;2;1.2001417128013093E7
2006;4462;2;1.2001417128013093E7
2007;4465;3;1.2001417128013093E7
2008;4467;2;1.2001417128013093E7
2009;4468;1;1.2001417128013093E7
2010;4470;2;1.2001417128013093E7
2011;4472;2;1.2001417128013093E7
2012;4473;1;1.2001417128013093E7
2013;4474;1;1.2001417128013093E7
2014;4476;2;1.2001417128013093E7
2015;4477;1;1.2001417128013093E7
2016;4477;0;1.2001417128013093E7
2017;4480;3;1.2001417128013093E7
2018;4483;3;1.2001417128013093E7
2019;4486;3;1.2001417128013093E7
2020;4488;2;1.2001417128013093E7
2021;4490;2;1.2001417128013093E7
2022;4491;1;1.2001417128013093E7
2023;4493;2;1.2001417128013093E7
2024;4496;3;1.2001417128013093E7
2025;4498;2;1.2001417128013093E7
2026;4499;1;1.2001417128013093E7
2027;4502;3;1.2001417128013093E7
2028;4504;2;1.2001417128013093E7
2029;4504;0;1.2001417128013093E7
2030;4507;3;1.2001417128013093E7
2031;4508;1;1.2001417128013093E7
2032;4511;3;1.2001417128013093E7
2033;4514;3;1.2001417128013093E7
2034;4516;2;1.2001417128013093E7
2035;4518;2;1.2001417128013093E7
2036;4519;1;1.2001417128013093E7
2037;4521;2;1.2001417128013093E7
2038;4524;3;1.2001417128013093E7
2039;4526;2;1.2001417128013093E7
2040;4529;3;1.2001417128013093E7
2041;4531;2;1.2001417128013093E7
2042;4533;2;1.2001417128013093E7
2043;4535;2;1.2001417128013093E7
2044;4537;2;1.2001417128013093E7
2045;4540;3;1.2001417128013093E7
2046;4546;6;1.2001417128013093E7
2047;4548;2;1.2001417128013093E7
2048;4550;2;1.2001417128013093E7
2049;4552;2;1.2001417128013093E7
2050;4554;2;1.2001417128013093E7
2051;4556;2;1.2001417128013093E7
2052;4558;2;1.2001417128013093E7
2053;4561;3;1.2001417128013093E7
2054;4563;2;1.2001417128013093E7
2055;4564;1;1.2001417128013093E7
2056;4567;3;1.2001417128013093E7
2057;4569;2;1.2001417128013093E7
2058;4571;2;1.2001417128013093E7
2059;4572;1;1.2001417128013093E7
2060;4574;2;1.2001417128013093E7
2061;4575;1;1.2001417128013093E7
2062;4577;2;1.2001417128013093E7
2063;4579;2;1.2001417128013093E7
2064;4580;1;1.2001417128013093E7
2065;4583;3;1.2001417128013093E7
2066;4585;2;1.2001417128013093E7
2067;4590;5;1.2001417128013093E7
2068;4592;2;1.2001417128013093E7
2069;4593;1;1.2001417128013093E7
2070;4597;4;1.2001417128013093E7
2071;4599;2;1.2001417128013093E7
2072;4601;2;1.2001417128013093E7
2073;4602;1;1.2001417128013093E7
2074;4605;3;1.2001417128013093E7
2075;4607;2;1.2001417128013093E7
2076;4610;3;1.2001417128013093E7
2077;4613;3;1.2001417128013093E7
2078;4615;2;1.2001417128013093E7
2079;4617;2;1.2001417128013093E7
2080;4619;2;1.2001417128013093E7
2081;4622;3;1.2001417128013093E7
2082;4623;1;1.2001417128013093E7
2083;4626;3;1.2001417128013093E7
2084;4626;0;1.2001417128013093E7
2085;4628;2;1.2001417128013093E7
2086;4630;2;1.2001417128013093E7
2087;4633;3;1.2001417128013093E7
2088;4633;0;1.2001417128013093E7
2089;4636;3;1.2001417128013093E7
2090;4637;1;1.2001417128013093E7
2091;4639;2;1.2001417128013093E7
2092;4641;2;1.2001417128013093E7
2093;4644;3;1.2001417128013093E7
2094;4646;2;1.2001417128013093E7
2095;4648;2;1.2001417128013093E7
2096;4650;2;1.2001417128013093E7
2097;4652;2;1.2001417128013093E7
2098;4654;2;1.2001417128013093E7
2099;4656;2;1.2001417128013093E7
2100;4658;2;1.2001417128013093E7
2101;4659;1;1.2001417128013093E7
2102;4661;2;1.2001417128013093E7
2103;4664;3;1.2001417128013093E7
2104;4666;2;1.2001417128013093E7
2105;4668;2;1.2001417128013093E7
2106;4670;2;1.2001417128013093E7
2107;4672;2;1.2001417128013093E7
2108;4675;3;1.2001417128013093E7
2109;4677;2;1.2001417128013093E7
2110;4678;1;1.2001417128013093E7
2111;4681;3;1.2001417128013093E7
2112;4682;1;1.2001417128013093E7
2113;4683;1;1.2001417128013093E7
2114;4684;1;1.2001417128013093E7
2115;4688;4;1.2001417128013093E7
2116;4690;2;1.2001417128013093E7
2117;4691;1;1.2001417128013093E7
2118;4694;3;1.2001417128013093E7
2119;4696;2;1.2001417128013093E7
2120;4698;2;1.2001417128013093E7
2121;4701;3;1.2001417128013093E7
2122;4702;1;1.2001417128013093E7
2123;4705;3;1.2001417128013093E7
2124;4706;1;1.2001417128013093E7
2125;4707;1;1.2001417128013093E7
2126;4709;2;1.2001417128013093E7
2127;4711;2;1.2001417128013093E7
2128;4714;3;1.2001417128013093E7
2129;4717;3;1.2001417128013093E7
2130;4718;1;1.2001417128013093E7
2131;4721;3;1.2001417128013093E7
2132;4722;1;1.2001417128013093E7
2133;4724;2;1.2001417128013093E7
2134;4726;2;1.2001417128013093E7
2135;4728;2;1.2001417128013093E7
2136;4730;2;1.2001417128013093E7
2137;4732;2;1.2001417128013093E7
2138;4732;0;1.2001417128013093E7
2139;4735;3;1.2001417128013093E7
2140;4736;1;1.2001417128013093E7
2141;4739;3;1.2001417128013093E7
2142;4740;1;1.2001417128013093E7
2143;4743;3;1.2001417128013093E7
2144;4747;4;1.2001417128013093E7
2145;4750;3;1.2001417128013093E7
2146;4752;2;1.2001417128013093E7
2147;4753;1;1.2001417128013093E7
2148;4755;2;1.2001417128013093E7
2149;4758;3;1.2001415137369815E7
2150;4761;3;1.2001415137369815E7
2151;4763;2;1.2001415137369815E7
2152;4764;1;1.2001415137369815E7
2153;4766;2;1.2001415137369815E7
2154;4768;2;1.2001415137369815E7
2155;4769;1;1.2001415137369815E7
2156;4770;1;1.2001415137369815E7
2157;4772;2;1.2001415137369815E7
2158;4774;2;1.2001415137369815E7
2159;4776;2;1.2001415137369815E7
2160;4778;2;1.2001415137369815E7
2161;4780;2;1.2001415137369815E7
2162;4783;3;1.2001415137369815E7
2163;4785;2;1.2001415137369815E7
2164;4787;2;1.2001415137369815E7
2165;4788;1;1.2001415137369815E7
2166;4789;1;1.2001415137369815E7
2167;4790;1;1.2001415137369815E7
2168;4793;3;1.2001415137369815E7
2169;4795;2;1.2001415137369815E7
2170;4797;2;1.2001415137369815E7
2171;4800;3;1.2001415137369815E7
2172;4802;2;1.2001414312482202E7
2173;4803;1;1.2001414312482202E7
2174;4805;2;1.2001414312482202E7
2175;4806;1;1.2001414312482202E7
2176;4809;3;1.2001414312482202E7
2177;4811;2;1.2001414312482202E7
2178;4813;2;1.2001414251268439E7
2179;4816;3;1.2001414251268439E7
2180;4818;2;1.2001414251268439E7
2181;4819;1;1.2001414251268439E7
2182;4822;3;1.2001414251268439E7
2183;4822;0;1.2001414251268439E7
2184;4824;2;1.2001407481071606E7
2185;4826;2;1.2001407481071606E7
2186;4828;2;1.2001407481071606E7
2187;4830;2;1.2001407481071606E7
2188;4831;1;1.2001407481071606E7
2189;4831;0;1.2001407481071606E7
2190;4832;1;1.2001407481071606E7
2191;4835;3;1.2001407481071606E7
2192;4836;1;1.2001407481071606E7
2193;4839;3;1.2001407481071606E7
2194;4841;2;1.2001407481071606E7
2195;4843;2;1.2001407481071606E7
2196;4845;2;1.2001407481071606E7
2197;4848;3;1.2001407481071606E7
2198;4850;2;1.2001407481071606E7
2199;4852;2;1.2001406747249164E7
2200;4854;2;1.2001406747249164E7
2201;4855;1;1.2001406747249164E7
2202;4858;3;1.2001406747249164E7
2203;4862;4;1.2001406747249164E7
2204;4862;0;1.2001406747249164E7
2205;4864;2;1.2001406747249164E7
2206;4866;2;1.2001406747249164E7
2207;4868;2;1.2001406747249164E7
2208;4870;2;1.2001406747249164E7
2209;4873;3;1.2001406747249164E7
2210;4873;0;1.2001406747249164E7
2211;4874;1;1.2001406747249164E7
2212;4876;2;1.2001406747249164E7
2213;4878;2;1.2001406747249164E7
2214;4879;1;1.2001406747249164E7
2215;4881;2;1.2001406747249164E7
2216;4882;1;1.2001406747249164E7
2217;4884;2;1.2001406747249164E7
2218;4885;1;1.2001406747249164E7
2219;4886;1;1.2001406747249164E7
2220;4888;2;1.2001406747249164E7
2221;4889;1;1.2001406747249164E7
2222;4890;1;1.2001406747249164E7
2223;4891;1;1.2001406747249164E7
2224;4894;3;1.2001406747249164E7
2225;4895;1;1.2001403472800989E7
2226;4897;2;1.2001403472800989E7
2227;4899;2;1.2001403472800989E7
2228;4900;1;1.2001403472800989E7
2229;4902;2;1.2001403472800989E7
2230;4903;1;1.2001403472800989E7
2231;4905;2;1.2001403472800989E7
2232;4907;2;1.2001403472800989E7
2233;4909;2;1.2001403472800989E7
2234;4910;1;1.2001403472800989E7
2235;4913;3;1.2001403472800989E7
2236;4914;1;1.2001398874616124E7
2237;4916;2;1.2001398874616124E7
2238;4918;2;1.2001398874616124E7
2239;4920;2;1.2001398874616124E7
2240;4922;2;1.2001398874616124E7
2241;4924;2;1.2001398874616124E7
2242;4927;3;1.2001398874616124E7
2243;4929;2;1.2001398874616124E7
2244;4930;1;1.2001398874616124E7
2245;4932;2;1.2001398874616124E7
2246;4933;1;1.2001398874616124E7
2247;4935;2;1.2001398874616124E7
2248;4938;3;1.2001398874616124E7
2249;4939;1;1.2001398874616124E7
2250;4942;3;1.2001398874616124E7
2251;4944;2;1.2001398874616124E7
2252;4945;1;1.2001398874616124E7
2253;4947;2;1.2001398874616124E7
2254;4949;2;1.2001398874616124E7
2255;4952;3;1.2001398874616124E7
2256;4954;2;1.2001398874616124E7
2257;4956;2;1.2001398874616124E7
2258;4957;1;1.2001398874616124E7
2259;4959;2;1.2001398874616124E7
2260;4961;2;1.2001398874616124E7
2261;4962;1;1.2001398874616124E7
2262;4967;5;1.2001398874616124E7
2263;4969;2;1.2001398874616124E7
2264;4973;4;1.2001398874616124E7
2265;4974;1;1.2001398874616124E7
2266;4977;3;1.2001398874616124E7
2267;4980;3;1.2001398874616124E7
2268;4982;2;1.2001398874616124E7
2269;4986;4;1.2001398874616124E7
2270;4989;3;1.2001398874616124E7
2271;4991;2;1.2001398874616124E7
2272;4992;1;1.2001398874616124E7
2273;4994;2;1.2001398874616124E7
2274;4996;2;1.2001398874616124E7
2275;4997;1;1.2001398874616124E7
2276;4999;2;1.2001398874616124E7
2277;5001;2;1.2001398874616124E7
2278;5003;2;1.2001398874616124E7
2279;5004;1;1.2001398874616124E7
2280;5007;3;1.2001398874616124E7
2281;5009;2;1.2001398874616124E7
2282;5013;4;1.2001398874616124E7
2283;5015;2;1.2001398874616124E7
2284;5016;1;1.2001398874616124E7
2285;5018;2;1.2001398874616124E7
2286;5019;1;1.2001398874616124E7
2287;5019;0;1.2001398874616124E7
2288;5023;4;1.2001398874616124E7
2289;5024;1;1.2001398874616124E7
2290;5025;1;1.2001398874616124E7
2291;5027;2;1.2001398874616124E7
2292;5029;2;1.2001398874616124E7
2293;5029;0;1.2001398874616124E7
2294;5030;1;1.2001398874616124E7
2295;5032;2;1.2001398874616124E7
2296;5034;2;1.2001398874616124E7
2297;5034;0;1.2001398874616124E7
2298;5036;2;1.2001398874616124E7
2299;5036;0;1.2001398874616124E7
2300;5039;3;1.2001398874616124E7
2301;5041;2;1.2001398874616124E7
2302;5043;2;1.2001398874616124E7
2303;5045;2;1.2001398874616124E7
2304;5047;2;1.2001398874616124E7
2305;5048;1;1.2001398874616124E7
2306;5050;2;1.2001398874616124E7
2307;5052;2;1.2001398874616124E7
2308;5053;1;1.2001398874616124E7
2309;5056;3;1.2001398874616124E7
2310;5058;2;1.2001398874616124E7
2311;5059;1;1.2001398874616124E7
2312;5060;1;1.2001398874616124E7
2313;5062;2;1.2001398874616124E7
2314;5062;0;1.2001398874616124E7
2315;5063;1;1.2001398874616124E7
2316;5064;1;1.2001398874616124E7
2317;5066;2;1.2001398874616124E7
2318;5068;2;1.2001398874616124E7
2319;5070;2;1.2001398874616124E7
2320;5072;2;1.2001398874616124E7
2321;5075;3;1.2001398874616124E7
2322;5077;2;1.2001398874616124E7
2323;5078;1;1.2001398874616124E7
2324;5081;3;1.2001398874616124E7
2325;5083;2;1.2001398874616124E7
2326;5084;1;1.2001398874616124E7
2327;5085;1;1.2001398874616124E7
2328;5087;2;1.2001398874616124E7
2329;5088;1;1.2001398874616124E7
2330;5091;3;1.2001398874616124E7
2331;5094;3;1.2001398874616124E7
2332;5096;2;1.2001398874616124E7
2333;5098;2;1.2001398874616124E7
2334;5099;1;1.2001398874616124E7
2335;5101;2;1.2001398874616124E7
2336;5102;1;1.2001398874616124E7
2337;5104;2;1.2001398874616124E7
2338;5106;2;1.2001398874616124E7
2339;5107;1;1.2001398874616124E7
2340;5109;2;1.2001398874616124E7
2341;5110;1;1.2001398874616124E7
2342;5113;3;1.2001398874616124E7
2343;5114;1;1.2001398874616124E7
2344;5116;2;1.2001398874616124E7
2345;5118;2;1.2001398874616124E7
2346;5120;2;1.2001398874616124E7
2347;5122;2;1.2001398874616124E7
2348;5123;1;1.2001398874616124E7
2349;5125;2;1.2001398874616124E7
2350;5127;2;1.2001398874616124E7
2351;5128;1;1.2001398874616124E7
2352;5129;1;1.2001398874616124E7
2353;5130;1;1.2001398874616124E7
2354;5132;2;1.2001398874616124E7
2355;5134;2;1.2001398874616124E7
2356;5136;2;1.2001398874616124E7
2357;5138;2;1.2001398874616124E7
2358;5141;3;1.2001398874616124E7
2359;5143;2;1.2001398874616124E7
2360;5146;3;1.2001398874616124E7
2361;5148;2;1.2001398874616124E7
2362;5151;3;1.2001398874616124E7
2363;5152;1;1.2001398874616124E7
2364;5154;2;1.2001398874616124E7
2365;5155;1;1.2001398874616124E7
2366;5157;2;1.2001398874616124E7
2367;5158;1;1.2001398874616124E7
2368;5160;2;1.2001398874616124E7
2369;5164;4;1.2001398874616124E7
2370;5166;2;1.2001398874616124E7
2371;5169;3;1.2001398874616124E7
2372;5171;2;1.2001398874616124E7
2373;5171;0;1.2001398874616124E7
2374;5173;2;1.2001398874616124E7
2375;5174;1;1.2001398874616124E7
2376;5177;3;1.2001398874616124E7
2377;5178;1;1.2001398874616124E7
2378;5180;2;1.2001398874616124E7
2379;5181;1;1.2001398874616124E7
2380;5183;2;1.2001398874616124E7
2381;5185;2;1.2001398874616124E7
2382;5187;2;1.2001398874616124E7
2383;5192;5;1.2001398874616124E7
2384;5193;1;1.2001398874616124E7
2385;5196;3;1.2001398874616124E7
2386;5198;2;1.2001398874616124E7
2387;5200;2;1.2001398874616124E7
2388;5200;0;1.2001398874616124E7
2389;5202;2;1.2001398874616124E7
2390;5204;2;1.2001398874616124E7
2391;5205;1;1.2001398874616124E7
2392;5207;2;1.2001398874616124E7
2393;5208;1;1.2001398874616124E7
2394;5210;2;1.2001398874616124E7
2395;5211;1;1.2001398874616124E7
2396;5214;3;1.2001398874616124E7
2397;5216;2;1.2001398874616124E7
2398;5217;1;1.2001398874616124E7
2399;5219;2;1.2001398874616124E7
2400;5220;1;1.2001398874616124E7
2401;5221;1;1.2001398874616124E7
2402;5223;2;1.2001398874616124E7
2403;5227;4;1.2001398874616124E7
2404;5229;2;1.2001398874616124E7
2405;5230;1;1.2001398874616124E7
2406;5232;2;1.2001398874616124E7
2407;5235;3;1.2001398874616124E7
2408;5237;2;1.2001398874616124E7
2409;5239;2;1.2001398874616124E7
2410;5242;3;1.2001398874616124E7
2411;5245;3;1.2001398874616124E7
2412;5247;2;1.2001398874616124E7
2413;5249;2;1.2001398874616124E7
2414;5251;2;1.2001398874616124E7
2415;5253;2;1.2001398874616124E7
2416;5254;1;1.2001398874616124E7
2417;5258;4;1.2001398874616124E7
2418;5260;2;1.2001398874616124E7
2419;5263;3;1.2001398874616124E7
2420;5265;2;1.2001398874616124E7
2421;5266;1;1.2001398874616124E7
2422;5268;2;1.2001398874616124E7
2423;5269;1;1.2001398874616124E7
2424;5271;2;1.2001398874616124E7
2425;5274;3;1.2001398874616124E7
2426;5274;0;1.2001398874616124E7
2427;5277;3;1.2001398874616124E7
2428;5280;3;1.2001398874616124E7
2429;5283;3;1.2001398874616124E7
2430;5284;1;1.2001398874616124E7
2431;5286;2;1.2001398874616124E7
2432;5289;3;1.2001398874616124E7
2433;5293;4;1.2001398874616124E7
2434;5295;2;1.2001398874616124E7
2435;5296;1;1.2001398874616124E7
2436;5299;3;1.2001398874616124E7
2437;5301;2;1.2001398874616124E7
2438;5302;1;1.2001398874616124E7
2439;5304;2;1.2001398874616124E7
2440;5307;3;1.2001398874616124E7
2441;5307;0;1.2001398874616124E7
2442;5308;1;1.2001398874616124E7
2443;5311;3;1.2001398874616124E7
2444;5313;2;1.2001398874616124E7
2445;5315;2;1.2001398874616124E7
2446;5317;2;1.2001398874616124E7
2447;5317;0;1.2001398874616124E7
2448;5320;3;1.2001398874616124E7
2449;5322;2;1.2001398874616124E7
2450;5326;4;1.2001398874616124E7
2451;5327;1;1.2001398874616124E7
2452;5329;2;1.2001398874616124E7
2453;5331;2;1.2001398874616124E7
2454;5333;2;1.2001398874616124E7
2455;5336;3;1.2001398874616124E7
2456;5339;3;1.2001398874616124E7
2457;5340;1;1.2001398874616124E7
2458;5343;3;1.2001398874616124E7
2459;5345;2;1.2001398874616124E7
2460;5348;3;1.2001398874616124E7
2461;5349;1;1.2001398874616124E7
2462;5351;2;1.2001398874616124E7
2463;5353;2;1.2001398874616124E7
2464;5354;1;1.2001398874616124E7
2465;5357;3;1.2001398874616124E7
2466;5359;2;1.2001398874616124E7
2467;5359;0;1.2001398874616124E7
2468;5361;2;1.2001398874616124E7
2469;5363;2;1.2001398874616124E7
2470;5364;1;1.2001398874616124E7
2471;5366;2;1.2001398874616124E7
2472;5366;0;1.2001398874616124E7
2473;5368;2;1.2001398874616124E7
2474;5370;2;1.2001398874616124E7
2475;5372;2;1.2001398874616124E7
2476;5374;2;1.2001398874616124E7
2477;5376;2;1.2001398874616124E7
2478;5377;1;1.2001398874616124E7
2479;5380;3;1.2001398874616124E7
2480;5383;3;1.2001398874616124E7
2481;5386;3;1.2001398874616124E7
2482;5387;1;1.2001398874616124E7
2483;5388;1;1.2001398874616124E7
2484;5389;1;1.2001398874616124E7
2485;5391;2;1.2001398874616124E7
2486;5393;2;1.2001398874616124E7
2487;5394;1;1.2001398874616124E7
2488;5396;2;1.2001398874616124E7
2489;5397;1;1.2001398874616124E7
2490;5397;0;1.2001398874616124E7
2491;5397;0;1.2001398874616124E7
2492;5400;3;1.2001398874616124E7
2493;5402;2;1.2001398874616124E7
2494;5406;4;1.2001398874616124E7
2495;5407;1;1.2001398874616124E7
2496;5409;2;1.2001398874616124E7
2497;5411;2;1.2001398874616124E7
2498;5413;2;1.2001398874616124E7
2499;5415;2;1.2001398874616124E7
2500;5416;1;1.2001398874616124E7
2501;5418;2;1.2001398874616124E7
2502;5421;3;1.2001398874616124E7
2503;5422;1;1.2001398874616124E7
2504;5424;2;1.2001398874616124E7
2505;5426;2;1.2001398874616124E7
2506;5426;0;1.2001398874616124E7
2507;5429;3;1.2001398874616124E7
2508;5431;2;1.2001398874616124E7
2509;5432;1;1.2001398874616124E7
2510;5432;0;1.2001398874616124E7
2511;5435;3;1.2001398874616124E7
2512;5436;1;1.2001398874616124E7
2513;5437;1;1.2001398874616124E7
2514;5440;3;1.2001398874616124E7
2515;5443;3;1.2001398874616124E7
2516;5445;2;1.2001398874616124E7
2517;5446;1;1.2001398874616124E7
2518;5447;1;1.2001398874616124E7
2519;5449;2;1.2001398874616124E7
2520;5450;1;1.2001398874616124E7
2521;5450;0;1.2001398874616124E7
2522;5452;2;1.2001398874616124E7
2523;5452;0;1.2001398874616124E7
2524;5454;2;1.2001398874616124E7
2525;5455;1;1.2001398874616124E7
2526;5458;3;1.2001398874616124E7
2527;5459;1;1.2001398874616124E7
2528;5461;2;1.2001398874616124E7
2529;5463;2;1.2001398874616124E7
2530;5465;2;1.2001398874616124E7
2531;5467;2;1.2001398874616124E7
2532;5468;1;1.2001398874616124E7
2533;5471;3;1.2001398874616124E7
2534;5473;2;1.2001398874616124E7
2535;5475;2;1.2001398874616124E7
2536;5477;2;1.2001398874616124E7
2537;5478;1;1.2001398874616124E7
2538;5479;1;1.2001398874616124E7
2539;5482;3;1.2001398874616124E7
2540;5483;1;1.2001398874616124E7
2541;5484;1;1.2001398874616124E7
2542;5485;1;1.2001398874616124E7
2543;5487;2;1.2001398874616124E7
2544;5489;2;1.2001398874616124E7
2545;5491;2;1.2001398874616124E7
2546;5492;1;1.2001398874616124E7
2547;5494;2;1.2001398874616124E7
2548;5496;2;1.2001398874616124E7
2549;5498;2;1.2001398874616124E7
2550;5500;2;1.2001398874616124E7
2551;5501;1;1.2001398874616124E7
2552;5504;3;1.2001398874616124E7
2553;5506;2;1.2001398874616124E7
2554;5506;0;1.2001398874616124E7
2555;5508;2;1.2001398874616124E7
2556;5511;3;1.2001398874616124E7
2557;5512;1;1.2001398874616124E7
2558;5514;2;1.2001398874616124E7
2559;5516;2;1.2001398874616124E7
2560;5518;2;1.2001398874616124E7
2561;5518;0;1.2001398874616124E7
2562;5521;3;1.2001398874616124E7
2563;5524;3;1.2001398874616124E7
2564;5526;2;1.2001398874616124E7
2565;5527;1;1.2001398874616124E7
2566;5529;2;1.2001398874616124E7
2567;5530;1;1.2001398874616124E7
2568;5532;2;1.2001398874616124E7
2569;5534;2;1.2001398874616124E7
2570;5536;2;1.2001398874616124E7
2571;5537;1;1.2001398874616124E7
2572;5540;3;1.2001398874616124E7
2573;5543;3;1.2001398874616124E7
2574;5545;2;1.2001398874616124E7
2575;5547;2;1.2001398874616124E7
2576;5549;2;1.2001398874616124E7
2577;5550;1;1.2001398874616124E7
2578;5553;3;1.2001398874616124E7
2579;5555;2;1.2001398874616124E7
2580;5556;1;1.2001398874616124E7
2581;5557;1;1.2001398874616124E7
2582;5560;3;1.2001398874616124E7
2583;5561;1;1.2001398874616124E7
2584;5562;1;1.2001398874616124E7
2585;5564;2;1.2001398874616124E7
2586;5567;3;1.2001398874616124E7
2587;5569;2;1.2001398874616124E7
2588;5570;1;1.2001398874616124E7
2589;5571;1;1.2001398874616124E7
2590;5573;2;1.2001398874616124E7
2591;5577;4;1.2001398874616124E7
2592;5578;1;1.2001398874616124E7
2593;5579;1;1.2001398874616124E7
2594;5581;2;1.2001398874616124E7
2595;5584;3;1.2001398874616124E7
2596;5585;1;1.2001398874616124E7
2597;5587;2;1.2001398874616124E7
2598;5588;1;1.2001398874616124E7
2599;5591;3;1.2001398874616124E7
2600;5592;1;1.2001398874616124E7
2601;5594;2;1.2001398874616124E7
2602;5596;2;1.2001398874616124E7
2603;5598;2;1.2001398874616124E7
2604;5601;3;1.2001398874616124E7
2605;5603;2;1.2001398874616124E7
2606;5606;3;1.2001398874616124E7
2607;5607;1;1.2001398874616124E7
2608;5609;2;1.2001398874616124E7
2609;5610;1;1.2001398874616124E7
2610;5611;1;1.2001398874616124E7
2611;5613;2;1.2001398874616124E7
2612;5615;2;1.2001398874616124E7
2613;5617;2;1.2001398874616124E7
2614;5619;2;1.2001398874616124E7
2615;5621;2;1.2001398874616124E7
2616;5623;2;1.2001398874616124E7
2617;5626;3;1.2001398874616124E7
2618;5628;2;1.2001398874616124E7
2619;5630;2;1.2001398874616124E7
2620;5631;1;1.2001398874616124E7
2621;5633;2;1.2001398874616124E7
2622;5635;2;1.2001398874616124E7
2623;5637;2;1.2001398874616124E7
2624;5639;2;1.2001398874616124E7
2625;5639;0;1.2001398874616124E7
2626;5642;3;1.2001398874616124E7
2627;5644;2;1.2001398874616124E7
2628;5645;1;1.2001398874616124E7
2629;5648;3;1.2001398874616124E7
2630;5650;2;1.2001398874616124E7
2631;5652;2;1.2001398874616124E7
2632;5655;3;1.2001398874616124E7
2633;5658;3;1.2001398874616124E7
2634;5660;2;1.2001398874616124E7
2635;5663;3;1.2001398874616124E7
2636;5664;1;1.2001398874616124E7
2637;5665;1;1.2001398874616124E7
2638;5668;3;1.2001398874616124E7
2639;5670;2;1.2001398874616124E7
2640;5673;3;1.2001398874616124E7
2641;5675;2;1.2001398874616124E7
2642;5677;2;1.2001398874616124E7
2643;5678;1;1.2001398874616124E7
2644;5679;1;1.2001398874616124E7
2645;5681;2;1.2001398874616124E7
2646;5682;1;1.2001398874616124E7
2647;5686;4;1.2001398874616124E7
2648;5687;1;1.2001398874616124E7
2649;5689;2;1.2001398874616124E7
2650;5691;2;1.2001398874616124E7
2651;5693;2;1.2001398874616124E7
2652;5695;2;1.2001398874616124E7
2653;5698;3;1.2001398874616124E7
2654;5699;1;1.2001398874616124E7
2655;5701;2;1.2001398874616124E7
2656;5703;2;1.2001398874616124E7
2657;5705;2;1.2001398874616124E7
2658;5707;2;1.2001398874616124E7
2659;5708;1;1.2001398874616124E7
2660;5709;1;1.2001398874616124E7
2661;5711;2;1.2001398874616124E7
2662;5715;4;1.2001398874616124E7
2663;5718;3;1.2001398874616124E7
2664;5719;1;1.2001398874616124E7
2665;5720;1;1.2001398874616124E7
2666;5721;1;1.2001398874616124E7
2667;5723;2;1.2001398874616124E7
2668;5725;2;1.2001398874616124E7
2669;5728;3;1.2001398874616124E7
2670;5730;2;1.2001398874616124E7
2671;5731;1;1.2001398874616124E7
2672;5731;0;1.2001398874616124E7
2673;5732;1;1.2001398874616124E7
2674;5734;2;1.2001398874616124E7
2675;5735;1;1.2001398874616124E7
2676;5737;2;1.2001398874616124E7
2677;5738;1;1.2001398874616124E7
2678;5741;3;1.2001398874616124E7
2679;5743;2;1.2001398874616124E7
2680;5745;2;1.2001398874616124E7
2681;5746;1;1.2001398874616124E7
2682;5748;2;1.2001398874616124E7
2683;5750;2;1.2001398874616124E7
2684;5752;2;1.2001398874616124E7
2685;5753;1;1.2001398874616124E7
2686;5755;2;1.2001398874616124E7
2687;5755;0;1.2001398874616124E7
2688;5757;2;1.2001398874616124E7
2689;5758;1;1.2001398874616124E7
2690;5760;2;1.2001398874616124E7
2691;5761;1;1.2001398874616124E7
2692;5763;2;1.2001398874616124E7
2693;5765;2;1.2001398874616124E7
2694;5768;3;1.2001398874616124E7
2695;5770;2;1.2001398874616124E7
2696;5773;3;1.2001398874616124E7
2697;5775;2;1.2001398874616124E7
2698;5776;1;1.2001398874616124E7
2699;5779;3;1.2001398874616124E7
2700;5781;2;1.2001398874616124E7
2701;5782;1;1.2001398874616124E7
2702;5783;1;1.2001398874616124E7
2703;5785;2;1.2001398874616124E7
2704;5787;2;1.2001396869135546E7
2705;5789;2;1.2001396869135546E7
2706;5791;2;1.2001389828196436E7
2707;5794;3;1.2001389828196436E7
2708;5796;2;1.2001389828196436E7
2709;5797;1;1.2001389828196436E7
2710;5799;2;1.2001389828196436E7
2711;5801;2;1.2001389828196436E7
2712;5803;2;1.2001389828196436E7
2713;5804;1;1.2001389828196436E7
2714;5806;2;1.2001389828196436E7
2715;5808;2;1.2001389828196436E7
2716;5811;3;1.2001389828196436E7
2717;5813;2;1.2001389828196436E7
2718;5815;2;1.2001389828196436E7
2719;5817;2;1.2001389828196436E7
2720;5819;2;1.2001389828196436E7
2721;5821;2;1.2001389828196436E7
2722;5822;1;1.2001389828196436E7
2723;5824;2;1.2001389828196436E7
2724;5825;1;1.2001389828196436E7
2725;5826;1;1.2001389828196436E7
2726;5826;0;1.2001389828196436E7
2727;5827;1;1.2001389828196436E7
2728;5827;0;1.2001389828196436E7
2729;5829;2;1.2001389828196436E7
2730;5831;2;1.2001389828196436E7
2731;5833;2;1.2001389828196436E7
2732;5834;1;1.2001389828196436E7
2733;5838;4;1.2001389828196436E7
2734;5841;3;1.2001389828196436E7
2735;5842;1;1.2001389828196436E7
2736;5844;2;1.2001389828196436E7
2737;5845;1;1.2001389828196436E7
2738;5848;3;1.2001389828196436E7
2739;5851;3;1.2001389828196436E7
2740;5852;1;1.2001389828196436E7
2741;5854;2;1.2001389828196436E7
2742;5856;2;1.2001389828196436E7
2743;5858;2;1.2001389828196436E7
2744;5861;3;1.2001389828196436E7
2745;5863;2;1.2001389828196436E7
2746;5864;1;1.2001389828196436E7
2747;5865;1;1.2001389828196436E7
2748;5867;2;1.2001389828196436E7
2749;5868;1;1.2001389828196436E7
2750;5868;0;1.2001389828196436E7
2751;5871;3;1.2001389828196436E7
2752;5873;2;1.2001389828196436E7
2753;5875;2;1.2001389828196436E7
2754;5877;2;1.2001389828196436E7
2755;5879;2;1.2001389828196436E7
2756;5881;2;1.2001389828196436E7
2757;5882;1;1.2001389828196436E7
2758;5884;2;1.2001389828196436E7
2759;5885;1;1.2001389828196436E7
2760;5887;2;1.2001389828196436E7
2761;5888;1;1.2001389828196436E7
2762;5889;1;1.2001389828196436E7
2763;5891;2;1.2001389828196436E7
2764;5892;1;1.2001389828196436E7
2765;5894;2;1.2001389828196436E7
2766;5894;0;1.2001389828196436E7
2767;5895;1;1.2001389828196436E7
2768;5897;2;1.2001389828196436E7
2769;5899;2;1.2001389828196436E7
2770;5900;1;1.2001389828196436E7
2771;5902;2;1.2001389828196436E7
2772;5902;0;1.2001389828196436E7
2773;5904;2;1.2001389828196436E7
2774;5906;2;1.2001389828196436E7
2775;5908;2;1.2001389828196436E7
2776;5910;2;1.2001389828196436E7
2777;5912;2;1.200138725161211E7
2778;5912;0;1.200138725161211E7
2779;5916;4;1.200138725161211E7
2780;5917;1;1.200138725161211E7
2781;5919;2;1.200138725161211E7
2782;5920;1;1.200138725161211E7
2783;5922;2;1.200138725161211E7
2784;5923;1;1.200138725161211E7
2785;5925;2;1.200138725161211E7
2786;5927;2;1.200138725161211E7
2787;5928;1;1.200138725161211E7
2788;5930;2;1.200138725161211E7
2789;5932;2;1.200138725161211E7
2790;5934;2;1.200138725161211E7
2791;5936;2;1.200138725161211E7
2792;5937;1;1.200138725161211E7
2793;5938;1;1.200138725161211E7
2794;5940;2;1.200138725161211E7
2795;5942;2;1.200138725161211E7
2796;5944;2;1.200138725161211E7
2797;5946;2;1.200138725161211E7
2798;5948;2;1.200138725161211E7
2799;5949;1;1.200138725161211E7
2800;5951;2;1.200138725161211E7
2801;5952;1;1.200138725161211E7
2802;5954;2;1.200138725161211E7
2803;5956;2;1.200138725161211E7
2804;5958;2;1.200138725161211E7
2805;5959;1;1.200138725161211E7
2806;5961;2;1.200138725161211E7
2807;5962;1;1.200138725161211E7
2808;5965;3;1.200138725161211E7
2809;5967;2;1.200138725161211E7
2810;5971;4;1.200138725161211E7
2811;5974;3;1.200138725161211E7
2812;5976;2;1.200138725161211E7
2813;5977;1;1.200138725161211E7
2814;5981;4;1.200138725161211E7
2815;5982;1;1.200138725161211E7
2816;5984;2;1.200138725161211E7
2817;5986;2;1.200138725161211E7
2818;5987;1;1.200138725161211E7
2819;5987;0;1.200138725161211E7
2820;5989;2;1.200138725161211E7
2821;5991;2;1.200138725161211E7
2822;5994;3;1.200138725161211E7
2823;5997;3;1.200138725161211E7
2824;6000;3;1.200138725161211E7
2825;6002;2;1.200138725161211E7
2826;6004;2;1.200138725161211E7
2827;6004;0;1.200138725161211E7
2828;6006;2;1.200138725161211E7
2829;6009;3;1.200138725161211E7
2830;6011;2;1.200138725161211E7
2831;6012;1;1.200138725161211E7
2832;6013;1;1.200138725161211E7
2833;6015;2;1.200138725161211E7
2834;6017;2;1.2001387000357626E7
2835;6019;2;1.2001387000357626E7
2836;6020;1;1.2001387000357626E7
2837;6022;2;1.2001387000357626E7
2838;6022;0;1.2001387000357626E7
2839;6024;2;1.2001387000357626E7
2840;6026;2;1.2001387000357626E7
2841;6029;3;1.2001387000357626E7
2842;6030;1;1.2001387000357626E7
2843;6032;2;1.2001387000357626E7
2844;6034;2;1.2001387000357626E7
2845;6036;2;1.2001387000357626E7
2846;6037;1;1.2001387000357626E7
2847;6037;0;1.2001387000357626E7
2848;6039;2;1.2001387000357626E7
2849;6040;1;1.2001386398686372E7
2850;6042;2;1.2001386398686372E7
2851;6043;1;1.2001386398686372E7
2852;6044;1;1.2001386398686372E7
2853;6045;1;1.2001386398686372E7
2854;6047;2;1.2001386398686372E7
2855;6049;2;1.2001386398686372E7
2856;6050;1;1.2001386398686372E7
2857;6051;1;1.2001386398686372E7
2858;6053;2;1.2001386398686372E7
2859;6054;1;1.2001386398686372E7
2860;6056;2;1.2001386398686372E7
2861;6058;2;1.2001386398686372E7
2862;6060;2;1.2001386398686372E7
2863;6062;2;1.2001386398686372E7
2864;6063;1;1.2001386398686372E7
2865;6065;2;1.2001386398686372E7
2866;6066;1;1.2001386398686372E7
2867;6067;1;1.2001386398686372E7
2868;6071;4;1.2001386398686372E7
2869;6073;2;1.2001386398686372E7
2870;6075;2;1.2001386398686372E7
2871;6076;1;1.2001386398686372E7
2872;6076;0;1.2001386398686372E7
2873;6078;2;1.2001386398686372E7
2874;6079;1;1.2001386398686372E7
2875;6081;2;1.2001386398686372E7
2876;6081;0;1.2001386398686372E7
2877;6083;2;1.2001386398686372E7
2878;6086;3;1.2001386398686372E7
2879;6089;3;1.2001386398686372E7
2880;6090;1;1.2001386398686372E7
2881;6092;2;1.2001386398686372E7
2882;6094;2;1.2001386398686372E7
2883;6095;1;1.2001386398686372E7
2884;6097;2;1.2001386398686372E7
2885;6100;3;1.2001386398686372E7
2886;6102;2;1.2001386398686372E7
2887;6105;3;1.2001386398686372E7
2888;6107;2;1.2001386398686372E7
2889;6109;2;1.2001386398686372E7
2890;6111;2;1.2001386398686372E7
2891;6113;2;1.2001386398686372E7
2892;6114;1;1.2001386398686372E7
2893;6116;2;1.2001386398686372E7
2894;6117;1;1.2001386398686372E7
2895;6119;2;1.2001386398686372E7
2896;6121;2;1.2001386398686372E7
2897;6123;2;1.2001386398686372E7
2898;6125;2;1.2001386398686372E7
2899;6128;3;1.2001386398686372E7
2900;6128;0;1.2001386398686372E7
2901;6129;1;1.2001386398686372E7
2902;6132;3;1.2001386398686372E7
2903;6134;2;1.2001386398686372E7
2904;6136;2;1.2001386398686372E7
2905;6138;2;1.2001386398686372E7
2906;6139;1;1.2001386398686372E7
2907;6140;1;1.2001386398686372E7
2908;6142;2;1.2001386398686372E7
2909;6143;1;1.2001386398686372E7
2910;6145;2;1.2001386398686372E7
2911;6148;3;1.2001386398686372E7
2912;6150;2;1.2001386398686372E7
2913;6153;3;1.2001386398686372E7
2914;6154;1;1.2001386398686372E7
2915;6156;2;1.2001386398686372E7
2916;6157;1;1.2001386398686372E7
2917;6159;2;1.2001386398686372E7
2918;6160;1;1.2001386398686372E7
2919;6163;3;1.2001386398686372E7
2920;6164;1;1.2001386398686372E7
2921;6166;2;1.2001386398686372E7
2922;6167;1;1.2001386398686372E7
2923;6170;3;1.2001386398686372E7
2924;6172;2;1.2001386398686372E7
2925;6174;2;1.2001386398686372E7
2926;6175;1;1.2001386398686372E7
2927;6177;2;1.2001386398686372E7
2928;6179;2;1.2001386398686372E7
2929;6180;1;1.2001386398686372E7
2930;6183;3;1.2001386398686372E7
2931;6183;0;1.2001386398686372E7
2932;6185;2;1.2001386398686372E7
2933;6186;1;1.2001386398686372E7
2934;6188;2;1.2001386398686372E7
2935;6190;2;1.2001386398686372E7
2936;6191;1;1.2001386398686372E7
2937;6194;3;1.2001386398686372E7
2938;6196;2;1.2001386398686372E7
2939;6198;2;1.2001386398686372E7
2940;6199;1;1.2001386398686372E7
2941;6200;1;1.2001386398686372E7
2942;6202;2;1.2001386398686372E7
2943;6203;1;1.2001386398686372E7
2944;6205;2;1.2001386398686372E7
2945;6207;2;1.2001386398686372E7
2946;6209;2;1.2001386398686372E7
2947;6211;2;1.2001386398686372E7
2948;6213;2;1.2001386398686372E7
2949;6215;2;1.2001386398686372E7
2950;6216;1;1.2001386398686372E7
2951;6218;2;1.2001386398686372E7
2952;6221;3;1.2001386398686372E7
2953;6224;3;1.2001386398686372E7
2954;6227;3;1.2001386398686372E7
2955;6229;2;1.2001386398686372E7
2956;6230;1;1.2001386398686372E7
2957;6232;2;1.2001386398686372E7
2958;6234;2;1.2001386398686372E7
2959;6237;3;1.2001386398686372E7
2960;6241;4;1.2001386398686372E7
2961;6243;2;1.2001386398686372E7
2962;6245;2;1.2001386398686372E7
2963;6247;2;1.2001386398686372E7
2964;6248;1;1.2001386398686372E7
2965;6250;2;1.2001386398686372E7
2966;6251;1;1.2001386398686372E7
2967;6252;1;1.2001386398686372E7
2968;6255;3;1.2001386398686372E7
2969;6257;2;1.2001386398686372E7
2970;6258;1;1.2001386398686372E7
2971;6260;2;1.2001386398686372E7
2972;6261;1;1.2001386398686372E7
2973;6262;1;1.2001386398686372E7
2974;6265;3;1.2001386398686372E7
2975;6267;2;1.2001386398686372E7
2976;6268;1;1.2001386398686372E7
2977;6269;1;1.2001386398686372E7
2978;6272;3;1.2001386398686372E7
2979;6275;3;1.2001386398686372E7
2980;6276;1;1.2001386398686372E7
2981;6278;2;1.2001386398686372E7
2982;6281;3;1.2001386398686372E7
2983;6283;2;1.2001386398686372E7
2984;6285;2;1.2001386398686372E7
2985;6287;2;1.2001386398686372E7
2986;6288;1;1.2001386398686372E7
2987;6290;2;1.2001386398686372E7
2988;6291;1;1.2001386398686372E7
2989;6294;3;1.2001386398686372E7
2990;6296;2;1.2001386398686372E7
2991;6297;1;1.2001386398686372E7
2992;6299;2;1.2001386398686372E7
2993;6301;2;1.2001386398686372E7
2994;6303;2;1.2001386398686372E7
2995;6306;3;1.2001386398686372E7
2996;6306;0;1.2001386398686372E7
2997;6308;2;1.2001386398686372E7
2998;6310;2;1.2001386398686372E7
2999;6313;3;1.2001386398686372E7
