Index;Time point [ms];Iteration length [ms];Cost
0;7;7;1.7002284815689713E7
1;8;1;1.7002284815689713E7
2;15;7;1.7001823442204084E7
3;16;1;1.7001823442204084E7
4;21;5;1.7001823442204084E7
5;26;5;1.7001649425476816E7
6;30;4;1.4001631148375612E7
7;31;1;1.4001631148375612E7
8;35;4;1.4001631148375612E7
9;36;1;1.4001631148375612E7
10;37;1;1.4001631148375612E7
11;40;3;1.4001631148375612E7
12;44;4;1.4001631148375612E7
13;48;4;1.4001631148375612E7
14;48;0;1.4001631148375612E7
15;51;3;1.4001631148375612E7
16;52;1;1.4001631148375612E7
17;55;3;1.4001631148375612E7
18;57;2;1.4001631148375612E7
19;61;4;1.4001631148375612E7
20;65;4;1.400155660556183E7
21;68;3;1.400155660556183E7
22;72;4;1.400155660556183E7
23;74;2;1.400155660556183E7
24;76;2;1.400155660556183E7
25;79;3;1.400155660556183E7
26;80;1;1.400155660556183E7
27;83;3;1.400155660556183E7
28;86;3;1.400155660556183E7
29;89;3;1.400155660556183E7
30;91;2;1.400155660556183E7
31;92;1;1.400155660556183E7
32;94;2;1.400155660556183E7
33;97;3;1.400155660556183E7
34;99;2;1.400153672952612E7
35;99;0;1.4001536005316727E7
36;100;1;1.4001536005316727E7
37;102;2;1.4001536005316727E7
38;106;4;1.4001536005316727E7
39;109;3;1.4001536005316727E7
40;112;3;1.4001536005316727E7
41;112;0;1.4001536005316727E7
42;116;4;1.4001536005316727E7
43;119;3;1.4001536005316727E7
44;122;3;1.4001536005316727E7
45;125;3;1.4001536005316727E7
46;128;3;1.4001536005316727E7
47;131;3;1.4001536005316727E7
48;135;4;1.4001536005316727E7
49;139;4;1.4001536005316727E7
50;145;6;1.4001536005316727E7
51;148;3;1.4001536005316727E7
52;151;3;1.4001536005316727E7
53;155;4;1.4001536005316727E7
54;157;2;1.4001536005316727E7
55;158;1;1.4001536005316727E7
56;161;3;1.4001536005316727E7
57;162;1;1.4001536005316727E7
58;166;4;1.4001536005316727E7
59;166;0;1.4001536005316727E7
60;168;2;1.4001536005316727E7
61;170;2;1.4001536005316727E7
62;172;2;1.4001536005316727E7
63;177;5;1.4001536005316727E7
64;179;2;1.4001536005316727E7
65;183;4;1.4001536005316727E7
66;185;2;1.4001536005316727E7
67;186;1;1.3001667421003623E7
68;188;2;1.3001667421003623E7
69;192;4;1.3001667421003623E7
70;195;3;1.3001667421003623E7
71;199;4;1.3001667421003623E7
72;200;1;1.3001667421003623E7
73;201;1;1.3001667421003623E7
74;202;1;1.3001667421003623E7
75;204;2;1.3001667421003623E7
76;207;3;1.3001667421003623E7
77;211;4;1.3001667421003623E7
78;213;2;1.3001667421003623E7
79;216;3;1.3001667421003623E7
80;221;5;1.3001667421003623E7
81;224;3;1.3001667421003623E7
82;226;2;1.3001667421003623E7
83;228;2;1.3001667421003623E7
84;229;1;1.3001667421003623E7
85;231;2;1.3001667421003623E7
86;232;1;1.3001667421003623E7
87;235;3;1.3001667421003623E7
88;236;1;1.3001667421003623E7
89;239;3;1.3001667421003623E7
90;241;2;1.3001667421003623E7
91;245;4;1.3001667421003623E7
92;249;4;1.3001667421003623E7
93;253;4;1.3001667421003623E7
94;256;3;1.3001667421003623E7
95;260;4;1.3001667421003623E7
96;263;3;1.3001667421003623E7
97;266;3;1.3001667421003623E7
98;266;0;1.3001667421003623E7
99;269;3;1.3001667421003623E7
100;272;3;1.3001667421003623E7
101;272;0;1.3001667421003623E7
102;275;3;1.3001667421003623E7
103;279;4;1.3001667421003623E7
104;282;3;1.3001667421003623E7
105;285;3;1.3001667421003623E7
106;287;2;1.3001667421003623E7
107;292;5;1.3001667421003623E7
108;295;3;1.3001667421003623E7
109;297;2;1.3001667421003623E7
110;302;5;1.3001667421003623E7
111;304;2;1.3001667421003623E7
112;308;4;1.3001667421003623E7
113;311;3;1.3001667421003623E7
114;312;1;1.3001667421003623E7
115;314;2;1.3001667421003623E7
116;317;3;1.3001667421003623E7
117;319;2;1.3001667421003623E7
118;323;4;1.3001667421003623E7
119;325;2;1.3001667421003623E7
120;328;3;1.3001667421003623E7
121;332;4;1.3001667421003623E7
122;335;3;1.3001667421003623E7
123;338;3;1.3001667421003623E7
124;339;1;1.3001667421003623E7
125;342;3;1.3001667421003623E7
126;343;1;1.3001667421003623E7
127;346;3;1.3001667421003623E7
128;348;2;1.3001667421003623E7
129;350;2;1.3001667421003623E7
130;353;3;1.3001667421003623E7
131;356;3;1.3001667421003623E7
132;358;2;1.3001667421003623E7
133;360;2;1.3001667421003623E7
134;360;0;1.3001667421003623E7
135;362;2;1.3001667421003623E7
136;364;2;1.3001667421003623E7
137;366;2;1.3001667421003623E7
138;368;2;1.3001667421003623E7
139;371;3;1.3001667421003623E7
140;376;5;1.3001667421003623E7
141;379;3;1.3001667421003623E7
142;382;3;1.3001667421003623E7
143;383;1;1.3001667421003623E7
144;386;3;1.3001667421003623E7
145;391;5;1.3001667421003623E7
146;394;3;1.3001667421003623E7
147;394;0;1.3001667421003623E7
148;397;3;1.3001667421003623E7
149;400;3;1.3001667421003623E7
150;403;3;1.3001667421003623E7
151;406;3;1.3001667421003623E7
152;409;3;1.3001667421003623E7
153;413;4;1.3001667421003623E7
154;414;1;1.3001667421003623E7
155;417;3;1.3001667421003623E7
156;420;3;1.3001667421003623E7
157;423;3;1.3001667421003623E7
158;424;1;1.3001667421003623E7
159;428;4;1.3001667421003623E7
160;430;2;1.3001667421003623E7
161;433;3;1.3001667421003623E7
162;437;4;1.3001667421003623E7
163;439;2;1.3001667421003623E7
164;442;3;1.3001667421003623E7
165;445;3;1.3001667421003623E7
166;449;4;1.3001667421003623E7
167;453;4;1.3001667421003623E7
168;455;2;1.3001667421003623E7
169;457;2;1.3001667421003623E7
170;460;3;1.3001667421003623E7
171;463;3;1.3001667421003623E7
172;466;3;1.3001667421003623E7
173;468;2;1.3001667421003623E7
174;470;2;1.3001667421003623E7
175;471;1;1.3001667421003623E7
176;474;3;1.3001667421003623E7
177;474;0;1.3001667421003623E7
178;478;4;1.3001667421003623E7
179;480;2;1.3001667421003623E7
180;484;4;1.3001667421003623E7
181;487;3;1.3001667421003623E7
182;489;2;1.3001667421003623E7
183;492;3;1.3001667421003623E7
184;493;1;1.3001667421003623E7
185;496;3;1.3001667421003623E7
186;501;5;1.3001667421003623E7
187;503;2;1.3001667421003623E7
188;506;3;1.3001667421003623E7
189;510;4;1.3001667421003623E7
190;511;1;1.3001667421003623E7
191;515;4;1.3001667421003623E7
192;521;6;1.3001667421003623E7
193;525;4;1.3001667421003623E7
194;527;2;1.3001667421003623E7
195;530;3;1.3001667421003623E7
196;533;3;1.3001667421003623E7
197;536;3;1.3001667421003623E7
198;537;1;1.3001667421003623E7
199;538;1;1.3001667421003623E7
200;540;2;1.3001667421003623E7
201;543;3;1.3001667421003623E7
202;547;4;1.3001667421003623E7
203;548;1;1.3001667421003623E7
204;551;3;1.3001667421003623E7
205;554;3;1.3001667421003623E7
206;556;2;1.3001667421003623E7
207;559;3;1.3001667421003623E7
208;561;2;1.3001667421003623E7
209;563;2;1.3001667421003623E7
210;565;2;1.3001667421003623E7
211;567;2;1.3001667421003623E7
212;570;3;1.3001667421003623E7
213;571;1;1.3001667421003623E7
214;574;3;1.3001667421003623E7
215;574;0;1.3001667421003623E7
216;577;3;1.3001667421003623E7
217;581;4;1.3001667421003623E7
218;583;2;1.3001667421003623E7
219;586;3;1.3001667421003623E7
220;586;0;1.3001667421003623E7
221;588;2;1.3001667421003623E7
222;591;3;1.3001667421003623E7
223;592;1;1.3001667421003623E7
224;595;3;1.3001667421003623E7
225;598;3;1.3001667421003623E7
226;602;4;1.3001667421003623E7
227;602;0;1.3001667421003623E7
228;604;2;1.3001667421003623E7
229;607;3;1.3001667421003623E7
230;611;4;1.3001667421003623E7
231;613;2;1.3001667421003623E7
232;614;1;1.3001667421003623E7
233;616;2;1.3001667421003623E7
234;619;3;1.3001667421003623E7
235;622;3;1.3001667421003623E7
236;623;1;1.3001667421003623E7
237;625;2;1.3001667421003623E7
238;628;3;1.3001667421003623E7
239;632;4;1.3001667421003623E7
240;635;3;1.3001667421003623E7
241;638;3;1.3001667421003623E7
242;642;4;1.3001667421003623E7
243;644;2;1.3001667421003623E7
244;647;3;1.3001667421003623E7
245;651;4;1.3001667421003623E7
246;655;4;1.3001667421003623E7
247;657;2;1.3001667421003623E7
248;660;3;1.3001667421003623E7
249;660;0;1.3001667421003623E7
250;663;3;1.3001667421003623E7
251;666;3;1.3001667421003623E7
252;668;2;1.3001567567762375E7
253;671;3;1.3001567567762375E7
254;674;3;1.3001567567762375E7
255;675;1;1.3001526941679673E7
256;678;3;1.3001526941679673E7
257;681;3;1.3001526941679673E7
258;683;2;1.3001526941679673E7
259;686;3;1.3001526941679673E7
260;691;5;1.3001526941679673E7
261;693;2;1.3001526941679673E7
262;695;2;1.3001526941679673E7
263;697;2;1.3001526941679673E7
264;700;3;1.3001526941679673E7
265;702;2;1.3001526941679673E7
266;705;3;1.3001526941679673E7
267;706;1;1.3001526941679673E7
268;706;0;1.3001526941679673E7
269;707;1;1.3001526941679673E7
270;707;0;1.3001526941679673E7
271;711;4;1.3001526941679673E7
272;713;2;1.3001471871233966E7
273;717;4;1.3001471871233966E7
274;720;3;1.3001471871233966E7
275;721;1;1.3001471871233966E7
276;722;1;1.3001471871233966E7
277;727;5;1.3001471871233966E7
278;730;3;1.3001471871233966E7
279;731;1;1.3001471871233966E7
280;732;1;1.3001471871233966E7
281;733;1;1.3001471871233966E7
282;735;2;1.3001471871233966E7
283;738;3;1.3001471871233966E7
284;740;2;1.3001471871233966E7
285;744;4;1.3001471871233966E7
286;748;4;1.3001471871233966E7
287;750;2;1.3001471871233966E7
288;752;2;1.3001471871233966E7
289;754;2;1.3001471871233966E7
290;756;2;1.3001471871233966E7
291;760;4;1.3001471871233966E7
292;763;3;1.3001471871233966E7
293;766;3;1.3001471871233966E7
294;767;1;1.3001471871233966E7
295;767;0;1.3001471871233966E7
296;771;4;1.3001471871233966E7
297;773;2;1.3001471871233966E7
298;778;5;1.3001471871233966E7
299;780;2;1.3001471871233966E7
300;783;3;1.3001471871233966E7
301;786;3;1.3001471871233966E7
302;788;2;1.3001471871233966E7
303;789;1;1.3001471871233966E7
304;791;2;1.3001471871233966E7
305;795;4;1.3001471871233966E7
306;797;2;1.3001471871233966E7
307;799;2;1.3001471871233966E7
308;802;3;1.3001471871233966E7
309;803;1;1.3001471871233966E7
310;806;3;1.3001471871233966E7
311;809;3;1.3001471871233966E7
312;811;2;1.3001471871233966E7
313;814;3;1.3001471871233966E7
314;817;3;1.3001471871233966E7
315;820;3;1.3001471871233966E7
316;823;3;1.3001471871233966E7
317;824;1;1.3001471871233966E7
318;828;4;1.3001471871233966E7
319;828;0;1.3001471871233966E7
320;831;3;1.3001471871233966E7
321;833;2;1.3001471871233966E7
322;835;2;1.3001471871233966E7
323;838;3;1.3001471871233966E7
324;838;0;1.3001471871233966E7
325;840;2;1.3001471871233966E7
326;841;1;1.3001471871233966E7
327;843;2;1.3001471871233966E7
328;845;2;1.3001471871233966E7
329;848;3;1.3001471871233966E7
330;851;3;1.3001471871233966E7
331;851;0;1.3001471871233966E7
332;855;4;1.3001471871233966E7
333;856;1;1.3001471871233966E7
334;858;2;1.3001471871233966E7
335;860;2;1.3001471871233966E7
336;862;2;1.3001471871233966E7
337;863;1;1.3001471871233966E7
338;868;5;1.3001471871233966E7
339;872;4;1.3001471871233966E7
340;872;0;1.3001471871233966E7
341;873;1;1.3001471871233966E7
342;876;3;1.3001471871233966E7
343;876;0;1.3001471871233966E7
344;878;2;1.3001471871233966E7
345;881;3;1.3001471871233966E7
346;885;4;1.3001471871233966E7
347;889;4;1.3001471871233966E7
348;892;3;1.3001471871233966E7
349;894;2;1.3001471871233966E7
350;897;3;1.3001471871233966E7
351;901;4;1.3001471871233966E7
352;905;4;1.3001471871233966E7
353;909;4;1.3001471871233966E7
354;913;4;1.3001471871233966E7
355;916;3;1.3001471871233966E7
356;918;2;1.3001471871233966E7
357;920;2;1.3001471871233966E7
358;924;4;1.3001471871233966E7
359;927;3;1.3001471871233966E7
360;929;2;1.3001471871233966E7
361;932;3;1.3001471871233966E7
362;934;2;1.3001471871233966E7
363;939;5;1.3001471871233966E7
364;941;2;1.3001471871233966E7
365;944;3;1.3001455263241597E7
366;946;2;1.3001455263241597E7
367;949;3;1.3001455263241597E7
368;952;3;1.3001455263241597E7
369;952;0;1.3001455263241597E7
370;956;4;1.3001455263241597E7
371;958;2;1.3001455263241597E7
372;960;2;1.3001455263241597E7
373;963;3;1.3001455263241597E7
374;965;2;1.3001455263241597E7
375;965;0;1.3001455263241597E7
376;969;4;1.3001455263241597E7
377;969;0;1.3001455263241597E7
378;971;2;1.3001455263241597E7
379;972;1;1.3001455263241597E7
380;974;2;1.3001455263241597E7
381;977;3;1.3001455263241597E7
382;981;4;1.3001455263241597E7
383;983;2;1.3001455263241597E7
384;986;3;1.3001455263241597E7
385;989;3;1.3001455263241597E7
386;992;3;1.3001455263241597E7
387;994;2;1.3001455263241597E7
388;1000;6;1.3001455263241597E7
389;1003;3;1.3001455263241597E7
390;1005;2;1.3001455263241597E7
391;1007;2;1.3001455263241597E7
392;1011;4;1.3001455263241597E7
393;1013;2;1.3001455263241597E7
394;1015;2;1.3001455263241597E7
395;1018;3;1.3001455263241597E7
396;1021;3;1.3001455263241597E7
397;1024;3;1.3001455263241597E7
398;1025;1;1.3001455263241597E7
399;1026;1;1.3001455263241597E7
400;1026;0;1.3001455263241597E7
401;1029;3;1.3001455263241597E7
402;1030;1;1.3001455263241597E7
403;1033;3;1.3001455263241597E7
404;1033;0;1.3001455263241597E7
405;1035;2;1.3001455263241597E7
406;1039;4;1.3001455263241597E7
407;1041;2;1.3001455263241597E7
408;1046;5;1.3001455263241597E7
409;1050;4;1.3001455263241597E7
410;1053;3;1.3001455263241597E7
411;1054;1;1.3001455263241597E7
412;1056;2;1.3001455263241597E7
413;1057;1;1.3001455263241597E7
414;1060;3;1.3001455263241597E7
415;1063;3;1.3001455263241597E7
416;1065;2;1.3001455263241597E7
417;1068;3;1.3001455263241597E7
418;1072;4;1.3001455263241597E7
419;1075;3;1.3001455263241597E7
420;1077;2;1.3001455263241597E7
421;1077;0;1.3001455263241597E7
422;1080;3;1.3001455263241597E7
423;1083;3;1.3001455263241597E7
424;1085;2;1.3001455263241597E7
425;1088;3;1.3001455263241597E7
426;1089;1;1.3001455263241597E7
427;1092;3;1.3001455263241597E7
428;1095;3;1.3001455263241597E7
429;1097;2;1.3001455263241597E7
430;1099;2;1.3001455263241597E7
431;1102;3;1.3001455263241597E7
432;1104;2;1.3001455263241597E7
433;1105;1;1.3001455263241597E7
434;1106;1;1.3001455263241597E7
435;1108;2;1.3001455263241597E7
436;1108;0;1.3001455263241597E7
437;1111;3;1.3001455263241597E7
438;1113;2;1.3001455263241597E7
439;1116;3;1.3001455263241597E7
440;1120;4;1.3001455263241597E7
441;1123;3;1.3001455263241597E7
442;1126;3;1.3001455263241597E7
443;1129;3;1.3001455263241597E7
444;1132;3;1.3001455263241597E7
445;1134;2;1.3001455263241597E7
446;1137;3;1.3001455263241597E7
447;1139;2;1.3001455263241597E7
448;1142;3;1.3001455263241597E7
449;1145;3;1.3001455263241597E7
450;1146;1;1.3001455263241597E7
451;1146;0;1.3001455263241597E7
452;1150;4;1.3001455263241597E7
453;1151;1;1.3001455263241597E7
454;1153;2;1.3001455263241597E7
455;1155;2;1.3001455263241597E7
456;1159;4;1.3001455263241597E7
457;1161;2;1.3001455263241597E7
458;1162;1;1.3001455263241597E7
459;1165;3;1.3001455263241597E7
460;1166;1;1.3001455263241597E7
461;1166;0;1.3001455263241597E7
462;1170;4;1.3001455263241597E7
463;1174;4;1.3001455263241597E7
464;1176;2;1.3001455263241597E7
465;1179;3;1.3001455263241597E7
466;1181;2;1.3001455263241597E7
467;1183;2;1.3001455263241597E7
468;1186;3;1.3001455263241597E7
469;1189;3;1.3001455263241597E7
470;1191;2;1.3001455263241597E7
471;1194;3;1.3001455263241597E7
472;1195;1;1.3001455263241597E7
473;1198;3;1.3001455263241597E7
474;1199;1;1.3001455263241597E7
475;1202;3;1.3001455263241597E7
476;1205;3;1.3001455263241597E7
477;1207;2;1.3001455263241597E7
478;1210;3;1.3001455263241597E7
479;1212;2;1.3001455263241597E7
480;1215;3;1.3001455263241597E7
481;1218;3;1.3001455263241597E7
482;1220;2;1.3001455263241597E7
483;1223;3;1.3001455263241597E7
484;1226;3;1.3001455263241597E7
485;1230;4;1.3001455263241597E7
486;1232;2;1.3001455263241597E7
487;1235;3;1.3001455263241597E7
488;1236;1;1.3001455263241597E7
489;1237;1;1.3001455263241597E7
490;1241;4;1.3001455263241597E7
491;1242;1;1.3001455263241597E7
492;1245;3;1.3001455263241597E7
493;1247;2;1.3001455263241597E7
494;1251;4;1.3001455263241597E7
495;1255;4;1.3001455263241597E7
496;1255;0;1.3001455263241597E7
497;1256;1;1.3001455263241597E7
498;1257;1;1.3001455263241597E7
499;1259;2;1.3001455263241597E7
500;1261;2;1.3001455263241597E7
501;1264;3;1.3001455263241597E7
502;1269;5;1.3001455263241597E7
503;1274;5;1.3001455263241597E7
504;1277;3;1.3001455263241597E7
505;1279;2;1.3001455263241597E7
506;1280;1;1.3001455263241597E7
507;1281;1;1.3001455263241597E7
508;1282;1;1.3001455263241597E7
509;1283;1;1.3001455263241597E7
510;1287;4;1.3001455263241597E7
511;1290;3;1.3001455263241597E7
512;1294;4;1.3001455263241597E7
513;1297;3;1.3001455263241597E7
514;1299;2;1.3001455263241597E7
515;1303;4;1.3001455263241597E7
516;1305;2;1.3001455263241597E7
517;1306;1;1.3001455263241597E7
518;1308;2;1.3001455263241597E7
519;1309;1;1.3001455263241597E7
520;1312;3;1.3001455263241597E7
521;1313;1;1.3001455263241597E7
522;1316;3;1.3001455263241597E7
523;1316;0;1.3001455263241597E7
524;1319;3;1.3001455263241597E7
525;1323;4;1.3001455263241597E7
526;1324;1;1.3001455263241597E7
527;1328;4;1.3001455263241597E7
528;1330;2;1.3001455263241597E7
529;1335;5;1.3001455263241597E7
530;1339;4;1.3001455263241597E7
531;1343;4;1.3001448242173625E7
532;1346;3;1.3001448242173625E7
533;1346;0;1.3001448242173625E7
534;1348;2;1.3001448242173625E7
535;1353;5;1.3001448242173625E7
536;1355;2;1.3001448242173625E7
537;1358;3;1.3001448242173625E7
538;1362;4;1.3001448242173625E7
539;1365;3;1.3001448242173625E7
540;1367;2;1.300144404822931E7
541;1369;2;1.300144404822931E7
542;1372;3;1.300144404822931E7
543;1374;2;1.300144404822931E7
544;1377;3;1.300144404822931E7
545;1379;2;1.300144404822931E7
546;1381;2;1.300144404822931E7
547;1385;4;1.300144404822931E7
548;1386;1;1.300144404822931E7
549;1389;3;1.300144404822931E7
550;1391;2;1.300144404822931E7
551;1394;3;1.300144404822931E7
552;1397;3;1.300144404822931E7
553;1400;3;1.300144404822931E7
554;1400;0;1.300144404822931E7
555;1402;2;1.300144404822931E7
556;1403;1;1.300144404822931E7
557;1404;1;1.300144404822931E7
558;1409;5;1.300144404822931E7
559;1411;2;1.300144404822931E7
560;1413;2;1.300144404822931E7
561;1416;3;1.300144404822931E7
562;1419;3;1.300144404822931E7
563;1421;2;1.300144404822931E7
564;1425;4;1.300144404822931E7
565;1426;1;1.300144404822931E7
566;1429;3;1.300144404822931E7
567;1431;2;1.300144404822931E7
568;1434;3;1.300144404822931E7
569;1437;3;1.300144404822931E7
570;1440;3;1.300144404822931E7
571;1443;3;1.300144404822931E7
572;1445;2;1.300144404822931E7
573;1447;2;1.300144404822931E7
574;1449;2;1.300144404822931E7
575;1452;3;1.300144404822931E7
576;1453;1;1.300144404822931E7
577;1454;1;1.300144404822931E7
578;1454;0;1.300144404822931E7
579;1457;3;1.300144404822931E7
580;1459;2;1.300144404822931E7
581;1462;3;1.300144404822931E7
582;1464;2;1.300144404822931E7
583;1465;1;1.300144404822931E7
584;1468;3;1.300144404822931E7
585;1469;1;1.300144404822931E7
586;1471;2;1.300144404822931E7
587;1474;3;1.300144404822931E7
588;1477;3;1.300144404822931E7
589;1480;3;1.300144404822931E7
590;1482;2;1.300144404822931E7
591;1485;3;1.300144404822931E7
592;1489;4;1.300144404822931E7
593;1489;0;1.300144404822931E7
594;1491;2;1.300144404822931E7
595;1493;2;1.300144404822931E7
596;1493;0;1.300144404822931E7
597;1494;1;1.300144404822931E7
598;1497;3;1.300144404822931E7
599;1500;3;1.300144404822931E7
600;1503;3;1.300144404822931E7
601;1505;2;1.300144404822931E7
602;1508;3;1.300144404822931E7
603;1510;2;1.300144404822931E7
604;1510;0;1.300144404822931E7
605;1511;1;1.300144404822931E7
606;1513;2;1.300144404822931E7
607;1515;2;1.300144404822931E7
608;1518;3;1.300144404822931E7
609;1521;3;1.300144404822931E7
610;1522;1;1.300144404822931E7
611;1525;3;1.300144404822931E7
612;1527;2;1.300144404822931E7
613;1529;2;1.300144404822931E7
614;1531;2;1.300144404822931E7
615;1535;4;1.300144404822931E7
616;1538;3;1.300144404822931E7
617;1540;2;1.300144404822931E7
618;1542;2;1.300144404822931E7
619;1544;2;1.300144404822931E7
620;1545;1;1.300144404822931E7
621;1547;2;1.300144404822931E7
622;1550;3;1.300144404822931E7
623;1553;3;1.300144404822931E7
624;1555;2;1.300144404822931E7
625;1556;1;1.300144404822931E7
626;1558;2;1.300144404822931E7
627;1561;3;1.300144404822931E7
628;1564;3;1.300144404822931E7
629;1568;4;1.300144404822931E7
630;1570;2;1.300144404822931E7
631;1573;3;1.300144404822931E7
632;1575;2;1.300144404822931E7
633;1578;3;1.300144404822931E7
634;1578;0;1.300144404822931E7
635;1581;3;1.300144404822931E7
636;1583;2;1.300144404822931E7
637;1586;3;1.300144404822931E7
638;1588;2;1.300144404822931E7
639;1592;4;1.300144404822931E7
640;1595;3;1.300144404822931E7
641;1598;3;1.300144404822931E7
642;1601;3;1.300144404822931E7
643;1604;3;1.300144404822931E7
644;1607;3;1.300144404822931E7
645;1609;2;1.300144404822931E7
646;1611;2;1.300144404822931E7
647;1613;2;1.300144404822931E7
648;1616;3;1.300144404822931E7
649;1616;0;1.300144404822931E7
650;1619;3;1.300144404822931E7
651;1621;2;1.300144404822931E7
652;1623;2;1.300144404822931E7
653;1626;3;1.300144404822931E7
654;1629;3;1.300144404822931E7
655;1630;1;1.300144404822931E7
656;1633;3;1.300144404822931E7
657;1635;2;1.300144404822931E7
658;1638;3;1.300144404822931E7
659;1642;4;1.300144404822931E7
660;1646;4;1.300144404822931E7
661;1649;3;1.300144404822931E7
662;1651;2;1.300144404822931E7
663;1654;3;1.300144404822931E7
664;1656;2;1.300144404822931E7
665;1660;4;1.300144404822931E7
666;1663;3;1.300144404822931E7
667;1665;2;1.300144404822931E7
668;1667;2;1.300144404822931E7
669;1670;3;1.300144404822931E7
670;1673;3;1.300144404822931E7
671;1675;2;1.300144404822931E7
672;1677;2;1.300144404822931E7
673;1679;2;1.300144404822931E7
674;1682;3;1.300144404822931E7
675;1685;3;1.300144404822931E7
676;1689;4;1.300144404822931E7
677;1691;2;1.300144404822931E7
678;1691;0;1.300144404822931E7
679;1692;1;1.300144404822931E7
680;1694;2;1.300144404822931E7
681;1695;1;1.300144404822931E7
682;1697;2;1.300144404822931E7
683;1700;3;1.300144404822931E7
684;1702;2;1.3001409970175881E7
685;1705;3;1.3001406138525052E7
686;1708;3;1.3001406138525052E7
687;1711;3;1.3001406138525052E7
688;1715;4;1.3001315163238354E7
689;1719;4;1.3001315163238354E7
690;1721;2;1.3001315163238354E7
691;1723;2;1.3001315163238354E7
692;1726;3;1.3001315163238354E7
693;1729;3;1.3001283526167665E7
694;1732;3;1.3001283526167665E7
695;1732;0;1.3001283526167665E7
696;1735;3;1.3001283526167665E7
697;1737;2;1.3001283526167665E7
698;1740;3;1.3001283526167665E7
699;1742;2;1.3001283526167665E7
700;1742;0;1.3001283526167665E7
701;1745;3;1.3001283526167665E7
702;1749;4;1.3001283526167665E7
703;1751;2;1.3001283526167665E7
704;1753;2;1.3001283526167665E7
705;1755;2;1.3001283526167665E7
706;1756;1;1.3001283526167665E7
707;1757;1;1.3001283526167665E7
708;1759;2;1.3001283526167665E7
709;1763;4;1.3001283526167665E7
710;1765;2;1.3001283526167665E7
711;1768;3;1.3001283526167665E7
712;1768;0;1.3001283526167665E7
713;1770;2;1.3001283526167665E7
714;1772;2;1.3001283526167665E7
715;1774;2;1.3001283526167665E7
716;1777;3;1.3001283526167665E7
717;1779;2;1.3001283526167665E7
718;1781;2;1.3001283526167665E7
719;1784;3;1.3001283526167665E7
720;1785;1;1.3001283526167665E7
721;1788;3;1.3001283526167665E7
722;1790;2;1.3001283526167665E7
723;1793;3;1.3001283526167665E7
724;1796;3;1.3001283526167665E7
725;1797;1;1.3001283526167665E7
726;1800;3;1.3001283526167665E7
727;1803;3;1.3001283526167665E7
728;1803;0;1.3001283526167665E7
729;1806;3;1.3001283526167665E7
730;1809;3;1.3001283526167665E7
731;1812;3;1.3001283526167665E7
732;1815;3;1.3001283526167665E7
733;1818;3;1.3001283526167665E7
734;1819;1;1.3001283526167665E7
735;1822;3;1.3001283526167665E7
736;1825;3;1.3001283526167665E7
737;1827;2;1.3001283526167665E7
738;1831;4;1.3001283526167665E7
739;1832;1;1.3001283526167665E7
740;1834;2;1.3001283526167665E7
741;1837;3;1.3001283526167665E7
742;1838;1;1.3001283526167665E7
743;1840;2;1.3001283526167665E7
744;1840;0;1.3001283526167665E7
745;1843;3;1.3001283526167665E7
746;1844;1;1.3001283526167665E7
747;1845;1;1.3001283526167665E7
748;1848;3;1.3001283526167665E7
749;1849;1;1.3001283526167665E7
750;1851;2;1.3001283526167665E7
751;1852;1;1.3001283526167665E7
752;1855;3;1.3001283526167665E7
753;1856;1;1.3001283526167665E7
754;1860;4;1.3001283526167665E7
755;1864;4;1.3001283526167665E7
756;1867;3;1.3001283526167665E7
757;1870;3;1.3001283526167665E7
758;1872;2;1.3001283526167665E7
759;1874;2;1.3001283526167665E7
760;1877;3;1.3001283526167665E7
761;1879;2;1.3001283526167665E7
762;1881;2;1.3001283526167665E7
763;1883;2;1.3001283526167665E7
764;1884;1;1.3001283526167665E7
765;1887;3;1.3001283526167665E7
766;1890;3;1.3001283526167665E7
767;1892;2;1.3001283526167665E7
768;1895;3;1.3001283526167665E7
769;1896;1;1.3001283526167665E7
770;1900;4;1.3001283526167665E7
771;1902;2;1.3001283526167665E7
772;1904;2;1.3001283526167665E7
773;1909;5;1.3001283526167665E7
774;1913;4;1.3001283526167665E7
775;1917;4;1.3001283526167665E7
776;1921;4;1.3001283526167665E7
777;1923;2;1.3001283526167665E7
778;1925;2;1.3001283526167665E7
779;1928;3;1.3001283526167665E7
780;1931;3;1.3001283526167665E7
781;1931;0;1.3001283526167665E7
782;1934;3;1.3001283526167665E7
783;1938;4;1.3001283526167665E7
784;1940;2;1.3001283526167665E7
785;1942;2;1.3001283526167665E7
786;1945;3;1.3001283526167665E7
787;1947;2;1.3001283526167665E7
788;1950;3;1.3001283526167665E7
789;1953;3;1.3001283526167665E7
790;1956;3;1.3001283526167665E7
791;1956;0;1.3001283526167665E7
792;1958;2;1.3001283526167665E7
793;1960;2;1.3001283526167665E7
794;1963;3;1.3001283526167665E7
795;1965;2;1.3001283526167665E7
796;1966;1;1.3001283526167665E7
797;1969;3;1.3001283526167665E7
798;1971;2;1.3001283526167665E7
799;1974;3;1.3001283526167665E7
800;1977;3;1.3001283526167665E7
801;1978;1;1.3001283526167665E7
802;1980;2;1.3001283526167665E7
803;1983;3;1.3001283526167665E7
804;1986;3;1.3001283526167665E7
805;1990;4;1.3001283526167665E7
806;1993;3;1.3001283526167665E7
807;1996;3;1.3001283526167665E7
808;2001;5;1.3001283526167665E7
809;2004;3;1.3001283526167665E7
810;2007;3;1.3001283526167665E7
811;2010;3;1.3001283526167665E7
812;2013;3;1.3001283526167665E7
813;2014;1;1.3001283526167665E7
814;2017;3;1.3001283526167665E7
815;2019;2;1.3001283526167665E7
816;2024;5;1.3001283526167665E7
817;2026;2;1.3001283526167665E7
818;2028;2;1.3001283526167665E7
819;2030;2;1.3001283526167665E7
820;2031;1;1.3001283526167665E7
821;2034;3;1.3001283526167665E7
822;2037;3;1.3001283526167665E7
823;2040;3;1.3001283526167665E7
824;2043;3;1.3001283526167665E7
825;2046;3;1.3001283526167665E7
826;2048;2;1.3001283526167665E7
827;2051;3;1.3001283526167665E7
828;2053;2;1.3001283526167665E7
829;2057;4;1.3001283526167665E7
830;2058;1;1.3001283526167665E7
831;2060;2;1.3001283526167665E7
832;2063;3;1.3001283526167665E7
833;2064;1;1.3001283526167665E7
834;2065;1;1.3001283526167665E7
835;2067;2;1.3001283526167665E7
836;2067;0;1.3001283526167665E7
837;2070;3;1.3001283526167665E7
838;2071;1;1.3001283526167665E7
839;2074;3;1.3001283526167665E7
840;2077;3;1.3001283526167665E7
841;2077;0;1.3001283526167665E7
842;2079;2;1.3001283526167665E7
843;2081;2;1.3001283526167665E7
844;2083;2;1.3001283526167665E7
845;2084;1;1.3001283526167665E7
846;2086;2;1.3001283526167665E7
847;2089;3;1.3001283526167665E7
848;2092;3;1.3001283526167665E7
849;2095;3;1.3001283526167665E7
850;2098;3;1.3001283526167665E7
851;2101;3;1.3001283526167665E7
852;2104;3;1.3001283526167665E7
853;2108;4;1.3001283526167665E7
854;2108;0;1.3001283526167665E7
855;2110;2;1.3001283526167665E7
856;2113;3;1.3001283526167665E7
857;2116;3;1.3001283526167665E7
858;2118;2;1.3001283526167665E7
859;2119;1;1.3001283526167665E7
860;2123;4;1.3001283526167665E7
861;2126;3;1.3001283526167665E7
862;2127;1;1.3001283526167665E7
863;2129;2;1.3001283526167665E7
864;2131;2;1.3001283526167665E7
865;2134;3;1.3001283526167665E7
866;2134;0;1.3001283526167665E7
867;2138;4;1.3001283526167665E7
868;2141;3;1.3001283526167665E7
869;2141;0;1.3001283526167665E7
870;2144;3;1.3001283526167665E7
871;2147;3;1.3001283526167665E7
872;2150;3;1.3001283526167665E7
873;2152;2;1.3001283526167665E7
874;2153;1;1.3001283526167665E7
875;2153;0;1.3001283526167665E7
876;2156;3;1.3001283526167665E7
877;2157;1;1.3001283526167665E7
878;2157;0;1.3001283526167665E7
879;2160;3;1.3001283526167665E7
880;2161;1;1.3001283526167665E7
881;2162;1;1.3001283526167665E7
882;2165;3;1.3001283526167665E7
883;2168;3;1.3001283526167665E7
884;2170;2;1.3001283526167665E7
885;2172;2;1.3001283526167665E7
886;2174;2;1.3001283526167665E7
887;2177;3;1.3001283526167665E7
888;2180;3;1.3001283526167665E7
889;2183;3;1.3001283526167665E7
890;2186;3;1.3001283526167665E7
891;2188;2;1.3001283526167665E7
892;2192;4;1.3001283526167665E7
893;2192;0;1.3001283526167665E7
894;2196;4;1.3001283526167665E7
895;2198;2;1.3001283526167665E7
896;2201;3;1.3001283526167665E7
897;2203;2;1.3001283526167665E7
898;2208;5;1.3001283526167665E7
899;2211;3;1.3001283526167665E7
900;2214;3;1.3001283526167665E7
901;2217;3;1.3001283526167665E7
902;2219;2;1.3001283526167665E7
903;2222;3;1.3001283526167665E7
904;2226;4;1.3001283526167665E7
905;2229;3;1.3001283526167665E7
906;2232;3;1.3001283526167665E7
907;2234;2;1.3001283526167665E7
908;2235;1;1.3001283526167665E7
909;2237;2;1.3001283526167665E7
910;2239;2;1.3001283526167665E7
911;2242;3;1.3001283526167665E7
912;2242;0;1.3001283526167665E7
913;2245;3;1.3001283526167665E7
914;2247;2;1.3001283526167665E7
915;2250;3;1.3001283526167665E7
916;2252;2;1.3001283526167665E7
917;2255;3;1.3001283526167665E7
918;2256;1;1.3001283526167665E7
919;2258;2;1.3001283526167665E7
920;2260;2;1.3001283526167665E7
921;2263;3;1.3001283526167665E7
922;2266;3;1.3001283526167665E7
923;2270;4;1.3001283526167665E7
924;2272;2;1.3001283526167665E7
925;2274;2;1.3001283526167665E7
926;2276;2;1.3001283526167665E7
927;2278;2;1.3001283526167665E7
928;2280;2;1.3001283526167665E7
929;2282;2;1.3001283526167665E7
930;2284;2;1.3001283526167665E7
931;2285;1;1.3001283526167665E7
932;2286;1;1.3001283526167665E7
933;2287;1;1.3001283526167665E7
934;2289;2;1.3001283526167665E7
935;2290;1;1.3001283526167665E7
936;2291;1;1.3001283526167665E7
937;2294;3;1.3001283526167665E7
938;2297;3;1.3001283526167665E7
939;2300;3;1.3001283526167665E7
940;2301;1;1.3001283526167665E7
941;2305;4;1.3001283526167665E7
942;2307;2;1.3001283526167665E7
943;2310;3;1.3001283526167665E7
944;2313;3;1.3001283526167665E7
945;2315;2;1.3001283526167665E7
946;2318;3;1.3001283526167665E7
947;2322;4;1.3001283526167665E7
948;2324;2;1.3001283526167665E7
949;2324;0;1.3001283526167665E7
950;2328;4;1.3001283526167665E7
951;2330;2;1.3001283526167665E7
952;2332;2;1.3001283526167665E7
953;2335;3;1.3001283526167665E7
954;2337;2;1.3001283526167665E7
955;2340;3;1.3001283526167665E7
956;2343;3;1.3001283526167665E7
957;2345;2;1.3001283526167665E7
958;2349;4;1.3001283526167665E7
959;2352;3;1.3001283526167665E7
960;2354;2;1.3001283526167665E7
961;2355;1;1.3001283526167665E7
962;2356;1;1.3001283526167665E7
963;2359;3;1.3001283526167665E7
964;2362;3;1.3001283526167665E7
965;2364;2;1.3001283526167665E7
966;2366;2;1.3001283526167665E7
967;2368;2;1.3001283526167665E7
968;2370;2;1.3001283526167665E7
969;2373;3;1.3001283526167665E7
970;2375;2;1.3001283526167665E7
971;2376;1;1.3001283526167665E7
972;2378;2;1.3001283526167665E7
973;2380;2;1.3001283526167665E7
974;2382;2;1.3001283526167665E7
975;2384;2;1.3001283526167665E7
976;2385;1;1.3001283526167665E7
977;2387;2;1.3001283526167665E7
978;2388;1;1.3001283526167665E7
979;2390;2;1.3001283526167665E7
980;2396;6;1.3001283526167665E7
981;2400;4;1.3001283526167665E7
982;2401;1;1.3001283526167665E7
983;2401;0;1.3001283526167665E7
984;2404;3;1.3001283526167665E7
985;2406;2;1.3001283526167665E7
986;2409;3;1.3001283526167665E7
987;2412;3;1.3001283526167665E7
988;2414;2;1.3001283526167665E7
989;2417;3;1.3001283526167665E7
990;2419;2;1.3001283526167665E7
991;2421;2;1.3001283526167665E7
992;2424;3;1.3001283526167665E7
993;2427;3;1.3001283526167665E7
994;2430;3;1.3001283526167665E7
995;2430;0;1.3001283526167665E7
996;2433;3;1.3001283526167665E7
997;2436;3;1.3001283526167665E7
998;2437;1;1.3001283526167665E7
999;2438;1;1.3001283526167665E7
1000;2441;3;1.3001283526167665E7
1001;2442;1;1.3001283526167665E7
1002;2445;3;1.3001283526167665E7
1003;2446;1;1.3001283526167665E7
1004;2449;3;1.3001283526167665E7
1005;2451;2;1.3001283526167665E7
1006;2454;3;1.3001283526167665E7
1007;2456;2;1.3001283526167665E7
1008;2459;3;1.3001283526167665E7
1009;2459;0;1.3001283526167665E7
1010;2462;3;1.3001283526167665E7
1011;2464;2;1.3001283526167665E7
1012;2467;3;1.3001283526167665E7
1013;2469;2;1.3001283526167665E7
1014;2472;3;1.3001283526167665E7
1015;2475;3;1.3001283526167665E7
1016;2478;3;1.3001283526167665E7
1017;2481;3;1.3001283526167665E7
1018;2481;0;1.3001283526167665E7
1019;2482;1;1.3001283526167665E7
1020;2485;3;1.3001283526167665E7
1021;2487;2;1.3001283526167665E7
1022;2489;2;1.3001283526167665E7
1023;2491;2;1.3001283526167665E7
1024;2493;2;1.3001283526167665E7
1025;2497;4;1.3001283526167665E7
1026;2499;2;1.3001283526167665E7
1027;2502;3;1.3001283526167665E7
1028;2505;3;1.3001283526167665E7
1029;2506;1;1.3001283526167665E7
1030;2508;2;1.3001283526167665E7
1031;2510;2;1.3001283526167665E7
1032;2512;2;1.3001283526167665E7
1033;2515;3;1.3001283526167665E7
1034;2517;2;1.3001283526167665E7
1035;2520;3;1.3001283526167665E7
1036;2523;3;1.3001283526167665E7
1037;2526;3;1.3001283526167665E7
1038;2528;2;1.3001283526167665E7
1039;2532;4;1.3001283526167665E7
1040;2535;3;1.3001283526167665E7
1041;2540;5;1.3001283526167665E7
1042;2543;3;1.3001283526167665E7
1043;2546;3;1.3001283526167665E7
1044;2549;3;1.3001283526167665E7
1045;2551;2;1.3001283526167665E7
1046;2553;2;1.3001283526167665E7
1047;2556;3;1.3001283526167665E7
1048;2558;2;1.3001283526167665E7
1049;2561;3;1.3001283526167665E7
1050;2566;5;1.3001283526167665E7
1051;2568;2;1.3001283526167665E7
1052;2574;6;1.3001283526167665E7
1053;2576;2;1.3001283526167665E7
1054;2579;3;1.3001283526167665E7
1055;2580;1;1.3001283526167665E7
1056;2583;3;1.3001283526167665E7
1057;2585;2;1.3001283526167665E7
1058;2586;1;1.3001283526167665E7
1059;2587;1;1.3001283526167665E7
1060;2591;4;1.3001283526167665E7
1061;2594;3;1.3001283526167665E7
1062;2595;1;1.3001283526167665E7
1063;2598;3;1.3001283526167665E7
1064;2600;2;1.3001283526167665E7
1065;2603;3;1.3001283526167665E7
1066;2605;2;1.3001283526167665E7
1067;2608;3;1.3001283526167665E7
1068;2611;3;1.3001283526167665E7
1069;2612;1;1.3001283526167665E7
1070;2613;1;1.3001283526167665E7
1071;2615;2;1.3001283526167665E7
1072;2618;3;1.3001283526167665E7
1073;2621;3;1.3001283526167665E7
1074;2624;3;1.3001283526167665E7
1075;2627;3;1.3001283526167665E7
1076;2629;2;1.3001283526167665E7
1077;2632;3;1.3001283526167665E7
1078;2634;2;1.3001283526167665E7
1079;2636;2;1.3001283526167665E7
1080;2639;3;1.3001283526167665E7
1081;2641;2;1.3001283526167665E7
1082;2644;3;1.3001283526167665E7
1083;2647;3;1.3001283526167665E7
1084;2647;0;1.3001283526167665E7
1085;2649;2;1.3001283526167665E7
1086;2652;3;1.3001283526167665E7
1087;2655;3;1.3001283526167665E7
1088;2657;2;1.3001283526167665E7
1089;2660;3;1.3001283526167665E7
1090;2662;2;1.3001283526167665E7
1091;2664;2;1.3001283526167665E7
1092;2665;1;1.3001283526167665E7
1093;2667;2;1.3001283526167665E7
1094;2667;0;1.3001283526167665E7
1095;2669;2;1.3001283526167665E7
1096;2672;3;1.3001283526167665E7
1097;2674;2;1.3001283526167665E7
1098;2677;3;1.3001283526167665E7
1099;2680;3;1.3001283526167665E7
1100;2684;4;1.3001283526167665E7
1101;2687;3;1.3001283526167665E7
1102;2690;3;1.3001283526167665E7
1103;2692;2;1.3001283526167665E7
1104;2695;3;1.3001283526167665E7
1105;2696;1;1.3001283526167665E7
1106;2699;3;1.3001283526167665E7
1107;2702;3;1.3001283526167665E7
1108;2706;4;1.3001283526167665E7
1109;2709;3;1.3001283526167665E7
1110;2712;3;1.3001283526167665E7
1111;2717;5;1.3001283526167665E7
1112;2719;2;1.3001283526167665E7
1113;2720;1;1.3001283526167665E7
1114;2722;2;1.3001283526167665E7
1115;2726;4;1.3001283526167665E7
1116;2727;1;1.3001283526167665E7
1117;2730;3;1.3001283526167665E7
1118;2732;2;1.3001283526167665E7
1119;2736;4;1.3001283526167665E7
1120;2736;0;1.3001283526167665E7
1121;2739;3;1.3001283526167665E7
1122;2741;2;1.3001283526167665E7
1123;2743;2;1.3001283526167665E7
1124;2744;1;1.3001283526167665E7
1125;2747;3;1.3001283526167665E7
1126;2750;3;1.3001283526167665E7
1127;2751;1;1.3001283526167665E7
1128;2753;2;1.3001283526167665E7
1129;2753;0;1.3001283526167665E7
1130;2756;3;1.3001283526167665E7
1131;2759;3;1.3001283526167665E7
1132;2762;3;1.3001283526167665E7
1133;2763;1;1.3001283526167665E7
1134;2764;1;1.3001283526167665E7
1135;2769;5;1.3001283526167665E7
1136;2772;3;1.3001283526167665E7
1137;2774;2;1.3001283526167665E7
1138;2777;3;1.3001283526167665E7
1139;2778;1;1.2001429223749667E7
1140;2779;1;1.2001429223749667E7
1141;2781;2;1.2001429223749667E7
1142;2782;1;1.2001429223749667E7
1143;2786;4;1.2001429223749667E7
1144;2790;4;1.2001429223749667E7
1145;2793;3;1.2001429223749667E7
1146;2795;2;1.2001429223749667E7
1147;2798;3;1.2001429223749667E7
1148;2800;2;1.200138161200739E7
1149;2800;0;1.200138161200739E7
1150;2803;3;1.200138161200739E7
1151;2805;2;1.200138161200739E7
1152;2809;4;1.200138161200739E7
1153;2812;3;1.200138161200739E7
1154;2813;1;1.200138161200739E7
1155;2816;3;1.200138161200739E7
1156;2819;3;1.200138161200739E7
1157;2822;3;1.200138161200739E7
1158;2825;3;1.200138161200739E7
1159;2828;3;1.200138161200739E7
1160;2829;1;1.200138161200739E7
1161;2831;2;1.200138161200739E7
1162;2834;3;1.200138161200739E7
1163;2835;1;1.200138161200739E7
1164;2839;4;1.200138161200739E7
1165;2839;0;1.200138161200739E7
1166;2841;2;1.200138161200739E7
1167;2842;1;1.200138161200739E7
1168;2844;2;1.200138161200739E7
1169;2846;2;1.200138161200739E7
1170;2849;3;1.200138161200739E7
1171;2852;3;1.200138161200739E7
1172;2852;0;1.200138161200739E7
1173;2855;3;1.200138161200739E7
1174;2856;1;1.200138161200739E7
1175;2859;3;1.200138161200739E7
1176;2862;3;1.200138161200739E7
1177;2864;2;1.200138161200739E7
1178;2867;3;1.200138161200739E7
1179;2870;3;1.200138161200739E7
1180;2873;3;1.200138161200739E7
1181;2875;2;1.200138161200739E7
1182;2878;3;1.200138161200739E7
1183;2880;2;1.200138161200739E7
1184;2880;0;1.200138161200739E7
1185;2883;3;1.200138161200739E7
1186;2884;1;1.200138161200739E7
1187;2888;4;1.200138161200739E7
1188;2890;2;1.200138161200739E7
1189;2893;3;1.200138161200739E7
1190;2896;3;1.200138161200739E7
1191;2900;4;1.200138161200739E7
1192;2902;2;1.200138161200739E7
1193;2905;3;1.200138161200739E7
1194;2908;3;1.200138161200739E7
1195;2909;1;1.200138161200739E7
1196;2912;3;1.200138161200739E7
1197;2916;4;1.200138161200739E7
1198;2917;1;1.200138161200739E7
1199;2921;4;1.200138161200739E7
1200;2924;3;1.200138161200739E7
1201;2926;2;1.200138161200739E7
1202;2928;2;1.200138161200739E7
1203;2931;3;1.200138161200739E7
1204;2933;2;1.200138161200739E7
1205;2937;4;1.200138161200739E7
1206;2939;2;1.2001374165437866E7
1207;2941;2;1.2001374165437866E7
1208;2944;3;1.2001374165437866E7
1209;2947;3;1.2001374165437866E7
1210;2949;2;1.2001374165437866E7
1211;2952;3;1.2001374165437866E7
1212;2953;1;1.2001374165437866E7
1213;2956;3;1.2001374165437866E7
1214;2957;1;1.2001374165437866E7
1215;2959;2;1.2001374165437866E7
1216;2961;2;1.2001374165437866E7
1217;2964;3;1.2001374165437866E7
1218;2966;2;1.2001374165437866E7
1219;2967;1;1.2001374165437866E7
1220;2969;2;1.2001374165437866E7
1221;2969;0;1.2001374165437866E7
1222;2970;1;1.2001374165437866E7
1223;2973;3;1.2001374165437866E7
1224;2973;0;1.2001374165437866E7
1225;2974;1;1.2001374165437866E7
1226;2975;1;1.2001374165437866E7
1227;2977;2;1.2001374165437866E7
1228;2980;3;1.2001374165437866E7
1229;2985;5;1.2001374165437866E7
1230;2987;2;1.2001374165437866E7
1231;2989;2;1.2001374165437866E7
1232;2991;2;1.2001374165437866E7
1233;2991;0;1.2001374165437866E7
1234;2993;2;1.2001374165437866E7
1235;2993;0;1.2001374165437866E7
1236;2996;3;1.2001374165437866E7
1237;3000;4;1.2001374165437866E7
1238;3002;2;1.2001374165437866E7
1239;3005;3;1.2001374165437866E7
1240;3008;3;1.2001374165437866E7
1241;3012;4;1.2001374165437866E7
1242;3013;1;1.2001374165437866E7
1243;3016;3;1.2001374165437866E7
1244;3018;2;1.2001374165437866E7
1245;3020;2;1.2001374165437866E7
1246;3022;2;1.2001374165437866E7
1247;3025;3;1.2001374165437866E7
1248;3026;1;1.2001374165437866E7
1249;3028;2;1.2001374165437866E7
1250;3031;3;1.2001374165437866E7
1251;3034;3;1.2001374165437866E7
1252;3037;3;1.2001374165437866E7
1253;3039;2;1.2001374165437866E7
1254;3042;3;1.2001374165437866E7
1255;3044;2;1.2001374165437866E7
1256;3047;3;1.2001374165437866E7
1257;3049;2;1.2001374165437866E7
1258;3050;1;1.2001374165437866E7
1259;3052;2;1.2001374165437866E7
1260;3054;2;1.2001374165437866E7
1261;3059;5;1.2001374165437866E7
1262;3061;2;1.2001374165437866E7
1263;3063;2;1.2001374165437866E7
1264;3065;2;1.2001374165437866E7
1265;3067;2;1.2001374165437866E7
1266;3069;2;1.2001374165437866E7
1267;3072;3;1.2001374165437866E7
1268;3072;0;1.2001374165437866E7
1269;3075;3;1.2001374165437866E7
1270;3078;3;1.2001374165437866E7
1271;3080;2;1.2001374165437866E7
1272;3082;2;1.2001374165437866E7
1273;3085;3;1.2001374165437866E7
1274;3087;2;1.2001374165437866E7
1275;3089;2;1.2001374165437866E7
1276;3092;3;1.2001374165437866E7
1277;3095;3;1.2001374165437866E7
1278;3097;2;1.2001374165437866E7
1279;3101;4;1.2001374165437866E7
1280;3103;2;1.2001374165437866E7
1281;3104;1;1.2001374165437866E7
1282;3107;3;1.2001374165437866E7
1283;3108;1;1.2001374165437866E7
1284;3111;3;1.2001374165437866E7
1285;3115;4;1.2001374165437866E7
1286;3117;2;1.2001374165437866E7
1287;3119;2;1.2001374165437866E7
1288;3122;3;1.2001374165437866E7
1289;3122;0;1.2001374165437866E7
1290;3126;4;1.2001374165437866E7
1291;3130;4;1.2001374165437866E7
1292;3133;3;1.2001374165437866E7
1293;3136;3;1.2001374165437866E7
1294;3139;3;1.2001374165437866E7
1295;3142;3;1.2001374165437866E7
1296;3144;2;1.2001374165437866E7
1297;3148;4;1.2001374165437866E7
1298;3150;2;1.2001374165437866E7
1299;3152;2;1.2001374165437866E7
1300;3153;1;1.2001374165437866E7
1301;3154;1;1.2001374165437866E7
1302;3157;3;1.2001374165437866E7
1303;3160;3;1.2001374165437866E7
1304;3163;3;1.2001374165437866E7
1305;3166;3;1.2001374165437866E7
1306;3169;3;1.2001374165437866E7
1307;3170;1;1.2001374165437866E7
1308;3173;3;1.2001374165437866E7
1309;3175;2;1.2001374165437866E7
1310;3176;1;1.2001374165437866E7
1311;3177;1;1.2001374165437866E7
1312;3179;2;1.2001374165437866E7
1313;3181;2;1.2001374165437866E7
1314;3185;4;1.2001363298907291E7
1315;3187;2;1.2001363298907291E7
1316;3188;1;1.2001359829496168E7
1317;3192;4;1.2001359829496168E7
1318;3194;2;1.2001359829496168E7
1319;3197;3;1.2001359829496168E7
1320;3200;3;1.2001359829496168E7
1321;3202;2;1.2001358742985267E7
1322;3205;3;1.2001358742985267E7
1323;3206;1;1.2001338970777985E7
1324;3209;3;1.2001338970777985E7
1325;3209;0;1.200133407664782E7
1326;3210;1;1.2001333065904882E7
1327;3213;3;1.2001333065904882E7
1328;3216;3;1.2001333065904882E7
1329;3219;3;1.2001333065904882E7
1330;3220;1;1.2001328871614758E7
1331;3222;2;1.2001328871614758E7
1332;3223;1;1.2001328871614758E7
1333;3227;4;1.2001328871614758E7
1334;3230;3;1.2001328871614758E7
1335;3233;3;1.2001328871614758E7
1336;3235;2;1.2001328871614758E7
1337;3237;2;1.2001328871614758E7
1338;3240;3;1.2001322583046472E7
1339;3243;3;1.2001322583046472E7
1340;3246;3;1.2001322583046472E7
1341;3249;3;1.2001322583046472E7
1342;3251;2;1.2001322583046472E7
1343;3254;3;1.2001322583046472E7
1344;3256;2;1.2001322583046472E7
1345;3259;3;1.2001322583046472E7
1346;3261;2;1.2001322583046472E7
1347;3262;1;1.2001322583046472E7
1348;3263;1;1.2001322583046472E7
1349;3265;2;1.2001322583046472E7
1350;3267;2;1.2001322583046472E7
1351;3270;3;1.2001322583046472E7
1352;3272;2;1.2001322583046472E7
1353;3274;2;1.2001322583046472E7
1354;3277;3;1.2001322583046472E7
1355;3279;2;1.2001322583046472E7
1356;3281;2;1.2001322583046472E7
1357;3284;3;1.2001322583046472E7
1358;3287;3;1.2001322583046472E7
1359;3287;0;1.2001322583046472E7
1360;3290;3;1.2001322583046472E7
1361;3291;1;1.2001322583046472E7
1362;3292;1;1.2001322583046472E7
1363;3293;1;1.2001307538433276E7
1364;3295;2;1.2001307538433276E7
1365;3298;3;1.2001307538433276E7
1366;3300;2;1.2001296201294495E7
1367;3302;2;1.2001296201294495E7
1368;3305;3;1.2001296201294495E7
1369;3308;3;1.2001296201294495E7
1370;3310;2;1.2001296201294495E7
1371;3313;3;1.2001296201294495E7
1372;3315;2;1.2001296201294495E7
1373;3319;4;1.2001296201294495E7
1374;3322;3;1.2001282107224213E7
1375;3326;4;1.2001282107224213E7
1376;3329;3;1.2001239096972283E7
1377;3333;4;1.2001239096972283E7
1378;3336;3;1.2001239096972283E7
1379;3338;2;1.2001239096972283E7
1380;3341;3;1.2001239096972283E7
1381;3344;3;1.2001239096972283E7
1382;3347;3;1.2001239096972283E7
1383;3350;3;1.2001239096972283E7
1384;3350;0;1.2001239096972283E7
1385;3352;2;1.2001239096972283E7
1386;3353;1;1.2001239096972283E7
1387;3354;1;1.2001239096972283E7
1388;3357;3;1.2001239096972283E7
1389;3359;2;1.2001239096972283E7
1390;3359;0;1.2001239096972283E7
1391;3361;2;1.2001239096972283E7
1392;3364;3;1.2001239096972283E7
1393;3366;2;1.2001239096972283E7
1394;3368;2;1.2001239096972283E7
1395;3370;2;1.2001239096972283E7
1396;3372;2;1.2001239096972283E7
1397;3375;3;1.2001239096972283E7
1398;3377;2;1.2001239096972283E7
1399;3380;3;1.2001239096972283E7
1400;3383;3;1.2001239096972283E7
1401;3385;2;1.2001239096972283E7
1402;3389;4;1.2001239096972283E7
1403;3392;3;1.2001239096972283E7
1404;3393;1;1.2001239096972283E7
1405;3397;4;1.2001239096972283E7
1406;3400;3;1.2001239096972283E7
1407;3403;3;1.2001239096972283E7
1408;3405;2;1.2001239096972283E7
1409;3408;3;1.2001239096972283E7
1410;3410;2;1.2001239096972283E7
1411;3413;3;1.2001239096972283E7
1412;3416;3;1.2001239096972283E7
1413;3418;2;1.2001239096972283E7
1414;3420;2;1.2001239096972283E7
1415;3423;3;1.2001239096972283E7
1416;3426;3;1.2001239096972283E7
1417;3428;2;1.2001239096972283E7
1418;3429;1;1.2001239096972283E7
1419;3431;2;1.2001239096972283E7
1420;3433;2;1.2001239096972283E7
1421;3438;5;1.2001239096972283E7
1422;3441;3;1.2001239096972283E7
1423;3443;2;1.2001239096972283E7
1424;3447;4;1.2001239096972283E7
1425;3450;3;1.2001239096972283E7
1426;3452;2;1.2001239096972283E7
1427;3454;2;1.2001239096972283E7
1428;3456;2;1.2001239096972283E7
1429;3458;2;1.2001239096972283E7
1430;3459;1;1.2001239096972283E7
1431;3461;2;1.2001239096972283E7
1432;3463;2;1.2001239096972283E7
1433;3466;3;1.2001239096972283E7
1434;3468;2;1.2001239096972283E7
1435;3471;3;1.2001239096972283E7
1436;3472;1;1.2001239096972283E7
1437;3475;3;1.2001239096972283E7
1438;3477;2;1.2001239096972283E7
1439;3479;2;1.2001239096972283E7
1440;3481;2;1.2001239096972283E7
1441;3482;1;1.2001239096972283E7
1442;3483;1;1.2001239096972283E7
1443;3484;1;1.2001239096972283E7
1444;3487;3;1.2001239096972283E7
1445;3489;2;1.2001239096972283E7
1446;3491;2;1.2001239096972283E7
1447;3494;3;1.2001239096972283E7
1448;3494;0;1.2001239096972283E7
1449;3496;2;1.2001239096972283E7
1450;3498;2;1.2001239096972283E7
1451;3500;2;1.2001239096972283E7
1452;3502;2;1.2001239096972283E7
1453;3505;3;1.2001239096972283E7
1454;3505;0;1.2001239096972283E7
1455;3507;2;1.2001239096972283E7
1456;3509;2;1.2001239096972283E7
1457;3510;1;1.2001239096972283E7
1458;3513;3;1.2001239096972283E7
1459;3516;3;1.2001239096972283E7
1460;3519;3;1.2001239096972283E7
1461;3520;1;1.2001239096972283E7
1462;3524;4;1.2001239096972283E7
1463;3526;2;1.2001239096972283E7
1464;3527;1;1.2001239096972283E7
1465;3530;3;1.2001239096972283E7
1466;3534;4;1.2001239096972283E7
1467;3537;3;1.2001239096972283E7
1468;3539;2;1.2001239096972283E7
1469;3541;2;1.2001239096972283E7
1470;3544;3;1.2001239096972283E7
1471;3546;2;1.2001239096972283E7
1472;3549;3;1.2001239096972283E7
1473;3550;1;1.2001239096972283E7
1474;3552;2;1.2001239096972283E7
1475;3554;2;1.2001239096972283E7
1476;3555;1;1.2001239096972283E7
1477;3558;3;1.2001239096972283E7
1478;3560;2;1.2001239096972283E7
1479;3563;3;1.2001239096972283E7
1480;3566;3;1.2001239096972283E7
1481;3566;0;1.2001239096972283E7
1482;3568;2;1.2001239096972283E7
1483;3571;3;1.2001239096972283E7
1484;3571;0;1.2001239096972283E7
1485;3574;3;1.2001239096972283E7
1486;3575;1;1.2001239096972283E7
1487;3578;3;1.2001239096972283E7
1488;3579;1;1.2001239096972283E7
1489;3580;1;1.2001239096972283E7
1490;3582;2;1.2001239096972283E7
1491;3584;2;1.2001239096972283E7
1492;3585;1;1.2001239096972283E7
1493;3587;2;1.2001239096972283E7
1494;3590;3;1.2001239096972283E7
1495;3592;2;1.2001239096972283E7
1496;3593;1;1.2001239096972283E7
1497;3594;1;1.2001239096972283E7
1498;3595;1;1.2001239096972283E7
1499;3598;3;1.2001239096972283E7
1500;3599;1;1.2001239096972283E7
1501;3600;1;1.2001239096972283E7
1502;3602;2;1.2001239096972283E7
1503;3605;3;1.2001239096972283E7
1504;3605;0;1.2001239096972283E7
1505;3606;1;1.2001239096972283E7
1506;3607;1;1.2001239096972283E7
1507;3609;2;1.2001239096972283E7
1508;3610;1;1.2001239096972283E7
1509;3611;1;1.2001239096972283E7
1510;3614;3;1.2001239096972283E7
1511;3615;1;1.2001239096972283E7
1512;3618;3;1.2001239096972283E7
1513;3620;2;1.2001239096972283E7
1514;3623;3;1.2001239096972283E7
1515;3625;2;1.2001239096972283E7
1516;3627;2;1.2001239096972283E7
1517;3629;2;1.2001239096972283E7
1518;3630;1;1.2001239096972283E7
1519;3632;2;1.2001239096972283E7
1520;3634;2;1.2001239096972283E7
1521;3637;3;1.2001239096972283E7
1522;3639;2;1.2001239096972283E7
1523;3642;3;1.2001239096972283E7
1524;3646;4;1.2001239096972283E7
1525;3650;4;1.2001239096972283E7
1526;3652;2;1.2001239096972283E7
1527;3654;2;1.2001239096972283E7
1528;3655;1;1.2001239096972283E7
1529;3658;3;1.2001239096972283E7
1530;3659;1;1.2001239096972283E7
1531;3661;2;1.2001239096972283E7
1532;3664;3;1.2001239096972283E7
1533;3666;2;1.2001239096972283E7
1534;3667;1;1.2001239096972283E7
1535;3670;3;1.2001239096972283E7
1536;3672;2;1.2001239096972283E7
1537;3674;2;1.2001239096972283E7
1538;3677;3;1.2001239096972283E7
1539;3680;3;1.2001239096972283E7
1540;3682;2;1.2001239096972283E7
1541;3682;0;1.2001239096972283E7
1542;3684;2;1.2001239096972283E7
1543;3687;3;1.2001239096972283E7
1544;3689;2;1.2001239096972283E7
1545;3692;3;1.2001239096972283E7
1546;3692;0;1.2001239096972283E7
1547;3694;2;1.2001239096972283E7
1548;3697;3;1.2001239096972283E7
1549;3698;1;1.2001239096972283E7
1550;3701;3;1.2001239096972283E7
1551;3705;4;1.2001239096972283E7
1552;3706;1;1.2001239096972283E7
1553;3711;5;1.2001239096972283E7
1554;3713;2;1.2001239096972283E7
1555;3714;1;1.2001239096972283E7
1556;3716;2;1.2001239096972283E7
1557;3717;1;1.2001239096972283E7
1558;3720;3;1.2001239096972283E7
1559;3722;2;1.2001239096972283E7
1560;3726;4;1.2001239096972283E7
1561;3727;1;1.2001239096972283E7
1562;3729;2;1.2001239096972283E7
1563;3732;3;1.2001239096972283E7
1564;3732;0;1.2001239096972283E7
1565;3734;2;1.2001239096972283E7
1566;3736;2;1.2001239096972283E7
1567;3738;2;1.2001239096972283E7
1568;3741;3;1.2001239096972283E7
1569;3742;1;1.2001239096972283E7
1570;3744;2;1.2001239096972283E7
1571;3746;2;1.2001239096972283E7
1572;3748;2;1.2001239096972283E7
1573;3749;1;1.2001239096972283E7
1574;3750;1;1.2001239096972283E7
1575;3751;1;1.2001239096972283E7
1576;3752;1;1.2001239096972283E7
1577;3752;0;1.2001239096972283E7
1578;3754;2;1.2001239096972283E7
1579;3756;2;1.2001239096972283E7
1580;3759;3;1.2001239096972283E7
1581;3761;2;1.2001239096972283E7
1582;3764;3;1.2001239096972283E7
1583;3764;0;1.2001239096972283E7
1584;3766;2;1.2001239096972283E7
1585;3768;2;1.2001239096972283E7
1586;3771;3;1.2001239096972283E7
1587;3773;2;1.2001239096972283E7
1588;3775;2;1.2001239096972283E7
1589;3777;2;1.2001239096972283E7
1590;3779;2;1.2001239096972283E7
1591;3781;2;1.2001239096972283E7
1592;3784;3;1.2001239096972283E7
1593;3785;1;1.2001239096972283E7
1594;3788;3;1.2001239096972283E7
1595;3791;3;1.2001239096972283E7
1596;3794;3;1.2001239096972283E7
1597;3797;3;1.2001239096972283E7
1598;3800;3;1.2001239096972283E7
1599;3801;1;1.2001239096972283E7
1600;3802;1;1.2001239096972283E7
1601;3805;3;1.2001239096972283E7
1602;3809;4;1.2001239096972283E7
1603;3811;2;1.2001239096972283E7
1604;3816;5;1.2001239096972283E7
1605;3817;1;1.2001239096972283E7
1606;3819;2;1.2001239096972283E7
1607;3819;0;1.2001239096972283E7
1608;3821;2;1.2001239096972283E7
1609;3822;1;1.2001239096972283E7
1610;3822;0;1.2001239096972283E7
1611;3823;1;1.2001239096972283E7
1612;3826;3;1.2001239096972283E7
1613;3828;2;1.2001239096972283E7
1614;3831;3;1.2001239096972283E7
1615;3832;1;1.2001239096972283E7
1616;3835;3;1.2001239096972283E7
1617;3836;1;1.2001239096972283E7
1618;3838;2;1.2001239096972283E7
1619;3840;2;1.2001239096972283E7
1620;3842;2;1.2001239096972283E7
1621;3843;1;1.2001239096972283E7
1622;3844;1;1.2001239096972283E7
1623;3847;3;1.2001239096972283E7
1624;3847;0;1.2001239096972283E7
1625;3849;2;1.2001239096972283E7
1626;3851;2;1.2001239096972283E7
1627;3853;2;1.2001239096972283E7
1628;3855;2;1.2001239096972283E7
1629;3859;4;1.2001239096972283E7
1630;3859;0;1.2001239096972283E7
1631;3862;3;1.2001239096972283E7
1632;3864;2;1.2001239096972283E7
1633;3866;2;1.2001239096972283E7
1634;3870;4;1.2001239096972283E7
1635;3871;1;1.2001239096972283E7
1636;3873;2;1.2001239096972283E7
1637;3876;3;1.2001239096972283E7
1638;3879;3;1.2001239096972283E7
1639;3881;2;1.2001239096972283E7
1640;3883;2;1.2001239096972283E7
1641;3886;3;1.2001239096972283E7
1642;3889;3;1.2001239096972283E7
1643;3890;1;1.2001239096972283E7
1644;3895;5;1.2001239096972283E7
1645;3899;4;1.2001239096972283E7
1646;3905;6;1.2001239096972283E7
1647;3908;3;1.2001239096972283E7
1648;3908;0;1.2001239096972283E7
1649;3914;6;1.2001239096972283E7
1650;3916;2;1.2001239096972283E7
1651;3917;1;1.2001239096972283E7
1652;3918;1;1.2001239096972283E7
1653;3920;2;1.2001239096972283E7
1654;3922;2;1.2001239096972283E7
1655;3924;2;1.2001239096972283E7
1656;3926;2;1.2001239096972283E7
1657;3927;1;1.2001239096972283E7
1658;3929;2;1.2001239096972283E7
1659;3932;3;1.2001239096972283E7
1660;3932;0;1.2001239096972283E7
1661;3933;1;1.2001239096972283E7
1662;3934;1;1.2001239096972283E7
1663;3936;2;1.2001239096972283E7
1664;3937;1;1.2001239096972283E7
1665;3939;2;1.2001239096972283E7
1666;3942;3;1.2001239096972283E7
1667;3943;1;1.2001239096972283E7
1668;3946;3;1.2001239096972283E7
1669;3947;1;1.2001239096972283E7
1670;3950;3;1.2001239096972283E7
1671;3950;0;1.2001239096972283E7
1672;3953;3;1.2001239096972283E7
1673;3955;2;1.2001239096972283E7
1674;3958;3;1.2001239096972283E7
1675;3960;2;1.2001239096972283E7
1676;3962;2;1.2001239096972283E7
1677;3963;1;1.2001239096972283E7
1678;3965;2;1.2001239096972283E7
1679;3967;2;1.2001239096972283E7
1680;3970;3;1.2001239096972283E7
1681;3970;0;1.2001239096972283E7
1682;3972;2;1.2001239096972283E7
1683;3974;2;1.2001239096972283E7
1684;3976;2;1.2001239096972283E7
1685;3977;1;1.2001239096972283E7
1686;3978;1;1.2001239096972283E7
1687;3980;2;1.2001239096972283E7
1688;3982;2;1.2001239096972283E7
1689;3985;3;1.2001239096972283E7
1690;3988;3;1.2001239096972283E7
1691;3990;2;1.2001239096972283E7
1692;3990;0;1.2001239096972283E7
1693;3992;2;1.2001239096972283E7
1694;3995;3;1.2001239096972283E7
1695;3998;3;1.2001239096972283E7
1696;4001;3;1.2001239096972283E7
1697;4003;2;1.2001239096972283E7
1698;4006;3;1.2001239096972283E7
1699;4009;3;1.2001239096972283E7
1700;4009;0;1.2001239096972283E7
1701;4012;3;1.2001239096972283E7
1702;4015;3;1.2001239096972283E7
1703;4017;2;1.2001239096972283E7
1704;4020;3;1.2001239096972283E7
1705;4022;2;1.2001239096972283E7
1706;4024;2;1.2001239096972283E7
1707;4026;2;1.2001239096972283E7
1708;4028;2;1.2001239096972283E7
1709;4031;3;1.2001239096972283E7
1710;4034;3;1.2001239096972283E7
1711;4036;2;1.2001239096972283E7
1712;4037;1;1.2001239096972283E7
1713;4039;2;1.2001239096972283E7
1714;4042;3;1.2001239096972283E7
1715;4045;3;1.2001239096972283E7
1716;4047;2;1.2001239096972283E7
1717;4050;3;1.2001239096972283E7
1718;4052;2;1.2001239096972283E7
1719;4055;3;1.2001239096972283E7
1720;4057;2;1.2001239096972283E7
1721;4058;1;1.2001239096972283E7
1722;4060;2;1.2001239096972283E7
1723;4062;2;1.2001239096972283E7
1724;4065;3;1.2001239096972283E7
1725;4067;2;1.2001239096972283E7
1726;4067;0;1.2001239096972283E7
1727;4069;2;1.2001239096972283E7
1728;4071;2;1.2001239096972283E7
1729;4073;2;1.2001239096972283E7
1730;4075;2;1.2001239096972283E7
1731;4077;2;1.2001239096972283E7
1732;4080;3;1.2001239096972283E7
1733;4082;2;1.2001239096972283E7
1734;4086;4;1.2001239096972283E7
1735;4087;1;1.2001239096972283E7
1736;4090;3;1.2001239096972283E7
1737;4091;1;1.2001239096972283E7
1738;4094;3;1.2001239096972283E7
1739;4096;2;1.2001239096972283E7
1740;4098;2;1.2001239096972283E7
1741;4100;2;1.2001239096972283E7
1742;4102;2;1.2001239096972283E7
1743;4103;1;1.2001239096972283E7
1744;4105;2;1.2001239096972283E7
1745;4108;3;1.2001239096972283E7
1746;4110;2;1.2001239096972283E7
1747;4110;0;1.2001239096972283E7
1748;4111;1;1.2001239096972283E7
1749;4112;1;1.2001239096972283E7
1750;4115;3;1.2001239096972283E7
1751;4116;1;1.2001239096972283E7
1752;4120;4;1.2001239096972283E7
1753;4122;2;1.2001239096972283E7
1754;4123;1;1.2001239096972283E7
1755;4126;3;1.2001239096972283E7
1756;4126;0;1.2001239096972283E7
1757;4127;1;1.2001239096972283E7
1758;4129;2;1.2001239096972283E7
1759;4130;1;1.2001239096972283E7
1760;4133;3;1.2001239096972283E7
1761;4136;3;1.2001239096972283E7
1762;4138;2;1.2001239096972283E7
1763;4140;2;1.2001239096972283E7
1764;4143;3;1.2001239096972283E7
1765;4145;2;1.2001239096972283E7
1766;4148;3;1.2001239096972283E7
1767;4150;2;1.2001239096972283E7
1768;4151;1;1.2001239096972283E7
1769;4153;2;1.2001239096972283E7
1770;4155;2;1.2001239096972283E7
1771;4157;2;1.2001239096972283E7
1772;4159;2;1.2001239096972283E7
1773;4161;2;1.2001239096972283E7
1774;4162;1;1.2001239096972283E7
1775;4164;2;1.2001239096972283E7
1776;4165;1;1.2001239096972283E7
1777;4168;3;1.2001239096972283E7
1778;4170;2;1.2001239096972283E7
1779;4172;2;1.2001239096972283E7
1780;4172;0;1.2001239096972283E7
1781;4175;3;1.2001239096972283E7
1782;4178;3;1.2001239096972283E7
1783;4180;2;1.2001239096972283E7
1784;4181;1;1.2001239096972283E7
1785;4183;2;1.2001239096972283E7
1786;4183;0;1.2001239096972283E7
1787;4187;4;1.2001239096972283E7
1788;4189;2;1.2001239096972283E7
1789;4192;3;1.2001239096972283E7
1790;4195;3;1.2001239096972283E7
1791;4197;2;1.2001239096972283E7
1792;4199;2;1.2001239096972283E7
1793;4203;4;1.2001239096972283E7
1794;4205;2;1.2001239096972283E7
1795;4207;2;1.2001239096972283E7
1796;4209;2;1.2001239096972283E7
1797;4211;2;1.2001239096972283E7
1798;4214;3;1.2001239096972283E7
1799;4216;2;1.2001239096972283E7
1800;4219;3;1.2001239096972283E7
1801;4221;2;1.2001239096972283E7
1802;4223;2;1.2001239096972283E7
1803;4225;2;1.2001239096972283E7
1804;4227;2;1.2001239096972283E7
1805;4230;3;1.2001239096972283E7
1806;4232;2;1.2001239096972283E7
1807;4234;2;1.2001239096972283E7
1808;4237;3;1.2001239096972283E7
1809;4240;3;1.2001239096972283E7
1810;4242;2;1.2001239096972283E7
1811;4245;3;1.2001239096972283E7
1812;4247;2;1.2001239096972283E7
1813;4249;2;1.2001239096972283E7
1814;4249;0;1.2001239096972283E7
1815;4251;2;1.2001239096972283E7
1816;4253;2;1.2001239096972283E7
1817;4255;2;1.2001239096972283E7
1818;4257;2;1.2001239096972283E7
1819;4258;1;1.2001239096972283E7
1820;4260;2;1.2001239096972283E7
1821;4264;4;1.2001239096972283E7
1822;4266;2;1.2001239096972283E7
1823;4268;2;1.2001239096972283E7
1824;4272;4;1.2001239096972283E7
1825;4275;3;1.2001239096972283E7
1826;4276;1;1.2001239096972283E7
1827;4277;1;1.2001239096972283E7
1828;4280;3;1.2001239096972283E7
1829;4281;1;1.2001239096972283E7
1830;4285;4;1.2001239096972283E7
1831;4285;0;1.2001239096972283E7
1832;4286;1;1.2001239096972283E7
1833;4288;2;1.2001239096972283E7
1834;4290;2;1.2001239096972283E7
1835;4291;1;1.2001239096972283E7
1836;4294;3;1.2001239096972283E7
1837;4297;3;1.2001239096972283E7
1838;4299;2;1.2001239096972283E7
1839;4300;1;1.2001239096972283E7
1840;4301;1;1.2001239096972283E7
1841;4303;2;1.2001239096972283E7
1842;4306;3;1.2001239096972283E7
1843;4307;1;1.2001239096972283E7
1844;4308;1;1.2001239096972283E7
1845;4309;1;1.2001239096972283E7
1846;4311;2;1.2001239096972283E7
1847;4313;2;1.2001239096972283E7
1848;4315;2;1.2001239096972283E7
1849;4318;3;1.2001239096972283E7
1850;4321;3;1.2001239096972283E7
1851;4324;3;1.2001239096972283E7
1852;4326;2;1.2001239096972283E7
1853;4327;1;1.2001239096972283E7
1854;4328;1;1.2001239096972283E7
1855;4329;1;1.2001239096972283E7
1856;4332;3;1.2001239096972283E7
1857;4335;3;1.2001239096972283E7
1858;4337;2;1.2001239096972283E7
1859;4337;0;1.2001239096972283E7
1860;4340;3;1.2001239096972283E7
1861;4341;1;1.2001239096972283E7
1862;4342;1;1.2001239096972283E7
1863;4345;3;1.2001239096972283E7
1864;4348;3;1.2001239096972283E7
1865;4351;3;1.2001239096972283E7
1866;4353;2;1.2001239096972283E7
1867;4356;3;1.2001239096972283E7
1868;4359;3;1.2001239096972283E7
1869;4359;0;1.2001239096972283E7
1870;4361;2;1.2001239096972283E7
1871;4363;2;1.2001239096972283E7
1872;4364;1;1.2001239096972283E7
1873;4367;3;1.2001239096972283E7
1874;4369;2;1.2001239096972283E7
1875;4371;2;1.2001239096972283E7
1876;4375;4;1.2001239096972283E7
1877;4377;2;1.2001239096972283E7
1878;4379;2;1.2001239096972283E7
1879;4381;2;1.2001239096972283E7
1880;4385;4;1.2001239096972283E7
1881;4389;4;1.2001239096972283E7
1882;4392;3;1.2001239096972283E7
1883;4394;2;1.2001239096972283E7
1884;4397;3;1.2001239096972283E7
1885;4400;3;1.2001239096972283E7
1886;4401;1;1.2001239096972283E7
1887;4403;2;1.2001239096972283E7
1888;4405;2;1.2001239096972283E7
1889;4405;0;1.2001239096972283E7
1890;4407;2;1.2001239096972283E7
1891;4409;2;1.2001239096972283E7
1892;4412;3;1.2001239096972283E7
1893;4414;2;1.2001239096972283E7
1894;4415;1;1.2001239096972283E7
1895;4416;1;1.2001239096972283E7
1896;4417;1;1.2001239096972283E7
1897;4419;2;1.2001239096972283E7
1898;4422;3;1.2001239096972283E7
1899;4423;1;1.2001239096972283E7
1900;4426;3;1.2001239096972283E7
1901;4427;1;1.2001239096972283E7
1902;4429;2;1.2001239096972283E7
1903;4429;0;1.2001239096972283E7
1904;4432;3;1.2001239096972283E7
1905;4435;3;1.2001239096972283E7
1906;4437;2;1.2001239096972283E7
1907;4438;1;1.2001239096972283E7
1908;4441;3;1.2001239096972283E7
1909;4444;3;1.2001239096972283E7
1910;4446;2;1.2001239096972283E7
1911;4447;1;1.2001239096972283E7
1912;4449;2;1.2001239096972283E7
1913;4451;2;1.2001239096972283E7
1914;4452;1;1.2001239096972283E7
1915;4454;2;1.2001239096972283E7
1916;4456;2;1.2001239096972283E7
1917;4458;2;1.2001239096972283E7
1918;4460;2;1.2001239096972283E7
1919;4462;2;1.2001239096972283E7
1920;4463;1;1.2001239096972283E7
1921;4464;1;1.2001239096972283E7
1922;4464;0;1.2001239096972283E7
1923;4467;3;1.2001239096972283E7
1924;4467;0;1.2001239096972283E7
1925;4470;3;1.2001239096972283E7
1926;4472;2;1.2001239096972283E7
1927;4476;4;1.2001239096972283E7
1928;4478;2;1.2001239096972283E7
1929;4481;3;1.2001239096972283E7
1930;4483;2;1.2001239096972283E7
1931;4484;1;1.2001239096972283E7
1932;4486;2;1.2001239096972283E7
1933;4490;4;1.2001239096972283E7
1934;4491;1;1.2001239096972283E7
1935;4494;3;1.2001239096972283E7
1936;4496;2;1.2001239096972283E7
1937;4499;3;1.2001239096972283E7
1938;4502;3;1.2001239096972283E7
1939;4504;2;1.2001239096972283E7
1940;4505;1;1.2001239096972283E7
1941;4509;4;1.2001239096972283E7
1942;4512;3;1.2001239096972283E7
1943;4513;1;1.2001239096972283E7
1944;4515;2;1.2001239096972283E7
1945;4516;1;1.2001239096972283E7
1946;4518;2;1.2001239096972283E7
1947;4521;3;1.2001239096972283E7
1948;4523;2;1.2001239096972283E7
1949;4525;2;1.2001239096972283E7
1950;4527;2;1.2001239096972283E7
1951;4529;2;1.2001239096972283E7
1952;4531;2;1.2001239096972283E7
1953;4534;3;1.2001239096972283E7
1954;4536;2;1.2001239096972283E7
1955;4538;2;1.2001239096972283E7
1956;4540;2;1.2001239096972283E7
1957;4542;2;1.2001239096972283E7
1958;4544;2;1.2001239096972283E7
1959;4546;2;1.2001239096972283E7
1960;4547;1;1.2001239096972283E7
1961;4549;2;1.2001239096972283E7
1962;4551;2;1.2001239096972283E7
1963;4554;3;1.2001239096972283E7
1964;4557;3;1.2001239096972283E7
1965;4559;2;1.2001239096972283E7
1966;4560;1;1.2001239096972283E7
1967;4562;2;1.2001239096972283E7
1968;4565;3;1.2001239096972283E7
1969;4568;3;1.2001239096972283E7
1970;4571;3;1.2001239096972283E7
1971;4574;3;1.2001239096972283E7
1972;4575;1;1.2001239096972283E7
1973;4577;2;1.2001239096972283E7
1974;4581;4;1.2001239096972283E7
1975;4583;2;1.2001239096972283E7
1976;4587;4;1.2001239096972283E7
1977;4590;3;1.2001239096972283E7
1978;4593;3;1.2001239096972283E7
1979;4595;2;1.2001239096972283E7
1980;4597;2;1.2001239096972283E7
1981;4600;3;1.2001239096972283E7
1982;4604;4;1.2001239096972283E7
1983;4607;3;1.2001239096972283E7
1984;4609;2;1.2001239096972283E7
1985;4611;2;1.2001239096972283E7
1986;4613;2;1.2001239096972283E7
1987;4614;1;1.2001239096972283E7
1988;4616;2;1.2001239096972283E7
1989;4619;3;1.2001239096972283E7
1990;4621;2;1.2001239096972283E7
1991;4624;3;1.2001239096972283E7
1992;4626;2;1.2001239096972283E7
1993;4627;1;1.2001239096972283E7
1994;4630;3;1.2001239096972283E7
1995;4633;3;1.2001236787857091E7
1996;4635;2;1.2001236787857091E7
1997;4637;2;1.2001236787857091E7
1998;4639;2;1.2001236787857091E7
1999;4641;2;1.2001236787857091E7
2000;4643;2;1.2001236787857091E7
2001;4645;2;1.2001236787857091E7
2002;4645;0;1.2001236787857091E7
2003;4648;3;1.2001236787857091E7
2004;4652;4;1.2001236787857091E7
2005;4655;3;1.2001236787857091E7
2006;4657;2;1.2001236787857091E7
2007;4659;2;1.2001236787857091E7
2008;4661;2;1.2001236787857091E7
2009;4663;2;1.2001236787857091E7
2010;4664;1;1.2001236787857091E7
2011;4666;2;1.2001236787857091E7
2012;4670;4;1.2001236787857091E7
2013;4671;1;1.2001236787857091E7
2014;4672;1;1.2001236787857091E7
2015;4675;3;1.2001236787857091E7
2016;4676;1;1.2001236787857091E7
2017;4677;1;1.2001236787857091E7
2018;4678;1;1.2001236787857091E7
2019;4680;2;1.2001236787857091E7
2020;4683;3;1.2001236787857091E7
2021;4685;2;1.2001236787857091E7
2022;4687;2;1.2001236787857091E7
2023;4689;2;1.2001236787857091E7
2024;4692;3;1.2001236787857091E7
2025;4694;2;1.2001236787857091E7
2026;4695;1;1.2001236787857091E7
2027;4698;3;1.2001236787857091E7
2028;4701;3;1.2001236787857091E7
2029;4704;3;1.2001236787857091E7
2030;4706;2;1.2001236787857091E7
2031;4709;3;1.2001236787857091E7
2032;4712;3;1.2001236787857091E7
2033;4713;1;1.2001236787857091E7
2034;4716;3;1.2001236787857091E7
2035;4717;1;1.2001236787857091E7
2036;4719;2;1.2001236787857091E7
2037;4723;4;1.2001236787857091E7
2038;4726;3;1.2001236787857091E7
2039;4729;3;1.2001236787857091E7
2040;4733;4;1.2001236787857091E7
2041;4734;1;1.2001236787857091E7
2042;4737;3;1.2001236787857091E7
2043;4740;3;1.2001236787857091E7
2044;4742;2;1.2001236787857091E7
2045;4745;3;1.2001236787857091E7
2046;4747;2;1.2001236787857091E7
2047;4747;0;1.2001236787857091E7
2048;4749;2;1.2001236787857091E7
2049;4751;2;1.2001236787857091E7
2050;4753;2;1.2001236787857091E7
2051;4755;2;1.2001236787857091E7
2052;4758;3;1.2001236787857091E7
2053;4760;2;1.2001236787857091E7
2054;4762;2;1.2001236787857091E7
2055;4764;2;1.2001236787857091E7
2056;4765;1;1.2001236787857091E7
2057;4765;0;1.2001236787857091E7
2058;4768;3;1.2001236787857091E7
2059;4769;1;1.2001236787857091E7
2060;4771;2;1.2001236787857091E7
2061;4775;4;1.2001236787857091E7
2062;4778;3;1.2001236787857091E7
2063;4780;2;1.2001236787857091E7
2064;4782;2;1.2001236787857091E7
2065;4782;0;1.2001236787857091E7
2066;4784;2;1.2001236787857091E7
2067;4786;2;1.2001236787857091E7
2068;4787;1;1.2001236787857091E7
2069;4790;3;1.2001236787857091E7
2070;4792;2;1.2001236787857091E7
2071;4795;3;1.2001236787857091E7
2072;4796;1;1.2001236787857091E7
2073;4798;2;1.2001236787857091E7
2074;4801;3;1.2001236787857091E7
2075;4803;2;1.2001236787857091E7
2076;4805;2;1.2001236787857091E7
2077;4808;3;1.2001236787857091E7
2078;4809;1;1.2001236787857091E7
2079;4809;0;1.2001236787857091E7
2080;4810;1;1.2001236787857091E7
2081;4813;3;1.2001236787857091E7
2082;4813;0;1.2001236787857091E7
2083;4814;1;1.2001236787857091E7
2084;4816;2;1.2001236787857091E7
2085;4818;2;1.2001236787857091E7
2086;4819;1;1.2001236787857091E7
2087;4822;3;1.2001236787857091E7
2088;4822;0;1.2001236787857091E7
2089;4824;2;1.2001236787857091E7
2090;4826;2;1.2001236787857091E7
2091;4829;3;1.2001236787857091E7
2092;4830;1;1.2001236787857091E7
2093;4831;1;1.2001236787857091E7
2094;4835;4;1.2001236787857091E7
2095;4838;3;1.2001236787857091E7
2096;4840;2;1.2001236787857091E7
2097;4841;1;1.2001236787857091E7
2098;4843;2;1.2001236787857091E7
2099;4845;2;1.2001236787857091E7
2100;4846;1;1.2001236787857091E7
2101;4847;1;1.2001236787857091E7
2102;4849;2;1.2001236787857091E7
2103;4851;2;1.2001236787857091E7
2104;4852;1;1.2001236787857091E7
2105;4852;0;1.2001236787857091E7
2106;4853;1;1.2001236787857091E7
2107;4857;4;1.2001236787857091E7
2108;4859;2;1.2001236787857091E7
2109;4861;2;1.2001236787857091E7
2110;4864;3;1.2001236787857091E7
2111;4865;1;1.2001236787857091E7
2112;4868;3;1.2001236787857091E7
2113;4872;4;1.2001236787857091E7
2114;4875;3;1.2001236787857091E7
2115;4876;1;1.2001236787857091E7
2116;4878;2;1.2001236787857091E7
2117;4880;2;1.2001236787857091E7
2118;4882;2;1.2001236787857091E7
2119;4882;0;1.2001236787857091E7
2120;4883;1;1.2001236787857091E7
2121;4883;0;1.2001236787857091E7
2122;4885;2;1.2001236787857091E7
2123;4888;3;1.2001236787857091E7
2124;4890;2;1.2001236787857091E7
2125;4891;1;1.2001236787857091E7
2126;4896;5;1.2001236787857091E7
2127;4898;2;1.2001236787857091E7
2128;4900;2;1.2001236787857091E7
2129;4903;3;1.2001236787857091E7
2130;4904;1;1.2001236787857091E7
2131;4908;4;1.2001236787857091E7
2132;4910;2;1.2001236787857091E7
2133;4912;2;1.2001236787857091E7
2134;4915;3;1.2001236787857091E7
2135;4919;4;1.2001236787857091E7
2136;4921;2;1.2001236787857091E7
2137;4924;3;1.2001236787857091E7
2138;4924;0;1.2001236787857091E7
2139;4926;2;1.2001236787857091E7
2140;4926;0;1.2001236787857091E7
2141;4928;2;1.2001236787857091E7
2142;4930;2;1.2001236787857091E7
2143;4933;3;1.2001236787857091E7
2144;4934;1;1.2001236787857091E7
2145;4936;2;1.2001236787857091E7
2146;4938;2;1.2001236787857091E7
2147;4940;2;1.2001236787857091E7
2148;4942;2;1.2001236787857091E7
2149;4942;0;1.2001236787857091E7
2150;4944;2;1.2001236787857091E7
2151;4946;2;1.2001236787857091E7
2152;4948;2;1.2001236787857091E7
2153;4949;1;1.2001236787857091E7
2154;4952;3;1.2001236787857091E7
2155;4954;2;1.2001236787857091E7
2156;4958;4;1.2001236787857091E7
2157;4959;1;1.2001236787857091E7
2158;4961;2;1.2001236787857091E7
2159;4964;3;1.2001236787857091E7
2160;4965;1;1.2001236787857091E7
2161;4968;3;1.2001236787857091E7
2162;4968;0;1.2001236787857091E7
2163;4969;1;1.2001236787857091E7
2164;4971;2;1.2001236787857091E7
2165;4973;2;1.2001236787857091E7
2166;4975;2;1.2001236787857091E7
2167;4977;2;1.2001236787857091E7
2168;4978;1;1.2001236787857091E7
2169;4981;3;1.2001236787857091E7
2170;4983;2;1.2001236787857091E7
2171;4985;2;1.2001236787857091E7
2172;4987;2;1.2001236787857091E7
2173;4989;2;1.2001236787857091E7
2174;4991;2;1.2001236787857091E7
2175;4992;1;1.2001236787857091E7
2176;4995;3;1.2001236787857091E7
2177;4997;2;1.2001236787857091E7
2178;4998;1;1.2001236787857091E7
2179;4999;1;1.2001236787857091E7
2180;5005;6;1.2001236787857091E7
2181;5008;3;1.2001236787857091E7
2182;5009;1;1.2001236787857091E7
2183;5011;2;1.2001236787857091E7
2184;5012;1;1.2001236787857091E7
2185;5013;1;1.2001236787857091E7
2186;5016;3;1.2001236787857091E7
2187;5016;0;1.2001236787857091E7
2188;5019;3;1.2001236787857091E7
2189;5022;3;1.2001236787857091E7
2190;5025;3;1.2001236787857091E7
2191;5027;2;1.2001236787857091E7
2192;5029;2;1.2001236787857091E7
2193;5031;2;1.2001236787857091E7
2194;5034;3;1.2001236787857091E7
2195;5036;2;1.2001236787857091E7
2196;5039;3;1.2001236787857091E7
2197;5041;2;1.2001236787857091E7
2198;5042;1;1.2001236787857091E7
2199;5045;3;1.2001236787857091E7
2200;5047;2;1.2001236787857091E7
2201;5048;1;1.2001236787857091E7
2202;5049;1;1.2001236787857091E7
2203;5050;1;1.2001236787857091E7
2204;5052;2;1.2001236787857091E7
2205;5054;2;1.2001236787857091E7
2206;5055;1;1.2001236787857091E7
2207;5057;2;1.2001236787857091E7
2208;5059;2;1.2001236787857091E7
2209;5061;2;1.2001236787857091E7
2210;5062;1;1.2001236787857091E7
2211;5064;2;1.2001236787857091E7
2212;5066;2;1.2001236787857091E7
2213;5068;2;1.2001236787857091E7
2214;5070;2;1.2001236787857091E7
2215;5072;2;1.2001236787857091E7
2216;5074;2;1.2001236787857091E7
2217;5077;3;1.2001236787857091E7
2218;5078;1;1.2001236787857091E7
2219;5080;2;1.2001236787857091E7
2220;5081;1;1.2001236787857091E7
2221;5084;3;1.2001236787857091E7
2222;5086;2;1.2001236787857091E7
2223;5087;1;1.2001236787857091E7
2224;5087;0;1.2001236787857091E7
2225;5090;3;1.2001236787857091E7
2226;5092;2;1.2001236787857091E7
2227;5095;3;1.2001236787857091E7
2228;5097;2;1.2001236787857091E7
2229;5100;3;1.2001236787857091E7
2230;5102;2;1.2001236787857091E7
2231;5104;2;1.2001236787857091E7
2232;5107;3;1.2001236787857091E7
2233;5108;1;1.2001236787857091E7
2234;5111;3;1.2001236787857091E7
2235;5113;2;1.2001236787857091E7
2236;5114;1;1.2001236787857091E7
2237;5117;3;1.2001236787857091E7
2238;5120;3;1.2001236787857091E7
2239;5125;5;1.2001236787857091E7
2240;5128;3;1.2001236787857091E7
2241;5131;3;1.2001236787857091E7
2242;5135;4;1.2001236787857091E7
2243;5138;3;1.2001236787857091E7
2244;5140;2;1.2001236787857091E7
2245;5141;1;1.2001236787857091E7
2246;5144;3;1.2001236787857091E7
2247;5145;1;1.2001236787857091E7
2248;5147;2;1.2001236787857091E7
2249;5148;1;1.2001236787857091E7
2250;5150;2;1.2001236787857091E7
2251;5153;3;1.2001236787857091E7
2252;5154;1;1.2001236787857091E7
2253;5154;0;1.2001236787857091E7
2254;5155;1;1.2001236787857091E7
2255;5156;1;1.2001236787857091E7
2256;5158;2;1.2001236787857091E7
2257;5159;1;1.2001236787857091E7
2258;5161;2;1.2001236787857091E7
2259;5163;2;1.2001236787857091E7
2260;5165;2;1.2001236787857091E7
2261;5168;3;1.2001236787857091E7
2262;5169;1;1.2001236787857091E7
2263;5171;2;1.2001236787857091E7
2264;5172;1;1.2001236787857091E7
2265;5173;1;1.2001236787857091E7
2266;5176;3;1.2001236787857091E7
2267;5179;3;1.2001236787857091E7
2268;5179;0;1.2001236787857091E7
2269;5181;2;1.2001236787857091E7
2270;5183;2;1.2001236787857091E7
2271;5185;2;1.2001236787857091E7
2272;5187;2;1.2001236787857091E7
2273;5191;4;1.2001236787857091E7
2274;5193;2;1.2001236787857091E7
2275;5198;5;1.2001236787857091E7
2276;5200;2;1.2001236787857091E7
2277;5203;3;1.2001236787857091E7
2278;5206;3;1.2001236787857091E7
2279;5208;2;1.2001236787857091E7
2280;5210;2;1.2001236787857091E7
2281;5212;2;1.2001236787857091E7
2282;5214;2;1.2001236787857091E7
2283;5217;3;1.2001236787857091E7
2284;5220;3;1.2001236787857091E7
2285;5221;1;1.2001236787857091E7
2286;5223;2;1.2001236787857091E7
2287;5225;2;1.2001236787857091E7
2288;5227;2;1.2001236787857091E7
2289;5229;2;1.2001236787857091E7
2290;5232;3;1.2001236787857091E7
2291;5235;3;1.2001236787857091E7
2292;5237;2;1.2001236787857091E7
2293;5240;3;1.2001236787857091E7
2294;5242;2;1.2001236787857091E7
2295;5243;1;1.2001236787857091E7
2296;5245;2;1.2001236787857091E7
2297;5247;2;1.2001236787857091E7
2298;5248;1;1.2001236787857091E7
2299;5249;1;1.2001236787857091E7
2300;5250;1;1.2001236787857091E7
2301;5252;2;1.2001236787857091E7
2302;5253;1;1.2001236787857091E7
2303;5255;2;1.2001236787857091E7
2304;5257;2;1.2001236787857091E7
2305;5258;1;1.2001236787857091E7
2306;5261;3;1.2001236787857091E7
2307;5264;3;1.2001236787857091E7
2308;5267;3;1.2001236787857091E7
2309;5269;2;1.2001236787857091E7
2310;5271;2;1.2001236787857091E7
2311;5274;3;1.2001236787857091E7
2312;5275;1;1.2001236787857091E7
2313;5277;2;1.2001236787857091E7
2314;5279;2;1.2001236787857091E7
2315;5280;1;1.2001236787857091E7
2316;5282;2;1.2001236787857091E7
2317;5285;3;1.2001236787857091E7
2318;5285;0;1.2001236787857091E7
2319;5286;1;1.2001236787857091E7
2320;5288;2;1.2001236787857091E7
2321;5290;2;1.2001236787857091E7
2322;5292;2;1.2001236787857091E7
2323;5294;2;1.2001236787857091E7
2324;5294;0;1.2001236787857091E7
2325;5296;2;1.2001236787857091E7
2326;5298;2;1.2001236787857091E7
2327;5300;2;1.2001236787857091E7
2328;5301;1;1.2001236787857091E7
2329;5304;3;1.2001236787857091E7
2330;5305;1;1.2001236787857091E7
2331;5307;2;1.2001236787857091E7
2332;5309;2;1.2001236787857091E7
2333;5311;2;1.2001236787857091E7
2334;5314;3;1.2001236787857091E7
2335;5314;0;1.2001236787857091E7
2336;5318;4;1.2001236787857091E7
2337;5320;2;1.2001236787857091E7
2338;5324;4;1.2001236787857091E7
2339;5326;2;1.2001236787857091E7
2340;5330;4;1.2001236787857091E7
2341;5331;1;1.2001236787857091E7
2342;5331;0;1.2001236787857091E7
2343;5334;3;1.2001236787857091E7
2344;5336;2;1.2001236787857091E7
2345;5337;1;1.2001236787857091E7
2346;5339;2;1.2001236787857091E7
2347;5341;2;1.2001236787857091E7
2348;5343;2;1.2001236787857091E7
2349;5346;3;1.2001236787857091E7
2350;5347;1;1.2001236787857091E7
2351;5349;2;1.2001236787857091E7
2352;5352;3;1.2001236787857091E7
2353;5353;1;1.2001236787857091E7
2354;5355;2;1.2001236787857091E7
2355;5356;1;1.2001236787857091E7
2356;5359;3;1.2001236787857091E7
2357;5361;2;1.2001236787857091E7
2358;5363;2;1.2001236787857091E7
2359;5363;0;1.2001236787857091E7
2360;5365;2;1.2001236787857091E7
2361;5367;2;1.2001236787857091E7
2362;5368;1;1.2001236787857091E7
2363;5369;1;1.2001236787857091E7
2364;5371;2;1.2001236787857091E7
2365;5373;2;1.2001236787857091E7
2366;5374;1;1.2001236787857091E7
2367;5376;2;1.2001236787857091E7
2368;5378;2;1.2001236787857091E7
2369;5379;1;1.2001236787857091E7
2370;5381;2;1.2001236787857091E7
2371;5382;1;1.2001236787857091E7
2372;5382;0;1.2001236787857091E7
2373;5385;3;1.2001236787857091E7
2374;5386;1;1.2001236787857091E7
2375;5388;2;1.2001236787857091E7
2376;5389;1;1.2001236787857091E7
2377;5389;0;1.2001236787857091E7
2378;5392;3;1.2001236787857091E7
2379;5394;2;1.2001236787857091E7
2380;5396;2;1.2001236787857091E7
2381;5396;0;1.2001236787857091E7
2382;5401;5;1.2001236787857091E7
2383;5403;2;1.2001236787857091E7
2384;5406;3;1.2001236787857091E7
2385;5406;0;1.2001236787857091E7
2386;5407;1;1.2001236787857091E7
2387;5410;3;1.2001236787857091E7
2388;5411;1;1.2001236787857091E7
2389;5414;3;1.2001236787857091E7
2390;5416;2;1.2001236787857091E7
2391;5420;4;1.2001236787857091E7
2392;5420;0;1.2001236787857091E7
2393;5422;2;1.2001236787857091E7
2394;5424;2;1.2001236787857091E7
2395;5426;2;1.2001236787857091E7
2396;5426;0;1.2001236787857091E7
2397;5428;2;1.2001236787857091E7
2398;5429;1;1.2001236787857091E7
2399;5431;2;1.2001236787857091E7
2400;5433;2;1.2001236787857091E7
2401;5433;0;1.2001236787857091E7
2402;5434;1;1.2001236787857091E7
2403;5438;4;1.2001236787857091E7
2404;5441;3;1.2001236787857091E7
2405;5443;2;1.2001236787857091E7
2406;5446;3;1.2001236787857091E7
2407;5447;1;1.2001236787857091E7
2408;5448;1;1.2001236787857091E7
2409;5451;3;1.2001236787857091E7
2410;5454;3;1.2001236787857091E7
2411;5457;3;1.2001236787857091E7
2412;5459;2;1.2001236787857091E7
2413;5461;2;1.2001236787857091E7
2414;5464;3;1.2001236787857091E7
2415;5465;1;1.2001236787857091E7
2416;5468;3;1.2001236787857091E7
2417;5470;2;1.2001236787857091E7
2418;5472;2;1.2001236787857091E7
2419;5474;2;1.2001236787857091E7
2420;5476;2;1.2001236787857091E7
2421;5478;2;1.2001236787857091E7
2422;5480;2;1.2001236787857091E7
2423;5481;1;1.2001236787857091E7
2424;5484;3;1.2001236787857091E7
2425;5485;1;1.2001236787857091E7
2426;5488;3;1.2001236787857091E7
2427;5490;2;1.2001236787857091E7
2428;5492;2;1.2001236787857091E7
2429;5495;3;1.2001236787857091E7
2430;5497;2;1.2001236787857091E7
2431;5502;5;1.2001236787857091E7
2432;5504;2;1.2001236787857091E7
2433;5506;2;1.2001236787857091E7
2434;5508;2;1.2001236787857091E7
2435;5510;2;1.2001236787857091E7
2436;5513;3;1.2001236787857091E7
2437;5515;2;1.2001236787857091E7
2438;5519;4;1.2001236787857091E7
2439;5521;2;1.2001236787857091E7
2440;5524;3;1.2001236787857091E7
2441;5526;2;1.2001236787857091E7
2442;5528;2;1.2001236787857091E7
2443;5530;2;1.2001236787857091E7
2444;5531;1;1.2001236787857091E7
2445;5534;3;1.2001236787857091E7
2446;5536;2;1.2001208642844087E7
2447;5537;1;1.2001208642844087E7
2448;5539;2;1.2001208642844087E7
2449;5542;3;1.2001208642844087E7
2450;5544;2;1.2001208642844087E7
2451;5545;1;1.2001208642844087E7
2452;5548;3;1.2001208642844087E7
2453;5548;0;1.2001208642844087E7
2454;5549;1;1.2001208642844087E7
2455;5552;3;1.2001208642844087E7
2456;5554;2;1.2001208642844087E7
2457;5555;1;1.2001208642844087E7
2458;5558;3;1.2001208642844087E7
2459;5558;0;1.2001208642844087E7
2460;5560;2;1.2001208642844087E7
2461;5562;2;1.2001208371762184E7
2462;5565;3;1.2001208371762184E7
2463;5567;2;1.2001208371762184E7
2464;5569;2;1.2001208371762184E7
2465;5570;1;1.2001208371762184E7
2466;5573;3;1.2001208371762184E7
2467;5575;2;1.2001208371762184E7
2468;5578;3;1.2001208371762184E7
2469;5580;2;1.2001208371762184E7
2470;5582;2;1.2001208371762184E7
2471;5584;2;1.2001208371762184E7
2472;5586;2;1.2001208371762184E7
2473;5588;2;1.2001208371762184E7
2474;5591;3;1.2001208371762184E7
2475;5593;2;1.2001205680105045E7
2476;5597;4;1.2001205680105045E7
2477;5599;2;1.2001205680105045E7
2478;5602;3;1.2001205680105045E7
2479;5604;2;1.2001205680105045E7
2480;5607;3;1.2001205680105045E7
2481;5609;2;1.2001205680105045E7
2482;5609;0;1.2001205680105045E7
2483;5613;4;1.2001205680105045E7
2484;5614;1;1.2001205680105045E7
2485;5616;2;1.2001205680105045E7
2486;5619;3;1.2001205680105045E7
2487;5620;1;1.2001205680105045E7
2488;5622;2;1.2001203608652502E7
2489;5625;3;1.2001203608652502E7
2490;5626;1;1.2001203608652502E7
2491;5628;2;1.2001203608652502E7
2492;5630;2;1.2001196704343127E7
2493;5633;3;1.2001180345806593E7
2494;5635;2;1.2001180022121992E7
2495;5638;3;1.2001180022121992E7
2496;5639;1;1.2001180022121992E7
2497;5641;2;1.2001180022121992E7
2498;5643;2;1.2001180022121992E7
2499;5645;2;1.2001180022121992E7
2500;5646;1;1.2001180022121992E7
2501;5649;3;1.2001180022121992E7
2502;5650;1;1.2001180022121992E7
2503;5652;2;1.2001180022121992E7
2504;5654;2;1.200117309720731E7
2505;5655;1;1.200117309720731E7
2506;5656;1;1.2001171833830059E7
2507;5659;3;1.2001171833830059E7
2508;5660;1;1.2001171833830059E7
2509;5664;4;1.2001171833830059E7
2510;5666;2;1.2001171833830059E7
2511;5669;3;1.2001171833830059E7
2512;5671;2;1.2001171833830059E7
2513;5674;3;1.2001171833830059E7
2514;5677;3;1.2001171833830059E7
2515;5679;2;1.2001171833830059E7
2516;5682;3;1.2001171833830059E7
2517;5684;2;1.2001171833830059E7
2518;5686;2;1.2001171833830059E7
2519;5688;2;1.2001171833830059E7
2520;5690;2;1.2001171833830059E7
2521;5692;2;1.2001171833830059E7
2522;5695;3;1.2001171833830059E7
2523;5697;2;1.2001171833830059E7
2524;5698;1;1.2001171833830059E7
2525;5701;3;1.2001171833830059E7
2526;5703;2;1.2001171833830059E7
2527;5704;1;1.2001171833830059E7
2528;5706;2;1.2001171833830059E7
2529;5709;3;1.2001171833830059E7
2530;5711;2;1.2001171833830059E7
2531;5713;2;1.2001171833830059E7
2532;5714;1;1.2001171833830059E7
2533;5717;3;1.2001170495732203E7
2534;5719;2;1.2001170495732203E7
2535;5723;4;1.2001170495732203E7
2536;5724;1;1.2001169311038258E7
2537;5726;2;1.200116387713917E7
2538;5727;1;1.200116387713917E7
2539;5729;2;1.200116387713917E7
2540;5732;3;1.2001157424961608E7
2541;5735;3;1.2001154462589286E7
2542;5737;2;1.2001154462589286E7
2543;5738;1;1.2001154462589286E7
2544;5739;1;1.2001154462589286E7
2545;5744;5;1.2001154462589286E7
2546;5746;2;1.2001154462589286E7
2547;5748;2;1.2001154462589286E7
2548;5750;2;1.2001154462589286E7
2549;5751;1;1.2001154462589286E7
2550;5754;3;1.2001154462589286E7
2551;5757;3;1.2001154462589286E7
2552;5758;1;1.2001154462589286E7
2553;5761;3;1.2001148819985215E7
2554;5763;2;1.2001148819985215E7
2555;5767;4;1.2001148819985215E7
2556;5768;1;1.2001148819985215E7
2557;5770;2;1.2001148819985215E7
2558;5773;3;1.2001148819985215E7
2559;5774;1;1.2001148819985215E7
2560;5775;1;1.2001148819985215E7
2561;5779;4;1.2001148819985215E7
2562;5780;1;1.2001148819985215E7
2563;5782;2;1.2001148819985215E7
2564;5785;3;1.2001148819985215E7
2565;5788;3;1.2001148819985215E7
2566;5790;2;1.2001148819985215E7
2567;5791;1;1.2001148819985215E7
2568;5792;1;1.2001148819985215E7
2569;5793;1;1.2001148819985215E7
2570;5795;2;1.2001148819985215E7
2571;5797;2;1.2001148819985215E7
2572;5801;4;1.2001148819985215E7
2573;5802;1;1.2001148819985215E7
2574;5802;0;1.2001148819985215E7
2575;5805;3;1.200114524057554E7
2576;5805;0;1.200114524057554E7
2577;5807;2;1.200114524057554E7
2578;5810;3;1.200114524057554E7
2579;5812;2;1.200114524057554E7
2580;5814;2;1.200114524057554E7
2581;5816;2;1.200114524057554E7
2582;5818;2;1.200114524057554E7
2583;5819;1;1.200114524057554E7
2584;5820;1;1.200114524057554E7
2585;5823;3;1.200114524057554E7
2586;5825;2;1.200114524057554E7
2587;5827;2;1.200114524057554E7
2588;5830;3;1.200114524057554E7
2589;5832;2;1.200114524057554E7
2590;5834;2;1.200114524057554E7
2591;5837;3;1.200114524057554E7
2592;5838;1;1.200114524057554E7
2593;5840;2;1.200114524057554E7
2594;5842;2;1.2001143301144592E7
2595;5844;2;1.2001143301144592E7
2596;5846;2;1.2001143301144592E7
2597;5848;2;1.2001143301144592E7
2598;5849;1;1.2001143301144592E7
2599;5850;1;1.2001143301144592E7
2600;5852;2;1.2001143301144592E7
2601;5854;2;1.2001143118191488E7
2602;5856;2;1.2001143118191488E7
2603;5858;2;1.2001143118191488E7
2604;5861;3;1.2001143118191488E7
2605;5865;4;1.2001143118191488E7
2606;5865;0;1.2001143118191488E7
2607;5867;2;1.2001143118191488E7
2608;5869;2;1.2001143118191488E7
2609;5869;0;1.2001143118191488E7
2610;5871;2;1.2001143118191488E7
2611;5873;2;1.2001143118191488E7
2612;5875;2;1.2001141765906524E7
2613;5877;2;1.2001141765906524E7
2614;5880;3;1.2001141765906524E7
2615;5883;3;1.2001139716141416E7
2616;5883;0;1.2001139716141416E7
2617;5884;1;1.2001139716141416E7
2618;5887;3;1.2001139716141416E7
2619;5890;3;1.2001139716141416E7
2620;5894;4;1.2001139638420394E7
2621;5897;3;1.2001139638420394E7
2622;5899;2;1.2001139638420394E7
2623;5901;2;1.2001139638420394E7
2624;5903;2;1.2001139638420394E7
2625;5905;2;1.2001139638420394E7
2626;5906;1;1.2001139638420394E7
2627;5910;4;1.2001139638420394E7
2628;5912;2;1.2001139638420394E7
2629;5915;3;1.2001139638420394E7
2630;5918;3;1.2001139638420394E7
2631;5918;0;1.2001139638420394E7
2632;5920;2;1.2001139638420394E7
2633;5922;2;1.2001139638420394E7
2634;5926;4;1.2001139638420394E7
2635;5927;1;1.2001139638420394E7
2636;5927;0;1.2001139638420394E7
2637;5931;4;1.2001139638420394E7
2638;5933;2;1.2001139638420394E7
2639;5935;2;1.2001139638420394E7
2640;5937;2;1.2001139638420394E7
2641;5940;3;1.2001138578256894E7
2642;5942;2;1.2001138578256894E7
2643;5944;2;1.2001138578256894E7
2644;5946;2;1.2001138578256894E7
2645;5947;1;1.2001138578256894E7
2646;5949;2;1.2001138578256894E7
2647;5951;2;1.2001138578256894E7
2648;5953;2;1.2001138578256894E7
2649;5954;1;1.2001138578256894E7
2650;5956;2;1.2001138578256894E7
2651;5957;1;1.2001138578256894E7
2652;5959;2;1.2001138578256894E7
2653;5962;3;1.2001138578256894E7
2654;5965;3;1.2001138578256894E7
2655;5967;2;1.2001138578256894E7
2656;5970;3;1.2001138578256894E7
2657;5971;1;1.2001138578256894E7
2658;5972;1;1.2001138578256894E7
2659;5974;2;1.2001138578256894E7
2660;5976;2;1.2001138578256894E7
2661;5979;3;1.2001138578256894E7
2662;5982;3;1.2001138578256894E7
2663;5982;0;1.2001138578256894E7
2664;5984;2;1.2001138578256894E7
2665;5987;3;1.2001138578256894E7
2666;5989;2;1.2001138578256894E7
2667;5991;2;1.2001138578256894E7
2668;5994;3;1.1001189278214427E7
2669;5997;3;1.1001189278214427E7
2670;5999;2;1.100118662642208E7
2671;6001;2;1.100118662642208E7
2672;6003;2;1.100118662642208E7
2673;6006;3;1.100118662642208E7
2674;6008;2;1.100118662642208E7
2675;6010;2;1.1001181636157623E7
2676;6012;2;1.1001181636157623E7
2677;6013;1;1.1001181636157623E7
2678;6016;3;1.1001181636157623E7
2679;6016;0;1.1001181636157623E7
2680;6019;3;1.1001181636157623E7
2681;6020;1;1.1001181636157623E7
2682;6021;1;1.1001181636157623E7
2683;6023;2;1.1001181636157623E7
2684;6026;3;1.1001181636157623E7
2685;6028;2;1.1001181636157623E7
2686;6030;2;1.1001181636157623E7
2687;6031;1;1.1001181636157623E7
2688;6035;4;1.1001181636157623E7
2689;6037;2;1.1001181636157623E7
2690;6039;2;1.1001181636157623E7
2691;6041;2;1.1001181636157623E7
2692;6043;2;1.1001181636157623E7
2693;6045;2;1.1001181636157623E7
2694;6047;2;1.1001181636157623E7
2695;6049;2;1.1001181636157623E7
2696;6052;3;1.1001181636157623E7
2697;6054;2;1.1001181636157623E7
2698;6056;2;1.1001181636157623E7
2699;6059;3;1.1001181636157623E7
2700;6061;2;1.1001181636157623E7
2701;6062;1;1.1001181636157623E7
2702;6065;3;1.1001181636157623E7
2703;6067;2;1.1001181636157623E7
2704;6071;4;1.1001181636157623E7
2705;6075;4;1.1001181636157623E7
2706;6077;2;1.1001181636157623E7
2707;6077;0;1.1001181636157623E7
2708;6079;2;1.1001181636157623E7
2709;6080;1;1.1001181636157623E7
2710;6082;2;1.1001181636157623E7
2711;6088;6;1.1001181636157623E7
2712;6089;1;1.1001181636157623E7
2713;6090;1;1.1001181636157623E7
2714;6091;1;1.1001181636157623E7
2715;6092;1;1.1001181636157623E7
2716;6094;2;1.1001181636157623E7
2717;6096;2;1.1001181636157623E7
2718;6099;3;1.1001181636157623E7
2719;6101;2;1.1001181636157623E7
2720;6103;2;1.1001181636157623E7
2721;6103;0;1.1001181636157623E7
2722;6106;3;1.1001181636157623E7
2723;6109;3;1.1001181636157623E7
2724;6109;0;1.1001181636157623E7
2725;6112;3;1.1001181636157623E7
2726;6114;2;1.1001181636157623E7
2727;6115;1;1.1001181636157623E7
2728;6116;1;1.1001181636157623E7
2729;6118;2;1.1001181636157623E7
2730;6120;2;1.1001181636157623E7
2731;6121;1;1.1001181636157623E7
2732;6122;1;1.1001181636157623E7
2733;6125;3;1.1001181636157623E7
2734;6128;3;1.1001181636157623E7
2735;6129;1;1.1001181636157623E7
2736;6132;3;1.1001181636157623E7
2737;6135;3;1.1001181636157623E7
2738;6137;2;1.1001181636157623E7
2739;6139;2;1.1001181636157623E7
2740;6140;1;1.1001181636157623E7
2741;6141;1;1.1001181636157623E7
2742;6143;2;1.1001181636157623E7
2743;6144;1;1.1001181636157623E7
2744;6145;1;1.1001181636157623E7
2745;6149;4;1.1001181636157623E7
2746;6152;3;1.1001181636157623E7
2747;6154;2;1.1001181636157623E7
2748;6157;3;1.1001181636157623E7
2749;6159;2;1.1001181636157623E7
2750;6161;2;1.1001181636157623E7
2751;6163;2;1.1001181636157623E7
2752;6165;2;1.1001181636157623E7
2753;6167;2;1.1001181636157623E7
2754;6169;2;1.1001181636157623E7
2755;6171;2;1.1001181636157623E7
2756;6172;1;1.1001181636157623E7
2757;6175;3;1.1001181636157623E7
2758;6175;0;1.1001181636157623E7
2759;6177;2;1.1001181636157623E7
2760;6178;1;1.1001181636157623E7
2761;6181;3;1.1001181636157623E7
2762;6183;2;1.1001181636157623E7
2763;6185;2;1.1001181636157623E7
2764;6188;3;1.1001181636157623E7
2765;6190;2;1.1001181636157623E7
2766;6191;1;1.1001181636157623E7
2767;6192;1;1.1001181636157623E7
2768;6195;3;1.1001181636157623E7
2769;6198;3;1.1001181636157623E7
2770;6201;3;1.1001181636157623E7
2771;6202;1;1.1001181306747088E7
2772;6204;2;1.1001181306747088E7
2773;6204;0;1.1001181306747088E7
2774;6205;1;1.1001181306747088E7
2775;6207;2;1.1001181306747088E7
2776;6208;1;1.1001181306747088E7
2777;6208;0;1.1001181306747088E7
2778;6210;2;1.1001178083865147E7
2779;6212;2;1.1001178083865147E7
2780;6215;3;1.1001178083865147E7
2781;6216;1;1.1001178083865147E7
2782;6217;1;1.1001178083865147E7
2783;6219;2;1.1001178083865147E7
2784;6222;3;1.1001178083865147E7
2785;6224;2;1.1001178083865147E7
2786;6226;2;1.1001178083865147E7
2787;6228;2;1.1001178083865147E7
2788;6230;2;1.1001176820487894E7
2789;6232;2;1.1001176820487894E7
2790;6233;1;1.1001176820487894E7
2791;6236;3;1.1001176820487894E7
2792;6238;2;1.1001176820487894E7
2793;6240;2;1.1001176820487894E7
2794;6242;2;1.1001176820487894E7
2795;6245;3;1.1001176820487894E7
2796;6247;2;1.1001176820487894E7
2797;6248;1;1.1001176820487894E7
2798;6249;1;1.1001176820487894E7
2799;6251;2;1.1001176820487894E7
2800;6251;0;1.1001176820487894E7
2801;6254;3;1.1001176820487894E7
2802;6257;3;1.1001176820487894E7
2803;6259;2;1.1001176820487894E7
2804;6261;2;1.1001176820487894E7
2805;6262;1;1.1001176820487894E7
2806;6264;2;1.1001176820487894E7
2807;6267;3;1.1001176820487894E7
2808;6267;0;1.1001176820487894E7
2809;6270;3;1.1001176820487894E7
2810;6271;1;1.1001176820487894E7
2811;6274;3;1.1001176820487894E7
2812;6276;2;1.1001176820487894E7
2813;6278;2;1.1001176820487894E7
2814;6280;2;1.1001176820487894E7
2815;6281;1;1.1001176820487894E7
2816;6282;1;1.1001176820487894E7
2817;6284;2;1.1001176820487894E7
2818;6286;2;1.1001173632016394E7
2819;6288;2;1.1001173632016394E7
2820;6290;2;1.1001173632016394E7
2821;6292;2;1.1001173632016394E7
2822;6293;1;1.1001173632016394E7
2823;6295;2;1.1001173632016394E7
2824;6295;0;1.1001173632016394E7
2825;6298;3;1.1001173632016394E7
2826;6300;2;1.1001173632016394E7
2827;6301;1;1.1001173632016394E7
2828;6304;3;1.1001173632016394E7
2829;6304;0;1.1001173632016394E7
2830;6307;3;1.1001173632016394E7
2831;6307;0;1.1001173632016394E7
2832;6309;2;1.1001173632016394E7
2833;6311;2;1.1001173632016394E7
2834;6313;2;1.100117217788368E7
2835;6315;2;1.100117217788368E7
2836;6316;1;1.100117217788368E7
2837;6317;1;1.1001171155878913E7
2838;6319;2;1.1001171155878913E7
2839;6322;3;1.1001171155878913E7
2840;6323;1;1.1001171155878913E7
2841;6325;2;1.1001171155878913E7
2842;6329;4;1.1001171155878913E7
2843;6331;2;1.1001171155878913E7
2844;6333;2;1.1001171155878913E7
2845;6335;2;1.1001171155878913E7
2846;6335;0;1.1001171155878913E7
2847;6337;2;1.1001171155878913E7
2848;6339;2;1.1001171155878913E7
2849;6341;2;1.1001171155878913E7
2850;6343;2;1.1001171155878913E7
2851;6344;1;1.1001171155878913E7
2852;6347;3;1.1001171155878913E7
2853;6349;2;1.1001171155878913E7
2854;6351;2;1.1001171155878913E7
2855;6353;2;1.1001171155878913E7
2856;6354;1;1.1001171155878913E7
2857;6357;3;1.1001171155878913E7
2858;6360;3;1.1001171155878913E7
2859;6362;2;1.1001171155878913E7
2860;6364;2;1.1001171155878913E7
2861;6365;1;1.1001171155878913E7
2862;6367;2;1.1001171155878913E7
2863;6369;2;1.1001171155878913E7
2864;6371;2;1.1001171155878913E7
2865;6373;2;1.1001171155878913E7
2866;6379;6;1.1001171155878913E7
2867;6382;3;1.1001171155878913E7
2868;6387;5;1.1001171155878913E7
2869;6390;3;1.1001171155878913E7
2870;6392;2;1.1001171155878913E7
2871;6394;2;1.1001171155878913E7
2872;6397;3;1.1001171155878913E7
2873;6401;4;1.1001171155878913E7
2874;6403;2;1.1001171155878913E7
2875;6405;2;1.1001171155878913E7
2876;6408;3;1.1001171155878913E7
2877;6410;2;1.1001171155878913E7
2878;6411;1;1.1001171155878913E7
2879;6414;3;1.1001171155878913E7
2880;6417;3;1.1001171155878913E7
2881;6419;2;1.1001171155878913E7
2882;6421;2;1.1001171155878913E7
2883;6424;3;1.1001171155878913E7
2884;6429;5;1.1001171155878913E7
2885;6437;8;1.1001171155878913E7
2886;6441;4;1.1001171155878913E7
2887;6445;4;1.1001171155878913E7
2888;6448;3;1.1001171155878913E7
2889;6452;4;1.1001171155878913E7
2890;6455;3;1.1001171155878913E7
2891;6459;4;1.1001171155878913E7
2892;6465;6;1.1001171155878913E7
2893;6468;3;1.1001171155878913E7
2894;6471;3;1.1001171155878913E7
2895;6475;4;1.1001171155878913E7
2896;6478;3;1.1001171155878913E7
2897;6483;5;1.1001171155878913E7
2898;6485;2;1.1001171155878913E7
2899;6490;5;1.1001171155878913E7
2900;6493;3;1.1001171155878913E7
2901;6496;3;1.1001171155878913E7
2902;6497;1;1.1001171155878913E7
2903;6498;1;1.1001171155878913E7
2904;6502;4;1.1001171155878913E7
2905;6505;3;1.1001171155878913E7
2906;6509;4;1.1001171155878913E7
2907;6510;1;1.1001171155878913E7
2908;6512;2;1.1001171155878913E7
2909;6517;5;1.1001171155878913E7
2910;6520;3;1.1001171121162968E7
2911;6523;3;1.1001171121162968E7
2912;6525;2;1.1001171121162968E7
2913;6528;3;1.1001171121162968E7
2914;6531;3;1.1001171121162968E7
2915;6532;1;1.1001171121162968E7
2916;6536;4;1.1001171121162968E7
2917;6539;3;1.1001171121162968E7
2918;6542;3;1.1001171121162968E7
2919;6542;0;1.1001171121162968E7
2920;6544;2;1.100116359410243E7
2921;6546;2;1.100116359410243E7
2922;6549;3;1.100116359410243E7
2923;6552;3;1.100116359410243E7
2924;6555;3;1.100116359410243E7
2925;6557;2;1.100116359410243E7
2926;6559;2;1.100115793046653E7
2927;6561;2;1.100115793046653E7
2928;6564;3;1.100115793046653E7
2929;6566;2;1.100115793046653E7
2930;6568;2;1.100115793046653E7
2931;6570;2;1.100115793046653E7
2932;6570;0;1.100115793046653E7
2933;6571;1;1.1001153609081667E7
2934;6574;3;1.1001153609081667E7
2935;6576;2;1.1001153609081667E7
2936;6578;2;1.1001153609081667E7
2937;6579;1;1.1001153609081667E7
2938;6579;0;1.1001153609081667E7
2939;6581;2;1.1001153609081667E7
2940;6582;1;1.1001153609081667E7
2941;6584;2;1.1001153609081667E7
2942;6586;2;1.1001153609081667E7
2943;6589;3;1.1001153609081667E7
2944;6590;1;1.1001153609081667E7
2945;6592;2;1.1001153609081667E7
2946;6592;0;1.1001153609081667E7
2947;6595;3;1.1001153609081667E7
2948;6597;2;1.1001153609081667E7
2949;6599;2;1.1001153609081667E7
2950;6601;2;1.1001153609081667E7
2951;6603;2;1.1001153609081667E7
2952;6605;2;1.1001153609081667E7
2953;6607;2;1.1001153609081667E7
2954;6609;2;1.1001153609081667E7
2955;6611;2;1.1001153609081667E7
2956;6613;2;1.1001153609081667E7
2957;6615;2;1.1001145470187763E7
2958;6618;3;1.1001145470187763E7
2959;6620;2;1.1001145470187763E7
2960;6621;1;1.1001145470187763E7
2961;6623;2;1.1001145470187763E7
2962;6625;2;1.1001145470187763E7
2963;6627;2;1.1001145470187763E7
2964;6628;1;1.1001145470187763E7
2965;6628;0;1.1001145470187763E7
2966;6631;3;1.1001145470187763E7
2967;6633;2;1.1001145470187763E7
2968;6635;2;1.1001145470187763E7
2969;6635;0;1.1001145470187763E7
2970;6637;2;1.1001145470187763E7
2971;6639;2;1.1001145470187763E7
2972;6640;1;1.1001145470187763E7
2973;6642;2;1.1001145470187763E7
2974;6644;2;1.1001145470187763E7
2975;6644;0;1.1001145470187763E7
2976;6645;1;1.1001145470187763E7
2977;6647;2;1.1001145470187763E7
2978;6648;1;1.1001145470187763E7
2979;6650;2;1.1001145470187763E7
2980;6651;1;1.1001145470187763E7
2981;6652;1;1.1001144341264496E7
2982;6654;2;1.1001144341264496E7
2983;6655;1;1.1001144341264496E7
2984;6658;3;1.1001144341264496E7
2985;6660;2;1.1001144341264496E7
2986;6662;2;1.1001144341264496E7
2987;6663;1;1.1001144341264496E7
2988;6664;1;1.1001144341264496E7
2989;6666;2;1.1001144341264496E7
2990;6668;2;1.1001144341264496E7
2991;6670;2;1.1001143630396457E7
2992;6675;5;1.1001143630396457E7
2993;6676;1;1.1001143630396457E7
2994;6677;1;1.1001143630396457E7
2995;6677;0;1.1001143630396457E7
2996;6679;2;1.1001140502330163E7
2997;6680;1;1.1001140502330163E7
2998;6682;2;1.1001140502330163E7
2999;6684;2;1.1001140502330163E7
