Index;Time point [ms];Iteration length [ms];Cost
0;8;8;5002515.243013408
1;13;5;5002229.473421205
2;14;1;5002101.962367268
3;17;3;5001750.406136101
4;23;6;4001678.9032872794
5;28;5;4001678.9032872794
6;32;4;4001678.9032872794
7;35;3;4001670.161665631
8;40;5;4001401.5484431963
9;43;3;4001401.5484431963
10;49;6;4001401.5484431963
11;51;2;4001401.5484431963
12;55;4;4001401.5484431963
13;62;7;4001401.5484431963
14;71;9;4001401.5484431963
15;81;10;4001230.6335786385
16;83;2;4001210.348637119
17;87;4;4001095.363955637
18;93;6;4000960.7437937357
19;98;5;4000943.219903787
20;102;4;4000802.1858515292
21;109;7;4000735.906130081
22;114;5;4000735.906130081
23;114;0;4000735.906130081
24;118;4;4000735.906130081
25;126;8;4000735.906130081
26;128;2;4000735.906130081
27;133;5;4000735.906130081
28;138;5;4000735.906130081
29;144;6;4000735.906130081
30;150;6;4000735.906130081
31;153;3;4000735.906130081
32;159;6;4000735.906130081
33;169;10;4000735.906130081
34;178;9;4000735.906130081
35;183;5;4000735.906130081
36;185;2;4000735.906130081
37;192;7;4000735.906130081
38;201;9;4000735.906130081
39;206;5;4000735.906130081
40;207;1;4000735.906130081
41;212;5;4000735.906130081
42;217;5;4000735.906130081
43;222;5;4000735.906130081
44;230;8;4000735.906130081
45;233;3;4000735.906130081
46;234;1;4000735.906130081
47;235;1;4000735.906130081
48;245;10;4000735.906130081
49;249;4;4000735.906130081
50;255;6;4000735.906130081
51;258;3;4000735.906130081
52;261;3;4000735.906130081
53;262;1;4000735.906130081
54;269;7;4000735.906130081
55;281;12;4000735.906130081
56;287;6;4000735.906130081
57;290;3;4000735.906130081
58;295;5;4000735.906130081
59;300;5;4000735.906130081
60;303;3;4000735.906130081
61;310;7;4000735.906130081
62;314;4;4000735.906130081
63;318;4;4000735.906130081
64;318;0;4000735.906130081
65;319;1;4000735.906130081
66;322;3;4000735.906130081
67;325;3;4000735.906130081
68;327;2;4000735.906130081
69;334;7;4000735.906130081
70;339;5;4000735.906130081
71;343;4;4000735.906130081
72;348;5;4000735.906130081
73;353;5;4000735.906130081
74;354;1;4000735.906130081
75;359;5;4000735.906130081
76;375;16;4000735.906130081
77;385;10;4000735.906130081
78;395;10;4000735.906130081
79;402;7;4000735.906130081
80;408;6;4000735.906130081
81;412;4;4000735.906130081
82;413;1;4000735.906130081
83;420;7;4000735.906130081
84;429;9;4000735.906130081
85;431;2;4000735.906130081
86;437;6;4000735.906130081
87;443;6;4000735.906130081
88;447;4;4000735.906130081
89;453;6;4000735.906130081
90;461;8;4000735.906130081
91;472;11;4000735.906130081
92;478;6;4000735.906130081
93;483;5;4000735.906130081
94;487;4;4000735.906130081
95;488;1;4000735.906130081
96;494;6;4000735.906130081
97;497;3;4000735.906130081
98;501;4;4000735.906130081
99;506;5;4000735.906130081
100;511;5;4000735.906130081
101;514;3;4000735.906130081
102;517;3;4000735.906130081
103;520;3;4000735.906130081
104;527;7;4000735.906130081
105;533;6;4000735.906130081
106;537;4;4000735.906130081
107;540;3;4000735.906130081
108;544;4;4000735.906130081
109;547;3;4000735.906130081
110;552;5;4000735.906130081
111;555;3;4000735.906130081
112;563;8;4000686.6842401307
113;571;8;4000680.7838271274
114;578;7;4000680.7838271274
115;582;4;4000680.7838271274
116;588;6;4000680.7838271274
117;593;5;4000680.7838271274
118;597;4;4000680.7838271274
119;601;4;4000680.7838271274
120;604;3;4000680.7838271274
121;610;6;4000680.7838271274
122;614;4;4000680.7838271274
123;616;2;4000680.7838271274
124;620;4;4000680.7838271274
125;625;5;4000680.7838271274
126;628;3;4000680.7838271274
127;631;3;4000680.7838271274
128;633;2;4000680.7838271274
129;637;4;4000680.7838271274
130;644;7;4000680.7838271274
131;649;5;4000680.7838271274
132;654;5;4000680.7838271274
133;655;1;4000680.7838271274
134;658;3;4000680.7838271274
135;662;4;4000680.7838271274
136;663;1;4000680.7838271274
137;670;7;4000680.7838271274
138;671;1;4000680.7838271274
139;680;9;4000680.7838271274
140;684;4;4000680.7838271274
141;690;6;4000680.7838271274
142;697;7;4000680.7838271274
143;700;3;4000680.7838271274
144;706;6;4000680.7838271274
145;713;7;4000680.7838271274
146;718;5;4000680.7838271274
147;719;1;4000680.7838271274
148;723;4;4000680.7838271274
149;727;4;4000680.7838271274
150;731;4;4000680.7838271274
151;732;1;4000680.7838271274
152;736;4;4000680.7838271274
153;747;11;4000680.7838271274
154;751;4;4000680.7838271274
155;760;9;4000680.7838271274
156;767;7;4000680.7838271274
157;773;6;4000680.7838271274
158;780;7;4000680.7838271274
159;784;4;4000680.7838271274
160;790;6;4000680.7838271274
161;790;0;4000680.7838271274
162;796;6;4000680.7838271274
163;801;5;4000680.7838271274
164;807;6;4000680.7838271274
165;813;6;4000680.7838271274
166;814;1;4000680.7838271274
167;820;6;4000680.7838271274
168;825;5;4000680.7838271274
169;829;4;4000680.7838271274
170;832;3;4000680.7838271274
171;835;3;4000680.7838271274
172;842;7;4000680.7838271274
173;845;3;4000680.7838271274
174;846;1;4000680.7838271274
175;851;5;4000680.7838271274
176;856;5;4000680.7838271274
177;862;6;4000680.7838271274
178;864;2;4000680.7838271274
179;864;0;4000680.7838271274
180;868;4;4000680.7838271274
181;875;7;4000680.7838271274
182;880;5;4000680.7838271274
183;883;3;4000680.7838271274
184;890;7;4000680.7838271274
185;898;8;4000680.7838271274
186;905;7;4000680.7838271274
187;913;8;4000680.7838271274
188;916;3;4000680.7838271274
189;919;3;4000680.7838271274
190;925;6;4000680.7838271274
191;926;1;4000680.7838271274
192;929;3;4000680.7838271274
193;933;4;4000680.7838271274
194;939;6;4000680.7838271274
195;940;1;4000680.7838271274
196;944;4;4000680.7838271274
197;947;3;4000680.7838271274
198;950;3;4000680.7838271274
199;954;4;4000680.7838271274
200;958;4;4000680.7838271274
201;962;4;4000680.7838271274
202;966;4;4000680.7838271274
203;969;3;4000680.7838271274
204;977;8;4000680.7838271274
205;980;3;4000680.7838271274
206;984;4;4000680.7838271274
207;985;1;4000680.7838271274
208;986;1;4000680.7838271274
209;991;5;4000680.7838271274
210;992;1;4000680.7838271274
211;997;5;4000680.7838271274
212;1003;6;4000680.7838271274
213;1009;6;4000680.7838271274
214;1011;2;4000680.7838271274
215;1012;1;4000680.7838271274
216;1015;3;4000680.7838271274
217;1022;7;4000680.7838271274
218;1024;2;4000680.7838271274
219;1031;7;4000680.7838271274
220;1036;5;4000680.7838271274
221;1042;6;4000680.7838271274
222;1046;4;4000680.7838271274
223;1051;5;4000680.7838271274
224;1055;4;4000680.7838271274
225;1061;6;4000680.7838271274
226;1067;6;4000680.7838271274
227;1072;5;4000680.7838271274
228;1080;8;4000680.7838271274
229;1085;5;4000680.7838271274
230;1086;1;4000680.7838271274
231;1087;1;4000680.7838271274
232;1097;10;4000680.7838271274
233;1100;3;4000680.7838271274
234;1103;3;4000680.7838271274
235;1109;6;4000680.7838271274
236;1113;4;4000680.7838271274
237;1114;1;4000680.7838271274
238;1118;4;4000680.7838271274
239;1119;1;4000680.7838271274
240;1126;7;4000680.7838271274
241;1127;1;4000680.7838271274
242;1137;10;4000680.7838271274
243;1142;5;4000680.7838271274
244;1143;1;4000680.7838271274
245;1149;6;4000680.7838271274
246;1156;7;4000680.7838271274
247;1164;8;4000680.7838271274
248;1166;2;4000680.7838271274
249;1173;7;4000680.7838271274
250;1180;7;4000680.7838271274
251;1184;4;4000680.7838271274
252;1186;2;4000680.7838271274
253;1190;4;4000680.7838271274
254;1193;3;4000680.7838271274
255;1198;5;4000680.7838271274
256;1206;8;4000680.7838271274
257;1214;8;4000680.7838271274
258;1218;4;4000680.7838271274
259;1219;1;4000680.7838271274
260;1227;8;4000680.7838271274
261;1236;9;4000680.7838271274
262;1244;8;4000680.7838271274
263;1249;5;4000680.7838271274
264;1256;7;4000680.7838271274
265;1266;10;4000680.7838271274
266;1271;5;4000680.7838271274
267;1280;9;4000680.7838271274
268;1293;13;4000680.7838271274
269;1294;1;4000680.7838271274
270;1301;7;4000680.7838271274
271;1306;5;4000680.7838271274
272;1310;4;4000680.7838271274
273;1321;11;4000680.7838271274
274;1333;12;4000680.7838271274
275;1343;10;4000680.7838271274
276;1346;3;4000680.7838271274
277;1347;1;4000680.7838271274
278;1352;5;4000680.7838271274
279;1352;0;4000680.7838271274
280;1356;4;4000680.7838271274
281;1359;3;4000680.7838271274
282;1362;3;4000680.7838271274
283;1363;1;4000680.7838271274
284;1372;9;4000680.7838271274
285;1374;2;4000680.7838271274
286;1381;7;4000680.7838271274
287;1391;10;4000680.7838271274
288;1396;5;4000680.7838271274
289;1398;2;4000680.7838271274
290;1408;10;4000680.7838271274
291;1415;7;4000680.7838271274
292;1418;3;4000680.7838271274
293;1423;5;4000680.7838271274
294;1431;8;4000680.7838271274
295;1432;1;4000680.7838271274
296;1444;12;4000680.7838271274
297;1450;6;4000680.7838271274
298;1458;8;4000680.7838271274
299;1460;2;4000680.7838271274
300;1467;7;4000680.7838271274
301;1479;12;4000680.7838271274
302;1482;3;4000680.7838271274
303;1485;3;4000680.7838271274
304;1491;6;4000680.7838271274
305;1495;4;4000680.7838271274
306;1498;3;4000680.7838271274
307;1501;3;4000680.7838271274
308;1504;3;4000680.7838271274
309;1511;7;4000680.7838271274
310;1516;5;4000680.7838271274
311;1518;2;4000680.7838271274
312;1526;8;4000680.7838271274
313;1536;10;4000680.7838271274
314;1540;4;4000680.7838271274
315;1544;4;4000680.7838271274
316;1547;3;4000680.7838271274
317;1561;14;4000680.7838271274
318;1567;6;4000680.7838271274
319;1582;15;4000680.7838271274
320;1594;12;4000680.7838271274
321;1603;9;4000680.7838271274
322;1613;10;4000680.7838271274
323;1614;1;4000680.7838271274
324;1620;6;4000680.7838271274
325;1633;13;4000680.7838271274
326;1640;7;4000680.7838271274
327;1647;7;4000680.7838271274
328;1664;17;4000680.7838271274
329;1674;10;4000680.7838271274
330;1687;13;4000680.7838271274
331;1694;7;4000680.7838271274
332;1705;11;4000680.7838271274
333;1706;1;4000680.7838271274
334;1712;6;4000680.7838271274
335;1716;4;4000680.7838271274
336;1717;1;4000680.7838271274
337;1718;1;4000680.7838271274
338;1728;10;4000680.7838271274
339;1732;4;4000680.7838271274
340;1735;3;4000680.7838271274
341;1738;3;4000680.7838271274
342;1742;4;4000680.7838271274
343;1744;2;4000680.7838271274
344;1747;3;4000680.7838271274
345;1752;5;4000680.7838271274
346;1759;7;4000680.7838271274
347;1763;4;4000680.7838271274
348;1764;1;4000680.7838271274
349;1772;8;4000680.7838271274
350;1773;1;4000680.7838271274
351;1779;6;4000680.7838271274
352;1785;6;4000680.7838271274
353;1794;9;4000680.7838271274
354;1801;7;4000680.7838271274
355;1810;9;4000680.7838271274
356;1826;16;4000680.7838271274
357;1838;12;4000680.7838271274
358;1844;6;4000680.7838271274
359;1845;1;4000680.7838271274
360;1851;6;4000680.7838271274
361;1868;17;4000680.7838271274
362;1874;6;4000680.7838271274
363;1879;5;4000680.7838271274
364;1886;7;4000680.7838271274
365;1894;8;4000680.7838271274
366;1905;11;4000680.7838271274
367;1918;13;4000680.7838271274
368;1927;9;4000680.7838271274
369;1933;6;4000680.7838271274
370;1943;10;4000680.7838271274
371;1951;8;4000680.7838271274
372;1960;9;4000680.7838271274
373;1968;8;4000680.7838271274
374;1979;11;4000680.7838271274
375;1994;15;4000680.7838271274
376;1999;5;4000680.7838271274
377;2006;7;4000680.7838271274
378;2013;7;4000680.7838271274
379;2017;4;4000680.7838271274
380;2030;13;4000680.7838271274
381;2040;10;4000671.5640048273
382;2050;10;4000668.6218738602
383;2055;5;4000668.6218738602
384;2061;6;4000668.6218738602
385;2071;10;4000668.6218738602
386;2083;12;4000665.4334309115
387;2096;13;4000661.552113424
388;2102;6;4000661.552113424
389;2108;6;4000661.552113424
390;2111;3;4000661.552113424
391;2116;5;4000661.552113424
392;2122;6;4000661.552113424
393;2131;9;4000661.552113424
394;2136;5;4000661.552113424
395;2137;1;4000661.552113424
396;2146;9;4000661.552113424
397;2146;0;4000661.552113424
398;2151;5;4000661.552113424
399;2167;16;4000661.552113424
400;2175;8;4000661.552113424
401;2181;6;4000661.552113424
402;2186;5;4000661.552113424
403;2193;7;4000661.552113424
404;2194;1;4000661.552113424
405;2199;5;4000661.552113424
406;2203;4;4000661.552113424
407;2207;4;4000661.552113424
408;2210;3;4000661.552113424
409;2216;6;4000661.552113424
410;2219;3;4000661.552113424
411;2220;1;4000661.552113424
412;2225;5;4000661.552113424
413;2230;5;4000661.552113424
414;2236;6;4000661.552113424
415;2237;1;4000661.552113424
416;2244;7;4000661.552113424
417;2249;5;4000661.552113424
418;2254;5;4000661.552113424
419;2260;6;4000661.552113424
420;2270;10;4000661.552113424
421;2279;9;4000661.552113424
422;2284;5;4000661.552113424
423;2293;9;4000661.552113424
424;2301;8;4000661.552113424
425;2309;8;4000661.552113424
426;2315;6;4000661.552113424
427;2323;8;4000661.552113424
428;2328;5;4000661.552113424
429;2334;6;4000661.552113424
430;2336;2;4000661.552113424
431;2341;5;4000661.552113424
432;2345;4;4000661.552113424
433;2346;1;4000661.552113424
434;2347;1;4000661.552113424
435;2350;3;4000661.552113424
436;2351;1;4000661.552113424
437;2358;7;4000661.552113424
438;2361;3;4000661.552113424
439;2373;12;4000661.552113424
440;2382;9;4000661.552113424
441;2385;3;4000661.552113424
442;2390;5;4000661.552113424
443;2394;4;4000661.552113424
444;2399;5;4000661.552113424
445;2404;5;4000661.552113424
446;2409;5;4000661.552113424
447;2415;6;4000661.552113424
448;2415;0;4000661.552113424
449;2421;6;4000661.552113424
450;2424;3;4000661.552113424
451;2429;5;3000659.465420901
452;2433;4;3000652.575102782
453;2436;3;3000652.191988891
454;2442;6;3000652.191988891
455;2448;6;3000652.191988891
456;2453;5;3000652.191988891
457;2456;3;3000652.191988891
458;2462;6;3000652.191988891
459;2468;6;3000652.191988891
460;2471;3;3000652.191988891
461;2475;4;3000652.191988891
462;2479;4;3000652.191988891
463;2484;5;3000652.191988891
464;2488;4;3000652.191988891
465;2495;7;3000652.191988891
466;2498;3;3000652.191988891
467;2499;1;3000652.191988891
468;2505;6;3000652.191988891
469;2509;4;3000652.191988891
470;2514;5;3000652.191988891
471;2518;4;3000652.191988891
472;2524;6;3000652.191988891
473;2527;3;3000652.191988891
474;2530;3;3000652.191988891
475;2536;6;3000652.191988891
476;2541;5;3000652.191988891
477;2546;5;3000652.191988891
478;2547;1;3000652.191988891
479;2548;1;3000652.191988891
480;2552;4;3000652.191988891
481;2556;4;3000652.191988891
482;2560;4;3000652.191988891
483;2565;5;3000652.191988891
484;2569;4;3000652.191988891
485;2574;5;3000652.191988891
486;2578;4;3000652.191988891
487;2584;6;3000652.191988891
488;2586;2;3000652.191988891
489;2591;5;3000652.191988891
490;2597;6;3000652.191988891
491;2601;4;3000652.191988891
492;2606;5;3000650.659215317
493;2613;7;3000650.659215317
494;2614;1;3000650.659215317
495;2617;3;3000639.826283626
496;2618;1;3000639.826283626
497;2624;6;3000639.826283626
498;2624;0;3000639.826283626
499;2628;4;3000639.826283626
500;2632;4;3000639.826283626
501;2639;7;3000639.826283626
502;2641;2;3000639.826283626
503;2647;6;3000639.826283626
504;2653;6;3000639.826283626
505;2657;4;3000639.826283626
506;2660;3;3000639.826283626
507;2666;6;3000639.826283626
508;2672;6;3000639.826283626
509;2678;6;3000639.826283626
510;2679;1;3000639.826283626
511;2683;4;3000639.826283626
512;2684;1;3000639.826283626
513;2688;4;3000639.826283626
514;2693;5;3000639.826283626
515;2699;6;3000639.826283626
516;2703;4;3000639.826283626
517;2708;5;3000639.826283626
518;2709;1;3000639.826283626
519;2709;0;3000639.826283626
520;2715;6;3000639.826283626
521;2720;5;3000639.826283626
522;2724;4;3000639.826283626
523;2728;4;3000639.826283626
524;2730;2;3000639.826283626
525;2737;7;3000639.826283626
526;2742;5;3000639.826283626
527;2748;6;3000639.826283626
528;2752;4;3000639.826283626
529;2754;2;3000639.826283626
530;2761;7;3000639.826283626
531;2765;4;3000639.826283626
532;2768;3;3000639.826283626
533;2773;5;3000639.826283626
534;2782;9;3000639.826283626
535;2785;3;3000639.826283626
536;2788;3;3000639.826283626
537;2793;5;3000639.826283626
538;2799;6;3000639.826283626
539;2805;6;3000639.826283626
540;2811;6;3000639.826283626
541;2812;1;3000639.826283626
542;2813;1;3000639.826283626
543;2819;6;3000639.826283626
544;2824;5;3000639.826283626
545;2829;5;3000639.826283626
546;2831;2;3000639.826283626
547;2835;4;3000639.826283626
548;2843;8;3000639.826283626
549;2845;2;3000639.826283626
550;2850;5;3000639.826283626
551;2856;6;3000639.826283626
552;2862;6;3000639.826283626
553;2876;14;3000639.826283626
554;2881;5;3000639.826283626
555;2886;5;3000639.826283626
556;2891;5;3000639.826283626
557;2896;5;3000639.826283626
558;2900;4;3000639.826283626
559;2903;3;3000639.826283626
560;2908;5;3000639.826283626
561;2908;0;3000639.826283626
562;2915;7;3000639.826283626
563;2921;6;3000639.826283626
564;2926;5;3000605.8653578092
565;2932;6;3000605.8653578092
566;2939;7;3000596.280668287
567;2943;4;3000589.888472579
568;2947;4;3000589.888472579
569;2949;2;3000589.888472579
570;2954;5;3000589.888472579
571;2958;4;3000589.888472579
572;2964;6;3000589.888472579
573;2965;1;3000589.888472579
574;2973;8;3000589.888472579
575;2982;9;3000589.888472579
576;2986;4;3000589.888472579
577;2996;10;3000589.888472579
578;2997;1;3000589.888472579
579;3004;7;3000589.888472579
580;3011;7;3000589.888472579
581;3017;6;3000589.888472579
582;3025;8;3000589.888472579
583;3026;1;3000589.888472579
584;3027;1;3000589.888472579
585;3031;4;3000589.888472579
586;3037;6;3000589.888472579
587;3041;4;3000589.888472579
588;3045;4;3000589.888472579
589;3046;1;3000589.888472579
590;3049;3;3000589.888472579
591;3050;1;3000589.888472579
592;3058;8;3000589.888472579
593;3062;4;3000589.888472579
594;3067;5;3000589.888472579
595;3068;1;3000589.888472579
596;3078;10;3000589.888472579
597;3083;5;3000589.888472579
598;3093;10;3000589.888472579
599;3097;4;3000589.888472579
600;3097;0;3000589.888472579
601;3098;1;3000589.888472579
602;3102;4;3000589.888472579
603;3105;3;3000589.888472579
604;3108;3;3000589.888472579
605;3114;6;3000589.888472579
606;3119;5;3000589.888472579
607;3124;5;3000589.888472579
608;3131;7;3000589.888472579
609;3137;6;3000589.888472579
610;3142;5;3000589.888472579
611;3146;4;3000588.875962653
612;3155;9;3000588.875962653
613;3159;4;3000588.875962653
614;3166;7;3000588.875962653
615;3169;3;3000588.875962653
616;3174;5;3000588.875962653
617;3180;6;3000588.875962653
618;3184;4;3000588.875962653
619;3190;6;3000588.875962653
620;3195;5;3000588.875962653
621;3202;7;3000588.875962653
622;3209;7;3000588.875962653
623;3214;5;3000588.875962653
624;3217;3;3000588.875962653
625;3223;6;3000588.875962653
626;3229;6;3000588.875962653
627;3231;2;3000588.875962653
628;3238;7;3000588.875962653
629;3242;4;3000588.875962653
630;3248;6;3000588.875962653
631;3251;3;3000588.875962653
632;3257;6;3000588.875962653
633;3260;3;3000588.875962653
634;3263;3;3000588.875962653
635;3267;4;3000588.875962653
636;3273;6;3000588.875962653
637;3278;5;3000588.875962653
638;3282;4;3000588.875962653
639;3287;5;3000588.875962653
640;3295;8;3000588.875962653
641;3301;6;3000588.875962653
642;3309;8;3000588.875962653
643;3312;3;3000588.875962653
644;3319;7;3000588.875962653
645;3323;4;3000588.875962653
646;3326;3;3000588.875962653
647;3331;5;3000588.875962653
648;3334;3;3000588.875962653
649;3339;5;3000588.875962653
650;3344;5;3000588.875962653
651;3348;4;3000588.875962653
652;3352;4;3000588.875962653
653;3356;4;3000588.875962653
654;3359;3;3000588.875962653
655;3365;6;3000588.875962653
656;3366;1;3000588.875962653
657;3371;5;3000588.875962653
658;3374;3;3000588.875962653
659;3379;5;3000588.875962653
660;3385;6;3000588.875962653
661;3390;5;3000588.875962653
662;3396;6;3000588.875962653
663;3404;8;3000588.875962653
664;3406;2;3000588.875962653
665;3412;6;3000588.875962653
666;3415;3;3000588.875962653
667;3416;1;3000588.875962653
668;3422;6;3000588.875962653
669;3426;4;3000588.875962653
670;3433;7;3000588.875962653
671;3437;4;3000588.875962653
672;3443;6;3000588.875962653
673;3448;5;3000588.875962653
674;3455;7;3000588.875962653
675;3456;1;3000588.875962653
676;3461;5;3000588.875962653
677;3467;6;3000588.875962653
678;3474;7;3000588.875962653
679;3483;9;3000588.875962653
680;3485;2;3000588.875962653
681;3490;5;3000588.875962653
682;3495;5;3000588.875962653
683;3501;6;3000588.875962653
684;3507;6;3000588.875962653
685;3512;5;3000588.875962653
686;3515;3;3000588.875962653
687;3517;2;3000588.875962653
688;3523;6;3000588.875962653
689;3532;9;3000588.875962653
690;3535;3;3000588.875962653
691;3539;4;3000588.875962653
692;3545;6;3000588.875962653
693;3552;7;3000588.875962653
694;3555;3;3000588.875962653
695;3561;6;3000588.875962653
696;3564;3;3000588.875962653
697;3571;7;3000588.875962653
698;3575;4;3000588.875962653
699;3580;5;3000588.875962653
700;3587;7;3000588.875962653
701;3592;5;3000588.875962653
702;3594;2;3000588.875962653
703;3601;7;3000588.875962653
704;3604;3;3000588.875962653
705;3608;4;3000588.875962653
706;3609;1;3000588.875962653
707;3614;5;3000588.875962653
708;3618;4;3000588.875962653
709;3625;7;3000588.875962653
710;3628;3;3000588.875962653
711;3633;5;3000588.875962653
712;3639;6;3000588.875962653
713;3642;3;3000588.875962653
714;3648;6;3000588.875962653
715;3650;2;3000588.875962653
716;3653;3;3000588.875962653
717;3657;4;3000588.875962653
718;3658;1;3000588.875962653
719;3663;5;3000588.875962653
720;3664;1;3000588.875962653
721;3669;5;3000588.875962653
722;3672;3;3000588.875962653
723;3678;6;3000588.875962653
724;3685;7;3000588.875962653
725;3692;7;3000588.875962653
726;3697;5;3000588.875962653
727;3702;5;3000588.875962653
728;3707;5;3000588.875962653
729;3711;4;3000588.875962653
730;3714;3;3000588.875962653
731;3719;5;3000588.875962653
732;3726;7;3000588.875962653
733;3730;4;3000588.875962653
734;3733;3;3000588.875962653
735;3738;5;3000588.875962653
736;3739;1;3000588.875962653
737;3744;5;3000588.875962653
738;3748;4;3000588.875962653
739;3751;3;3000588.875962653
740;3754;3;3000588.875962653
741;3759;5;3000588.875962653
742;3762;3;3000588.875962653
743;3766;4;3000588.875962653
744;3770;4;3000588.875962653
745;3774;4;3000588.875962653
746;3776;2;3000588.875962653
747;3777;1;3000588.875962653
748;3782;5;3000588.875962653
749;3786;4;3000588.875962653
750;3790;4;3000588.875962653
751;3791;1;3000588.875962653
752;3796;5;3000588.875962653
753;3801;5;3000588.875962653
754;3808;7;3000588.875962653
755;3811;3;3000588.875962653
756;3815;4;3000588.875962653
757;3818;3;3000588.875962653
758;3822;4;3000588.875962653
759;3827;5;3000588.875962653
760;3828;1;3000588.875962653
761;3831;3;3000588.875962653
762;3835;4;3000588.875962653
763;3838;3;3000588.875962653
764;3843;5;3000588.875962653
765;3844;1;3000588.875962653
766;3850;6;3000588.875962653
767;3855;5;3000588.875962653
768;3859;4;3000588.875962653
769;3860;1;3000588.875962653
770;3860;0;3000588.875962653
771;3864;4;3000588.875962653
772;3871;7;3000588.875962653
773;3877;6;3000588.875962653
774;3882;5;3000588.875962653
775;3887;5;3000588.875962653
776;3893;6;3000588.875962653
777;3898;5;3000588.875962653
778;3906;8;3000588.875962653
779;3911;5;3000588.875962653
780;3917;6;3000588.875962653
781;3921;4;3000588.875962653
782;3923;2;3000588.875962653
783;3926;3;3000588.875962653
784;3929;3;3000588.875962653
785;3932;3;3000588.875962653
786;3937;5;3000588.875962653
787;3940;3;3000588.875962653
788;3944;4;3000588.875962653
789;3948;4;3000588.875962653
790;3953;5;3000588.875962653
791;3957;4;3000588.875962653
792;3962;5;3000588.875962653
793;3965;3;3000588.875962653
794;3968;3;3000588.875962653
795;3977;9;3000588.875962653
796;3983;6;3000588.875962653
797;3989;6;3000588.875962653
798;3993;4;3000588.875962653
799;3996;3;3000588.875962653
800;3999;3;3000588.875962653
801;4005;6;3000588.875962653
802;4008;3;3000588.875962653
803;4009;1;3000588.875962653
804;4013;4;3000588.875962653
805;4017;4;3000588.875962653
806;4022;5;3000588.875962653
807;4028;6;3000588.875962653
808;4029;1;3000588.875962653
809;4034;5;3000588.875962653
810;4039;5;3000588.875962653
811;4042;3;3000588.875962653
812;4046;4;3000588.875962653
813;4048;2;3000588.875962653
814;4053;5;3000588.875962653
815;4057;4;3000588.875962653
816;4063;6;3000588.875962653
817;4073;10;3000588.875962653
818;4081;8;3000588.875962653
819;4081;0;3000588.875962653
820;4090;9;3000588.875962653
821;4095;5;3000588.875962653
822;4096;1;3000588.875962653
823;4100;4;3000588.875962653
824;4102;2;3000588.875962653
825;4105;3;3000588.875962653
826;4108;3;3000588.875962653
827;4112;4;3000588.875962653
828;4115;3;3000588.875962653
829;4120;5;3000588.875962653
830;4126;6;3000588.875962653
831;4132;6;3000588.875962653
832;4132;0;3000588.875962653
833;4135;3;3000588.875962653
834;4139;4;3000588.875962653
835;4143;4;3000588.875962653
836;4146;3;3000588.875962653
837;4150;4;3000588.875962653
838;4157;7;3000588.875962653
839;4160;3;3000588.875962653
840;4173;13;3000588.875962653
841;4177;4;3000588.875962653
842;4182;5;3000588.875962653
843;4187;5;3000588.875962653
844;4192;5;3000588.875962653
845;4193;1;3000588.875962653
846;4198;5;3000588.875962653
847;4206;8;3000588.875962653
848;4207;1;3000588.875962653
849;4209;2;3000588.875962653
850;4212;3;3000588.875962653
851;4216;4;3000588.875962653
852;4222;6;3000588.875962653
853;4228;6;3000588.875962653
854;4239;11;3000588.875962653
855;4244;5;3000588.875962653
856;4251;7;3000588.875962653
857;4255;4;3000588.875962653
858;4261;6;3000588.875962653
859;4265;4;3000588.875962653
860;4270;5;3000588.875962653
861;4277;7;3000588.875962653
862;4281;4;3000588.875962653
863;4282;1;3000588.875962653
864;4286;4;3000588.875962653
865;4289;3;3000588.875962653
866;4296;7;3000588.875962653
867;4297;1;3000588.875962653
868;4301;4;3000588.875962653
869;4302;1;3000588.875962653
870;4302;0;3000588.875962653
871;4306;4;3000588.875962653
872;4310;4;3000588.875962653
873;4313;3;3000588.875962653
874;4314;1;3000588.875962653
875;4317;3;3000588.875962653
876;4321;4;3000588.875962653
877;4324;3;3000588.875962653
878;4329;5;3000588.875962653
879;4330;1;3000588.875962653
880;4334;4;3000588.875962653
881;4338;4;3000588.875962653
882;4341;3;3000588.875962653
883;4345;4;3000588.875962653
884;4350;5;3000588.875962653
885;4357;7;3000588.875962653
886;4362;5;3000588.875962653
887;4371;9;3000588.875962653
888;4375;4;3000588.875962653
889;4378;3;3000588.875962653
890;4381;3;3000588.875962653
891;4383;2;3000588.875962653
892;4384;1;3000588.875962653
893;4386;2;3000588.875962653
894;4391;5;3000588.875962653
895;4394;3;3000588.875962653
896;4395;1;3000588.875962653
897;4396;1;3000588.875962653
898;4398;2;3000588.875962653
899;4402;4;3000588.875962653
900;4407;5;3000588.875962653
901;4414;7;3000588.875962653
902;4418;4;3000588.875962653
903;4421;3;3000588.875962653
904;4426;5;3000588.875962653
905;4429;3;3000588.875962653
906;4433;4;3000588.875962653
907;4437;4;3000588.875962653
908;4439;2;3000588.875962653
909;4440;1;3000588.875962653
910;4446;6;3000588.875962653
911;4452;6;3000588.875962653
912;4459;7;3000588.875962653
913;4461;2;3000588.875962653
914;4466;5;3000588.875962653
915;4469;3;3000588.875962653
916;4470;1;3000588.875962653
917;4473;3;3000588.875962653
918;4480;7;3000588.875962653
919;4482;2;3000588.875962653
920;4487;5;3000588.875962653
921;4493;6;3000588.875962653
922;4497;4;3000588.875962653
923;4499;2;3000588.875962653
924;4500;1;3000588.875962653
925;4504;4;3000588.875962653
926;4507;3;3000588.875962653
927;4510;3;3000588.875962653
928;4514;4;3000588.875962653
929;4519;5;3000588.875962653
930;4520;1;3000588.875962653
931;4523;3;3000588.875962653
932;4527;4;3000588.875962653
933;4528;1;3000588.875962653
934;4533;5;3000588.875962653
935;4536;3;3000588.875962653
936;4542;6;3000588.875962653
937;4545;3;3000588.875962653
938;4546;1;3000588.875962653
939;4551;5;3000588.875962653
940;4555;4;3000588.875962653
941;4557;2;3000588.875962653
942;4560;3;3000588.875962653
943;4572;12;3000588.875962653
944;4581;9;3000588.875962653
945;4588;7;3000588.875962653
946;4589;1;3000588.875962653
947;4593;4;3000588.875962653
948;4597;4;3000588.875962653
949;4597;0;3000588.875962653
950;4602;5;3000588.875962653
951;4608;6;3000588.875962653
952;4612;4;3000588.875962653
953;4616;4;3000588.875962653
954;4620;4;3000588.875962653
955;4625;5;3000588.875962653
956;4628;3;3000588.875962653
957;4633;5;3000588.875962653
958;4641;8;3000588.875962653
959;4646;5;3000588.875962653
960;4649;3;3000588.875962653
961;4655;6;3000588.875962653
962;4659;4;3000588.875962653
963;4671;12;3000588.875962653
964;4677;6;3000588.875962653
965;4680;3;3000588.875962653
966;4687;7;3000588.875962653
967;4687;0;3000588.875962653
968;4692;5;3000588.875962653
969;4696;4;3000588.875962653
970;4700;4;3000588.875962653
971;4705;5;3000588.875962653
972;4710;5;3000588.875962653
973;4712;2;3000588.875962653
974;4715;3;3000588.875962653
975;4717;2;3000588.875962653
976;4718;1;3000588.875962653
977;4722;4;3000588.875962653
978;4726;4;3000588.875962653
979;4732;6;3000588.875962653
980;4739;7;3000588.875962653
981;4743;4;3000588.875962653
982;4747;4;3000588.875962653
983;4747;0;3000588.875962653
984;4748;1;3000588.875962653
985;4752;4;3000588.875962653
986;4753;1;3000588.875962653
987;4761;8;3000588.875962653
988;4767;6;3000588.875962653
989;4775;8;3000588.875962653
990;4778;3;3000588.875962653
991;4782;4;3000588.875962653
992;4787;5;3000588.875962653
993;4788;1;3000588.875962653
994;4791;3;3000588.875962653
995;4794;3;3000588.875962653
996;4795;1;3000588.875962653
997;4799;4;3000588.875962653
998;4800;1;3000588.875962653
999;4806;6;3000588.875962653
1000;4811;5;3000588.875962653
1001;4812;1;3000588.875962653
1002;4815;3;3000588.875962653
1003;4816;1;3000588.875962653
1004;4819;3;3000588.875962653
1005;4825;6;3000588.875962653
1006;4827;2;3000588.875962653
1007;4832;5;3000588.875962653
1008;4837;5;3000588.875962653
1009;4840;3;3000588.875962653
1010;4844;4;3000588.875962653
1011;4848;4;3000588.875962653
1012;4852;4;3000588.875962653
1013;4856;4;3000588.875962653
1014;4857;1;3000588.875962653
1015;4861;4;3000588.875962653
1016;4868;7;3000588.875962653
1017;4870;2;3000588.875962653
1018;4875;5;3000588.875962653
1019;4879;4;3000588.875962653
1020;4884;5;3000588.875962653
1021;4891;7;3000588.875962653
1022;4896;5;3000588.875962653
1023;4901;5;3000588.875962653
1024;4907;6;3000588.875962653
1025;4912;5;3000588.875962653
1026;4918;6;3000588.875962653
1027;4923;5;3000588.875962653
1028;4927;4;3000588.875962653
1029;4931;4;3000588.875962653
1030;4934;3;3000588.875962653
1031;4940;6;3000588.875962653
1032;4943;3;3000588.875962653
1033;4948;5;3000588.875962653
1034;4952;4;3000588.875962653
1035;4956;4;3000588.875962653
1036;4960;4;3000588.875962653
1037;4966;6;3000588.875962653
1038;4973;7;3000588.875962653
1039;4978;5;3000588.875962653
1040;4981;3;3000588.875962653
1041;4986;5;3000588.875962653
1042;4989;3;3000588.875962653
1043;4997;8;3000588.875962653
1044;4999;2;3000588.875962653
1045;5001;2;3000588.875962653
1046;5005;4;3000588.875962653
1047;5010;5;3000588.875962653
1048;5013;3;3000588.875962653
1049;5017;4;3000588.875962653
1050;5021;4;3000588.875962653
1051;5025;4;3000588.875962653
1052;5031;6;3000588.875962653
1053;5037;6;3000588.875962653
1054;5042;5;3000588.875962653
1055;5048;6;3000588.875962653
1056;5052;4;3000588.875962653
1057;5056;4;3000588.875962653
1058;5059;3;3000588.875962653
1059;5065;6;3000588.875962653
1060;5070;5;3000588.875962653
1061;5074;4;3000588.875962653
1062;5077;3;3000588.875962653
1063;5080;3;3000588.875962653
1064;5083;3;3000588.875962653
1065;5087;4;3000588.875962653
1066;5093;6;3000588.875962653
1067;5098;5;3000588.875962653
1068;5104;6;3000588.875962653
1069;5109;5;3000588.875962653
1070;5114;5;3000588.875962653
1071;5117;3;3000588.875962653
1072;5117;0;3000588.875962653
1073;5122;5;3000588.875962653
1074;5126;4;3000588.875962653
1075;5130;4;3000588.875962653
1076;5135;5;3000588.875962653
1077;5138;3;3000588.875962653
1078;5142;4;3000588.875962653
1079;5147;5;3000588.875962653
1080;5150;3;3000588.875962653
1081;5153;3;3000588.875962653
1082;5157;4;3000588.875962653
1083;5164;7;3000588.875962653
1084;5169;5;3000588.875962653
1085;5175;6;3000588.875962653
1086;5181;6;3000588.875962653
1087;5187;6;3000588.875962653
1088;5190;3;3000588.875962653
1089;5190;0;3000588.875962653
1090;5196;6;3000588.875962653
1091;5196;0;3000588.875962653
1092;5198;2;3000588.875962653
1093;5209;11;3000588.875962653
1094;5213;4;3000588.875962653
1095;5216;3;3000588.875962653
1096;5222;6;3000588.875962653
1097;5226;4;3000588.875962653
1098;5227;1;3000588.875962653
1099;5232;5;3000588.875962653
1100;5236;4;3000588.875962653
1101;5240;4;3000588.875962653
1102;5245;5;3000588.875962653
1103;5249;4;3000588.875962653
1104;5255;6;3000588.875962653
1105;5258;3;3000588.875962653
1106;5268;10;3000588.875962653
1107;5275;7;3000588.875962653
1108;5276;1;3000588.875962653
1109;5280;4;3000588.875962653
1110;5285;5;3000588.875962653
1111;5288;3;3000588.875962653
1112;5289;1;3000588.875962653
1113;5297;8;3000588.875962653
1114;5302;5;3000588.875962653
1115;5305;3;3000588.875962653
1116;5311;6;3000588.875962653
1117;5317;6;3000588.875962653
1118;5323;6;3000588.875962653
1119;5325;2;3000588.875962653
1120;5326;1;3000588.875962653
1121;5327;1;3000588.875962653
1122;5335;8;3000588.875962653
1123;5337;2;3000588.875962653
1124;5344;7;3000588.875962653
1125;5349;5;3000588.875962653
1126;5352;3;3000588.875962653
1127;5358;6;3000588.875962653
1128;5365;7;3000588.875962653
1129;5375;10;3000588.875962653
1130;5377;2;3000588.875962653
1131;5382;5;3000588.875962653
1132;5390;8;3000588.875962653
1133;5391;1;3000588.875962653
1134;5394;3;3000588.875962653
1135;5397;3;3000588.875962653
1136;5401;4;3000588.875962653
1137;5414;13;3000588.875962653
1138;5418;4;3000588.875962653
1139;5419;1;3000588.875962653
1140;5423;4;3000588.875962653
1141;5425;2;3000588.875962653
1142;5429;4;3000588.875962653
1143;5432;3;3000588.875962653
1144;5437;5;3000588.875962653
1145;5442;5;3000588.875962653
1146;5445;3;3000588.875962653
1147;5447;2;3000588.875962653
1148;5451;4;3000588.875962653
1149;5454;3;3000588.875962653
1150;5458;4;3000588.875962653
1151;5467;9;3000588.875962653
1152;5473;6;3000588.875962653
1153;5478;5;3000588.875962653
1154;5481;3;3000588.875962653
1155;5482;1;3000588.875962653
1156;5489;7;3000588.875962653
1157;5492;3;3000588.875962653
1158;5497;5;3000588.875962653
1159;5497;0;3000588.875962653
1160;5503;6;3000588.875962653
1161;5504;1;3000588.875962653
1162;5504;0;3000588.875962653
1163;5505;1;3000588.875962653
1164;5506;1;3000588.875962653
1165;5508;2;3000588.875962653
1166;5509;1;3000588.875962653
1167;5512;3;3000588.875962653
1168;5516;4;3000588.875962653
1169;5519;3;3000588.875962653
1170;5523;4;3000588.875962653
1171;5526;3;3000588.875962653
1172;5527;1;3000588.875962653
1173;5528;1;3000588.875962653
1174;5531;3;3000588.875962653
1175;5536;5;3000588.875962653
1176;5537;1;3000588.875962653
1177;5540;3;3000588.875962653
1178;5545;5;3000588.875962653
1179;5546;1;3000588.875962653
1180;5551;5;3000588.875962653
1181;5554;3;3000588.875962653
1182;5559;5;3000588.875962653
1183;5563;4;3000588.875962653
1184;5566;3;3000588.875962653
1185;5570;4;3000588.875962653
1186;5572;2;3000588.875962653
1187;5576;4;3000588.875962653
1188;5584;8;3000588.875962653
1189;5587;3;3000588.875962653
1190;5590;3;3000588.875962653
1191;5595;5;3000588.875962653
1192;5595;0;3000588.875962653
1193;5601;6;3000588.875962653
1194;5607;6;3000588.875962653
1195;5611;4;3000588.875962653
1196;5612;1;3000588.875962653
1197;5615;3;3000588.875962653
1198;5621;6;3000588.875962653
1199;5622;1;3000588.875962653
1200;5625;3;3000588.875962653
1201;5629;4;3000588.875962653
1202;5634;5;3000588.875962653
1203;5641;7;3000588.875962653
1204;5645;4;3000588.875962653
1205;5646;1;3000588.875962653
1206;5649;3;3000588.875962653
1207;5653;4;3000588.875962653
1208;5658;5;3000588.875962653
1209;5661;3;3000588.875962653
1210;5668;7;3000588.875962653
1211;5668;0;3000588.875962653
1212;5669;1;3000588.875962653
1213;5671;2;3000588.875962653
1214;5673;2;3000588.875962653
1215;5676;3;3000588.875962653
1216;5680;4;3000588.875962653
1217;5682;2;3000588.875962653
1218;5688;6;3000588.875962653
1219;5689;1;3000588.875962653
1220;5697;8;3000588.875962653
1221;5699;2;3000588.875962653
1222;5705;6;3000588.875962653
1223;5710;5;3000588.875962653
1224;5716;6;3000588.875962653
1225;5723;7;3000588.875962653
1226;5729;6;3000588.875962653
1227;5735;6;3000588.875962653
1228;5739;4;3000588.875962653
1229;5739;0;3000588.875962653
1230;5744;5;3000588.875962653
1231;5752;8;3000588.875962653
1232;5758;6;3000588.875962653
1233;5763;5;3000588.875962653
1234;5765;2;3000588.875962653
1235;5769;4;3000588.875962653
1236;5773;4;3000588.875962653
1237;5777;4;3000588.875962653
1238;5782;5;3000588.875962653
1239;5786;4;3000588.875962653
1240;5790;4;3000588.875962653
1241;5793;3;3000588.875962653
1242;5794;1;3000588.875962653
1243;5800;6;3000588.875962653
1244;5806;6;3000588.875962653
1245;5809;3;3000588.875962653
1246;5810;1;3000588.875962653
1247;5811;1;3000588.875962653
1248;5817;6;3000588.875962653
1249;5823;6;3000588.875962653
1250;5823;0;3000588.875962653
1251;5828;5;3000588.875962653
1252;5832;4;3000588.875962653
1253;5838;6;3000588.875962653
1254;5845;7;3000588.875962653
1255;5848;3;3000588.875962653
1256;5854;6;3000588.875962653
1257;5858;4;3000588.875962653
1258;5862;4;3000588.875962653
1259;5862;0;3000588.875962653
1260;5869;7;3000588.875962653
1261;5872;3;3000588.875962653
1262;5875;3;3000588.875962653
1263;5881;6;3000588.875962653
1264;5886;5;3000588.875962653
1265;5889;3;3000588.875962653
1266;5895;6;3000588.875962653
1267;5899;4;3000588.875962653
1268;5903;4;3000588.875962653
1269;5907;4;3000588.875962653
1270;5909;2;3000588.875962653
1271;5914;5;3000588.875962653
1272;5917;3;3000588.875962653
1273;5922;5;3000588.875962653
1274;5926;4;3000588.875962653
1275;5926;0;3000588.875962653
1276;5929;3;3000588.875962653
1277;5929;0;3000588.875962653
1278;5934;5;3000588.875962653
1279;5937;3;3000588.875962653
1280;5943;6;3000588.875962653
1281;5948;5;3000588.875962653
1282;5952;4;3000588.875962653
1283;5956;4;3000588.875962653
1284;5959;3;3000588.875962653
1285;5965;6;3000588.875962653
1286;5969;4;3000588.875962653
1287;5969;0;3000588.875962653
1288;5975;6;3000588.875962653
1289;5978;3;3000588.875962653
1290;5981;3;3000588.875962653
1291;5985;4;3000588.875962653
1292;5988;3;3000588.875962653
1293;5991;3;3000588.875962653
1294;5994;3;3000588.875962653
1295;5998;4;3000588.875962653
1296;5998;0;3000588.875962653
1297;6000;2;3000588.875962653
1298;6004;4;3000588.875962653
1299;6012;8;3000588.875962653
1300;6018;6;3000588.875962653
1301;6026;8;3000588.875962653
1302;6031;5;3000588.875962653
1303;6034;3;3000588.875962653
1304;6039;5;3000588.875962653
1305;6044;5;3000588.875962653
1306;6051;7;3000588.875962653
1307;6052;1;3000588.875962653
1308;6055;3;3000588.875962653
1309;6059;4;3000588.875962653
1310;6064;5;3000588.875962653
1311;6070;6;3000588.875962653
1312;6074;4;3000588.875962653
1313;6076;2;3000588.875962653
1314;6085;9;3000588.875962653
1315;6088;3;3000588.875962653
1316;6094;6;3000588.875962653
1317;6099;5;3000588.875962653
1318;6104;5;3000588.875962653
1319;6105;1;3000588.875962653
1320;6110;5;3000588.875962653
1321;6111;1;3000588.875962653
1322;6116;5;3000588.875962653
1323;6117;1;3000588.875962653
1324;6123;6;3000588.875962653
1325;6129;6;3000588.875962653
1326;6133;4;3000588.875962653
1327;6139;6;3000588.875962653
1328;6140;1;3000588.875962653
1329;6146;6;3000588.875962653
1330;6149;3;3000588.875962653
1331;6154;5;3000588.875962653
1332;6160;6;3000588.875962653
1333;6165;5;3000588.875962653
1334;6169;4;3000588.875962653
1335;6172;3;3000588.875962653
1336;6173;1;3000588.875962653
1337;6176;3;3000588.875962653
1338;6181;5;3000588.875962653
1339;6184;3;3000588.875962653
1340;6189;5;3000588.875962653
1341;6190;1;3000588.875962653
1342;6191;1;3000588.875962653
1343;6196;5;3000588.875962653
1344;6202;6;3000588.875962653
1345;6204;2;3000588.875962653
1346;6208;4;3000588.875962653
1347;6210;2;3000588.875962653
1348;6215;5;3000588.875962653
1349;6216;1;3000588.875962653
1350;6221;5;3000588.875962653
1351;6228;7;3000588.875962653
1352;6234;6;3000588.875962653
1353;6238;4;3000588.875962653
1354;6242;4;3000588.875962653
1355;6247;5;3000588.875962653
1356;6251;4;3000588.875962653
1357;6256;5;3000588.875962653
1358;6260;4;3000588.875962653
1359;6261;1;3000588.875962653
1360;6266;5;3000588.875962653
1361;6267;1;3000588.875962653
1362;6273;6;3000588.875962653
1363;6274;1;3000588.875962653
1364;6278;4;3000588.875962653
1365;6279;1;3000588.875962653
1366;6283;4;3000588.875962653
1367;6290;7;3000588.875962653
1368;6293;3;3000588.875962653
1369;6296;3;3000588.875962653
1370;6297;1;3000588.875962653
1371;6302;5;3000588.875962653
1372;6307;5;3000588.875962653
1373;6312;5;3000588.875962653
1374;6317;5;3000588.875962653
1375;6317;0;3000588.875962653
1376;6322;5;3000588.875962653
1377;6323;1;3000588.875962653
1378;6328;5;3000588.875962653
1379;6333;5;3000588.875962653
1380;6338;5;3000588.875962653
1381;6343;5;3000588.875962653
1382;6348;5;3000588.875962653
1383;6352;4;3000588.875962653
1384;6356;4;3000588.875962653
1385;6357;1;3000588.875962653
1386;6361;4;3000588.875962653
1387;6365;4;3000588.875962653
1388;6371;6;3000588.875962653
1389;6376;5;3000588.875962653
1390;6382;6;3000588.875962653
1391;6385;3;3000588.875962653
1392;6388;3;3000588.875962653
1393;6393;5;3000588.875962653
1394;6394;1;3000588.875962653
1395;6399;5;3000588.875962653
1396;6406;7;3000588.875962653
1397;6411;5;3000588.875962653
1398;6417;6;3000588.875962653
1399;6421;4;3000588.875962653
1400;6423;2;3000588.875962653
1401;6426;3;3000588.875962653
1402;6432;6;3000588.875962653
1403;6436;4;3000588.875962653
1404;6442;6;3000588.875962653
1405;6445;3;3000588.875962653
1406;6450;5;3000588.875962653
1407;6455;5;3000588.875962653
1408;6458;3;3000588.875962653
1409;6462;4;3000588.875962653
1410;6466;4;3000588.875962653
1411;6470;4;3000588.875962653
1412;6473;3;3000588.875962653
1413;6474;1;3000588.875962653
1414;6475;1;3000588.875962653
1415;6479;4;3000588.875962653
1416;6483;4;3000588.875962653
1417;6488;5;3000588.875962653
1418;6492;4;3000588.875962653
1419;6498;6;3000588.875962653
1420;6499;1;3000588.875962653
1421;6505;6;3000588.875962653
1422;6509;4;3000588.875962653
1423;6513;4;3000588.875962653
1424;6519;6;3000588.875962653
1425;6527;8;3000588.875962653
1426;6530;3;3000588.875962653
1427;6531;1;3000588.875962653
1428;6538;7;3000588.875962653
1429;6540;2;3000588.875962653
1430;6543;3;3000588.875962653
1431;6548;5;3000588.875962653
1432;6552;4;3000588.875962653
1433;6554;2;3000588.875962653
1434;6557;3;3000588.875962653
1435;6561;4;3000588.875962653
1436;6566;5;3000588.875962653
1437;6571;5;3000588.875962653
1438;6577;6;3000588.875962653
1439;6581;4;3000588.875962653
1440;6585;4;3000588.875962653
1441;6594;9;3000588.875962653
1442;6598;4;3000588.875962653
1443;6602;4;3000588.875962653
1444;6609;7;3000588.875962653
1445;6615;6;3000588.875962653
1446;6617;2;3000588.875962653
1447;6621;4;3000588.875962653
1448;6625;4;3000588.875962653
1449;6629;4;3000588.875962653
1450;6629;0;3000588.875962653
1451;6637;8;3000588.875962653
1452;6642;5;3000588.875962653
1453;6647;5;3000588.875962653
1454;6652;5;3000588.875962653
1455;6652;0;3000588.875962653
1456;6657;5;3000588.875962653
1457;6657;0;3000588.875962653
1458;6658;1;3000588.875962653
1459;6663;5;3000588.875962653
1460;6667;4;3000588.875962653
1461;6674;7;3000588.875962653
1462;6677;3;3000588.875962653
1463;6680;3;3000588.875962653
1464;6681;1;3000588.875962653
1465;6685;4;3000588.875962653
1466;6686;1;3000588.875962653
1467;6687;1;3000588.875962653
1468;6690;3;3000588.875962653
1469;6695;5;3000588.875962653
1470;6698;3;3000588.875962653
1471;6703;5;3000588.875962653
1472;6708;5;3000588.875962653
1473;6709;1;3000588.875962653
1474;6710;1;3000588.875962653
1475;6715;5;3000588.875962653
1476;6718;3;3000588.875962653
1477;6721;3;3000588.875962653
1478;6723;2;3000588.875962653
1479;6727;4;3000588.875962653
1480;6732;5;3000588.875962653
1481;6734;2;3000588.875962653
1482;6739;5;3000588.875962653
1483;6739;0;3000588.875962653
1484;6741;2;3000588.875962653
1485;6746;5;3000588.875962653
1486;6749;3;3000588.875962653
1487;6754;5;3000588.875962653
1488;6759;5;3000588.875962653
1489;6763;4;3000588.875962653
1490;6764;1;3000588.875962653
1491;6767;3;3000588.875962653
1492;6771;4;3000588.875962653
1493;6773;2;3000588.875962653
1494;6775;2;3000588.875962653
1495;6776;1;3000588.875962653
1496;6779;3;3000588.875962653
1497;6781;2;3000588.875962653
1498;6787;6;3000588.875962653
1499;6790;3;3000588.875962653
1500;6796;6;3000588.875962653
1501;6801;5;3000588.875962653
1502;6806;5;3000588.875962653
1503;6810;4;3000588.875962653
1504;6814;4;3000588.875962653
1505;6818;4;3000588.875962653
1506;6824;6;3000588.875962653
1507;6828;4;3000588.875962653
1508;6831;3;3000588.875962653
1509;6835;4;3000588.875962653
1510;6838;3;3000588.875962653
1511;6843;5;3000588.875962653
1512;6849;6;3000588.875962653
1513;6852;3;3000588.875962653
1514;6855;3;3000588.875962653
1515;6857;2;3000588.875962653
1516;6862;5;3000588.875962653
1517;6866;4;3000588.875962653
1518;6872;6;3000588.875962653
1519;6880;8;3000588.875962653
1520;6887;7;3000588.875962653
1521;6893;6;3000588.875962653
1522;6898;5;3000588.875962653
1523;6905;7;3000588.875962653
1524;6912;7;3000588.875962653
1525;6916;4;3000588.875962653
1526;6916;0;3000588.875962653
1527;6922;6;3000588.875962653
1528;6925;3;3000588.875962653
1529;6929;4;3000588.875962653
1530;6932;3;3000588.875962653
1531;6934;2;3000588.875962653
1532;6939;5;3000588.875962653
1533;6942;3;3000588.875962653
1534;6947;5;3000588.875962653
1535;6950;3;3000588.875962653
1536;6954;4;3000588.875962653
1537;6959;5;3000588.875962653
1538;6964;5;3000588.875962653
1539;6967;3;3000588.875962653
1540;6972;5;3000588.875962653
1541;6974;2;3000588.875962653
1542;6979;5;3000588.875962653
1543;6980;1;3000588.875962653
1544;6983;3;3000588.875962653
1545;6988;5;3000588.875962653
1546;6993;5;3000588.875962653
1547;6999;6;3000588.875962653
1548;7003;4;3000588.875962653
1549;7007;4;3000588.875962653
1550;7013;6;3000588.875962653
1551;7016;3;3000588.875962653
1552;7020;4;3000588.875962653
1553;7023;3;3000588.875962653
1554;7024;1;3000588.875962653
1555;7030;6;3000588.875962653
1556;7034;4;3000588.875962653
1557;7038;4;3000588.875962653
1558;7041;3;3000588.875962653
1559;7048;7;3000588.875962653
1560;7054;6;3000588.875962653
1561;7057;3;3000588.875962653
1562;7060;3;3000588.875962653
1563;7069;9;3000588.875962653
1564;7073;4;3000588.875962653
1565;7079;6;3000588.875962653
1566;7080;1;3000588.875962653
1567;7084;4;3000588.875962653
1568;7087;3;3000588.875962653
1569;7088;1;3000588.875962653
1570;7089;1;3000588.875962653
1571;7095;6;3000588.875962653
1572;7103;8;3000588.875962653
1573;7106;3;3000588.875962653
1574;7113;7;3000588.875962653
1575;7117;4;3000588.875962653
1576;7122;5;3000588.875962653
1577;7125;3;3000588.875962653
1578;7130;5;3000588.875962653
1579;7133;3;3000588.875962653
1580;7137;4;3000588.875962653
1581;7143;6;3000588.875962653
1582;7146;3;3000588.875962653
1583;7152;6;3000588.875962653
1584;7156;4;3000588.875962653
1585;7160;4;3000588.875962653
1586;7167;7;3000588.875962653
1587;7171;4;3000588.875962653
1588;7174;3;3000588.875962653
1589;7178;4;3000588.875962653
1590;7181;3;3000588.875962653
1591;7186;5;3000588.875962653
1592;7192;6;3000588.875962653
1593;7193;1;3000588.875962653
1594;7196;3;3000588.875962653
1595;7199;3;3000588.875962653
1596;7206;7;3000588.875962653
1597;7209;3;3000588.875962653
1598;7210;1;3000588.875962653
1599;7214;4;3000588.875962653
1600;7216;2;3000588.875962653
1601;7222;6;3000588.875962653
1602;7225;3;3000588.875962653
1603;7230;5;3000588.875962653
1604;7232;2;3000588.875962653
1605;7236;4;3000588.875962653
1606;7241;5;3000588.875962653
1607;7245;4;3000588.875962653
1608;7248;3;3000588.875962653
1609;7254;6;3000588.875962653
1610;7260;6;3000588.875962653
1611;7263;3;3000588.875962653
1612;7267;4;3000588.875962653
1613;7271;4;3000588.875962653
1614;7276;5;3000588.875962653
1615;7277;1;3000588.875962653
1616;7281;4;3000588.875962653
1617;7286;5;3000588.875962653
1618;7289;3;3000588.875962653
1619;7294;5;3000588.875962653
1620;7298;4;3000588.875962653
1621;7299;1;3000588.875962653
1622;7302;3;3000588.875962653
1623;7307;5;3000588.875962653
1624;7309;2;3000588.875962653
1625;7311;2;3000588.875962653
1626;7312;1;3000588.875962653
1627;7314;2;3000588.875962653
1628;7314;0;3000588.875962653
1629;7318;4;3000588.875962653
1630;7323;5;3000588.875962653
1631;7327;4;3000588.875962653
1632;7331;4;3000588.875962653
1633;7336;5;3000588.875962653
1634;7340;4;3000588.875962653
1635;7344;4;3000588.875962653
1636;7346;2;3000588.875962653
1637;7346;0;3000588.875962653
1638;7351;5;3000588.875962653
1639;7354;3;3000588.875962653
1640;7358;4;3000588.875962653
1641;7362;4;3000588.875962653
1642;7365;3;3000588.875962653
1643;7367;2;3000588.875962653
1644;7370;3;3000588.875962653
1645;7374;4;3000588.875962653
1646;7379;5;3000588.875962653
1647;7381;2;3000588.875962653
1648;7386;5;3000588.875962653
1649;7392;6;3000588.875962653
1650;7393;1;3000588.875962653
1651;7396;3;3000588.875962653
1652;7401;5;3000588.875962653
1653;7404;3;3000588.875962653
1654;7409;5;3000588.875962653
1655;7412;3;3000588.875962653
1656;7413;1;3000588.875962653
1657;7416;3;3000588.875962653
1658;7421;5;3000588.875962653
1659;7425;4;3000588.875962653
1660;7428;3;3000588.875962653
1661;7433;5;3000588.875962653
1662;7436;3;3000588.875962653
1663;7441;5;3000588.875962653
1664;7442;1;3000588.875962653
1665;7449;7;3000588.875962653
1666;7453;4;3000588.875962653
1667;7459;6;3000588.875962653
1668;7460;1;3000588.875962653
1669;7463;3;3000588.875962653
1670;7468;5;3000588.875962653
1671;7471;3;3000588.875962653
1672;7475;4;3000588.875962653
1673;7480;5;3000588.875962653
1674;7483;3;3000588.875962653
1675;7488;5;3000588.875962653
1676;7491;3;3000588.875962653
1677;7492;1;3000588.875962653
1678;7495;3;3000588.875962653
1679;7498;3;3000588.875962653
1680;7502;4;3000588.875962653
1681;7507;5;3000588.875962653
1682;7510;3;3000588.875962653
1683;7515;5;3000588.875962653
1684;7518;3;3000588.875962653
1685;7522;4;3000588.875962653
1686;7525;3;3000588.875962653
1687;7531;6;3000588.875962653
1688;7536;5;3000588.875962653
1689;7539;3;3000588.875962653
1690;7541;2;3000588.875962653
1691;7544;3;3000588.875962653
1692;7548;4;3000588.875962653
1693;7554;6;3000588.875962653
1694;7557;3;3000588.875962653
1695;7558;1;3000588.875962653
1696;7562;4;3000588.875962653
1697;7567;5;3000588.875962653
1698;7570;3;3000588.875962653
1699;7572;2;3000588.875962653
1700;7578;6;3000588.875962653
1701;7583;5;3000588.875962653
1702;7585;2;3000588.875962653
1703;7589;4;3000588.875962653
1704;7593;4;3000588.875962653
1705;7597;4;3000588.875962653
1706;7600;3;3000588.875962653
1707;7605;5;3000588.875962653
1708;7609;4;3000588.875962653
1709;7613;4;3000588.875962653
1710;7618;5;3000588.875962653
1711;7621;3;3000588.875962653
1712;7627;6;3000588.875962653
1713;7632;5;3000588.875962653
1714;7635;3;3000588.875962653
1715;7639;4;3000588.875962653
1716;7640;1;3000588.875962653
1717;7644;4;3000588.875962653
1718;7645;1;3000588.875962653
1719;7646;1;3000588.875962653
1720;7653;7;3000588.875962653
1721;7657;4;3000588.875962653
1722;7661;4;3000588.875962653
1723;7667;6;3000588.875962653
1724;7672;5;3000588.875962653
1725;7676;4;3000588.875962653
1726;7680;4;3000588.875962653
1727;7681;1;3000588.875962653
1728;7682;1;3000588.875962653
1729;7688;6;3000588.875962653
1730;7692;4;3000588.875962653
1731;7696;4;3000588.875962653
1732;7697;1;3000588.875962653
1733;7698;1;3000588.875962653
1734;7703;5;3000588.875962653
1735;7709;6;3000588.875962653
1736;7713;4;3000588.875962653
1737;7719;6;3000588.875962653
1738;7723;4;3000588.875962653
1739;7729;6;3000588.875962653
1740;7733;4;3000588.875962653
1741;7738;5;3000588.875962653
1742;7743;5;3000588.875962653
1743;7745;2;3000588.875962653
1744;7749;4;3000588.875962653
1745;7755;6;3000588.875962653
1746;7761;6;3000588.875962653
1747;7766;5;3000588.875962653
1748;7770;4;3000588.875962653
1749;7773;3;3000588.875962653
1750;7774;1;3000588.875962653
1751;7780;6;3000588.875962653
1752;7784;4;3000588.875962653
1753;7788;4;3000588.875962653
1754;7792;4;3000588.875962653
1755;7797;5;3000588.875962653
1756;7798;1;3000588.875962653
1757;7803;5;3000588.875962653
1758;7806;3;3000588.875962653
1759;7812;6;3000588.875962653
1760;7816;4;3000588.875962653
1761;7822;6;3000588.875962653
1762;7826;4;3000588.875962653
1763;7830;4;3000588.875962653
1764;7834;4;3000588.875962653
1765;7836;2;3000588.875962653
1766;7837;1;3000588.875962653
1767;7845;8;3000588.875962653
1768;7846;1;3000588.875962653
1769;7850;4;3000588.875962653
1770;7851;1;3000588.875962653
1771;7855;4;3000588.875962653
1772;7860;5;3000588.875962653
1773;7861;1;3000588.875962653
1774;7866;5;3000588.875962653
1775;7867;1;3000588.875962653
1776;7871;4;3000588.875962653
1777;7875;4;3000588.875962653
1778;7880;5;3000588.875962653
1779;7886;6;3000588.875962653
1780;7891;5;3000588.875962653
1781;7894;3;3000588.875962653
1782;7898;4;3000588.875962653
1783;7903;5;3000588.875962653
1784;7907;4;3000588.875962653
1785;7912;5;3000588.875962653
1786;7913;1;3000588.875962653
1787;7914;1;3000588.875962653
1788;7919;5;3000588.875962653
1789;7923;4;3000588.875962653
1790;7927;4;3000588.875962653
1791;7933;6;3000588.875962653
1792;7934;1;3000588.875962653
1793;7939;5;3000588.875962653
1794;7944;5;3000588.875962653
1795;7947;3;3000588.875962653
1796;7950;3;3000588.875962653
1797;7958;8;3000588.875962653
1798;7964;6;3000588.875962653
1799;7968;4;3000588.875962653
1800;7969;1;3000588.875962653
1801;7977;8;3000588.875962653
1802;7982;5;3000588.875962653
1803;7982;0;3000588.875962653
1804;7988;6;3000588.875962653
1805;7992;4;3000588.875962653
1806;7995;3;3000588.875962653
1807;7999;4;3000588.875962653
1808;8004;5;3000588.875962653
1809;8005;1;3000588.875962653
1810;8011;6;3000588.875962653
1811;8014;3;3000588.875962653
1812;8020;6;3000588.875962653
1813;8024;4;3000588.875962653
1814;8025;1;3000588.875962653
1815;8029;4;3000588.875962653
1816;8035;6;3000588.875962653
1817;8039;4;3000588.875962653
1818;8046;7;3000588.875962653
1819;8053;7;3000588.875962653
1820;8054;1;3000588.875962653
1821;8061;7;3000588.875962653
1822;8069;8;3000588.875962653
1823;8075;6;3000588.875962653
1824;8079;4;3000588.875962653
1825;8085;6;3000588.875962653
1826;8091;6;3000588.875962653
1827;8098;7;3000588.875962653
1828;8109;11;3000588.875962653
1829;8112;3;3000588.875962653
1830;8117;5;3000588.875962653
1831;8123;6;3000588.875962653
1832;8127;4;3000588.875962653
1833;8130;3;3000588.875962653
1834;8135;5;3000588.875962653
1835;8140;5;3000588.875962653
1836;8140;0;3000588.875962653
1837;8145;5;3000588.875962653
1838;8147;2;3000588.875962653
1839;8151;4;3000588.875962653
1840;8155;4;3000588.875962653
1841;8156;1;3000588.875962653
1842;8160;4;3000588.875962653
1843;8162;2;3000588.875962653
1844;8167;5;3000588.875962653
1845;8170;3;3000588.875962653
1846;8176;6;3000588.875962653
1847;8180;4;3000588.875962653
1848;8185;5;3000588.875962653
1849;8191;6;3000588.875962653
1850;8194;3;3000588.875962653
1851;8199;5;3000588.875962653
1852;8209;10;3000588.875962653
1853;8209;0;3000588.875962653
1854;8213;4;3000588.875962653
1855;8217;4;3000588.875962653
1856;8224;7;3000588.875962653
1857;8225;1;3000588.875962653
1858;8229;4;3000588.875962653
1859;8231;2;3000588.875962653
1860;8239;8;3000588.875962653
1861;8240;1;3000588.875962653
1862;8243;3;3000588.875962653
1863;8244;1;3000588.875962653
1864;8250;6;3000588.875962653
1865;8257;7;3000588.875962653
1866;8262;5;3000588.875962653
1867;8267;5;3000588.875962653
1868;8268;1;3000588.875962653
1869;8269;1;3000588.875962653
1870;8274;5;3000588.875962653
1871;8278;4;3000588.875962653
1872;8281;3;3000588.875962653
1873;8286;5;3000588.875962653
1874;8290;4;3000588.875962653
1875;8293;3;3000588.875962653
1876;8298;5;3000588.875962653
1877;8302;4;3000588.875962653
1878;8307;5;3000588.875962653
1879;8309;2;3000588.875962653
1880;8310;1;3000588.875962653
1881;8314;4;3000588.875962653
1882;8318;4;3000588.875962653
1883;8319;1;3000588.875962653
1884;8322;3;3000588.875962653
1885;8326;4;3000588.875962653
1886;8330;4;3000588.875962653
1887;8333;3;3000588.875962653
1888;8334;1;3000588.875962653
1889;8338;4;3000588.875962653
1890;8339;1;3000588.875962653
1891;8344;5;3000588.875962653
1892;8345;1;3000588.875962653
1893;8345;0;3000588.875962653
1894;8351;6;3000588.875962653
1895;8355;4;3000588.875962653
1896;8361;6;3000588.875962653
1897;8365;4;3000588.875962653
1898;8369;4;3000588.875962653
1899;8374;5;3000588.875962653
1900;8380;6;3000588.875962653
1901;8386;6;3000588.875962653
1902;8391;5;3000588.875962653
1903;8393;2;3000588.875962653
1904;8398;5;3000588.875962653
1905;8402;4;3000588.875962653
1906;8403;1;3000588.875962653
1907;8408;5;3000588.875962653
1908;8410;2;3000588.875962653
1909;8411;1;3000588.875962653
1910;8416;5;3000588.875962653
1911;8418;2;3000588.875962653
1912;8422;4;3000588.875962653
1913;8427;5;3000588.875962653
1914;8429;2;3000588.875962653
1915;8430;1;3000588.875962653
1916;8436;6;3000588.875962653
1917;8443;7;3000588.875962653
1918;8448;5;3000588.875962653
1919;8449;1;3000588.875962653
1920;8452;3;3000588.875962653
1921;8454;2;3000588.875962653
1922;8456;2;3000588.875962653
1923;8459;3;3000588.875962653
1924;8465;6;3000588.875962653
1925;8469;4;3000588.875962653
1926;8472;3;3000588.875962653
1927;8475;3;3000588.875962653
1928;8479;4;3000588.875962653
1929;8482;3;3000588.875962653
1930;8489;7;3000588.875962653
1931;8491;2;3000588.875962653
1932;8492;1;3000588.875962653
1933;8497;5;3000588.875962653
1934;8502;5;3000588.875962653
1935;8505;3;3000588.875962653
1936;8508;3;3000588.875962653
1937;8508;0;3000588.875962653
1938;8514;6;3000588.875962653
1939;8517;3;3000588.875962653
1940;8521;4;3000588.875962653
1941;8525;4;3000588.875962653
1942;8530;5;3000588.875962653
1943;8533;3;3000588.875962653
1944;8539;6;3000588.875962653
1945;8541;2;3000588.875962653
1946;8545;4;3000588.875962653
1947;8549;4;3000588.875962653
1948;8553;4;3000588.875962653
1949;8561;8;3000588.875962653
1950;8567;6;3000588.875962653
1951;8568;1;3000588.875962653
1952;8570;2;3000588.875962653
1953;8576;6;3000588.875962653
1954;8583;7;3000588.875962653
1955;8586;3;3000588.875962653
1956;8597;11;3000588.875962653
1957;8603;6;3000588.875962653
1958;8609;6;3000588.875962653
1959;8613;4;3000588.875962653
1960;8617;4;3000588.875962653
1961;8621;4;3000588.875962653
1962;8626;5;3000588.875962653
1963;8628;2;3000588.875962653
1964;8635;7;3000588.875962653
1965;8639;4;3000588.875962653
1966;8640;1;3000588.875962653
1967;8647;7;3000588.875962653
1968;8647;0;3000588.875962653
1969;8654;7;3000588.875962653
1970;8659;5;3000588.875962653
1971;8664;5;3000588.875962653
1972;8676;12;3000588.875962653
1973;8687;11;3000588.875962653
1974;8694;7;3000588.875962653
1975;8700;6;3000588.875962653
1976;8702;2;3000588.875962653
1977;8708;6;3000588.875962653
1978;8710;2;3000588.875962653
1979;8715;5;3000588.875962653
1980;8716;1;3000588.875962653
1981;8720;4;3000588.875962653
1982;8725;5;3000588.875962653
1983;8730;5;3000588.875962653
1984;8736;6;3000588.875962653
1985;8742;6;3000588.875962653
1986;8748;6;3000588.875962653
1987;8750;2;3000588.875962653
1988;8752;2;3000588.875962653
1989;8757;5;3000588.875962653
1990;8763;6;3000588.875962653
1991;8767;4;3000588.875962653
1992;8767;0;3000588.875962653
1993;8777;10;3000588.875962653
1994;8782;5;3000588.875962653
1995;8793;11;3000588.875962653
1996;8795;2;3000588.875962653
1997;8803;8;3000588.875962653
1998;8806;3;3000588.875962653
1999;8810;4;3000588.875962653
2000;8813;3;3000588.875962653
2001;8814;1;3000588.875962653
2002;8815;1;3000588.875962653
2003;8819;4;3000588.875962653
2004;8819;0;3000588.875962653
2005;8823;4;3000588.875962653
2006;8827;4;3000588.875962653
2007;8828;1;3000588.875962653
2008;8832;4;3000588.875962653
2009;8835;3;3000588.875962653
2010;8841;6;3000588.875962653
2011;8844;3;3000588.875962653
2012;8848;4;3000588.875962653
2013;8854;6;3000588.875962653
2014;8858;4;3000588.875962653
2015;8860;2;3000588.875962653
2016;8862;2;3000588.875962653
2017;8867;5;3000588.875962653
2018;8871;4;3000588.875962653
2019;8873;2;3000588.875962653
2020;8877;4;3000588.875962653
2021;8881;4;3000588.875962653
2022;8884;3;3000588.875962653
2023;8888;4;3000588.875962653
2024;8892;4;3000588.875962653
2025;8895;3;3000588.875962653
2026;8896;1;3000588.875962653
2027;8897;1;3000588.875962653
2028;8900;3;3000588.875962653
2029;8902;2;3000588.875962653
2030;8908;6;3000588.875962653
2031;8912;4;3000588.875962653
2032;8916;4;3000588.875962653
2033;8917;1;3000588.875962653
2034;8922;5;3000588.875962653
2035;8924;2;3000588.875962653
2036;8926;2;3000588.875962653
2037;8928;2;3000588.875962653
2038;8934;6;3000588.875962653
2039;8938;4;3000588.875962653
2040;8939;1;3000588.875962653
2041;8944;5;3000588.875962653
2042;8947;3;3000588.875962653
2043;8949;2;3000588.875962653
2044;8952;3;3000588.875962653
2045;8956;4;3000588.875962653
2046;8961;5;3000588.875962653
2047;8965;4;3000588.875962653
2048;8970;5;3000588.875962653
2049;8975;5;3000588.875962653
2050;8979;4;3000588.875962653
2051;8979;0;3000588.875962653
2052;8984;5;3000588.875962653
2053;8986;2;3000588.875962653
2054;8990;4;3000588.875962653
2055;8994;4;3000588.875962653
2056;8998;4;3000588.875962653
2057;9001;3;3000588.875962653
2058;9004;3;3000588.875962653
2059;9007;3;3000588.875962653
2060;9011;4;3000588.875962653
2061;9012;1;3000588.875962653
2062;9016;4;3000588.875962653
2063;9017;1;3000588.875962653
2064;9020;3;3000588.875962653
2065;9021;1;3000588.875962653
2066;9024;3;3000588.875962653
2067;9028;4;3000588.875962653
2068;9029;1;3000588.875962653
2069;9033;4;3000588.875962653
2070;9034;1;3000588.875962653
2071;9034;0;3000588.875962653
2072;9038;4;3000588.875962653
2073;9043;5;3000588.875962653
2074;9047;4;3000588.875962653
2075;9052;5;3000588.875962653
2076;9056;4;3000588.875962653
2077;9060;4;3000588.875962653
2078;9065;5;3000588.875962653
2079;9069;4;3000588.875962653
2080;9079;10;3000588.875962653
2081;9080;1;3000588.875962653
2082;9086;6;3000588.875962653
2083;9090;4;3000588.875962653
2084;9093;3;3000588.875962653
2085;9099;6;3000588.875962653
2086;9105;6;3000588.875962653
2087;9108;3;3000588.875962653
2088;9109;1;3000588.875962653
2089;9113;4;3000588.875962653
2090;9117;4;3000588.875962653
2091;9119;2;3000588.875962653
2092;9123;4;3000588.875962653
2093;9127;4;3000588.875962653
2094;9132;5;3000588.875962653
2095;9137;5;3000588.875962653
2096;9138;1;3000588.875962653
2097;9139;1;3000588.875962653
2098;9139;0;3000588.875962653
2099;9140;1;3000588.875962653
2100;9145;5;3000588.875962653
2101;9152;7;3000588.875962653
2102;9159;7;3000588.875962653
2103;9166;7;3000588.875962653
2104;9174;8;3000588.875962653
2105;9177;3;3000588.875962653
2106;9184;7;3000588.875962653
2107;9190;6;3000588.875962653
2108;9194;4;3000588.875962653
2109;9198;4;3000588.875962653
2110;9199;1;3000588.875962653
2111;9202;3;3000588.875962653
2112;9208;6;3000588.875962653
2113;9208;0;3000588.875962653
2114;9213;5;3000588.875962653
2115;9219;6;3000588.875962653
2116;9225;6;3000588.875962653
2117;9226;1;3000588.875962653
2118;9229;3;3000588.875962653
2119;9233;4;3000588.875962653
2120;9237;4;3000588.875962653
2121;9238;1;3000588.875962653
2122;9239;1;3000588.875962653
2123;9242;3;3000588.875962653
2124;9246;4;3000588.875962653
2125;9251;5;3000588.875962653
2126;9252;1;3000588.875962653
2127;9256;4;3000588.875962653
2128;9261;5;3000588.875962653
2129;9267;6;3000588.875962653
2130;9271;4;3000588.875962653
2131;9273;2;3000588.875962653
2132;9282;9;3000588.875962653
2133;9299;17;3000588.875962653
2134;9311;12;3000588.875962653
2135;9318;7;3000588.875962653
2136;9327;9;3000588.875962653
2137;9334;7;3000588.875962653
2138;9336;2;3000588.875962653
2139;9344;8;3000588.875962653
2140;9348;4;3000588.875962653
2141;9354;6;3000588.875962653
2142;9362;8;3000588.875962653
2143;9366;4;3000588.875962653
2144;9371;5;3000588.875962653
2145;9372;1;3000588.875962653
2146;9375;3;3000588.875962653
2147;9380;5;3000588.875962653
2148;9384;4;3000588.875962653
2149;9389;5;3000588.875962653
2150;9393;4;3000588.875962653
2151;9395;2;3000588.875962653
2152;9400;5;3000588.875962653
2153;9403;3;3000588.875962653
2154;9406;3;3000588.875962653
2155;9408;2;3000588.875962653
2156;9410;2;3000588.875962653
2157;9413;3;3000588.875962653
2158;9417;4;3000588.875962653
2159;9418;1;3000588.875962653
2160;9423;5;3000588.875962653
2161;9427;4;3000588.875962653
2162;9430;3;3000588.875962653
2163;9434;4;3000588.875962653
2164;9437;3;3000588.875962653
2165;9440;3;3000588.875962653
2166;9444;4;3000588.875962653
2167;9448;4;3000588.875962653
2168;9451;3;3000588.875962653
2169;9455;4;3000588.875962653
2170;9458;3;3000588.875962653
2171;9462;4;3000588.875962653
2172;9466;4;3000588.875962653
2173;9470;4;3000588.875962653
2174;9475;5;3000588.875962653
2175;9478;3;3000588.875962653
2176;9482;4;3000588.875962653
2177;9485;3;3000588.875962653
2178;9491;6;3000588.875962653
2179;9494;3;3000588.875962653
2180;9498;4;3000588.875962653
2181;9504;6;3000588.875962653
2182;9510;6;3000588.875962653
2183;9515;5;3000588.875962653
2184;9519;4;3000588.875962653
2185;9524;5;3000588.875962653
2186;9526;2;3000588.875962653
2187;9530;4;3000588.875962653
2188;9533;3;3000588.875962653
2189;9537;4;3000588.875962653
2190;9541;4;3000588.875962653
2191;9545;4;3000588.875962653
2192;9546;1;3000588.875962653
2193;9551;5;3000588.875962653
2194;9555;4;3000588.875962653
2195;9558;3;3000588.875962653
2196;9562;4;3000588.875962653
2197;9565;3;3000588.875962653
2198;9569;4;3000588.875962653
2199;9571;2;3000588.875962653
2200;9578;7;3000588.875962653
2201;9581;3;3000588.875962653
2202;9586;5;3000588.875962653
2203;9588;2;3000588.875962653
2204;9592;4;3000588.875962653
2205;9595;3;3000588.875962653
2206;9597;2;3000588.875962653
2207;9599;2;3000588.875962653
2208;9600;1;3000588.875962653
2209;9603;3;3000588.875962653
2210;9606;3;3000588.875962653
2211;9611;5;3000588.875962653
2212;9614;3;3000588.875962653
2213;9619;5;3000588.875962653
2214;9623;4;3000588.875962653
2215;9627;4;3000588.875962653
2216;9629;2;3000588.875962653
2217;9632;3;3000588.875962653
2218;9636;4;3000588.875962653
2219;9640;4;3000588.875962653
2220;9644;4;3000588.875962653
2221;9647;3;3000588.875962653
2222;9650;3;3000588.875962653
2223;9651;1;3000588.875962653
2224;9654;3;3000588.875962653
2225;9659;5;3000588.875962653
2226;9663;4;3000588.875962653
2227;9666;3;3000588.875962653
2228;9670;4;3000588.875962653
2229;9676;6;3000588.875962653
2230;9679;3;3000588.875962653
2231;9684;5;3000588.875962653
2232;9689;5;3000588.875962653
2233;9693;4;3000588.875962653
2234;9696;3;3000588.875962653
2235;9701;5;3000588.875962653
2236;9709;8;3000588.875962653
2237;9714;5;3000588.875962653
2238;9724;10;3000588.875962653
2239;9732;8;3000588.875962653
2240;9735;3;3000588.875962653
2241;9738;3;3000588.875962653
2242;9742;4;3000588.875962653
2243;9747;5;3000588.875962653
2244;9747;0;3000588.875962653
2245;9750;3;3000588.875962653
2246;9755;5;3000588.875962653
2247;9758;3;3000588.875962653
2248;9759;1;3000588.875962653
2249;9762;3;3000588.875962653
2250;9763;1;3000588.875962653
2251;9764;1;3000588.875962653
2252;9767;3;3000588.875962653
2253;9769;2;3000588.875962653
2254;9772;3;3000588.875962653
2255;9775;3;3000588.875962653
2256;9779;4;3000588.875962653
2257;9783;4;3000588.875962653
2258;9786;3;3000588.875962653
2259;9789;3;3000588.875962653
2260;9792;3;3000588.875962653
2261;9796;4;3000588.875962653
2262;9799;3;3000588.875962653
2263;9800;1;3000588.875962653
2264;9803;3;3000588.875962653
2265;9806;3;3000588.875962653
2266;9812;6;3000588.875962653
2267;9817;5;3000588.875962653
2268;9820;3;3000588.875962653
2269;9821;1;3000588.875962653
2270;9825;4;3000588.875962653
2271;9829;4;3000588.875962653
2272;9832;3;3000588.875962653
2273;9835;3;3000588.875962653
2274;9839;4;3000588.875962653
2275;9843;4;3000588.875962653
2276;9848;5;3000588.875962653
2277;9848;0;3000588.875962653
2278;9851;3;3000588.875962653
2279;9853;2;3000588.875962653
2280;9857;4;3000588.875962653
2281;9860;3;3000588.875962653
2282;9864;4;3000588.875962653
2283;9866;2;3000588.875962653
2284;9869;3;3000588.875962653
2285;9876;7;3000588.875962653
2286;9881;5;3000588.875962653
2287;9884;3;3000588.875962653
2288;9888;4;3000588.875962653
2289;9891;3;3000588.875962653
2290;9892;1;3000588.875962653
2291;9893;1;3000588.875962653
2292;9897;4;3000588.875962653
2293;9901;4;3000588.875962653
2294;9908;7;3000588.875962653
2295;9912;4;3000588.875962653
2296;9917;5;3000588.875962653
2297;9923;6;3000588.875962653
2298;9925;2;3000588.875962653
2299;9925;0;3000588.875962653
2300;9931;6;3000588.875962653
2301;9939;8;3000588.875962653
2302;9943;4;3000588.875962653
2303;9945;2;3000588.875962653
2304;9946;1;3000588.875962653
2305;9949;3;3000588.875962653
2306;9956;7;3000588.875962653
2307;9958;2;3000588.875962653
2308;9962;4;3000588.875962653
2309;9963;1;3000588.875962653
2310;9967;4;3000588.875962653
2311;9971;4;3000588.875962653
2312;9972;1;3000588.875962653
2313;9975;3;3000588.875962653
2314;9976;1;3000588.875962653
2315;9980;4;3000588.875962653
2316;9984;4;3000588.875962653
2317;9989;5;3000588.875962653
2318;9993;4;3000588.875962653
2319;9993;0;3000588.875962653
2320;9997;4;3000588.875962653
2321;10001;4;3000588.875962653
2322;10001;0;3000588.875962653
2323;10006;5;3000588.875962653
2324;10008;2;3000588.875962653
2325;10010;2;3000588.875962653
2326;10014;4;3000588.875962653
2327;10017;3;3000588.875962653
2328;10024;7;3000588.875962653
2329;10026;2;3000588.875962653
2330;10031;5;3000588.875962653
2331;10035;4;3000588.875962653
2332;10040;5;3000588.875962653
2333;10044;4;3000588.875962653
2334;10045;1;3000588.875962653
2335;10049;4;3000588.875962653
2336;10054;5;3000588.875962653
2337;10054;0;3000588.875962653
2338;10058;4;3000588.875962653
2339;10067;9;3000588.875962653
2340;10070;3;3000588.875962653
2341;10073;3;3000588.875962653
2342;10080;7;3000588.875962653
2343;10084;4;3000588.875962653
2344;10088;4;3000588.875962653
2345;10094;6;3000588.875962653
2346;10097;3;3000588.875962653
2347;10098;1;3000588.875962653
2348;10101;3;3000588.875962653
2349;10105;4;3000588.875962653
2350;10108;3;3000588.875962653
2351;10112;4;3000588.875962653
2352;10115;3;3000588.875962653
2353;10120;5;3000588.875962653
2354;10124;4;3000588.875962653
2355;10126;2;3000588.875962653
2356;10131;5;3000588.875962653
2357;10135;4;3000588.875962653
2358;10138;3;3000588.875962653
2359;10143;5;3000588.875962653
2360;10146;3;3000588.875962653
2361;10148;2;3000588.875962653
2362;10152;4;3000588.875962653
2363;10155;3;3000588.875962653
2364;10159;4;3000588.875962653
2365;10162;3;3000588.875962653
2366;10168;6;3000588.875962653
2367;10168;0;3000588.875962653
2368;10172;4;3000588.875962653
2369;10178;6;3000588.875962653
2370;10179;1;3000588.875962653
2371;10181;2;3000588.875962653
2372;10185;4;3000588.875962653
2373;10189;4;3000588.875962653
2374;10193;4;3000588.875962653
2375;10195;2;3000588.875962653
2376;10198;3;3000588.875962653
2377;10201;3;3000588.875962653
2378;10205;4;3000588.875962653
2379;10209;4;3000588.875962653
2380;10210;1;3000588.875962653
2381;10213;3;3000588.875962653
2382;10215;2;3000588.875962653
2383;10219;4;3000588.875962653
2384;10219;0;3000588.875962653
2385;10223;4;3000588.875962653
2386;10226;3;3000588.875962653
2387;10231;5;3000588.875962653
2388;10236;5;3000588.875962653
2389;10240;4;3000588.875962653
2390;10241;1;3000588.875962653
2391;10245;4;3000588.875962653
2392;10249;4;3000588.875962653
2393;10253;4;3000588.875962653
2394;10257;4;3000588.875962653
2395;10259;2;3000588.875962653
2396;10263;4;3000588.875962653
2397;10271;8;3000588.875962653
2398;10272;1;3000588.875962653
2399;10272;0;3000588.875962653
2400;10273;1;3000588.875962653
2401;10278;5;3000588.875962653
2402;10284;6;3000588.875962653
2403;10295;11;3000588.875962653
2404;10300;5;3000588.875962653
2405;10307;7;3000588.875962653
2406;10310;3;3000588.875962653
2407;10315;5;3000588.875962653
2408;10322;7;3000588.875962653
2409;10327;5;3000588.875962653
2410;10330;3;3000588.875962653
2411;10335;5;3000588.875962653
2412;10340;5;3000588.875962653
2413;10345;5;3000588.875962653
2414;10348;3;3000588.875962653
2415;10351;3;3000588.875962653
2416;10355;4;3000588.875962653
2417;10358;3;3000588.875962653
2418;10362;4;3000588.875962653
2419;10365;3;3000588.875962653
2420;10367;2;3000588.875962653
2421;10369;2;3000588.875962653
2422;10373;4;3000588.875962653
2423;10374;1;3000588.875962653
2424;10378;4;3000588.875962653
2425;10378;0;3000588.875962653
2426;10381;3;3000588.875962653
2427;10388;7;3000588.875962653
2428;10392;4;3000588.875962653
2429;10396;4;3000588.875962653
2430;10400;4;3000588.875962653
2431;10402;2;3000588.875962653
2432;10411;9;3000588.875962653
2433;10416;5;3000588.875962653
2434;10420;4;3000588.875962653
2435;10424;4;3000588.875962653
2436;10428;4;3000588.875962653
2437;10432;4;3000588.875962653
2438;10433;1;3000588.875962653
2439;10434;1;3000588.875962653
2440;10437;3;3000588.875962653
2441;10438;1;3000588.875962653
2442;10442;4;3000588.875962653
2443;10445;3;3000588.875962653
2444;10448;3;3000588.875962653
2445;10453;5;3000588.875962653
2446;10458;5;3000588.875962653
2447;10461;3;3000588.875962653
2448;10461;0;3000588.875962653
2449;10463;2;3000588.875962653
2450;10468;5;3000588.875962653
2451;10469;1;3000588.875962653
2452;10473;4;3000588.875962653
2453;10476;3;3000588.875962653
2454;10484;8;3000588.875962653
2455;10488;4;3000588.875962653
2456;10491;3;3000588.875962653
2457;10495;4;3000588.875962653
2458;10498;3;3000588.875962653
2459;10499;1;3000588.875962653
2460;10503;4;3000588.875962653
2461;10508;5;3000588.875962653
2462;10511;3;3000588.875962653
2463;10515;4;3000588.875962653
2464;10520;5;3000588.875962653
2465;10522;2;3000588.875962653
2466;10523;1;3000588.875962653
2467;10530;7;3000588.875962653
2468;10537;7;3000588.875962653
2469;10541;4;3000588.875962653
2470;10546;5;3000588.875962653
2471;10550;4;3000588.875962653
2472;10557;7;3000588.875962653
2473;10561;4;3000588.875962653
2474;10563;2;3000588.875962653
2475;10565;2;3000588.875962653
2476;10569;4;3000588.875962653
2477;10572;3;3000588.875962653
2478;10573;1;3000588.875962653
2479;10577;4;3000588.875962653
2480;10582;5;3000588.875962653
2481;10584;2;3000588.875962653
2482;10585;1;3000588.875962653
2483;10586;1;3000588.875962653
2484;10590;4;3000588.875962653
2485;10594;4;3000588.875962653
2486;10597;3;3000588.875962653
2487;10601;4;3000588.875962653
2488;10603;2;3000588.875962653
2489;10606;3;3000588.875962653
2490;10610;4;3000588.875962653
2491;10614;4;3000588.875962653
2492;10615;1;3000588.875962653
2493;10615;0;3000588.875962653
2494;10619;4;3000588.875962653
2495;10624;5;3000588.875962653
2496;10628;4;3000588.875962653
2497;10631;3;3000588.875962653
2498;10633;2;3000588.875962653
2499;10634;1;3000588.875962653
2500;10634;0;3000588.875962653
2501;10638;4;3000588.875962653
2502;10638;0;3000588.875962653
2503;10642;4;3000588.875962653
2504;10646;4;3000588.875962653
2505;10650;4;3000588.875962653
2506;10654;4;3000588.875962653
2507;10659;5;3000588.875962653
2508;10663;4;3000588.875962653
2509;10669;6;3000588.875962653
2510;10674;5;3000588.875962653
2511;10677;3;3000588.875962653
2512;10680;3;3000588.875962653
2513;10685;5;3000588.875962653
2514;10688;3;3000588.875962653
2515;10689;1;3000588.875962653
2516;10691;2;3000588.875962653
2517;10695;4;3000588.875962653
2518;10699;4;3000588.875962653
2519;10700;1;3000588.875962653
2520;10702;2;3000588.875962653
2521;10703;1;3000588.875962653
2522;10705;2;3000588.875962653
2523;10708;3;3000588.875962653
2524;10711;3;3000588.875962653
2525;10716;5;3000588.875962653
2526;10720;4;3000588.875962653
2527;10724;4;3000588.875962653
2528;10728;4;3000588.875962653
2529;10733;5;3000588.875962653
2530;10741;8;3000588.875962653
2531;10742;1;3000588.875962653
2532;10745;3;3000588.875962653
2533;10746;1;3000588.875962653
2534;10751;5;3000588.875962653
2535;10752;1;3000588.875962653
2536;10757;5;3000588.875962653
2537;10760;3;3000588.875962653
2538;10764;4;3000588.875962653
2539;10767;3;3000588.875962653
2540;10772;5;3000588.875962653
2541;10776;4;3000588.875962653
2542;10780;4;3000588.875962653
2543;10783;3;3000588.875962653
2544;10786;3;3000588.875962653
2545;10789;3;3000588.875962653
2546;10792;3;3000588.875962653
2547;10794;2;3000588.875962653
2548;10795;1;3000588.875962653
2549;10799;4;3000588.875962653
2550;10803;4;3000588.875962653
2551;10806;3;3000588.875962653
2552;10810;4;3000588.875962653
2553;10816;6;3000588.875962653
2554;10818;2;3000588.875962653
2555;10821;3;3000588.875962653
2556;10825;4;3000588.875962653
2557;10830;5;3000588.875962653
2558;10834;4;3000588.875962653
2559;10837;3;3000588.875962653
2560;10842;5;3000588.875962653
2561;10846;4;3000588.875962653
2562;10851;5;3000588.875962653
2563;10852;1;3000588.875962653
2564;10854;2;3000588.875962653
2565;10854;0;3000588.875962653
2566;10858;4;3000588.875962653
2567;10861;3;3000588.875962653
2568;10863;2;3000588.875962653
2569;10868;5;3000588.875962653
2570;10871;3;3000588.875962653
2571;10874;3;3000588.875962653
2572;10876;2;3000588.875962653
2573;10879;3;3000588.875962653
2574;10883;4;3000588.875962653
2575;10886;3;3000588.875962653
2576;10887;1;3000588.875962653
2577;10892;5;3000588.875962653
2578;10895;3;3000588.875962653
2579;10898;3;3000588.875962653
2580;10902;4;3000588.875962653
2581;10906;4;3000588.875962653
2582;10910;4;3000588.875962653
2583;10914;4;3000588.875962653
2584;10919;5;3000588.875962653
2585;10925;6;3000588.875962653
2586;10927;2;3000588.875962653
2587;10928;1;3000588.875962653
2588;10931;3;3000588.875962653
2589;10935;4;3000588.875962653
2590;10938;3;3000588.875962653
2591;10939;1;3000588.875962653
2592;10942;3;3000588.875962653
2593;10946;4;3000588.875962653
2594;10949;3;3000588.875962653
2595;10954;5;3000588.875962653
2596;10957;3;3000588.875962653
2597;10960;3;3000588.875962653
2598;10961;1;3000588.875962653
2599;10966;5;3000588.875962653
2600;10970;4;3000588.875962653
2601;10973;3;3000588.875962653
2602;10975;2;3000588.875962653
2603;10977;2;3000588.875962653
2604;10980;3;3000588.875962653
2605;10981;1;3000588.875962653
2606;10982;1;3000588.875962653
2607;10985;3;3000588.875962653
2608;10988;3;3000588.875962653
2609;10992;4;3000588.875962653
2610;10995;3;3000588.875962653
2611;10998;3;3000588.875962653
2612;11003;5;3000588.875962653
2613;11008;5;3000588.875962653
2614;11013;5;3000588.875962653
2615;11017;4;3000588.875962653
2616;11022;5;3000588.875962653
2617;11023;1;3000588.875962653
2618;11026;3;3000588.875962653
2619;11027;1;3000588.875962653
2620;11030;3;3000588.875962653
2621;11037;7;3000588.875962653
2622;11040;3;3000588.875962653
2623;11041;1;3000588.875962653
2624;11048;7;3000588.875962653
2625;11052;4;3000588.875962653
2626;11055;3;3000588.875962653
2627;11060;5;3000588.875962653
2628;11065;5;3000588.875962653
2629;11069;4;3000588.875962653
2630;11071;2;3000588.875962653
2631;11080;9;3000588.875962653
2632;11081;1;3000588.875962653
2633;11086;5;3000588.875962653
2634;11089;3;3000588.875962653
2635;11091;2;3000588.875962653
2636;11096;5;3000588.875962653
2637;11100;4;3000588.875962653
2638;11103;3;3000588.875962653
2639;11107;4;3000588.875962653
2640;11112;5;3000588.875962653
2641;11114;2;3000588.875962653
2642;11121;7;3000588.875962653
2643;11126;5;3000588.875962653
2644;11132;6;3000588.875962653
2645;11135;3;3000588.875962653
2646;11140;5;3000588.875962653
2647;11145;5;3000588.875962653
2648;11149;4;3000588.875962653
2649;11152;3;3000588.875962653
2650;11156;4;3000588.875962653
2651;11161;5;3000588.875962653
2652;11161;0;3000588.875962653
2653;11166;5;3000588.875962653
2654;11171;5;3000588.875962653
2655;11175;4;3000588.875962653
2656;11176;1;3000588.875962653
2657;11181;5;3000588.875962653
2658;11184;3;3000588.875962653
2659;11188;4;3000588.875962653
2660;11192;4;3000588.875962653
2661;11196;4;3000588.875962653
2662;11198;2;3000588.875962653
2663;11202;4;3000588.875962653
2664;11206;4;3000588.875962653
2665;11210;4;3000588.875962653
2666;11213;3;3000588.875962653
2667;11219;6;3000588.875962653
2668;11222;3;3000588.875962653
2669;11226;4;3000588.875962653
2670;11228;2;3000588.875962653
2671;11231;3;3000588.875962653
2672;11234;3;3000588.875962653
2673;11238;4;3000588.875962653
2674;11241;3;3000588.875962653
2675;11243;2;3000588.875962653
2676;11244;1;3000588.875962653
2677;11246;2;3000588.875962653
2678;11246;0;3000588.875962653
2679;11251;5;3000588.875962653
2680;11252;1;3000588.875962653
2681;11257;5;3000588.875962653
2682;11258;1;3000588.875962653
2683;11261;3;3000588.875962653
2684;11267;6;3000588.875962653
2685;11271;4;3000588.875962653
2686;11274;3;3000588.875962653
2687;11277;3;3000588.875962653
2688;11280;3;3000588.875962653
2689;11284;4;3000588.875962653
2690;11288;4;3000588.875962653
2691;11291;3;3000588.875962653
2692;11294;3;3000588.875962653
2693;11298;4;3000588.875962653
2694;11299;1;3000588.875962653
2695;11303;4;3000588.875962653
2696;11303;0;3000588.875962653
2697;11307;4;3000588.875962653
2698;11312;5;3000588.875962653
2699;11313;1;3000588.875962653
2700;11316;3;3000588.875962653
2701;11320;4;3000588.875962653
2702;11321;1;3000588.875962653
2703;11327;6;3000588.875962653
2704;11328;1;3000588.875962653
2705;11333;5;3000588.875962653
2706;11337;4;3000588.875962653
2707;11341;4;3000588.875962653
2708;11344;3;3000588.875962653
2709;11348;4;3000588.875962653
2710;11352;4;3000588.875962653
2711;11356;4;3000588.875962653
2712;11360;4;3000588.875962653
2713;11364;4;3000588.875962653
2714;11366;2;3000588.875962653
2715;11371;5;3000588.875962653
2716;11374;3;3000588.875962653
2717;11378;4;3000588.875962653
2718;11382;4;3000588.875962653
2719;11386;4;3000588.875962653
2720;11390;4;3000588.875962653
2721;11394;4;3000588.875962653
2722;11398;4;3000588.875962653
2723;11402;4;3000588.875962653
2724;11404;2;3000588.875962653
2725;11409;5;3000588.875962653
2726;11412;3;3000588.875962653
2727;11415;3;3000588.875962653
2728;11419;4;3000588.875962653
2729;11420;1;3000588.875962653
2730;11425;5;3000588.875962653
2731;11426;1;3000588.875962653
2732;11430;4;3000588.875962653
2733;11434;4;3000588.875962653
2734;11437;3;3000588.875962653
2735;11441;4;3000588.875962653
2736;11445;4;3000588.875962653
2737;11448;3;3000588.875962653
2738;11451;3;3000588.875962653
2739;11455;4;3000588.875962653
2740;11459;4;3000588.875962653
2741;11463;4;3000588.875962653
2742;11467;4;3000588.875962653
2743;11468;1;3000588.875962653
2744;11472;4;3000588.875962653
2745;11476;4;3000588.875962653
2746;11481;5;3000588.875962653
2747;11488;7;3000588.875962653
2748;11492;4;3000588.875962653
2749;11498;6;3000588.875962653
2750;11501;3;3000588.875962653
2751;11505;4;3000588.875962653
2752;11511;6;3000588.875962653
2753;11514;3;3000588.875962653
2754;11518;4;3000588.875962653
2755;11521;3;3000588.875962653
2756;11525;4;3000588.875962653
2757;11526;1;3000588.875962653
2758;11529;3;3000588.875962653
2759;11532;3;3000588.875962653
2760;11535;3;3000588.875962653
2761;11538;3;3000588.875962653
2762;11544;6;3000588.875962653
2763;11548;4;3000588.875962653
2764;11551;3;3000588.875962653
2765;11552;1;3000588.875962653
2766;11554;2;3000588.875962653
2767;11558;4;3000588.875962653
2768;11561;3;3000588.875962653
2769;11564;3;3000588.875962653
2770;11565;1;3000588.875962653
2771;11567;2;3000588.875962653
2772;11571;4;3000588.875962653
2773;11577;6;3000588.875962653
2774;11584;7;3000588.875962653
2775;11589;5;3000588.875962653
2776;11591;2;3000588.875962653
2777;11598;7;3000588.875962653
2778;11601;3;3000588.875962653
2779;11604;3;3000588.875962653
2780;11608;4;3000588.875962653
2781;11613;5;3000588.875962653
2782;11615;2;3000588.875962653
2783;11618;3;3000588.875962653
2784;11619;1;3000588.875962653
2785;11624;5;3000588.875962653
2786;11628;4;3000588.875962653
2787;11632;4;3000588.875962653
2788;11636;4;3000588.875962653
2789;11636;0;3000588.875962653
2790;11640;4;3000588.875962653
2791;11645;5;3000588.875962653
2792;11648;3;3000588.875962653
2793;11652;4;3000588.875962653
2794;11656;4;3000588.875962653
2795;11658;2;3000588.875962653
2796;11663;5;3000588.875962653
2797;11669;6;3000588.875962653
2798;11673;4;3000588.875962653
2799;11674;1;3000588.875962653
2800;11679;5;3000588.875962653
2801;11685;6;3000588.875962653
2802;11689;4;3000588.875962653
2803;11694;5;3000588.875962653
2804;11697;3;3000588.875962653
2805;11698;1;3000588.875962653
2806;11700;2;3000588.875962653
2807;11702;2;3000588.875962653
2808;11705;3;3000588.875962653
2809;11707;2;3000588.875962653
2810;11711;4;3000588.875962653
2811;11715;4;3000588.875962653
2812;11719;4;3000588.875962653
2813;11724;5;3000588.875962653
2814;11728;4;3000588.875962653
2815;11733;5;3000588.875962653
2816;11737;4;3000588.875962653
2817;11740;3;3000588.875962653
2818;11744;4;3000588.875962653
2819;11747;3;3000588.875962653
2820;11751;4;3000588.875962653
2821;11754;3;3000588.875962653
2822;11757;3;3000588.875962653
2823;11761;4;3000588.875962653
2824;11766;5;3000588.875962653
2825;11768;2;3000588.875962653
2826;11769;1;3000588.875962653
2827;11769;0;3000588.875962653
2828;11772;3;3000588.875962653
2829;11774;2;3000588.875962653
2830;11775;1;3000588.875962653
2831;11779;4;3000588.875962653
2832;11780;1;3000588.875962653
2833;11783;3;3000588.875962653
2834;11787;4;3000588.875962653
2835;11791;4;3000588.875962653
2836;11791;0;3000588.875962653
2837;11796;5;3000588.875962653
2838;11801;5;3000588.875962653
2839;11806;5;3000588.875962653
2840;11806;0;3000588.875962653
2841;11808;2;3000588.875962653
2842;11812;4;3000588.875962653
2843;11815;3;3000588.875962653
2844;11820;5;3000588.875962653
2845;11822;2;3000588.875962653
2846;11826;4;3000588.875962653
2847;11831;5;3000588.875962653
2848;11834;3;3000588.875962653
2849;11837;3;3000588.875962653
2850;11838;1;3000588.875962653
2851;11843;5;3000588.875962653
2852;11847;4;3000588.875962653
2853;11851;4;3000588.875962653
2854;11854;3;3000588.875962653
2855;11855;1;3000588.875962653
2856;11860;5;3000588.875962653
2857;11864;4;3000588.875962653
2858;11867;3;3000588.875962653
2859;11870;3;3000588.875962653
2860;11874;4;3000588.875962653
2861;11875;1;3000588.875962653
2862;11878;3;3000588.875962653
2863;11879;1;3000588.875962653
2864;11882;3;3000588.875962653
2865;11886;4;3000588.875962653
2866;11893;7;3000588.875962653
2867;11894;1;3000588.875962653
2868;11894;0;3000588.875962653
2869;11895;1;3000588.875962653
2870;11898;3;3000588.875962653
2871;11902;4;3000588.875962653
2872;11905;3;3000588.875962653
2873;11906;1;3000588.875962653
2874;11910;4;3000588.875962653
2875;11914;4;3000588.875962653
2876;11914;0;3000588.875962653
2877;11915;1;3000588.875962653
2878;11919;4;3000588.875962653
2879;11924;5;3000588.875962653
2880;11928;4;3000588.875962653
2881;11932;4;3000588.875962653
2882;11934;2;3000588.875962653
2883;11939;5;3000588.875962653
2884;11942;3;3000588.875962653
2885;11945;3;3000588.875962653
2886;11948;3;3000588.875962653
2887;11952;4;3000588.875962653
2888;11956;4;3000588.875962653
2889;11958;2;3000588.875962653
2890;11961;3;3000588.875962653
2891;11962;1;3000588.875962653
2892;11965;3;3000588.875962653
2893;11969;4;3000588.875962653
2894;11972;3;3000588.875962653
2895;11973;1;3000588.875962653
2896;11977;4;3000588.875962653
2897;11982;5;3000588.875962653
2898;11985;3;3000588.875962653
2899;11990;5;3000588.875962653
2900;11994;4;3000588.875962653
2901;12000;6;3000588.875962653
2902;12003;3;3000588.875962653
2903;12007;4;3000588.875962653
2904;12009;2;3000588.875962653
2905;12013;4;3000588.875962653
2906;12015;2;3000588.875962653
2907;12019;4;3000588.875962653
2908;12023;4;3000588.875962653
2909;12024;1;3000588.875962653
2910;12025;1;3000588.875962653
2911;12028;3;3000588.875962653
2912;12031;3;3000588.875962653
2913;12032;1;3000588.875962653
2914;12037;5;3000588.875962653
2915;12038;1;3000588.875962653
2916;12042;4;3000588.875962653
2917;12048;6;3000588.875962653
2918;12052;4;3000588.875962653
2919;12057;5;3000588.875962653
2920;12061;4;3000588.875962653
2921;12065;4;3000588.875962653
2922;12068;3;3000588.875962653
2923;12072;4;3000588.875962653
2924;12076;4;3000588.875962653
2925;12080;4;3000588.875962653
2926;12081;1;3000588.875962653
2927;12084;3;3000588.875962653
2928;12088;4;3000588.875962653
2929;12089;1;3000588.875962653
2930;12093;4;3000588.875962653
2931;12097;4;3000588.875962653
2932;12103;6;3000588.875962653
2933;12109;6;3000588.875962653
2934;12109;0;3000588.875962653
2935;12112;3;3000588.875962653
2936;12116;4;3000588.875962653
2937;12120;4;3000588.875962653
2938;12121;1;3000588.875962653
2939;12125;4;3000588.875962653
2940;12129;4;3000588.875962653
2941;12133;4;3000588.875962653
2942;12137;4;3000588.875962653
2943;12138;1;3000588.875962653
2944;12142;4;3000588.875962653
2945;12149;7;3000588.875962653
2946;12154;5;3000588.875962653
2947;12163;9;3000588.875962653
2948;12166;3;3000588.875962653
2949;12168;2;3000588.875962653
2950;12170;2;3000588.875962653
2951;12177;7;3000588.875962653
2952;12178;1;3000588.875962653
2953;12181;3;3000588.875962653
2954;12185;4;3000588.875962653
2955;12189;4;3000588.875962653
2956;12195;6;3000588.875962653
2957;12198;3;3000588.875962653
2958;12202;4;3000588.875962653
2959;12206;4;3000588.875962653
2960;12209;3;3000588.875962653
2961;12213;4;3000588.875962653
2962;12217;4;3000588.875962653
2963;12221;4;3000588.875962653
2964;12225;4;3000588.875962653
2965;12228;3;3000588.875962653
2966;12232;4;3000588.875962653
2967;12234;2;3000588.875962653
2968;12238;4;3000588.875962653
2969;12238;0;3000588.875962653
2970;12242;4;3000588.875962653
2971;12248;6;3000588.875962653
2972;12255;7;3000588.875962653
2973;12259;4;3000588.875962653
2974;12262;3;3000588.875962653
2975;12269;7;3000588.875962653
2976;12272;3;3000588.875962653
2977;12274;2;3000588.875962653
2978;12275;1;3000588.875962653
2979;12280;5;3000588.875962653
2980;12284;4;3000588.875962653
2981;12288;4;3000588.875962653
2982;12289;1;3000588.875962653
2983;12293;4;3000588.875962653
2984;12298;5;3000588.875962653
2985;12303;5;3000588.875962653
2986;12306;3;3000588.875962653
2987;12307;1;3000588.875962653
2988;12310;3;3000588.875962653
2989;12314;4;3000588.875962653
2990;12317;3;3000588.875962653
2991;12325;8;3000588.875962653
2992;12329;4;3000588.875962653
2993;12333;4;3000588.875962653
2994;12336;3;3000588.875962653
2995;12341;5;3000588.875962653
2996;12342;1;3000588.875962653
2997;12347;5;3000588.875962653
2998;12351;4;3000588.875962653
2999;12355;4;3000588.875962653
