Index;Time point [ms];Iteration length [ms];Cost
0;6;6;1.20032055398699E7
1;8;2;1.20032055398699E7
2;14;6;1.20032055398699E7
3;17;3;1.2002576669071723E7
4;20;3;1.2002576669071723E7
5;23;3;1.2002576669071723E7
6;25;2;1.2002576669071723E7
7;28;3;1.2002026360218035E7
8;31;3;1.2002026360218035E7
9;31;0;1.2002026360218035E7
10;34;3;1.2002026360218035E7
11;37;3;1.2002026360218035E7
12;38;1;1.2002026360218035E7
13;40;2;1.2002026360218035E7
14;42;2;1.2002026360218035E7
15;46;4;1.2002026360218035E7
16;49;3;1.2002026360218035E7
17;52;3;1.1001985303092936E7
18;55;3;1.1001985303092936E7
19;57;2;1.1001985303092936E7
20;60;3;1.1001985303092936E7
21;63;3;1.1001985303092936E7
22;64;1;1.1001985303092936E7
23;66;2;1.1001985303092936E7
24;70;4;1.1001985303092936E7
25;73;3;1.1001985303092936E7
26;78;5;1.1001985303092936E7
27;79;1;1.1001985303092936E7
28;81;2;1.1001877278672798E7
29;82;1;1.1001877278672798E7
30;84;2;1.1001877278672798E7
31;87;3;1.1001877278672798E7
32;90;3;1.1001877278672798E7
33;93;3;1.1001877278672798E7
34;95;2;1.1001877278672798E7
35;99;4;1.1001877278672798E7
36;100;1;1.1001877278672798E7
37;103;3;1.1001877278672798E7
38;107;4;1.1001877278672798E7
39;108;1;1.1001877278672798E7
40;110;2;1.1001877278672798E7
41;111;1;1.1001877278672798E7
42;112;1;1.1001877278672798E7
43;114;2;1.1001877278672798E7
44;116;2;1.1001877278672798E7
45;120;4;1.1001877278672798E7
46;122;2;1.1001877278672798E7
47;125;3;1.1001877278672798E7
48;128;3;1.1001877278672798E7
49;129;1;1.1001877278672798E7
50;129;0;1.1001877278672798E7
51;134;5;1.1001877278672798E7
52;136;2;1.1001877278672798E7
53;140;4;1.1001712523167174E7
54;144;4;1.1001712523167174E7
55;146;2;1.1001712523167174E7
56;150;4;1.1001581290718907E7
57;153;3;1.1001421778645992E7
58;156;3;1.100137615203681E7
59;160;4;1.100137615203681E7
60;162;2;1.100137615203681E7
61;164;2;1.100137615203681E7
62;166;2;1.100137615203681E7
63;168;2;1.100137615203681E7
64;171;3;1.100137615203681E7
65;174;3;1.100137615203681E7
66;176;2;1.100137615203681E7
67;179;3;1.100137615203681E7
68;182;3;1.100137615203681E7
69;184;2;1.100137615203681E7
70;186;2;1.100137615203681E7
71;189;3;1.100137615203681E7
72;190;1;1.100137615203681E7
73;195;5;1.100137615203681E7
74;196;1;1.100137615203681E7
75;200;4;1.100137615203681E7
76;203;3;1.100137615203681E7
77;212;9;1.100137615203681E7
78;215;3;1.100137615203681E7
79;219;4;1.100137615203681E7
80;221;2;1.100137615203681E7
81;225;4;1.100137615203681E7
82;229;4;1.100137615203681E7
83;231;2;1.100137615203681E7
84;235;4;1.100137615203681E7
85;235;0;1.100137615203681E7
86;238;3;1.100137615203681E7
87;242;4;1.100137615203681E7
88;243;1;1.100137615203681E7
89;245;2;1.100137615203681E7
90;247;2;1.100137615203681E7
91;249;2;1.100137615203681E7
92;250;1;1.100137615203681E7
93;252;2;1.100137615203681E7
94;255;3;1.100137615203681E7
95;258;3;1.100137615203681E7
96;258;0;1.100137615203681E7
97;261;3;1.100137615203681E7
98;264;3;1.100137615203681E7
99;267;3;1.100137615203681E7
100;270;3;1.100137615203681E7
101;272;2;1.100137615203681E7
102;277;5;1.100137615203681E7
103;280;3;1.100137615203681E7
104;284;4;1.100137615203681E7
105;286;2;1.100137615203681E7
106;287;1;1.100137615203681E7
107;290;3;1.100137615203681E7
108;294;4;1.100137615203681E7
109;297;3;1.100137615203681E7
110;299;2;1.100137615203681E7
111;301;2;1.100137615203681E7
112;303;2;1.100137615203681E7
113;305;2;1.100137615203681E7
114;307;2;1.100137615203681E7
115;312;5;1.100127842479993E7
116;316;4;1.100127842479993E7
117;318;2;1.100127842479993E7
118;321;3;1.100127842479993E7
119;324;3;1.100127842479993E7
120;328;4;1.100127842479993E7
121;336;8;1.100127842479993E7
122;336;0;1.100127842479993E7
123;339;3;1.100127842479993E7
124;342;3;1.100127842479993E7
125;344;2;1.100127842479993E7
126;344;0;1.100127842479993E7
127;347;3;1.100127842479993E7
128;353;6;1.100127842479993E7
129;357;4;1.100127842479993E7
130;362;5;1.100127842479993E7
131;364;2;1.100127842479993E7
132;367;3;1.100127842479993E7
133;370;3;1.100127842479993E7
134;377;7;1.100127842479993E7
135;380;3;1.100127842479993E7
136;384;4;1.100127842479993E7
137;386;2;1.100127842479993E7
138;388;2;1.100127842479993E7
139;393;5;1.100127842479993E7
140;396;3;1.100127842479993E7
141;401;5;1.100127842479993E7
142;403;2;1.100127842479993E7
143;408;5;1.100127842479993E7
144;413;5;1.100127842479993E7
145;417;4;1.100127842479993E7
146;423;6;1.100127842479993E7
147;426;3;1.100127842479993E7
148;429;3;1.100127842479993E7
149;430;1;1.100127842479993E7
150;435;5;1.100127842479993E7
151;441;6;1.100127842479993E7
152;444;3;1.100127842479993E7
153;447;3;1.100127842479993E7
154;454;7;1.100127842479993E7
155;459;5;1.100127842479993E7
156;464;5;1.100127842479993E7
157;469;5;1.100127842479993E7
158;471;2;1.100127842479993E7
159;473;2;1.100127842479993E7
160;475;2;1.100127842479993E7
161;476;1;1.100127842479993E7
162;480;4;1.100127842479993E7
163;484;4;1.100127842479993E7
164;484;0;1.100127842479993E7
165;487;3;1.100127842479993E7
166;488;1;1.100127842479993E7
167;491;3;1.100127842479993E7
168;494;3;1.100127842479993E7
169;498;4;1.100127842479993E7
170;500;2;1.100127842479993E7
171;501;1;1.100127842479993E7
172;504;3;1.100127842479993E7
173;508;4;1.100127842479993E7
174;510;2;1.100127842479993E7
175;514;4;1.100127842479993E7
176;516;2;1.100127842479993E7
177;517;1;1.100127842479993E7
178;520;3;1.100127842479993E7
179;521;1;1.100127842479993E7
180;525;4;1.100127842479993E7
181;528;3;1.100127842479993E7
182;533;5;1.100127842479993E7
183;535;2;1.100127842479993E7
184;535;0;1.100127842479993E7
185;537;2;1.100127842479993E7
186;540;3;1.100127842479993E7
187;543;3;1.100127842479993E7
188;545;2;1.100127842479993E7
189;548;3;1.100127842479993E7
190;551;3;1.100127842479993E7
191;553;2;1.100127842479993E7
192;559;6;1.100127842479993E7
193;563;4;1.100127842479993E7
194;566;3;1.100127842479993E7
195;567;1;1.100127842479993E7
196;569;2;1.100127842479993E7
197;571;2;1.100127842479993E7
198;575;4;1.100127842479993E7
199;577;2;1.100127842479993E7
200;580;3;1.100127842479993E7
201;583;3;1.100127842479993E7
202;586;3;1.100127842479993E7
203;588;2;1.100127842479993E7
204;592;4;1.100127842479993E7
205;595;3;1.100127842479993E7
206;598;3;1.100127842479993E7
207;601;3;1.100127842479993E7
208;603;2;1.100127842479993E7
209;604;1;1.100127842479993E7
210;608;4;1.100127842479993E7
211;609;1;1.100127842479993E7
212;611;2;1.100127842479993E7
213;614;3;1.100127842479993E7
214;616;2;1.100127842479993E7
215;619;3;1.100127842479993E7
216;621;2;1.100127842479993E7
217;625;4;1.100127842479993E7
218;628;3;1.100127842479993E7
219;632;4;1.100127842479993E7
220;633;1;1.100127842479993E7
221;633;0;1.100127842479993E7
222;640;7;1.100127842479993E7
223;647;7;1.100127842479993E7
224;650;3;1.100127842479993E7
225;653;3;1.100127842479993E7
226;655;2;1.100127842479993E7
227;656;1;1.100127842479993E7
228;660;4;1.100127842479993E7
229;662;2;1.100127842479993E7
230;667;5;1.100127842479993E7
231;670;3;1.100127842479993E7
232;674;4;1.100127842479993E7
233;678;4;1.100127842479993E7
234;683;5;1.100127842479993E7
235;685;2;1.100127842479993E7
236;686;1;1.100127842479993E7
237;690;4;1.100127842479993E7
238;692;2;1.100127842479993E7
239;695;3;1.100127842479993E7
240;699;4;1.100127842479993E7
241;702;3;1.100127842479993E7
242;704;2;1.100127842479993E7
243;708;4;1.100127842479993E7
244;711;3;1.100127842479993E7
245;712;1;1.100127842479993E7
246;715;3;1.100127842479993E7
247;718;3;1.100127842479993E7
248;721;3;1.100127842479993E7
249;726;5;1.100127842479993E7
250;729;3;1.100127842479993E7
251;734;5;1.100127842479993E7
252;739;5;1.100127842479993E7
253;745;6;1.100127842479993E7
254;750;5;1.100127842479993E7
255;755;5;1.100127842479993E7
256;759;4;1.100127842479993E7
257;765;6;1.100127842479993E7
258;766;1;1.100127842479993E7
259;769;3;1.100127842479993E7
260;770;1;1.100127842479993E7
261;773;3;1.100127842479993E7
262;777;4;1.100127842479993E7
263;778;1;1.100127842479993E7
264;779;1;1.100127842479993E7
265;782;3;1.100127842479993E7
266;785;3;1.100127842479993E7
267;788;3;1.100127842479993E7
268;791;3;1.100127842479993E7
269;794;3;1.100127842479993E7
270;796;2;1.100127842479993E7
271;799;3;1.100127842479993E7
272;800;1;1.100127842479993E7
273;803;3;1.100127842479993E7
274;805;2;1.100127842479993E7
275;812;7;1.100127842479993E7
276;818;6;1.100127842479993E7
277;823;5;1.100127842479993E7
278;831;8;1.100127842479993E7
279;832;1;1.100127842479993E7
280;838;6;1.100127842479993E7
281;846;8;1.100127842479993E7
282;847;1;1.100127842479993E7
283;849;2;1.100127842479993E7
284;852;3;1.100127842479993E7
285;857;5;1.100127842479993E7
286;862;5;1.100127842479993E7
287;863;1;1.100127842479993E7
288;869;6;1.100127842479993E7
289;870;1;1.100127842479993E7
290;878;8;1.100127842479993E7
291;884;6;1.100127842479993E7
292;888;4;1.100127842479993E7
293;894;6;1.100127842479993E7
294;897;3;1.100127842479993E7
295;902;5;1.100127842479993E7
296;903;1;1.100127842479993E7
297;907;4;1.100127842479993E7
298;912;5;1.100127842479993E7
299;918;6;1.100127842479993E7
300;921;3;1.100127842479993E7
301;926;5;1.100127842479993E7
302;930;4;1.100127842479993E7
303;933;3;1.100127842479993E7
304;936;3;1.100127842479993E7
305;941;5;1.100127842479993E7
306;946;5;1.100127842479993E7
307;949;3;1.100127842479993E7
308;951;2;1.100127842479993E7
309;958;7;1.100127842479993E7
310;964;6;1.100127842479993E7
311;967;3;1.100127842479993E7
312;971;4;1.100127842479993E7
313;975;4;1.100127842479993E7
314;979;4;1.100127842479993E7
315;983;4;1.100127842479993E7
316;983;0;1.100127842479993E7
317;987;4;1.100127842479993E7
318;991;4;1.100127842479993E7
319;997;6;1.100127842479993E7
320;1000;3;1.100127842479993E7
321;1002;2;1.100127842479993E7
322;1005;3;1.100127842479993E7
323;1008;3;1.100127842479993E7
324;1012;4;1.100127842479993E7
325;1014;2;1.100127842479993E7
326;1017;3;1.100127842479993E7
327;1017;0;1.100127842479993E7
328;1020;3;1.100127842479993E7
329;1021;1;1.100127842479993E7
330;1025;4;1.100127842479993E7
331;1029;4;1.100127842479993E7
332;1033;4;1.100127842479993E7
333;1036;3;1.100127842479993E7
334;1038;2;1.100127842479993E7
335;1039;1;1.100127842479993E7
336;1043;4;1.100127842479993E7
337;1045;2;1.100127842479993E7
338;1050;5;1.100127842479993E7
339;1054;4;1.100127842479993E7
340;1062;8;1.100127842479993E7
341;1067;5;1.100127842479993E7
342;1073;6;1.100127842479993E7
343;1078;5;1.100127842479993E7
344;1082;4;1.100127842479993E7
345;1089;7;1.100127842479993E7
346;1093;4;1.100127842479993E7
347;1098;5;1.100127842479993E7
348;1105;7;1.100127842479993E7
349;1112;7;1.100127842479993E7
350;1116;4;1.100127842479993E7
351;1118;2;1.100127842479993E7
352;1124;6;1.100127842479993E7
353;1128;4;1.100127842479993E7
354;1136;8;1.100127842479993E7
355;1137;1;1.100127842479993E7
356;1138;1;1.100127842479993E7
357;1141;3;1.100127842479993E7
358;1151;10;1.100127842479993E7
359;1157;6;1.100127842479993E7
360;1163;6;1.100127842479993E7
361;1168;5;1.100127842479993E7
362;1174;6;1.100127842479993E7
363;1181;7;1.100127842479993E7
364;1188;7;1.100127842479993E7
365;1191;3;1.100127842479993E7
366;1196;5;1.100127842479993E7
367;1203;7;1.100127842479993E7
368;1206;3;1.100127842479993E7
369;1214;8;1.100127842479993E7
370;1216;2;1.100127842479993E7
371;1228;12;1.100127842479993E7
372;1234;6;1.100127842479993E7
373;1237;3;1.100127842479993E7
374;1238;1;1.100127842479993E7
375;1242;4;1.100127842479993E7
376;1249;7;1.100127842479993E7
377;1253;4;1.100127842479993E7
378;1260;7;1.100127842479993E7
379;1268;8;1.100127842479993E7
380;1272;4;1.100127842479993E7
381;1281;9;1.100127842479993E7
382;1285;4;1.100127842479993E7
383;1292;7;1.100127842479993E7
384;1298;6;1.100127842479993E7
385;1299;1;1.100127842479993E7
386;1303;4;1.100127842479993E7
387;1304;1;1.100127842479993E7
388;1311;7;1.100127842479993E7
389;1314;3;1.100127842479993E7
390;1317;3;1.100127842479993E7
391;1319;2;1.100127842479993E7
392;1321;2;1.100127842479993E7
393;1324;3;1.100127842479993E7
394;1329;5;1.100127842479993E7
395;1333;4;1.100127842479993E7
396;1333;0;1.100127842479993E7
397;1334;1;1.100127842479993E7
398;1336;2;1.100127842479993E7
399;1339;3;1.100127842479993E7
400;1345;6;1.100127842479993E7
401;1348;3;1.100127842479993E7
402;1352;4;1.100127842479993E7
403;1356;4;1.100127842479993E7
404;1362;6;1.100127842479993E7
405;1367;5;1.100127842479993E7
406;1369;2;1.100127842479993E7
407;1376;7;1.100127842479993E7
408;1380;4;1.100127842479993E7
409;1381;1;1.100127842479993E7
410;1382;1;1.100127842479993E7
411;1382;0;1.100127842479993E7
412;1385;3;1.100127842479993E7
413;1388;3;1.100127842479993E7
414;1393;5;1.100127842479993E7
415;1398;5;1.100127842479993E7
416;1399;1;1.100127842479993E7
417;1403;4;1.100127842479993E7
418;1407;4;1.100127842479993E7
419;1413;6;1.100127842479993E7
420;1415;2;1.100127842479993E7
421;1417;2;1.100127842479993E7
422;1419;2;1.100127842479993E7
423;1423;4;1.100127842479993E7
424;1424;1;1.100127842479993E7
425;1428;4;1.100127842479993E7
426;1431;3;1.100127842479993E7
427;1433;2;1.100127842479993E7
428;1435;2;1.100127842479993E7
429;1439;4;1.100127842479993E7
430;1441;2;1.100127842479993E7
431;1445;4;1.100127842479993E7
432;1451;6;1.100127842479993E7
433;1454;3;1.100127842479993E7
434;1459;5;1.100127842479993E7
435;1463;4;1.100127842479993E7
436;1467;4;1.100127842479993E7
437;1470;3;1.100127842479993E7
438;1472;2;1.100127842479993E7
439;1476;4;1.100127842479993E7
440;1480;4;1.100127842479993E7
441;1483;3;1.100127842479993E7
442;1486;3;1.100127842479993E7
443;1489;3;1.100127842479993E7
444;1492;3;1.100127842479993E7
445;1495;3;1.100127842479993E7
446;1497;2;1.100127842479993E7
447;1501;4;1.100127842479993E7
448;1503;2;1.100127842479993E7
449;1505;2;1.100127842479993E7
450;1506;1;1.100127842479993E7
451;1508;2;1.100127842479993E7
452;1511;3;1.100127842479993E7
453;1512;1;1.100127842479993E7
454;1513;1;1.100127842479993E7
455;1517;4;1.100127842479993E7
456;1518;1;1.100127842479993E7
457;1520;2;1.100127842479993E7
458;1522;2;1.100127842479993E7
459;1523;1;1.100127842479993E7
460;1526;3;1.100127842479993E7
461;1529;3;1.100127842479993E7
462;1530;1;1.100127842479993E7
463;1533;3;1.100127842479993E7
464;1537;4;1.100127842479993E7
465;1538;1;1.100127842479993E7
466;1538;0;1.100127842479993E7
467;1539;1;1.100127842479993E7
468;1543;4;1.100127842479993E7
469;1546;3;1.100127842479993E7
470;1549;3;1.100127842479993E7
471;1552;3;1.100127842479993E7
472;1556;4;1.100127842479993E7
473;1559;3;1.100127842479993E7
474;1562;3;1.100127842479993E7
475;1564;2;1.100127842479993E7
476;1566;2;1.100127842479993E7
477;1568;2;1.100127842479993E7
478;1569;1;1.100127842479993E7
479;1571;2;1.100127842479993E7
480;1576;5;1.100127842479993E7
481;1577;1;1.100127842479993E7
482;1580;3;1.100127842479993E7
483;1581;1;1.100127842479993E7
484;1583;2;1.100127842479993E7
485;1586;3;1.100127842479993E7
486;1590;4;1.100127842479993E7
487;1594;4;1.100127842479993E7
488;1598;4;1.100127842479993E7
489;1601;3;1.100127842479993E7
490;1603;2;1.100127842479993E7
491;1606;3;1.100127842479993E7
492;1612;6;1.100127842479993E7
493;1616;4;1.100127842479993E7
494;1622;6;1.100127842479993E7
495;1625;3;1.100127842479993E7
496;1629;4;1.100127842479993E7
497;1635;6;1.100127842479993E7
498;1639;4;1.100127842479993E7
499;1640;1;1.100127842479993E7
500;1647;7;1.100127842479993E7
501;1652;5;1.100127842479993E7
502;1655;3;1.100127842479993E7
503;1663;8;1.100127842479993E7
504;1668;5;1.100127842479993E7
505;1677;9;1.100127842479993E7
506;1681;4;1.100127842479993E7
507;1685;4;1.100127842479993E7
508;1685;0;1.100127842479993E7
509;1688;3;1.100127842479993E7
510;1693;5;1.100127842479993E7
511;1695;2;1.100127842479993E7
512;1700;5;1.100127842479993E7
513;1703;3;1.100127842479993E7
514;1710;7;1.100127842479993E7
515;1713;3;1.100127842479993E7
516;1715;2;1.100127842479993E7
517;1718;3;1.100127842479993E7
518;1722;4;1.100127842479993E7
519;1723;1;1.100127842479993E7
520;1729;6;1.100127842479993E7
521;1734;5;1.100127842479993E7
522;1738;4;1.100127842479993E7
523;1744;6;1.100127842479993E7
524;1749;5;1.100127842479993E7
525;1751;2;1.100127842479993E7
526;1754;3;1.100127842479993E7
527;1757;3;1.100127842479993E7
528;1761;4;1.100127842479993E7
529;1763;2;1.100127842479993E7
530;1765;2;1.100127842479993E7
531;1768;3;1.100127842479993E7
532;1771;3;1.100127842479993E7
533;1774;3;1.100127842479993E7
534;1778;4;1.100127842479993E7
535;1779;1;1.100127842479993E7
536;1786;7;1.100127842479993E7
537;1789;3;1.100127842479993E7
538;1795;6;1.100127842479993E7
539;1799;4;1.100127842479993E7
540;1802;3;1.100127842479993E7
541;1805;3;1.100127842479993E7
542;1806;1;1.100127842479993E7
543;1810;4;1.100127842479993E7
544;1813;3;1.100127842479993E7
545;1814;1;1.100127842479993E7
546;1818;4;1.100127842479993E7
547;1819;1;1.100127842479993E7
548;1823;4;1.100127842479993E7
549;1827;4;1.100127842479993E7
550;1830;3;1.100127842479993E7
551;1832;2;1.100127842479993E7
552;1832;0;1.100127842479993E7
553;1834;2;1.100127842479993E7
554;1836;2;1.100127842479993E7
555;1840;4;1.100127842479993E7
556;1845;5;1.100127842479993E7
557;1847;2;1.100127842479993E7
558;1849;2;1.100127842479993E7
559;1852;3;1.100127842479993E7
560;1855;3;1.100127842479993E7
561;1859;4;1.100127842479993E7
562;1861;2;1.100127842479993E7
563;1863;2;1.100127842479993E7
564;1866;3;1.100127842479993E7
565;1868;2;1.100127842479993E7
566;1871;3;1.100127842479993E7
567;1873;2;1.100127842479993E7
568;1882;9;1.100127842479993E7
569;1885;3;1.100127842479993E7
570;1889;4;1.100127842479993E7
571;1890;1;1.100127842479993E7
572;1892;2;1.100127842479993E7
573;1895;3;1.100127842479993E7
574;1900;5;1.100127842479993E7
575;1900;0;1.100127842479993E7
576;1902;2;1.100127842479993E7
577;1906;4;1.100127842479993E7
578;1911;5;1.100127842479993E7
579;1914;3;1.100127842479993E7
580;1917;3;1.100127842479993E7
581;1921;4;1.100127842479993E7
582;1924;3;1.100127842479993E7
583;1925;1;1.100127842479993E7
584;1929;4;1.100127842479993E7
585;1932;3;1.100127842479993E7
586;1932;0;1.100127842479993E7
587;1933;1;1.100127842479993E7
588;1936;3;1.100127842479993E7
589;1937;1;1.100127842479993E7
590;1938;1;1.100127842479993E7
591;1944;6;1.100127842479993E7
592;1947;3;1.100127842479993E7
593;1949;2;1.100127842479993E7
594;1949;0;1.100127842479993E7
595;1953;4;1.100127842479993E7
596;1954;1;1.100127842479993E7
597;1959;5;1.100127842479993E7
598;1960;1;1.100127842479993E7
599;1961;1;1.100127842479993E7
600;1963;2;1.100127842479993E7
601;1964;1;1.100127842479993E7
602;1966;2;1.100127842479993E7
603;1968;2;1.100127842479993E7
604;1970;2;1.100127842479993E7
605;1971;1;1.100127842479993E7
606;1971;0;1.100127842479993E7
607;1975;4;1.100127842479993E7
608;1977;2;1.100127842479993E7
609;1979;2;1.100127842479993E7
610;1981;2;1.100127842479993E7
611;1985;4;1.100127842479993E7
612;1989;4;1.100127842479993E7
613;1994;5;1.100127842479993E7
614;1997;3;1.100127842479993E7
615;1998;1;1.100127842479993E7
616;2002;4;1.100127842479993E7
617;2004;2;1.100127842479993E7
618;2007;3;1.100127842479993E7
619;2009;2;1.100127842479993E7
620;2010;1;1.100127842479993E7
621;2011;1;1.100127842479993E7
622;2014;3;1.100127842479993E7
623;2016;2;1.100127842479993E7
624;2018;2;1.100127842479993E7
625;2020;2;1.100127842479993E7
626;2023;3;1.100127842479993E7
627;2025;2;1.100127842479993E7
628;2029;4;1.100127842479993E7
629;2032;3;1.100127842479993E7
630;2033;1;1.100127842479993E7
631;2035;2;1.100127842479993E7
632;2038;3;1.100127842479993E7
633;2039;1;1.100127842479993E7
634;2044;5;1.100127842479993E7
635;2047;3;1.100127842479993E7
636;2049;2;1.100127842479993E7
637;2053;4;1.100127842479993E7
638;2055;2;1.100127842479993E7
639;2058;3;1.100127842479993E7
640;2062;4;1.100127842479993E7
641;2062;0;1.100127842479993E7
642;2065;3;1.100127842479993E7
643;2067;2;1.100127842479993E7
644;2069;2;1.100127842479993E7
645;2071;2;1.100127842479993E7
646;2071;0;1.100127842479993E7
647;2075;4;1.100127842479993E7
648;2077;2;1.100127842479993E7
649;2080;3;1.100127842479993E7
650;2082;2;1.100127842479993E7
651;2084;2;1.100127842479993E7
652;2085;1;1.100127842479993E7
653;2087;2;1.100127842479993E7
654;2089;2;1.100127842479993E7
655;2092;3;1.100127842479993E7
656;2095;3;1.100127842479993E7
657;2096;1;1.100127842479993E7
658;2097;1;1.100127842479993E7
659;2099;2;1.100127842479993E7
660;2103;4;1.100127842479993E7
661;2106;3;1.100127842479993E7
662;2110;4;1.100127842479993E7
663;2112;2;1.100127842479993E7
664;2114;2;1.100127842479993E7
665;2117;3;1.100127842479993E7
666;2121;4;1.100127842479993E7
667;2122;1;1.100127842479993E7
668;2125;3;1.100127842479993E7
669;2129;4;1.100127842479993E7
670;2133;4;1.100127842479993E7
671;2135;2;1.100127842479993E7
672;2138;3;1.100127842479993E7
673;2142;4;1.100127842479993E7
674;2145;3;1.100127842479993E7
675;2148;3;1.100127842479993E7
676;2151;3;1.100127842479993E7
677;2153;2;1.100127842479993E7
678;2153;0;1.100127842479993E7
679;2159;6;1.100127842479993E7
680;2161;2;1.100127842479993E7
681;2162;1;1.100127842479993E7
682;2164;2;1.100127842479993E7
683;2167;3;1.100127842479993E7
684;2167;0;1.100127842479993E7
685;2169;2;1.100127842479993E7
686;2171;2;1.100127842479993E7
687;2174;3;1.100127842479993E7
688;2178;4;1.100127842479993E7
689;2181;3;1.100127842479993E7
690;2185;4;1.100127842479993E7
691;2187;2;1.100127842479993E7
692;2192;5;1.100127842479993E7
693;2194;2;1.100127842479993E7
694;2196;2;1.100127842479993E7
695;2196;0;1.100127842479993E7
696;2198;2;1.100127842479993E7
697;2200;2;1.100127842479993E7
698;2202;2;1.100127842479993E7
699;2205;3;1.100127842479993E7
700;2206;1;1.100127842479993E7
701;2211;5;1.100127842479993E7
702;2212;1;1.100127842479993E7
703;2215;3;1.100127842479993E7
704;2217;2;1.100127842479993E7
705;2221;4;1.100127842479993E7
706;2221;0;1.100127842479993E7
707;2224;3;1.100127842479993E7
708;2228;4;1.100127842479993E7
709;2230;2;1.100127842479993E7
710;2231;1;1.100127842479993E7
711;2233;2;1.100127842479993E7
712;2236;3;1.100127842479993E7
713;2240;4;1.100127842479993E7
714;2243;3;1.100127842479993E7
715;2245;2;1.100127842479993E7
716;2249;4;1.100127842479993E7
717;2252;3;1.100127842479993E7
718;2253;1;1.100127842479993E7
719;2256;3;1.100127842479993E7
720;2260;4;1.100127842479993E7
721;2262;2;1.100127842479993E7
722;2266;4;1.100127842479993E7
723;2268;2;1.100127842479993E7
724;2274;6;1.100127842479993E7
725;2276;2;1.100127842479993E7
726;2280;4;1.100127842479993E7
727;2283;3;1.100127842479993E7
728;2286;3;1.100127842479993E7
729;2288;2;1.100127842479993E7
730;2292;4;1.100127842479993E7
731;2295;3;1.100127842479993E7
732;2297;2;1.100127842479993E7
733;2299;2;1.100127842479993E7
734;2301;2;1.100127842479993E7
735;2304;3;1.100127842479993E7
736;2308;4;1.100127842479993E7
737;2309;1;1.100127842479993E7
738;2315;6;1.100127842479993E7
739;2319;4;1.100127842479993E7
740;2321;2;1.100127842479993E7
741;2321;0;1.100127842479993E7
742;2325;4;1.100127842479993E7
743;2328;3;1.100127842479993E7
744;2332;4;1.100127842479993E7
745;2336;4;1.100127842479993E7
746;2337;1;1.100127842479993E7
747;2339;2;1.100127842479993E7
748;2341;2;1.100127842479993E7
749;2346;5;1.100127842479993E7
750;2352;6;1.100127842479993E7
751;2354;2;1.100127842479993E7
752;2358;4;1.100127842479993E7
753;2363;5;1.100127842479993E7
754;2365;2;1.100127842479993E7
755;2369;4;1.100127842479993E7
756;2370;1;1.100127842479993E7
757;2373;3;1.100127842479993E7
758;2376;3;1.100127842479993E7
759;2380;4;1.100127842479993E7
760;2382;2;1.100127842479993E7
761;2383;1;1.100127842479993E7
762;2385;2;1.100127842479993E7
763;2388;3;1.100127842479993E7
764;2389;1;1.100127842479993E7
765;2393;4;1.100127842479993E7
766;2398;5;1.100127842479993E7
767;2399;1;1.100127842479993E7
768;2401;2;1.100127842479993E7
769;2403;2;1.100127842479993E7
770;2405;2;1.100127842479993E7
771;2409;4;1.100127842479993E7
772;2412;3;1.100127842479993E7
773;2413;1;1.100127842479993E7
774;2416;3;1.100127842479993E7
775;2418;2;1.100127842479993E7
776;2419;1;1.100127842479993E7
777;2419;0;1.100127842479993E7
778;2421;2;1.100127842479993E7
779;2422;1;1.100127842479993E7
780;2423;1;1.100127842479993E7
781;2425;2;1.100127842479993E7
782;2428;3;1.100127842479993E7
783;2430;2;1.100127842479993E7
784;2432;2;1.100127842479993E7
785;2432;0;1.100127842479993E7
786;2434;2;1.100127842479993E7
787;2435;1;1.100127842479993E7
788;2437;2;1.100127842479993E7
789;2441;4;1.100127842479993E7
790;2444;3;1.100127842479993E7
791;2448;4;1.100127842479993E7
792;2451;3;1.100127842479993E7
793;2453;2;1.100127842479993E7
794;2457;4;1.100127842479993E7
795;2458;1;1.100127842479993E7
796;2462;4;1.100127842479993E7
797;2463;1;1.100127842479993E7
798;2465;2;1.100127842479993E7
799;2469;4;1.100127842479993E7
800;2471;2;1.100127842479993E7
801;2474;3;1.100127842479993E7
802;2475;1;1.100127842479993E7
803;2476;1;1.100127842479993E7
804;2479;3;1.100127842479993E7
805;2481;2;1.100127842479993E7
806;2484;3;1.100127842479993E7
807;2486;2;1.100127842479993E7
808;2490;4;1.100127842479993E7
809;2493;3;1.100127842479993E7
810;2496;3;1.100127842479993E7
811;2498;2;1.100127842479993E7
812;2499;1;1.100127842479993E7
813;2501;2;1.100127842479993E7
814;2502;1;1.100127842479993E7
815;2503;1;1.100127842479993E7
816;2506;3;1.100127842479993E7
817;2510;4;1.100127842479993E7
818;2512;2;1.100127842479993E7
819;2515;3;1.100127842479993E7
820;2518;3;1.100127842479993E7
821;2520;2;1.100127842479993E7
822;2523;3;1.100127842479993E7
823;2527;4;1.100127842479993E7
824;2530;3;1.100127842479993E7
825;2533;3;1.100127842479993E7
826;2536;3;1.100127842479993E7
827;2538;2;1.100127842479993E7
828;2540;2;1.100127842479993E7
829;2543;3;1.100127842479993E7
830;2547;4;1.100127842479993E7
831;2549;2;1.100127842479993E7
832;2550;1;1.100127842479993E7
833;2550;0;1.100127842479993E7
834;2554;4;1.100127842479993E7
835;2561;7;1.100127842479993E7
836;2564;3;1.100127842479993E7
837;2566;2;1.100127842479993E7
838;2569;3;1.100127842479993E7
839;2572;3;1.100127842479993E7
840;2579;7;1.100127842479993E7
841;2582;3;1.100127842479993E7
842;2584;2;1.100127842479993E7
843;2586;2;1.100127842479993E7
844;2588;2;1.100127842479993E7
845;2594;6;1.100127842479993E7
846;2596;2;1.100127842479993E7
847;2599;3;1.100127842479993E7
848;2599;0;1.100127842479993E7
849;2602;3;1.100127842479993E7
850;2604;2;1.100127842479993E7
851;2610;6;1.100127842479993E7
852;2613;3;1.100127842479993E7
853;2616;3;1.100127842479993E7
854;2618;2;1.100127842479993E7
855;2620;2;1.100127842479993E7
856;2622;2;1.100127842479993E7
857;2627;5;1.100127842479993E7
858;2631;4;1.100127842479993E7
859;2634;3;1.100127842479993E7
860;2635;1;1.100127842479993E7
861;2638;3;1.100127842479993E7
862;2643;5;1.100127842479993E7
863;2646;3;1.100127842479993E7
864;2649;3;1.100127842479993E7
865;2651;2;1.100127842479993E7
866;2653;2;1.100127842479993E7
867;2656;3;1.100127842479993E7
868;2661;5;1.100127842479993E7
869;2663;2;1.100127842479993E7
870;2666;3;1.100127842479993E7
871;2668;2;1.100127842479993E7
872;2671;3;1.100127842479993E7
873;2673;2;1.100127842479993E7
874;2677;4;1.100127842479993E7
875;2679;2;1.100127842479993E7
876;2683;4;1.100127842479993E7
877;2686;3;1.100127842479993E7
878;2687;1;1.100127842479993E7
879;2690;3;1.100127842479993E7
880;2694;4;1.100127842479993E7
881;2697;3;1.100127842479993E7
882;2699;2;1.100127842479993E7
883;2702;3;1.100127842479993E7
884;2705;3;1.100127842479993E7
885;2710;5;1.100127842479993E7
886;2712;2;1.100127842479993E7
887;2712;0;1.100127842479993E7
888;2714;2;1.100127842479993E7
889;2717;3;1.100127842479993E7
890;2719;2;1.100127842479993E7
891;2722;3;1.100127842479993E7
892;2722;0;1.100127842479993E7
893;2722;0;1.100127842479993E7
894;2727;5;1.100127842479993E7
895;2729;2;1.100127842479993E7
896;2731;2;1.100127842479993E7
897;2734;3;1.100127842479993E7
898;2736;2;1.100127842479993E7
899;2737;1;1.100127842479993E7
900;2739;2;1.100127842479993E7
901;2743;4;1.100127842479993E7
902;2746;3;1.100127842479993E7
903;2748;2;1.100127842479993E7
904;2751;3;1.100127842479993E7
905;2751;0;1.100127842479993E7
906;2756;5;1.100127842479993E7
907;2760;4;1.100127842479993E7
908;2762;2;1.100127842479993E7
909;2765;3;1.100127842479993E7
910;2768;3;1.100127842479993E7
911;2768;0;1.100127842479993E7
912;2773;5;1.100127842479993E7
913;2775;2;1.100127842479993E7
914;2779;4;1.100127842479993E7
915;2780;1;1.100127842479993E7
916;2784;4;1.100127842479993E7
917;2784;0;1.100127842479993E7
918;2786;2;1.100127842479993E7
919;2793;7;1.100127842479993E7
920;2793;0;1.100127842479993E7
921;2794;1;1.100127842479993E7
922;2798;4;1.100127842479993E7
923;2800;2;1.100127842479993E7
924;2803;3;1.100127842479993E7
925;2808;5;1.100127842479993E7
926;2812;4;1.100127842479993E7
927;2815;3;1.100127842479993E7
928;2817;2;1.100127842479993E7
929;2817;0;1.100127842479993E7
930;2819;2;1.100127842479993E7
931;2827;8;1.100127842479993E7
932;2829;2;1.100127842479993E7
933;2830;1;1.100127842479993E7
934;2832;2;1.100127842479993E7
935;2834;2;1.100127842479993E7
936;2835;1;1.100127842479993E7
937;2836;1;1.100127842479993E7
938;2840;4;1.100127842479993E7
939;2844;4;1.100127842479993E7
940;2847;3;1.100127842479993E7
941;2849;2;1.100127842479993E7
942;2851;2;1.100127842479993E7
943;2852;1;1.100127842479993E7
944;2856;4;1.100127842479993E7
945;2861;5;1.100127842479993E7
946;2863;2;1.100127842479993E7
947;2865;2;1.100127842479993E7
948;2866;1;1.100127842479993E7
949;2868;2;1.100127842479993E7
950;2870;2;1.100127842479993E7
951;2875;5;1.100127842479993E7
952;2877;2;1.100127842479993E7
953;2881;4;1.100127842479993E7
954;2883;2;1.100127842479993E7
955;2886;3;1.100127842479993E7
956;2887;1;1.100127842479993E7
957;2891;4;1.100127842479993E7
958;2894;3;1.100127842479993E7
959;2895;1;1.100127842479993E7
960;2899;4;1.100127842479993E7
961;2901;2;1.100127842479993E7
962;2902;1;1.100127842479993E7
963;2908;6;1.100127842479993E7
964;2910;2;1.100127842479993E7
965;2915;5;1.100127842479993E7
966;2917;2;1.100127842479993E7
967;2918;1;1.100127842479993E7
968;2918;0;1.100127842479993E7
969;2921;3;1.100127842479993E7
970;2925;4;1.100127842479993E7
971;2927;2;1.100127842479993E7
972;2930;3;1.100127842479993E7
973;2932;2;1.100127842479993E7
974;2933;1;1.100127842479993E7
975;2935;2;1.100127842479993E7
976;2938;3;1.100127842479993E7
977;2941;3;1.100127842479993E7
978;2943;2;1.100127842479993E7
979;2945;2;1.100127842479993E7
980;2946;1;1.100127842479993E7
981;2948;2;1.100127842479993E7
982;2951;3;1.100127842479993E7
983;2953;2;1.100127842479993E7
984;2957;4;1.100127842479993E7
985;2960;3;1.100127842479993E7
986;2962;2;1.100127842479993E7
987;2965;3;1.100127842479993E7
988;2967;2;1.100127842479993E7
989;2969;2;1.100127842479993E7
990;2974;5;1.100127842479993E7
991;2976;2;1.100127842479993E7
992;2979;3;1.100127842479993E7
993;2982;3;1.100127842479993E7
994;2985;3;1.100127842479993E7
995;2987;2;1.100127842479993E7
996;2992;5;1.100127842479993E7
997;2995;3;1.100127842479993E7
998;2995;0;1.100127842479993E7
999;2997;2;1.100127842479993E7
1000;2999;2;1.100127842479993E7
1001;3002;3;1.100127842479993E7
1002;3006;4;1.100127842479993E7
1003;3010;4;1.100127842479993E7
1004;3012;2;1.100127842479993E7
1005;3015;3;1.100127842479993E7
1006;3018;3;1.100127842479993E7
1007;3019;1;1.100127842479993E7
1008;3022;3;1.100127842479993E7
1009;3025;3;1.100127842479993E7
1010;3029;4;1.100127842479993E7
1011;3031;2;1.100127842479993E7
1012;3033;2;1.100127842479993E7
1013;3035;2;1.100127842479993E7
1014;3038;3;1.100127842479993E7
1015;3039;1;1.100127842479993E7
1016;3042;3;1.100127842479993E7
1017;3046;4;1.100127842479993E7
1018;3048;2;1.100127842479993E7
1019;3051;3;1.100127842479993E7
1020;3053;2;1.100127842479993E7
1021;3057;4;1.100127842479993E7
1022;3061;4;1.100127842479993E7
1023;3062;1;1.100127842479993E7
1024;3063;1;1.100127842479993E7
1025;3067;4;1.100127842479993E7
1026;3070;3;1.100127842479993E7
1027;3071;1;1.100127842479993E7
1028;3074;3;1.100127842479993E7
1029;3076;2;1.100127842479993E7
1030;3076;0;1.100127842479993E7
1031;3079;3;1.100127842479993E7
1032;3080;1;1.100127842479993E7
1033;3082;2;1.100127842479993E7
1034;3085;3;1.100127842479993E7
1035;3088;3;1.100127842479993E7
1036;3090;2;1.100127842479993E7
1037;3091;1;1.100127842479993E7
1038;3093;2;1.100127842479993E7
1039;3096;3;1.100127842479993E7
1040;3097;1;1.100127842479993E7
1041;3100;3;1.100127842479993E7
1042;3103;3;1.100127842479993E7
1043;3104;1;1.100127842479993E7
1044;3108;4;1.100127842479993E7
1045;3109;1;1.100127842479993E7
1046;3112;3;1.100127842479993E7
1047;3115;3;1.100127842479993E7
1048;3121;6;1.100127842479993E7
1049;3124;3;1.100127842479993E7
1050;3127;3;1.100127842479993E7
1051;3132;5;1.100127842479993E7
1052;3134;2;1.100127842479993E7
1053;3136;2;1.100127842479993E7
1054;3140;4;1.100127842479993E7
1055;3141;1;1.100127842479993E7
1056;3142;1;1.100127842479993E7
1057;3143;1;1.100127842479993E7
1058;3145;2;1.100127842479993E7
1059;3146;1;1.100127842479993E7
1060;3148;2;1.100127842479993E7
1061;3150;2;1.100127842479993E7
1062;3153;3;1.100127842479993E7
1063;3156;3;1.100127842479993E7
1064;3160;4;1.100127842479993E7
1065;3164;4;1.100127842479993E7
1066;3164;0;1.100127842479993E7
1067;3165;1;1.100127842479993E7
1068;3167;2;1.100127842479993E7
1069;3169;2;1.100127842479993E7
1070;3175;6;1.100127842479993E7
1071;3176;1;1.100127842479993E7
1072;3178;2;1.100127842479993E7
1073;3181;3;1.100127842479993E7
1074;3184;3;1.100127842479993E7
1075;3185;1;1.100127842479993E7
1076;3186;1;1.100127842479993E7
1077;3187;1;1.100127842479993E7
1078;3191;4;1.100127842479993E7
1079;3193;2;1.100127842479993E7
1080;3194;1;1.100127842479993E7
1081;3197;3;1.100127842479993E7
1082;3199;2;1.100127842479993E7
1083;3202;3;1.100127842479993E7
1084;3206;4;1.100127842479993E7
1085;3208;2;1.100127842479993E7
1086;3210;2;1.100127842479993E7
1087;3213;3;1.100127842479993E7
1088;3218;5;1.100127842479993E7
1089;3221;3;1.100127842479993E7
1090;3225;4;1.100127842479993E7
1091;3227;2;1.100127842479993E7
1092;3230;3;1.100127842479993E7
1093;3232;2;1.100127842479993E7
1094;3233;1;1.100127842479993E7
1095;3235;2;1.100127842479993E7
1096;3236;1;1.100127842479993E7
1097;3240;4;1.100127842479993E7
1098;3241;1;1.100127842479993E7
1099;3244;3;1.100127842479993E7
1100;3247;3;1.100127842479993E7
1101;3250;3;1.100127842479993E7
1102;3253;3;1.100127842479993E7
1103;3259;6;1.100127842479993E7
1104;3261;2;1.100127842479993E7
1105;3262;1;1.100127842479993E7
1106;3263;1;1.100127842479993E7
1107;3264;1;1.100127842479993E7
1108;3267;3;1.100127842479993E7
1109;3269;2;1.100127842479993E7
1110;3274;5;1.100127842479993E7
1111;3277;3;1.100127842479993E7
1112;3279;2;1.100127842479993E7
1113;3281;2;1.100127842479993E7
1114;3282;1;1.100127842479993E7
1115;3283;1;1.100127842479993E7
1116;3285;2;1.100127842479993E7
1117;3287;2;1.100127842479993E7
1118;3290;3;1.100127842479993E7
1119;3293;3;1.100127842479993E7
1120;3294;1;1.100127842479993E7
1121;3297;3;1.100127842479993E7
1122;3300;3;1.100127842479993E7
1123;3300;0;1.100127842479993E7
1124;3301;1;1.100127842479993E7
1125;3305;4;1.100127842479993E7
1126;3307;2;1.100127842479993E7
1127;3309;2;1.100127842479993E7
1128;3312;3;1.100127842479993E7
1129;3315;3;1.100127842479993E7
1130;3317;2;1.100127842479993E7
1131;3320;3;1.100127842479993E7
1132;3321;1;1.100127842479993E7
1133;3328;7;1.100127842479993E7
1134;3328;0;1.100127842479993E7
1135;3330;2;1.100127842479993E7
1136;3332;2;1.100127842479993E7
1137;3335;3;1.100127842479993E7
1138;3339;4;1.100127842479993E7
1139;3342;3;1.100127842479993E7
1140;3345;3;1.100127842479993E7
1141;3347;2;1.100127842479993E7
1142;3348;1;1.100127842479993E7
1143;3350;2;1.100127842479993E7
1144;3352;2;1.100127842479993E7
1145;3355;3;1.100127842479993E7
1146;3359;4;1.100127842479993E7
1147;3359;0;1.100127842479993E7
1148;3361;2;1.100127842479993E7
1149;3364;3;1.100127842479993E7
1150;3367;3;1.100127842479993E7
1151;3369;2;1.100127842479993E7
1152;3375;6;1.100127842479993E7
1153;3378;3;1.100127842479993E7
1154;3380;2;1.100127842479993E7
1155;3382;2;1.100127842479993E7
1156;3385;3;1.100127842479993E7
1157;3388;3;1.100127842479993E7
1158;3393;5;1.100127842479993E7
1159;3393;0;1.100127842479993E7
1160;3396;3;1.100127842479993E7
1161;3398;2;1.100127842479993E7
1162;3401;3;1.100127842479993E7
1163;3401;0;1.100127842479993E7
1164;3402;1;1.100127842479993E7
1165;3404;2;1.100127842479993E7
1166;3409;5;1.100127842479993E7
1167;3412;3;1.100127842479993E7
1168;3415;3;1.100127842479993E7
1169;3417;2;1.100127842479993E7
1170;3420;3;1.100127842479993E7
1171;3424;4;1.100127842479993E7
1172;3425;1;1.100127842479993E7
1173;3427;2;1.100127842479993E7
1174;3430;3;1.100127842479993E7
1175;3431;1;1.100127842479993E7
1176;3435;4;1.100127842479993E7
1177;3435;0;1.100127842479993E7
1178;3437;2;1.100127842479993E7
1179;3442;5;1.100127842479993E7
1180;3442;0;1.100127842479993E7
1181;3445;3;1.100127842479993E7
1182;3446;1;1.100127842479993E7
1183;3447;1;1.100127842479993E7
1184;3449;2;1.100127842479993E7
1185;3452;3;1.100127842479993E7
1186;3454;2;1.100127842479993E7
1187;3460;6;1.100127842479993E7
1188;3462;2;1.100127842479993E7
1189;3463;1;1.100127842479993E7
1190;3464;1;1.100127842479993E7
1191;3465;1;1.100127842479993E7
1192;3467;2;1.100127842479993E7
1193;3469;2;1.100127842479993E7
1194;3473;4;1.100127842479993E7
1195;3476;3;1.100127842479993E7
1196;3477;1;1.100127842479993E7
1197;3479;2;1.100127842479993E7
1198;3481;2;1.100127842479993E7
1199;3483;2;1.100127842479993E7
1200;3486;3;1.100127842479993E7
1201;3492;6;1.100127842479993E7
1202;3494;2;1.100127842479993E7
1203;3497;3;1.100127842479993E7
1204;3499;2;1.100127842479993E7
1205;3501;2;1.100127842479993E7
1206;3504;3;1.100127842479993E7
1207;3505;1;1.100127842479993E7
1208;3508;3;1.100127842479993E7
1209;3510;2;1.100127842479993E7
1210;3512;2;1.100127842479993E7
1211;3514;2;1.100127842479993E7
1212;3515;1;1.100127842479993E7
1213;3517;2;1.100127842479993E7
1214;3520;3;1.100127842479993E7
1215;3527;7;1.100127842479993E7
1216;3529;2;1.100127842479993E7
1217;3531;2;1.100127842479993E7
1218;3535;4;1.100127842479993E7
1219;3535;0;1.100127842479993E7
1220;3536;1;1.100127842479993E7
1221;3537;1;1.100127842479993E7
1222;3540;3;1.100127842479993E7
1223;3543;3;1.100127842479993E7
1224;3544;1;1.100127842479993E7
1225;3547;3;1.100127842479993E7
1226;3548;1;1.100127842479993E7
1227;3550;2;1.100127842479993E7
1228;3551;1;1.100127842479993E7
1229;3552;1;1.100127842479993E7
1230;3558;6;1.100127842479993E7
1231;3559;1;1.100127842479993E7
1232;3561;2;1.100127842479993E7
1233;3563;2;1.100127842479993E7
1234;3565;2;1.100127842479993E7
1235;3566;1;1.100127842479993E7
1236;3566;0;1.100127842479993E7
1237;3568;2;1.100127842479993E7
1238;3569;1;1.100127842479993E7
1239;3574;5;1.100127842479993E7
1240;3576;2;1.100127842479993E7
1241;3579;3;1.100127842479993E7
1242;3581;2;1.100127842479993E7
1243;3584;3;1.100127842479993E7
1244;3589;5;1.100127842479993E7
1245;3592;3;1.100127842479993E7
1246;3594;2;1.100127842479993E7
1247;3594;0;1.100127842479993E7
1248;3596;2;1.100127842479993E7
1249;3599;3;1.100127842479993E7
1250;3600;1;1.100127842479993E7
1251;3602;2;1.100127842479993E7
1252;3604;2;1.100127842479993E7
1253;3609;5;1.100127842479993E7
1254;3611;2;1.100127842479993E7
1255;3613;2;1.100127842479993E7
1256;3616;3;1.100127842479993E7
1257;3617;1;1.100127842479993E7
1258;3620;3;1.0001882370913383E7
1259;3626;6;1.0001882370913383E7
1260;3629;3;1.0001882370913383E7
1261;3631;2;1.0001882370913383E7
1262;3633;2;1.0001882370913383E7
1263;3634;1;1.0001882370913383E7
1264;3638;4;1.0001882370913383E7
1265;3642;4;1.0001882370913383E7
1266;3646;4;1.0001882370913383E7
1267;3647;1;1.0001882370913383E7
1268;3649;2;1.0001882370913383E7
1269;3651;2;1.0001882370913383E7
1270;3652;1;1.0001882370913383E7
1271;3655;3;1.0001882370913383E7
1272;3659;4;1.0001882370913383E7
1273;3662;3;1.0001882370913383E7
1274;3666;4;1.0001882370913383E7
1275;3669;3;1.0001882370913383E7
1276;3671;2;1.0001882370913383E7
1277;3675;4;1.0001882370913383E7
1278;3678;3;1.0001882370913383E7
1279;3678;0;1.0001882370913383E7
1280;3680;2;1.0001882370913383E7
1281;3683;3;1.0001882370913383E7
1282;3686;3;1.0001882370913383E7
1283;3687;1;1.0001882370913383E7
1284;3688;1;1.0001882370913383E7
1285;3692;4;1.0001882370913383E7
1286;3694;2;1.0001882370913383E7
1287;3696;2;1.0001882370913383E7
1288;3698;2;1.0001882370913383E7
1289;3700;2;1.0001882370913383E7
1290;3703;3;1.0001882370913383E7
1291;3704;1;1.0001882370913383E7
1292;3708;4;1.0001882370913383E7
1293;3710;2;1.0001882370913383E7
1294;3712;2;1.0001882370913383E7
1295;3715;3;1.0001882370913383E7
1296;3717;2;1.0001882370913383E7
1297;3721;4;1.0001882370913383E7
1298;3727;6;1.0001882370913383E7
1299;3729;2;1.0001882370913383E7
1300;3734;5;1.0001882370913383E7
1301;3735;1;1.0001882370913383E7
1302;3739;4;1.0001882370913383E7
1303;3743;4;1.0001882370913383E7
1304;3748;5;1.0001882370913383E7
1305;3753;5;1.0001882370913383E7
1306;3756;3;1.0001882370913383E7
1307;3757;1;1.0001882370913383E7
1308;3761;4;1.0001882370913383E7
1309;3766;5;1.0001882370913383E7
1310;3768;2;1.0001882165990915E7
1311;3772;4;1.0001882165990915E7
1312;3777;5;1.0001882165990915E7
1313;3780;3;1.0001882165990915E7
1314;3786;6;1.0001882165990915E7
1315;3790;4;1.0001882165990915E7
1316;3793;3;1.0001882165990915E7
1317;3795;2;1.0001882165990915E7
1318;3799;4;1.0001857154760696E7
1319;3802;3;1.0001857154760696E7
1320;3807;5;1.0001857154760696E7
1321;3810;3;1.0001857154760696E7
1322;3815;5;1.0001857154760696E7
1323;3818;3;1.0001857154760696E7
1324;3821;3;1.0001857154760696E7
1325;3826;5;1.0001857154760696E7
1326;3828;2;1.0001857154760696E7
1327;3833;5;1.0001857154760696E7
1328;3836;3;1.0001857154760696E7
1329;3837;1;1.0001857154760696E7
1330;3841;4;1.0001857154760696E7
1331;3846;5;1.0001857154760696E7
1332;3853;7;1.0001857154760696E7
1333;3858;5;1.0001857154760696E7
1334;3863;5;1.0001857154760696E7
1335;3872;9;1.0001857154760696E7
1336;3875;3;1.0001814484867677E7
1337;3883;8;1.0001814484867677E7
1338;3887;4;1.0001814484867677E7
1339;3891;4;1.0001814484867677E7
1340;3897;6;1.0001814484867677E7
1341;3904;7;1.0001814484867677E7
1342;3909;5;1.0001814484867677E7
1343;3910;1;1.0001814484867677E7
1344;3913;3;1.0001814484867677E7
1345;3929;16;1.0001814484867677E7
1346;3937;8;1.0001814484867677E7
1347;3942;5;1.000170686465703E7
1348;3945;3;1.0001640707100535E7
1349;3950;5;1.0001640707100535E7
1350;3955;5;1.0001640707100535E7
1351;3956;1;1.0001636773664054E7
1352;3959;3;1.0001636773664054E7
1353;3960;1;1.0001636773664054E7
1354;3961;1;1.0001636773664054E7
1355;3963;2;1.0001636773664054E7
1356;3969;6;1.0001636773664054E7
1357;3972;3;1.0001636773664054E7
1358;3975;3;1.0001636773664054E7
1359;3978;3;1.0001636773664054E7
1360;3982;4;1.000163217797741E7
1361;3984;2;1.000163217797741E7
1362;3986;2;1.0001589380894877E7
1363;3990;4;1.0001589380894877E7
1364;3993;3;1.0001589380894877E7
1365;3995;2;1.0001581797694026E7
1366;3997;2;1.0001581797694026E7
1367;4001;4;1.0001581797694026E7
1368;4003;2;1.0001575849824298E7
1369;4005;2;1.0001575849824298E7
1370;4008;3;1.0001575849824298E7
1371;4010;2;1.0001575849824298E7
1372;4011;1;1.0001574636232365E7
1373;4016;5;1.0001574636232365E7
1374;4018;2;1.0001574636232365E7
1375;4022;4;1.0001574636232365E7
1376;4025;3;1.0001574636232365E7
1377;4027;2;1.0001574636232365E7
1378;4029;2;1.0001574636232365E7
1379;4033;4;1.0001574636232365E7
1380;4037;4;1.0001574636232365E7
1381;4039;2;1.0001574636232365E7
1382;4040;1;1.0001574636232365E7
1383;4045;5;1.0001574636232365E7
1384;4053;8;1.0001574636232365E7
1385;4060;7;1.0001574636232365E7
1386;4069;9;1.0001475015972322E7
1387;4075;6;1.0001475015972322E7
1388;4079;4;1.0001475015972322E7
1389;4084;5;1.0001475015972322E7
1390;4087;3;1.0001475015972322E7
1391;4090;3;1.0001475015972322E7
1392;4092;2;1.0001475015972322E7
1393;4095;3;1.0001475015972322E7
1394;4099;4;1.0001475015972322E7
1395;4103;4;1.0001475015972322E7
1396;4106;3;1.0001475015972322E7
1397;4109;3;1.0001475015972322E7
1398;4113;4;1.0001475015972322E7
1399;4119;6;1.0001475015972322E7
1400;4122;3;1.0001475015972322E7
1401;4126;4;1.0001475015972322E7
1402;4133;7;1.0001475015972322E7
1403;4136;3;1.0001475015972322E7
1404;4140;4;1.0001475015972322E7
1405;4144;4;1.0001475015972322E7
1406;4153;9;1.0001475015972322E7
1407;4155;2;1.0001475015972322E7
1408;4160;5;1.0001475015972322E7
1409;4165;5;1.0001475015972322E7
1410;4171;6;1.0001475015972322E7
1411;4178;7;1.0001475015972322E7
1412;4186;8;1.0001475015972322E7
1413;4190;4;1.0001475015972322E7
1414;4194;4;1.0001475015972322E7
1415;4198;4;1.0001475015972322E7
1416;4200;2;1.0001475015972322E7
1417;4204;4;1.0001475015972322E7
1418;4207;3;1.0001475015972322E7
1419;4211;4;1.0001475015972322E7
1420;4216;5;1.0001475015972322E7
1421;4219;3;1.0001475015972322E7
1422;4222;3;1.0001475015972322E7
1423;4226;4;1.0001475015972322E7
1424;4229;3;1.0001475015972322E7
1425;4232;3;1.0001475015972322E7
1426;4234;2;1.0001475015972322E7
1427;4235;1;1.0001475015972322E7
1428;4241;6;1.0001475015972322E7
1429;4243;2;1.0001475015972322E7
1430;4245;2;1.0001475015972322E7
1431;4248;3;1.0001475015972322E7
1432;4251;3;1.0001475015972322E7
1433;4253;2;1.0001475015972322E7
1434;4259;6;1.0001475015972322E7
1435;4262;3;1.0001475015972322E7
1436;4263;1;1.0001475015972322E7
1437;4265;2;1.0001475015972322E7
1438;4268;3;1.0001475015972322E7
1439;4269;1;1.0001475015972322E7
1440;4271;2;1.0001475015972322E7
1441;4271;0;1.0001475015972322E7
1442;4274;3;1.0001475015972322E7
1443;4277;3;1.0001475015972322E7
1444;4277;0;1.0001475015972322E7
1445;4281;4;1.0001436519940319E7
1446;4283;2;1.0001436519940319E7
1447;4289;6;1.0001436519940319E7
1448;4291;2;1.0001436519940319E7
1449;4294;3;1.0001436519940319E7
1450;4296;2;1.0001436519940319E7
1451;4298;2;1.0001436519940319E7
1452;4299;1;1.0001436519940319E7
1453;4301;2;1.0001436519940319E7
1454;4302;1;1.0001436519940319E7
1455;4302;0;1.0001436519940319E7
1456;4307;5;1.0001436519940319E7
1457;4308;1;1.0001436519940319E7
1458;4310;2;1.0001436519940319E7
1459;4313;3;1.0001436519940319E7
1460;4314;1;1.0001436519940319E7
1461;4314;0;1.0001436519940319E7
1462;4317;3;1.0001436519940319E7
1463;4321;4;1.0001436519940319E7
1464;4326;5;1.0001436519940319E7
1465;4330;4;1.0001436519940319E7
1466;4330;0;1.0001436519940319E7
1467;4333;3;1.0001436519940319E7
1468;4335;2;1.0001436519940319E7
1469;4336;1;1.0001436519940319E7
1470;4339;3;1.0001436519940319E7
1471;4342;3;1.0001436519940319E7
1472;4345;3;1.0001436519940319E7
1473;4348;3;1.0001436519940319E7
1474;4350;2;1.0001436519940319E7
1475;4352;2;1.0001436519940319E7
1476;4355;3;1.0001436519940319E7
1477;4358;3;1.0001436519940319E7
1478;4361;3;1.0001436519940319E7
1479;4361;0;1.0001436519940319E7
1480;4364;3;1.0001436519940319E7
1481;4365;1;1.0001436519940319E7
1482;4367;2;1.0001436519940319E7
1483;4369;2;1.0001436519940319E7
1484;4371;2;1.0001436519940319E7
1485;4375;4;1.0001436519940319E7
1486;4377;2;1.0001436519940319E7
1487;4381;4;1.0001436519940319E7
1488;4382;1;1.0001436519940319E7
1489;4385;3;1.0001436519940319E7
1490;4385;0;1.0001436519940319E7
1491;4388;3;1.0001436519940319E7
1492;4392;4;1.0001436519940319E7
1493;4393;1;1.0001436519940319E7
1494;4394;1;1.0001436519940319E7
1495;4395;1;1.0001436519940319E7
1496;4397;2;1.0001436519940319E7
1497;4401;4;1.0001436519940319E7
1498;4402;1;1.0001436519940319E7
1499;4403;1;1.0001436519940319E7
1500;4405;2;1.0001436519940319E7
1501;4408;3;1.0001436519940319E7
1502;4411;3;1.0001436519940319E7
1503;4412;1;1.0001436519940319E7
1504;4413;1;1.0001436519940319E7
1505;4414;1;1.0001436519940319E7
1506;4415;1;1.0001436519940319E7
1507;4416;1;1.0001436519940319E7
1508;4419;3;1.0001436519940319E7
1509;4421;2;1.0001436519940319E7
1510;4424;3;1.0001436519940319E7
1511;4427;3;1.0001436519940319E7
1512;4429;2;1.0001436519940319E7
1513;4430;1;1.0001436519940319E7
1514;4431;1;1.0001436519940319E7
1515;4432;1;1.0001436519940319E7
1516;4437;5;1.0001436519940319E7
1517;4440;3;1.0001436519940319E7
1518;4442;2;1.0001436519940319E7
1519;4444;2;1.0001436519940319E7
1520;4446;2;1.0001436519940319E7
1521;4449;3;1.0001436519940319E7
1522;4450;1;1.0001436519940319E7
1523;4451;1;1.0001436519940319E7
1524;4454;3;1.0001436519940319E7
1525;4457;3;1.0001436519940319E7
1526;4459;2;1.0001436519940319E7
1527;4460;1;1.0001436519940319E7
1528;4462;2;1.0001436519940319E7
1529;4463;1;1.0001436519940319E7
1530;4466;3;1.0001436519940319E7
1531;4468;2;1.0001436519940319E7
1532;4469;1;1.0001436519940319E7
1533;4471;2;1.0001436519940319E7
1534;4472;1;1.0001436519940319E7
1535;4476;4;1.0001436519940319E7
1536;4478;2;1.0001436519940319E7
1537;4479;1;1.0001436519940319E7
1538;4480;1;1.0001436519940319E7
1539;4482;2;1.0001436519940319E7
1540;4483;1;1.0001436519940319E7
1541;4485;2;1.0001436519940319E7
1542;4487;2;1.0001436519940319E7
1543;4488;1;1.0001436519940319E7
1544;4493;5;1.0001436519940319E7
1545;4493;0;1.0001436519940319E7
1546;4494;1;1.0001436519940319E7
1547;4497;3;1.0001436519940319E7
1548;4499;2;1.0001436519940319E7
1549;4501;2;1.0001436519940319E7
1550;4504;3;1.0001436519940319E7
1551;4509;5;1.0001436519940319E7
1552;4512;3;1.0001436519940319E7
1553;4516;4;1.0001436519940319E7
1554;4517;1;1.0001436519940319E7
1555;4520;3;1.0001436519940319E7
1556;4523;3;1.0001436519940319E7
1557;4525;2;1.0001436519940319E7
1558;4527;2;1.0001436519940319E7
1559;4528;1;1.0001436519940319E7
1560;4530;2;1.0001436519940319E7
1561;4532;2;1.0001436519940319E7
1562;4534;2;1.0001436519940319E7
1563;4534;0;1.0001436519940319E7
1564;4535;1;1.0001436519940319E7
1565;4538;3;1.0001436519940319E7
1566;4543;5;1.0001436519940319E7
1567;4543;0;1.0001436519940319E7
1568;4545;2;1.0001436519940319E7
1569;4547;2;1.0001436519940319E7
1570;4549;2;1.0001436519940319E7
1571;4552;3;1.0001436519940319E7
1572;4553;1;1.0001436519940319E7
1573;4558;5;1.0001436519940319E7
1574;4560;2;1.0001436519940319E7
1575;4561;1;1.0001436519940319E7
1576;4563;2;1.0001436519940319E7
1577;4563;0;1.0001436519940319E7
1578;4565;2;1.0001436519940319E7
1579;4565;0;1.0001436519940319E7
1580;4567;2;1.0001436519940319E7
1581;4568;1;1.0001436519940319E7
1582;4571;3;1.0001436519940319E7
1583;4575;4;1.0001436519940319E7
1584;4576;1;1.0001436519940319E7
1585;4577;1;1.0001436519940319E7
1586;4579;2;1.0001436519940319E7
1587;4581;2;1.0001436519940319E7
1588;4583;2;1.0001436519940319E7
1589;4586;3;1.0001436519940319E7
1590;4588;2;1.0001436519940319E7
1591;4590;2;1.0001436519940319E7
1592;4591;1;1.0001436519940319E7
1593;4594;3;1.0001436519940319E7
1594;4596;2;1.0001436519940319E7
1595;4599;3;1.0001436519940319E7
1596;4600;1;1.0001436519940319E7
1597;4603;3;1.0001436519940319E7
1598;4603;0;1.0001436519940319E7
1599;4606;3;1.0001436519940319E7
1600;4608;2;1.0001436519940319E7
1601;4609;1;1.0001436519940319E7
1602;4611;2;1.0001436519940319E7
1603;4611;0;1.0001436519940319E7
1604;4614;3;1.0001436519940319E7
1605;4616;2;1.0001436519940319E7
1606;4618;2;1.0001436519940319E7
1607;4619;1;1.0001436519940319E7
1608;4622;3;1.0001436519940319E7
1609;4626;4;1.0001436519940319E7
1610;4627;1;1.0001436519940319E7
1611;4629;2;1.0001436519940319E7
1612;4631;2;1.0001436519940319E7
1613;4633;2;1.0001436519940319E7
1614;4637;4;1.0001436519940319E7
1615;4637;0;1.0001436519940319E7
1616;4638;1;1.0001436519940319E7
1617;4641;3;1.0001436519940319E7
1618;4644;3;1.0001436519940319E7
1619;4646;2;1.0001436519940319E7
1620;4648;2;1.0001436519940319E7
1621;4650;2;1.0001436519940319E7
1622;4653;3;1.0001436519940319E7
1623;4657;4;1.0001436519940319E7
1624;4658;1;1.0001436519940319E7
1625;4660;2;1.0001436519940319E7
1626;4662;2;1.0001436519940319E7
1627;4664;2;1.0001436519940319E7
1628;4665;1;1.0001436519940319E7
1629;4665;0;1.0001436519940319E7
1630;4667;2;1.0001436519940319E7
1631;4669;2;1.0001436519940319E7
1632;4672;3;1.0001436519940319E7
1633;4675;3;1.0001436519940319E7
1634;4678;3;1.0001436519940319E7
1635;4679;1;1.0001436519940319E7
1636;4681;2;1.0001436519940319E7
1637;4683;2;1.0001436519940319E7
1638;4684;1;1.0001436519940319E7
1639;4687;3;1.0001436519940319E7
1640;4689;2;1.0001436519940319E7
1641;4691;2;1.0001436519940319E7
1642;4694;3;1.0001436519940319E7
1643;4696;2;1.0001436519940319E7
1644;4698;2;1.0001436519940319E7
1645;4700;2;1.0001436519940319E7
1646;4701;1;1.0001436519940319E7
1647;4703;2;1.0001436519940319E7
1648;4705;2;1.0001436519940319E7
1649;4707;2;1.0001436519940319E7
1650;4709;2;1.0001436519940319E7
1651;4711;2;1.0001436519940319E7
1652;4715;4;1.0001436519940319E7
1653;4716;1;1.0001436519940319E7
1654;4718;2;1.0001436519940319E7
1655;4721;3;1.0001436519940319E7
1656;4724;3;1.0001436519940319E7
1657;4727;3;1.0001436519940319E7
1658;4729;2;1.0001436519940319E7
1659;4730;1;1.0001436519940319E7
1660;4732;2;1.0001436519940319E7
1661;4734;2;1.0001436519940319E7
1662;4735;1;1.0001436519940319E7
1663;4737;2;1.0001436519940319E7
1664;4739;2;1.0001436519940319E7
1665;4740;1;1.0001436519940319E7
1666;4743;3;1.0001436519940319E7
1667;4745;2;1.0001436519940319E7
1668;4746;1;1.0001436519940319E7
1669;4747;1;1.0001436519940319E7
1670;4750;3;1.0001436519940319E7
1671;4751;1;1.0001436519940319E7
1672;4753;2;1.0001436519940319E7
1673;4754;1;1.0001436519940319E7
1674;4756;2;1.0001436519940319E7
1675;4757;1;1.0001436519940319E7
1676;4759;2;1.0001436519940319E7
1677;4762;3;1.0001436519940319E7
1678;4765;3;1.0001436519940319E7
1679;4768;3;1.0001436519940319E7
1680;4771;3;1.0001436519940319E7
1681;4773;2;1.0001436519940319E7
1682;4775;2;1.0001436519940319E7
1683;4777;2;1.0001436519940319E7
1684;4779;2;1.0001436519940319E7
1685;4780;1;1.0001436519940319E7
1686;4780;0;1.0001436519940319E7
1687;4782;2;1.0001436519940319E7
1688;4784;2;1.0001436519940319E7
1689;4786;2;1.0001436519940319E7
1690;4788;2;1.0001436519940319E7
1691;4789;1;1.0001436519940319E7
1692;4790;1;1.0001436519940319E7
1693;4794;4;1.0001436519940319E7
1694;4796;2;1.0001436519940319E7
1695;4797;1;1.0001436519940319E7
1696;4799;2;1.0001436519940319E7
1697;4802;3;1.0001436519940319E7
1698;4805;3;1.0001436519940319E7
1699;4807;2;1.0001436519940319E7
1700;4809;2;1.0001436519940319E7
1701;4811;2;1.0001436519940319E7
1702;4812;1;1.0001436519940319E7
1703;4814;2;1.0001436519940319E7
1704;4816;2;1.0001436519940319E7
1705;4817;1;1.0001436519940319E7
1706;4819;2;1.0001436519940319E7
1707;4821;2;1.0001436519940319E7
1708;4823;2;1.0001436519940319E7
1709;4825;2;1.0001436519940319E7
1710;4828;3;1.0001436519940319E7
1711;4829;1;1.0001436519940319E7
1712;4831;2;1.0001436519940319E7
1713;4834;3;1.0001436519940319E7
1714;4836;2;1.0001436519940319E7
1715;4836;0;1.0001436519940319E7
1716;4839;3;1.0001436519940319E7
1717;4842;3;1.0001436519940319E7
1718;4844;2;1.0001436519940319E7
1719;4846;2;1.0001436519940319E7
1720;4847;1;1.0001436519940319E7
1721;4849;2;1.0001436519940319E7
1722;4851;2;1.0001436519940319E7
1723;4853;2;1.0001436519940319E7
1724;4856;3;1.0001436519940319E7
1725;4858;2;1.0001436519940319E7
1726;4861;3;1.0001436519940319E7
1727;4863;2;1.0001436519940319E7
1728;4866;3;1.0001436519940319E7
1729;4868;2;1.0001436519940319E7
1730;4869;1;1.0001436519940319E7
1731;4872;3;1.0001436519940319E7
1732;4875;3;1.0001436519940319E7
1733;4877;2;1.0001436519940319E7
1734;4879;2;1.0001436519940319E7
1735;4881;2;1.0001436519940319E7
1736;4886;5;1.0001436519940319E7
1737;4888;2;1.0001436519940319E7
1738;4889;1;1.0001436519940319E7
1739;4892;3;1.0001436519940319E7
1740;4895;3;1.0001436519940319E7
1741;4896;1;1.0001436519940319E7
1742;4898;2;1.0001436519940319E7
1743;4900;2;1.0001436519940319E7
1744;4900;0;1.0001436519940319E7
1745;4903;3;1.0001436519940319E7
1746;4905;2;1.0001436519940319E7
1747;4906;1;1.0001436519940319E7
1748;4908;2;1.0001436519940319E7
1749;4909;1;1.0001436519940319E7
1750;4912;3;1.0001436519940319E7
1751;4915;3;1.0001436519940319E7
1752;4918;3;1.0001436519940319E7
1753;4920;2;1.0001436519940319E7
1754;4921;1;1.0001436519940319E7
1755;4922;1;1.0001436519940319E7
1756;4923;1;1.0001436519940319E7
1757;4925;2;1.0001436519940319E7
1758;4927;2;1.0001436519940319E7
1759;4931;4;1.0001436519940319E7
1760;4931;0;1.0001436519940319E7
1761;4932;1;1.0001436519940319E7
1762;4934;2;1.0001436519940319E7
1763;4936;2;1.0001436519940319E7
1764;4937;1;1.0001436519940319E7
1765;4939;2;1.0001436519940319E7
1766;4943;4;1.0001436519940319E7
1767;4945;2;1.0001436519940319E7
1768;4946;1;1.0001436519940319E7
1769;4948;2;1.0001436519940319E7
1770;4950;2;1.0001436519940319E7
1771;4951;1;1.0001436519940319E7
1772;4953;2;1.0001436519940319E7
1773;4958;5;1.0001436519940319E7
1774;4960;2;1.0001436519940319E7
1775;4962;2;1.0001436519940319E7
1776;4963;1;1.0001436519940319E7
1777;4965;2;1.0001436519940319E7
1778;4967;2;1.0001436519940319E7
1779;4968;1;1.0001436519940319E7
1780;4970;2;1.0001436519940319E7
1781;4972;2;1.0001436519940319E7
1782;4973;1;1.0001436519940319E7
1783;4975;2;1.0001436519940319E7
1784;4975;0;1.0001436519940319E7
1785;4977;2;1.0001436519940319E7
1786;4979;2;1.0001436519940319E7
1787;4980;1;1.0001436519940319E7
1788;4982;2;1.0001436519940319E7
1789;4984;2;1.0001436519940319E7
1790;4986;2;1.0001436519940319E7
1791;4987;1;1.0001436519940319E7
1792;4989;2;1.0001436519940319E7
1793;4993;4;1.0001436519940319E7
1794;4994;1;1.0001436519940319E7
1795;4996;2;1.0001436519940319E7
1796;4998;2;1.0001436519940319E7
1797;5001;3;1.0001436519940319E7
1798;5004;3;1.0001436519940319E7
1799;5008;4;1.0001436519940319E7
1800;5009;1;1.0001436519940319E7
1801;5010;1;1.0001436519940319E7
1802;5012;2;1.0001436519940319E7
1803;5013;1;1.0001436519940319E7
1804;5015;2;1.0001436519940319E7
1805;5015;0;1.0001436519940319E7
1806;5016;1;1.0001436519940319E7
1807;5018;2;1.0001436519940319E7
1808;5019;1;1.0001436519940319E7
1809;5023;4;1.0001436519940319E7
1810;5025;2;1.0001436519940319E7
1811;5027;2;1.0001436519940319E7
1812;5028;1;1.0001436519940319E7
1813;5030;2;1.0001436519940319E7
1814;5033;3;1.0001436519940319E7
1815;5035;2;1.0001436519940319E7
1816;5035;0;1.0001436519940319E7
1817;5036;1;1.0001436519940319E7
1818;5038;2;1.0001436519940319E7
1819;5043;5;1.0001436519940319E7
1820;5046;3;1.0001436519940319E7
1821;5047;1;1.0001436519940319E7
1822;5050;3;1.0001436519940319E7
1823;5051;1;1.0001436519940319E7
1824;5054;3;1.0001436519940319E7
1825;5058;4;1.0001436519940319E7
1826;5060;2;1.0001436519940319E7
1827;5062;2;1.0001436519940319E7
1828;5064;2;1.0001436519940319E7
1829;5068;4;1.0001436519940319E7
1830;5069;1;1.0001436519940319E7
1831;5071;2;1.0001436519940319E7
1832;5075;4;1.0001436519940319E7
1833;5078;3;1.0001436519940319E7
1834;5079;1;1.0001436519940319E7
1835;5081;2;1.0001436519940319E7
1836;5082;1;1.0001436519940319E7
1837;5083;1;1.0001436519940319E7
1838;5085;2;1.0001436519940319E7
1839;5087;2;1.0001436519940319E7
1840;5092;5;1.0001392313541029E7
1841;5093;1;1.0001386452222614E7
1842;5095;2;1.0001386452222614E7
1843;5096;1;1.0001386452222614E7
1844;5099;3;1.0001386452222614E7
1845;5099;0;1.0001386452222614E7
1846;5104;5;1.0001386452222614E7
1847;5106;2;1.0001386452222614E7
1848;5108;2;1.0001386452222614E7
1849;5109;1;1.0001386452222614E7
1850;5112;3;1.0001386452222614E7
1851;5116;4;1.0001386452222614E7
1852;5118;2;1.0001386452222614E7
1853;5119;1;1.0001386452222614E7
1854;5122;3;1.0001386452222614E7
1855;5126;4;1.0001386452222614E7
1856;5128;2;1.0001386452222614E7
1857;5132;4;1.0001386452222614E7
1858;5135;3;1.0001386452222614E7
1859;5137;2;1.0001386452222614E7
1860;5140;3;1.0001386452222614E7
1861;5143;3;1.0001386452222614E7
1862;5146;3;1.0001386452222614E7
1863;5149;3;1.0001386452222614E7
1864;5153;4;1.0001386452222614E7
1865;5156;3;1.0001386452222614E7
1866;5157;1;1.0001386452222614E7
1867;5158;1;1.0001386452222614E7
1868;5159;1;1.0001386452222614E7
1869;5159;0;1.0001386452222614E7
1870;5162;3;1.0001386452222614E7
1871;5164;2;1.0001386452222614E7
1872;5166;2;1.0001386452222614E7
1873;5168;2;1.0001386452222614E7
1874;5171;3;1.0001386452222614E7
1875;5176;5;1.0001386452222614E7
1876;5178;2;1.0001386452222614E7
1877;5180;2;1.0001386452222614E7
1878;5182;2;1.0001386452222614E7
1879;5184;2;1.0001386452222614E7
1880;5186;2;1.0001386452222614E7
1881;5189;3;1.0001386452222614E7
1882;5192;3;1.0001384238459812E7
1883;5192;0;1.0001384238459812E7
1884;5195;3;1.000130307013457E7
1885;5198;3;1.000130307013457E7
1886;5201;3;1.000130307013457E7
1887;5203;2;1.000130307013457E7
1888;5204;1;1.000130307013457E7
1889;5208;4;1.000130307013457E7
1890;5208;0;1.000130307013457E7
1891;5210;2;1.000130307013457E7
1892;5210;0;1.000130307013457E7
1893;5212;2;1.000130307013457E7
1894;5215;3;1.000130307013457E7
1895;5216;1;1.000130307013457E7
1896;5218;2;1.000130307013457E7
1897;5221;3;1.000130307013457E7
1898;5222;1;1.000130307013457E7
1899;5224;2;1.000130307013457E7
1900;5224;0;1.000130307013457E7
1901;5226;2;1.000130307013457E7
1902;5228;2;1.000130307013457E7
1903;5230;2;1.000130307013457E7
1904;5232;2;1.000130307013457E7
1905;5234;2;1.000130307013457E7
1906;5237;3;1.000130307013457E7
1907;5238;1;1.000130307013457E7
1908;5239;1;1.000130307013457E7
1909;5241;2;1.000130307013457E7
1910;5241;0;1.000130307013457E7
1911;5245;4;1.000130307013457E7
1912;5247;2;1.000130307013457E7
1913;5249;2;1.000130307013457E7
1914;5252;3;1.000130307013457E7
1915;5254;2;1.000130307013457E7
1916;5258;4;1.000130307013457E7
1917;5261;3;1.000130307013457E7
1918;5262;1;1.000130307013457E7
1919;5263;1;1.000130307013457E7
1920;5266;3;1.000130307013457E7
1921;5268;2;1.000130307013457E7
1922;5271;3;1.000130307013457E7
1923;5274;3;1.000130307013457E7
1924;5275;1;1.000130307013457E7
1925;5276;1;1.000130307013457E7
1926;5278;2;1.000130307013457E7
1927;5281;3;1.000130307013457E7
1928;5281;0;1.000130307013457E7
1929;5282;1;1.0001299453684486E7
1930;5286;4;1.000116772757432E7
1931;5286;0;1.0001139586803185E7
1932;5289;3;1.0001139586803185E7
1933;5291;2;1.0001139586803185E7
1934;5294;3;1.0001139586803185E7
1935;5297;3;1.0001139586803185E7
1936;5298;1;1.0001139586803185E7
1937;5299;1;1.0001139586803185E7
1938;5300;1;1.0001139586803185E7
1939;5301;1;1.0001139586803185E7
1940;5304;3;1.0001139586803185E7
1941;5306;2;1.0001139586803185E7
1942;5307;1;1.0001139586803185E7
1943;5309;2;1.0001139586803185E7
1944;5311;2;1.0001139586803185E7
1945;5313;2;1.0001139586803185E7
1946;5315;2;1.0001130771736015E7
1947;5317;2;1.0001130771736015E7
1948;5318;1;1.0001130771736015E7
1949;5320;2;1.0001130771736015E7
1950;5322;2;1.0001130771736015E7
1951;5323;1;1.0001130771736015E7
1952;5325;2;1.0001130771736015E7
1953;5328;3;1.0001130771736015E7
1954;5330;2;1.0001130771736015E7
1955;5332;2;1.0001130771736015E7
1956;5333;1;1.0001130771736015E7
1957;5334;1;1.0001130771736015E7
1958;5335;1;1.0001130771736015E7
1959;5337;2;1.0001130771736015E7
1960;5340;3;1.0001130771736015E7
1961;5340;0;1.0001130771736015E7
1962;5342;2;1.0001130771736015E7
1963;5343;1;1.0001130771736015E7
1964;5346;3;1.000106865296335E7
1965;5350;4;1.000106865296335E7
1966;5351;1;1.000106865296335E7
1967;5353;2;1.000106865296335E7
1968;5355;2;1.000106865296335E7
1969;5355;0;1.000106865296335E7
1970;5356;1;1.000106865296335E7
1971;5359;3;1.000106865296335E7
1972;5360;1;1.000106865296335E7
1973;5362;2;1.000106865296335E7
1974;5364;2;1.000106865296335E7
1975;5366;2;1.000106865296335E7
1976;5367;1;1.000106865296335E7
1977;5370;3;1.000106865296335E7
1978;5371;1;1.000106865296335E7
1979;5373;2;1.000106865296335E7
1980;5374;1;1.000106865296335E7
1981;5375;1;1.000106865296335E7
1982;5376;1;1.000106865296335E7
1983;5377;1;1.000106865296335E7
1984;5379;2;1.000106865296335E7
1985;5381;2;1.000106865296335E7
1986;5384;3;1.000106865296335E7
1987;5386;2;1.000106865296335E7
1988;5387;1;1.000106865296335E7
1989;5389;2;1.000106865296335E7
1990;5393;4;1.000106865296335E7
1991;5395;2;1.000106865296335E7
1992;5397;2;1.000106865296335E7
1993;5399;2;1.000106865296335E7
1994;5400;1;1.000106865296335E7
1995;5402;2;1.000106865296335E7
1996;5403;1;1.000106865296335E7
1997;5406;3;1.000106865296335E7
1998;5408;2;1.000106865296335E7
1999;5410;2;1.000106865296335E7
2000;5412;2;1.000106865296335E7
2001;5414;2;1.000106865296335E7
2002;5416;2;1.000106865296335E7
2003;5418;2;1.000106865296335E7
2004;5420;2;1.000106865296335E7
2005;5423;3;1.000106865296335E7
2006;5425;2;1.000106865296335E7
2007;5427;2;1.000106865296335E7
2008;5427;0;1.000106865296335E7
2009;5429;2;1.000106865296335E7
2010;5431;2;1.000106865296335E7
2011;5431;0;1.000106865296335E7
2012;5434;3;1.000106865296335E7
2013;5437;3;1.000106865296335E7
2014;5438;1;1.000106865296335E7
2015;5441;3;1.000106865296335E7
2016;5446;5;1.000106865296335E7
2017;5449;3;1.000106865296335E7
2018;5450;1;1.000106865296335E7
2019;5453;3;1.000106865296335E7
2020;5456;3;1.000106865296335E7
2021;5457;1;1.000106865296335E7
2022;5459;2;1.000106865296335E7
2023;5461;2;1.000106865296335E7
2024;5462;1;1.000106865296335E7
2025;5465;3;1.000106865296335E7
2026;5465;0;1.000106865296335E7
2027;5466;1;1.000106865296335E7
2028;5468;2;1.000106865296335E7
2029;5472;4;1.000106865296335E7
2030;5475;3;1.000106865296335E7
2031;5477;2;1.000106865296335E7
2032;5479;2;1.000106865296335E7
2033;5479;0;1.000106865296335E7
2034;5482;3;1.000106865296335E7
2035;5483;1;1.000106865296335E7
2036;5485;2;1.000106865296335E7
2037;5486;1;1.000106865296335E7
2038;5487;1;1.000106865296335E7
2039;5490;3;1.000106865296335E7
2040;5492;2;1.000106865296335E7
2041;5494;2;1.000106865296335E7
2042;5496;2;1.000106865296335E7
2043;5498;2;1.000106865296335E7
2044;5500;2;1.000106865296335E7
2045;5502;2;1.000106865296335E7
2046;5504;2;1.000106865296335E7
2047;5504;0;1.000106865296335E7
2048;5507;3;1.000106865296335E7
2049;5508;1;1.000106865296335E7
2050;5508;0;1.000106865296335E7
2051;5509;1;1.000106865296335E7
2052;5509;0;1.000106865296335E7
2053;5511;2;1.000106865296335E7
2054;5513;2;1.000106865296335E7
2055;5515;2;1.000106865296335E7
2056;5515;0;1.000106865296335E7
2057;5517;2;1.000106865296335E7
2058;5518;1;1.000106865296335E7
2059;5520;2;1.000106865296335E7
2060;5521;1;1.000106865296335E7
2061;5523;2;1.000106865296335E7
2062;5524;1;1.000106865296335E7
2063;5526;2;1.000106865296335E7
2064;5527;1;1.000106865296335E7
2065;5529;2;1.000106865296335E7
2066;5532;3;1.000106865296335E7
2067;5533;1;1.000106865296335E7
2068;5536;3;1.000106865296335E7
2069;5539;3;1.000106865296335E7
2070;5539;0;1.000106865296335E7
2071;5541;2;1.000106865296335E7
2072;5543;2;1.000106865296335E7
2073;5545;2;1.000106865296335E7
2074;5548;3;1.000106865296335E7
2075;5548;0;1.000106865296335E7
2076;5550;2;1.000106865296335E7
2077;5553;3;1.000106865296335E7
2078;5556;3;1.000106865296335E7
2079;5559;3;1.000106865296335E7
2080;5562;3;1.000106865296335E7
2081;5564;2;1.000106865296335E7
2082;5565;1;1.000106865296335E7
2083;5567;2;1.000106865296335E7
2084;5568;1;1.000106865296335E7
2085;5569;1;1.000106865296335E7
2086;5570;1;1.000106865296335E7
2087;5573;3;1.000106865296335E7
2088;5574;1;1.000106865296335E7
2089;5576;2;1.000106865296335E7
2090;5578;2;1.000106865296335E7
2091;5581;3;1.000106865296335E7
2092;5583;2;1.000106865296335E7
2093;5584;1;1.000106865296335E7
2094;5586;2;1.000106865296335E7
2095;5589;3;1.000106865296335E7
2096;5591;2;1.000106865296335E7
2097;5593;2;1.000106865296335E7
2098;5595;2;1.000106865296335E7
2099;5596;1;1.000106865296335E7
2100;5598;2;1.000106865296335E7
2101;5600;2;1.000106865296335E7
2102;5601;1;1.000106865296335E7
2103;5603;2;1.000106865296335E7
2104;5605;2;1.000106865296335E7
2105;5607;2;1.000106865296335E7
2106;5609;2;1.000106865296335E7
2107;5610;1;1.000106865296335E7
2108;5612;2;1.000106865296335E7
2109;5614;2;1.000106865296335E7
2110;5616;2;1.000106865296335E7
2111;5619;3;1.000106865296335E7
2112;5621;2;1.000106865296335E7
2113;5623;2;1.000106865296335E7
2114;5625;2;1.000106865296335E7
2115;5625;0;1.000106865296335E7
2116;5627;2;1.000106865296335E7
2117;5629;2;1.000106865296335E7
2118;5631;2;1.000106865296335E7
2119;5633;2;1.000106865296335E7
2120;5635;2;1.000106865296335E7
2121;5639;4;1.000106865296335E7
2122;5640;1;1.000106865296335E7
2123;5642;2;1.000106865296335E7
2124;5644;2;1.000106865296335E7
2125;5645;1;1.000106865296335E7
2126;5647;2;1.000106865296335E7
2127;5648;1;1.000106865296335E7
2128;5650;2;1.000106865296335E7
2129;5652;2;1.000106865296335E7
2130;5654;2;1.000106865296335E7
2131;5657;3;1.000106865296335E7
2132;5657;0;1.000106865296335E7
2133;5660;3;1.000106865296335E7
2134;5664;4;1.000106865296335E7
2135;5664;0;1.000106865296335E7
2136;5667;3;1.000106865296335E7
2137;5669;2;1.000106865296335E7
2138;5669;0;1.000106865296335E7
2139;5672;3;1.000106865296335E7
2140;5675;3;1.000106865296335E7
2141;5677;2;1.000106865296335E7
2142;5679;2;1.000106865296335E7
2143;5680;1;1.000106865296335E7
2144;5681;1;1.000106865296335E7
2145;5684;3;1.000106865296335E7
2146;5687;3;1.000106865296335E7
2147;5688;1;1.000106865296335E7
2148;5690;2;1.000106865296335E7
2149;5693;3;1.000106865296335E7
2150;5695;2;1.000106865296335E7
2151;5697;2;1.000106865296335E7
2152;5699;2;1.000106865296335E7
2153;5700;1;1.000106865296335E7
2154;5703;3;1.000106865296335E7
2155;5704;1;1.000106865296335E7
2156;5706;2;1.000106865296335E7
2157;5708;2;1.000106865296335E7
2158;5709;1;1.000106865296335E7
2159;5710;1;1.000106865296335E7
2160;5711;1;1.000106865296335E7
2161;5713;2;1.000106865296335E7
2162;5716;3;1.000106865296335E7
2163;5718;2;1.000106865296335E7
2164;5720;2;1.000106865296335E7
2165;5722;2;1.000106865296335E7
2166;5726;4;1.000106865296335E7
2167;5727;1;1.000106865296335E7
2168;5728;1;1.000106865296335E7
2169;5730;2;1.000106865296335E7
2170;5732;2;1.000106865296335E7
2171;5734;2;1.000106865296335E7
2172;5736;2;1.000106865296335E7
2173;5737;1;1.000106865296335E7
2174;5739;2;1.000106865296335E7
2175;5740;1;1.000106865296335E7
2176;5741;1;1.000106865296335E7
2177;5741;0;1.000106865296335E7
2178;5744;3;1.000106865296335E7
2179;5746;2;1.000106865296335E7
2180;5747;1;1.000106865296335E7
2181;5749;2;1.000106865296335E7
2182;5752;3;1.000106865296335E7
2183;5755;3;1.000106865296335E7
2184;5757;2;1.000106865296335E7
2185;5759;2;1.000106865296335E7
2186;5762;3;1.000106865296335E7
2187;5763;1;1.000106865296335E7
2188;5764;1;1.000106865296335E7
2189;5765;1;1.000106865296335E7
2190;5768;3;1.000106865296335E7
2191;5769;1;1.000106865296335E7
2192;5771;2;1.000106865296335E7
2193;5773;2;1.000106865296335E7
2194;5775;2;1.000106865296335E7
2195;5777;2;1.000106865296335E7
2196;5779;2;1.000106865296335E7
2197;5781;2;1.000106865296335E7
2198;5785;4;1.000106865296335E7
2199;5788;3;1.000106865296335E7
2200;5790;2;1.000106865296335E7
2201;5792;2;1.000106865296335E7
2202;5793;1;1.000106865296335E7
2203;5794;1;1.000106865296335E7
2204;5796;2;1.000106865296335E7
2205;5798;2;1.000106865296335E7
2206;5800;2;1.000106865296335E7
2207;5800;0;1.000106865296335E7
2208;5801;1;1.000106865296335E7
2209;5801;0;1.000106865296335E7
2210;5803;2;1.000106865296335E7
2211;5805;2;1.000106865296335E7
2212;5807;2;1.000106865296335E7
2213;5808;1;1.000106865296335E7
2214;5810;2;1.000106865296335E7
2215;5812;2;1.000106865296335E7
2216;5814;2;1.000106865296335E7
2217;5816;2;1.000106865296335E7
2218;5817;1;1.000106865296335E7
2219;5817;0;1.000106865296335E7
2220;5819;2;1.000106865296335E7
2221;5821;2;1.000106865296335E7
2222;5823;2;1.000106865296335E7
2223;5825;2;1.000106865296335E7
2224;5827;2;1.000106865296335E7
2225;5828;1;1.000106865296335E7
2226;5830;2;1.000106865296335E7
2227;5833;3;1.000106865296335E7
2228;5834;1;1.000106865296335E7
2229;5835;1;1.000106865296335E7
2230;5837;2;1.000106865296335E7
2231;5838;1;1.000106865296335E7
2232;5842;4;1.000106865296335E7
2233;5844;2;1.000106865296335E7
2234;5846;2;1.000106865296335E7
2235;5848;2;1.000106865296335E7
2236;5850;2;1.000106865296335E7
2237;5852;2;1.000106865296335E7
2238;5854;2;1.000106865296335E7
2239;5855;1;1.000106865296335E7
2240;5858;3;1.000106865296335E7
2241;5860;2;1.000106865296335E7
2242;5861;1;1.000106865296335E7
2243;5861;0;1.000106865296335E7
2244;5863;2;1.000106865296335E7
2245;5864;1;1.000106865296335E7
2246;5865;1;1.000106865296335E7
2247;5866;1;1.000106865296335E7
2248;5867;1;1.000106865296335E7
2249;5870;3;1.000106865296335E7
2250;5872;2;1.000106865296335E7
2251;5873;1;1.000106865296335E7
2252;5876;3;1.000106865296335E7
2253;5878;2;1.000106865296335E7
2254;5880;2;1.000106865296335E7
2255;5882;2;1.000106865296335E7
2256;5883;1;1.000106865296335E7
2257;5885;2;1.000106865296335E7
2258;5886;1;1.000106865296335E7
2259;5888;2;1.000106865296335E7
2260;5890;2;1.000106865296335E7
2261;5892;2;1.000106865296335E7
2262;5895;3;1.000106865296335E7
2263;5896;1;1.000106865296335E7
2264;5899;3;1.000106865296335E7
2265;5900;1;1.000106865296335E7
2266;5903;3;1.000106865296335E7
2267;5904;1;1.000106865296335E7
2268;5906;2;1.000106865296335E7
2269;5908;2;1.000106865296335E7
2270;5908;0;1.000106865296335E7
2271;5911;3;1.000106865296335E7
2272;5911;0;1.000106865296335E7
2273;5912;1;1.000106865296335E7
2274;5913;1;1.000106865296335E7
2275;5915;2;1.000106865296335E7
2276;5917;2;1.000106865296335E7
2277;5918;1;1.000106865296335E7
2278;5921;3;1.000106865296335E7
2279;5922;1;1.000106865296335E7
2280;5925;3;1.000106865296335E7
2281;5929;4;1.000106865296335E7
2282;5931;2;1.000106865296335E7
2283;5933;2;1.000106865296335E7
2284;5934;1;1.000106865296335E7
2285;5936;2;1.000106865296335E7
2286;5937;1;1.000106865296335E7
2287;5939;2;1.000106865296335E7
2288;5942;3;1.000106865296335E7
2289;5942;0;1.000106865296335E7
2290;5945;3;1.000106865296335E7
2291;5948;3;1.000106865296335E7
2292;5950;2;1.000106865296335E7
2293;5953;3;1.000106865296335E7
2294;5953;0;1.000106865296335E7
2295;5954;1;1.000106865296335E7
2296;5956;2;1.000106865296335E7
2297;5959;3;1.000106865296335E7
2298;5961;2;1.000106865296335E7
2299;5963;2;1.000106865296335E7
2300;5964;1;1.000106865296335E7
2301;5967;3;1.000106865296335E7
2302;5969;2;1.000106865296335E7
2303;5971;2;1.000106865296335E7
2304;5973;2;1.000106865296335E7
2305;5975;2;1.000106865296335E7
2306;5978;3;1.000106865296335E7
2307;5979;1;1.000106865296335E7
2308;5979;0;1.000106865296335E7
2309;5980;1;1.000106865296335E7
2310;5981;1;1.000106865296335E7
2311;5983;2;1.000106865296335E7
2312;5986;3;1.000106865296335E7
2313;5986;0;1.000106865296335E7
2314;5988;2;1.000106865296335E7
2315;5990;2;1.000106865296335E7
2316;5992;2;1.000106865296335E7
2317;5993;1;1.000106865296335E7
2318;5994;1;1.000106865296335E7
2319;5995;1;1.000106865296335E7
2320;5997;2;1.000106865296335E7
2321;5999;2;1.000106865296335E7
2322;6001;2;1.000106865296335E7
2323;6003;2;1.000106865296335E7
2324;6006;3;1.000106865296335E7
2325;6010;4;1.000106865296335E7
2326;6014;4;1.000106865296335E7
2327;6016;2;1.000106865296335E7
2328;6019;3;1.000106865296335E7
2329;6020;1;1.000106865296335E7
2330;6022;2;1.000106865296335E7
2331;6022;0;1.000106865296335E7
2332;6025;3;1.000106865296335E7
2333;6026;1;1.000106865296335E7
2334;6027;1;1.000106865296335E7
2335;6029;2;1.000106865296335E7
2336;6030;1;1.000106865296335E7
2337;6032;2;1.000106865296335E7
2338;6034;2;1.000106865296335E7
2339;6036;2;1.000106865296335E7
2340;6037;1;1.000106865296335E7
2341;6038;1;1.000106865296335E7
2342;6040;2;1.000106865296335E7
2343;6043;3;1.000106865296335E7
2344;6044;1;1.000106865296335E7
2345;6046;2;1.000106865296335E7
2346;6048;2;1.000106865296335E7
2347;6050;2;1.000106865296335E7
2348;6050;0;1.000106865296335E7
2349;6053;3;1.000106865296335E7
2350;6056;3;1.000106865296335E7
2351;6059;3;1.000106865296335E7
2352;6061;2;1.000106865296335E7
2353;6062;1;1.000106865296335E7
2354;6063;1;1.000106865296335E7
2355;6063;0;1.000106865296335E7
2356;6064;1;1.000106865296335E7
2357;6066;2;1.000106865296335E7
2358;6068;2;1.000106865296335E7
2359;6070;2;1.000106865296335E7
2360;6073;3;1.000106865296335E7
2361;6075;2;1.000106865296335E7
2362;6077;2;1.000106865296335E7
2363;6079;2;1.000106865296335E7
2364;6080;1;1.000106865296335E7
2365;6082;2;1.000106865296335E7
2366;6084;2;1.000106865296335E7
2367;6086;2;1.000106865296335E7
2368;6089;3;1.000106865296335E7
2369;6093;4;1.000106865296335E7
2370;6095;2;1.000106865296335E7
2371;6097;2;1.000106865296335E7
2372;6099;2;1.000106865296335E7
2373;6102;3;1.000106865296335E7
2374;6104;2;1.000106865296335E7
2375;6107;3;1.000106865296335E7
2376;6110;3;1.000106865296335E7
2377;6112;2;1.000106865296335E7
2378;6114;2;1.000106865296335E7
2379;6115;1;1.000106865296335E7
2380;6117;2;1.000106865296335E7
2381;6120;3;1.000106865296335E7
2382;6120;0;1.000106865296335E7
2383;6122;2;1.000106865296335E7
2384;6123;1;1.000106865296335E7
2385;6124;1;1.000106865296335E7
2386;6125;1;1.000106865296335E7
2387;6129;4;1.000106865296335E7
2388;6132;3;1.000106865296335E7
2389;6135;3;1.000106865296335E7
2390;6135;0;1.000106865296335E7
2391;6136;1;1.000106865296335E7
2392;6138;2;1.000106865296335E7
2393;6140;2;1.000106865296335E7
2394;6142;2;1.000106865296335E7
2395;6142;0;1.000106865296335E7
2396;6144;2;1.000106865296335E7
2397;6146;2;1.000106865296335E7
2398;6149;3;1.000106865296335E7
2399;6150;1;1.000106865296335E7
2400;6154;4;1.000106865296335E7
2401;6155;1;1.000106865296335E7
2402;6157;2;1.000106865296335E7
2403;6159;2;1.000106865296335E7
2404;6162;3;1.000106865296335E7
2405;6165;3;1.000106865296335E7
2406;6168;3;1.000106865296335E7
2407;6169;1;1.000106865296335E7
2408;6170;1;1.000106865296335E7
2409;6171;1;1.000106865296335E7
2410;6174;3;1.000106865296335E7
2411;6176;2;1.000106865296335E7
2412;6178;2;1.000106865296335E7
2413;6179;1;1.000106865296335E7
2414;6182;3;1.000106865296335E7
2415;6183;1;1.000106865296335E7
2416;6184;1;1.000106865296335E7
2417;6186;2;1.000106865296335E7
2418;6188;2;1.000106865296335E7
2419;6191;3;1.000106865296335E7
2420;6192;1;1.000106865296335E7
2421;6193;1;1.000106865296335E7
2422;6195;2;1.000106865296335E7
2423;6198;3;1.000106865296335E7
2424;6199;1;1.000106865296335E7
2425;6201;2;1.0001066925666705E7
2426;6203;2;1.0001066925666705E7
2427;6203;0;1.0001066925666705E7
2428;6206;3;1.0001066925666705E7
2429;6208;2;1.0001066925666705E7
2430;6210;2;1.0001066925666705E7
2431;6212;2;1.0001066925666705E7
2432;6214;2;1.0001066925666705E7
2433;6216;2;1.0001066925666705E7
2434;6217;1;1.0001066925666705E7
2435;6219;2;1.0001066925666705E7
2436;6222;3;1.0001066925666705E7
2437;6224;2;1.0001066925666705E7
2438;6226;2;1.0001066925666705E7
2439;6227;1;1.0001066925666705E7
2440;6229;2;1.0001066925666705E7
2441;6231;2;1.0001066925666705E7
2442;6235;4;1.0001066925666705E7
2443;6237;2;1.0001059860653332E7
2444;6238;1;1.0001059860653332E7
2445;6238;0;1.0001059860653332E7
2446;6241;3;1.0001059860653332E7
2447;6242;1;1.0001059860653332E7
2448;6244;2;1.0001059860653332E7
2449;6246;2;1.0001059860653332E7
2450;6248;2;1.0001059860653332E7
2451;6249;1;1.0001059860653332E7
2452;6252;3;1.0001059860653332E7
2453;6252;0;1.0001059860653332E7
2454;6253;1;1.0001059860653332E7
2455;6256;3;1.0001059860653332E7
2456;6258;2;1.0001059860653332E7
2457;6260;2;1.0001059860653332E7
2458;6261;1;1.0001059860653332E7
2459;6262;1;1.0001059860653332E7
2460;6264;2;1.0001059860653332E7
2461;6266;2;1.0001059860653332E7
2462;6267;1;1.0001059860653332E7
2463;6270;3;1.0001059860653332E7
2464;6272;2;1.0001059860653332E7
2465;6272;0;1.0001059860653332E7
2466;6275;3;1.0001059860653332E7
2467;6277;2;1.0001059860653332E7
2468;6279;2;1.0001059860653332E7
2469;6282;3;1.0001059860653332E7
2470;6282;0;1.0001059860653332E7
2471;6285;3;1.0001059860653332E7
2472;6287;2;1.0001059860653332E7
2473;6289;2;1.0001059860653332E7
2474;6291;2;1.0001059860653332E7
2475;6292;1;1.0001059860653332E7
2476;6294;2;1.0001059860653332E7
2477;6295;1;1.0001059860653332E7
2478;6298;3;1.0001059860653332E7
2479;6300;2;1.0001059860653332E7
2480;6301;1;1.0001059860653332E7
2481;6303;2;1.0001059860653332E7
2482;6304;1;1.0001059860653332E7
2483;6306;2;1.0001059860653332E7
2484;6308;2;1.0001059860653332E7
2485;6310;2;1.0001059860653332E7
2486;6313;3;1.0001059860653332E7
2487;6315;2;1.000101705700407E7
2488;6317;2;1.000101705700407E7
2489;6317;0;1.000101705700407E7
2490;6319;2;1.000101705700407E7
2491;6320;1;1.000101705700407E7
2492;6322;2;1.000101705700407E7
2493;6324;2;1.000101705700407E7
2494;6325;1;1.000101705700407E7
2495;6327;2;1.0000999676534692E7
2496;6329;2;1.0000999676534692E7
2497;6331;2;1.0000999676534692E7
2498;6334;3;1.0000998454295885E7
2499;6334;0;1.0000998454295885E7
2500;6336;2;1.0000998454295885E7
2501;6337;1;1.0000998454295885E7
2502;6339;2;1.0000998454295885E7
2503;6342;3;1.0000998454295885E7
2504;6344;2;1.0000998454295885E7
2505;6346;2;1.0000998454295885E7
2506;6347;1;1.0000998454295885E7
2507;6349;2;1.0000998454295885E7
2508;6350;1;1.0000998454295885E7
2509;6352;2;1.0000998454295885E7
2510;6353;1;1.0000998454295885E7
2511;6355;2;1.0000998454295885E7
2512;6357;2;1.0000998454295885E7
2513;6359;2;1.0000998454295885E7
2514;6360;1;1.0000998454295885E7
2515;6361;1;1.0000998454295885E7
2516;6362;1;1.0000998454295885E7
2517;6364;2;1.0000994576824902E7
2518;6366;2;1.0000990393066203E7
2519;6368;2;1.0000989142015655E7
2520;6370;2;1.0000989142015655E7
2521;6372;2;1.0000989142015655E7
2522;6373;1;1.0000989142015655E7
2523;6374;1;1.0000989142015655E7
2524;6376;2;1.0000985732466206E7
2525;6379;3;1.0000985732466206E7
2526;6381;2;1.0000985732466206E7
2527;6383;2;1.0000985732466206E7
2528;6386;3;1.0000985252923973E7
2529;6388;2;1.0000985252923973E7
2530;6390;2;1.0000985252923973E7
2531;6392;2;1.0000985252923973E7
2532;6394;2;1.0000985252923973E7
2533;6397;3;1.0000985252923973E7
2534;6397;0;1.0000985252923973E7
2535;6401;4;1.0000985252923973E7
2536;6402;1;1.0000985252923973E7
2537;6403;1;1.0000985252923973E7
2538;6404;1;1.0000985252923973E7
2539;6407;3;1.0000984081351098E7
2540;6411;4;1.0000984081351098E7
2541;6413;2;1.0000982867759166E7
2542;6416;3;1.0000982867759166E7
2543;6418;2;1.0000982867759166E7
2544;6419;1;1.0000982867759166E7
2545;6420;1;1.0000982867759166E7
2546;6423;3;1.0000981805176398E7
2547;6426;3;1.0000981805176398E7
2548;6430;4;1.0000981805176398E7
2549;6434;4;1.0000981805176398E7
2550;6436;2;1.0000981805176398E7
2551;6439;3;1.0000981805176398E7
2552;6445;6;1.0000981805176398E7
2553;6451;6;1.0000981805176398E7
2554;6455;4;1.0000981805176398E7
2555;6456;1;1.0000981805176398E7
2556;6460;4;1.0000981805176398E7
2557;6463;3;1.0000981805176398E7
2558;6464;1;1.0000981805176398E7
2559;6465;1;1.0000981805176398E7
2560;6466;1;1.0000981805176398E7
2561;6469;3;1.0000981805176398E7
2562;6473;4;1.0000981805176398E7
2563;6474;1;1.0000981805176398E7
2564;6475;1;1.0000981805176398E7
2565;6477;2;1.0000981805176398E7
2566;6479;2;1.0000981805176398E7
2567;6480;1;1.0000981805176398E7
2568;6483;3;1.0000981805176398E7
2569;6487;4;1.0000981805176398E7
2570;6489;2;1.0000981805176398E7
2571;6492;3;1.0000981805176398E7
2572;6494;2;1.0000981805176398E7
2573;6498;4;1.0000981805176398E7
2574;6499;1;1.0000981805176398E7
2575;6502;3;1.0000981805176398E7
2576;6503;1;1.0000981805176398E7
2577;6504;1;1.0000981805176398E7
2578;6504;0;1.0000981805176398E7
2579;6506;2;1.0000981805176398E7
2580;6510;4;1.0000981805176398E7
2581;6513;3;1.0000981805176398E7
2582;6514;1;1.0000981805176398E7
2583;6516;2;1.0000981805176398E7
2584;6518;2;1.0000981805176398E7
2585;6519;1;1.0000981805176398E7
2586;6521;2;1.0000981805176398E7
2587;6522;1;1.0000981805176398E7
2588;6524;2;1.0000981805176398E7
2589;6527;3;1.0000981805176398E7
2590;6529;2;1.0000981805176398E7
2591;6530;1;1.0000981805176398E7
2592;6531;1;1.0000981805176398E7
2593;6532;1;1.0000981805176398E7
2594;6534;2;1.0000981805176398E7
2595;6538;4;1.0000981805176398E7
2596;6543;5;1.0000981805176398E7
2597;6543;0;1.0000981805176398E7
2598;6546;3;1.0000981805176398E7
2599;6547;1;1.0000981805176398E7
2600;6549;2;1.0000981805176398E7
2601;6551;2;1.0000981805176398E7
2602;6553;2;1.0000981805176398E7
2603;6555;2;1.0000981805176398E7
2604;6556;1;1.0000981805176398E7
2605;6558;2;1.0000981805176398E7
2606;6559;1;1.0000981805176398E7
2607;6561;2;1.0000981805176398E7
2608;6563;2;1.0000981805176398E7
2609;6564;1;1.0000981805176398E7
2610;6565;1;1.0000981805176398E7
2611;6567;2;1.0000981805176398E7
2612;6568;1;1.0000981805176398E7
2613;6568;0;1.0000981805176398E7
2614;6570;2;1.0000981805176398E7
2615;6572;2;1.0000981805176398E7
2616;6574;2;1.0000981805176398E7
2617;6575;1;1.0000981805176398E7
2618;6576;1;1.0000981805176398E7
2619;6579;3;1.0000981805176398E7
2620;6582;3;1.0000981805176398E7
2621;6586;4;1.0000981805176398E7
2622;6591;5;1.0000981805176398E7
2623;6594;3;1.0000981805176398E7
2624;6595;1;1.0000981805176398E7
2625;6597;2;1.0000981805176398E7
2626;6601;4;1.0000978273938539E7
2627;6603;2;1.0000978273938539E7
2628;6606;3;1.0000978273938539E7
2629;6609;3;1.0000978273938539E7
2630;6610;1;1.0000978273938539E7
2631;6612;2;1.0000978273938539E7
2632;6615;3;1.0000978273938539E7
2633;6619;4;1.0000978273938539E7
2634;6622;3;1.0000978273938539E7
2635;6624;2;1.0000978273938539E7
2636;6625;1;1.0000978273938539E7
2637;6626;1;1.0000978273938539E7
2638;6628;2;1.0000978273938539E7
2639;6631;3;1.0000978273938539E7
2640;6633;2;1.0000978273938539E7
2641;6636;3;1.0000978273938539E7
2642;6639;3;1.0000978273938539E7
2643;6641;2;1.0000978273938539E7
2644;6644;3;1.0000978273938539E7
2645;6647;3;1.0000978273938539E7
2646;6648;1;1.0000978273938539E7
2647;6650;2;1.0000978273938539E7
2648;6651;1;1.0000978273938539E7
2649;6652;1;1.0000978273938539E7
2650;6654;2;1.0000978273938539E7
2651;6656;2;1.0000978273938539E7
2652;6661;5;1.0000978273938539E7
2653;6665;4;1.0000978273938539E7
2654;6667;2;1.0000978273938539E7
2655;6668;1;1.0000978273938539E7
2656;6670;2;1.0000978273938539E7
2657;6672;2;1.0000978273938539E7
2658;6676;4;1.0000978273938539E7
2659;6678;2;1.0000978273938539E7
2660;6681;3;1.0000978273938539E7
2661;6684;3;1.0000978273938539E7
2662;6686;2;1.0000978273938539E7
2663;6686;0;1.0000978273938539E7
2664;6688;2;1.0000978273938539E7
2665;6691;3;1.0000978273938539E7
2666;6691;0;1.0000978273938539E7
2667;6694;3;1.0000978273938539E7
2668;6697;3;1.0000978273938539E7
2669;6699;2;1.0000978273938539E7
2670;6702;3;1.0000978273938539E7
2671;6704;2;1.0000978273938539E7
2672;6704;0;1.0000978273938539E7
2673;6706;2;1.0000978273938539E7
2674;6708;2;1.0000978273938539E7
2675;6709;1;1.0000966223088806E7
2676;6711;2;1.0000966223088806E7
2677;6713;2;1.0000966223088806E7
2678;6717;4;1.0000966223088806E7
2679;6717;0;1.0000966223088806E7
2680;6718;1;1.0000966223088806E7
2681;6721;3;1.0000959599775832E7
2682;6723;2;1.0000959599775832E7
2683;6726;3;1.0000959599775832E7
2684;6729;3;1.0000959599775832E7
2685;6731;2;1.0000959599775832E7
2686;6732;1;1.0000959599775832E7
2687;6734;2;1.0000959599775832E7
2688;6735;1;1.0000959599775832E7
2689;6736;1;1.0000959599775832E7
2690;6738;2;1.0000959599775832E7
2691;6741;3;1.0000959599775832E7
2692;6742;1;1.0000959599775832E7
2693;6743;1;1.0000959599775832E7
2694;6744;1;1.0000959599775832E7
2695;6747;3;1.0000959599775832E7
2696;6749;2;1.0000959599775832E7
2697;6752;3;1.0000959599775832E7
2698;6754;2;1.0000959599775832E7
2699;6756;2;1.0000959599775832E7
2700;6757;1;1.0000959599775832E7
2701;6758;1;1.0000959599775832E7
2702;6760;2;1.0000959599775832E7
2703;6763;3;1.0000959599775832E7
2704;6765;2;1.0000959599775832E7
2705;6767;2;1.0000959599775832E7
2706;6769;2;1.0000959599775832E7
2707;6770;1;1.0000959599775832E7
2708;6770;0;1.0000959599775832E7
2709;6772;2;1.000092614930207E7
2710;6772;0;1.000092614930207E7
2711;6774;2;1.000092614930207E7
2712;6775;1;1.000092614930207E7
2713;6778;3;1.0000925583280468E7
2714;6780;2;1.0000925583280468E7
2715;6781;1;1.0000925583280468E7
2716;6783;2;1.0000925583280468E7
2717;6784;1;1.0000925583280468E7
2718;6785;1;1.0000925583280468E7
2719;6786;1;1.0000925583280468E7
2720;6787;1;1.0000925583280468E7
2721;6789;2;1.0000925583280468E7
2722;6791;2;1.0000925583280468E7
2723;6793;2;1.0000925583280468E7
2724;6794;1;1.0000925583280468E7
2725;6796;2;1.0000925583280468E7
2726;6796;0;1.0000925583280468E7
2727;6798;2;1.0000925583280468E7
2728;6800;2;1.0000925583280468E7
2729;6802;2;1.0000925583280468E7
2730;6802;0;1.0000925583280468E7
2731;6805;3;1.0000925583280468E7
2732;6806;1;1.0000925583280468E7
2733;6807;1;1.0000925583280468E7
2734;6811;4;1.0000925583280468E7
2735;6813;2;1.0000925583280468E7
2736;6815;2;1.0000925583280468E7
2737;6817;2;1.0000925583280468E7
2738;6819;2;1.0000925583280468E7
2739;6820;1;1.0000925583280468E7
2740;6820;0;1.0000925583280468E7
2741;6822;2;1.0000925583280468E7
2742;6822;0;1.0000925583280468E7
2743;6825;3;1.0000925583280468E7
2744;6826;1;1.0000925583280468E7
2745;6828;2;1.0000925583280468E7
2746;6828;0;1.0000925583280468E7
2747;6830;2;1.0000925583280468E7
2748;6832;2;1.0000925583280468E7
2749;6834;2;1.0000925583280468E7
2750;6835;1;1.0000925583280468E7
2751;6838;3;1.0000925583280468E7
2752;6839;1;1.0000925583280468E7
2753;6841;2;1.0000925583280468E7
2754;6843;2;1.0000925583280468E7
2755;6845;2;1.0000925583280468E7
2756;6847;2;1.0000925583280468E7
2757;6847;0;1.0000925583280468E7
2758;6849;2;1.0000925583280468E7
2759;6849;0;1.0000925583280468E7
2760;6851;2;1.0000925583280468E7
2761;6852;1;1.0000925583280468E7
2762;6855;3;1.0000925583280468E7
2763;6856;1;1.0000925583280468E7
2764;6858;2;1.0000925583280468E7
2765;6861;3;1.0000925583280468E7
2766;6862;1;1.0000925583280468E7
2767;6864;2;1.0000925583280468E7
2768;6865;1;1.0000925583280468E7
2769;6866;1;1.0000925583280468E7
2770;6869;3;1.0000925583280468E7
2771;6870;1;1.0000925583280468E7
2772;6872;2;1.0000925583280468E7
2773;6873;1;1.0000925583280468E7
2774;6875;2;1.0000925583280468E7
2775;6876;1;1.0000925583280468E7
2776;6876;0;1.0000925583280468E7
2777;6877;1;1.0000925583280468E7
2778;6879;2;1.0000925583280468E7
2779;6882;3;1.0000925583280468E7
2780;6884;2;1.0000925583280468E7
2781;6885;1;1.0000925583280468E7
2782;6887;2;1.0000925583280468E7
2783;6891;4;1.0000925583280468E7
2784;6892;1;1.0000925583280468E7
2785;6893;1;1.0000925583280468E7
2786;6894;1;1.0000925583280468E7
2787;6897;3;1.0000925583280468E7
2788;6901;4;1.0000925583280468E7
2789;6902;1;1.0000925583280468E7
2790;6904;2;1.0000925583280468E7
2791;6906;2;1.0000925583280468E7
2792;6910;4;1.0000925583280468E7
2793;6914;4;1.0000925583280468E7
2794;6919;5;1.0000919799486563E7
2795;6923;4;1.0000919799486563E7
2796;6926;3;1.0000919799486563E7
2797;6928;2;1.0000919799486563E7
2798;6930;2;1.0000919799486563E7
2799;6932;2;1.0000919799486563E7
2800;6934;2;1.0000919799486563E7
2801;6936;2;1.0000919799486563E7
2802;6942;6;1.0000919799486563E7
2803;6944;2;1.0000919799486563E7
2804;6948;4;1.0000919799486563E7
2805;6950;2;1.0000919799486563E7
2806;6952;2;1.0000919799486563E7
2807;6953;1;1.0000919799486563E7
2808;6956;3;1.0000919799486563E7
2809;6958;2;1.0000919799486563E7
2810;6958;0;1.0000919799486563E7
2811;6960;2;1.0000919799486563E7
2812;6962;2;1.0000919799486563E7
2813;6965;3;1.0000919799486563E7
2814;6966;1;1.0000919799486563E7
2815;6970;4;1.0000919799486563E7
2816;6973;3;1.0000919799486563E7
2817;6976;3;1.0000919799486563E7
2818;6979;3;1.0000919799486563E7
2819;6982;3;1.0000919799486563E7
2820;6984;2;1.0000919799486563E7
2821;6986;2;1.0000919799486563E7
2822;6988;2;1.0000919799486563E7
2823;6991;3;1.0000919799486563E7
2824;6994;3;1.0000919799486563E7
2825;6996;2;1.0000919799486563E7
2826;7001;5;1.0000919799486563E7
2827;7005;4;1.0000919799486563E7
2828;7012;7;1.0000919799486563E7
2829;7016;4;1.0000919799486563E7
2830;7018;2;1.0000919799486563E7
2831;7019;1;1.0000919799486563E7
2832;7022;3;1.0000919799486563E7
2833;7024;2;1.0000919799486563E7
2834;7026;2;1.0000919799486563E7
2835;7027;1;1.0000919799486563E7
2836;7028;1;1.0000919799486563E7
2837;7030;2;1.0000919799486563E7
2838;7033;3;1.0000919799486563E7
2839;7034;1;1.0000919799486563E7
2840;7038;4;1.0000919799486563E7
2841;7041;3;1.0000919799486563E7
2842;7043;2;1.0000919799486563E7
2843;7045;2;1.0000919799486563E7
2844;7046;1;1.0000919799486563E7
2845;7047;1;1.0000919799486563E7
2846;7049;2;1.0000919799486563E7
2847;7052;3;1.0000919799486563E7
2848;7056;4;1.0000919799486563E7
2849;7062;6;1.0000919799486563E7
2850;7064;2;1.0000919799486563E7
2851;7066;2;1.0000919799486563E7
2852;7069;3;1.0000919799486563E7
2853;7071;2;1.0000919799486563E7
2854;7076;5;1.0000919799486563E7
2855;7078;2;1.0000919799486563E7
2856;7080;2;1.0000919799486563E7
2857;7082;2;1.0000919799486563E7
2858;7086;4;1.0000919799486563E7
2859;7088;2;1.0000919799486563E7
2860;7089;1;1.0000919799486563E7
2861;7093;4;1.0000919799486563E7
2862;7094;1;1.0000919799486563E7
2863;7095;1;1.0000919799486563E7
2864;7096;1;1.0000919799486563E7
2865;7098;2;1.0000919799486563E7
2866;7099;1;1.0000919799486563E7
2867;7100;1;1.0000919799486563E7
2868;7103;3;1.0000919799486563E7
2869;7105;2;1.0000919799486563E7
2870;7107;2;1.0000919799486563E7
2871;7109;2;1.0000919799486563E7
2872;7111;2;1.0000919799486563E7
2873;7113;2;1.0000919799486563E7
2874;7114;1;1.0000919799486563E7
2875;7118;4;1.0000919799486563E7
2876;7122;4;1.0000919799486563E7
2877;7126;4;1.0000919799486563E7
2878;7129;3;1.0000919799486563E7
2879;7132;3;1.0000919799486563E7
2880;7134;2;1.0000919799486563E7
2881;7135;1;1.0000919799486563E7
2882;7139;4;1.0000919799486563E7
2883;7142;3;1.0000919799486563E7
2884;7143;1;1.0000919799486563E7
2885;7145;2;1.0000910316280864E7
2886;7146;1;1.0000910316280864E7
2887;7147;1;1.0000910316280864E7
2888;7151;4;1.0000910316280864E7
2889;7156;5;1.0000910316280864E7
2890;7158;2;1.0000910316280864E7
2891;7159;1;1.0000910316280864E7
2892;7160;1;1.0000910316280864E7
2893;7162;2;1.0000910316280864E7
2894;7164;2;1.0000910316280864E7
2895;7166;2;1.0000910316280864E7
2896;7169;3;1.0000910316280864E7
2897;7171;2;1.0000910316280864E7
2898;7172;1;1.0000910316280864E7
2899;7174;2;1.0000910316280864E7
2900;7175;1;1.0000910316280864E7
2901;7176;1;1.0000910316280864E7
2902;7178;2;1.0000910316280864E7
2903;7180;2;1.0000910316280864E7
2904;7181;1;1.0000910316280864E7
2905;7182;1;1.0000910316280864E7
2906;7187;5;1.0000910316280864E7
2907;7189;2;1.0000910316280864E7
2908;7191;2;1.0000910316280864E7
2909;7194;3;1.0000910316280864E7
2910;7195;1;1.0000910316280864E7
2911;7196;1;1.0000910316280864E7
2912;7199;3;1.0000910316280864E7
2913;7200;1;1.0000910316280864E7
2914;7202;2;1.0000910316280864E7
2915;7203;1;1.0000910316280864E7
2916;7204;1;1.0000910316280864E7
2917;7206;2;1.0000910316280864E7
2918;7208;2;1.0000910316280864E7
2919;7213;5;1.0000910316280864E7
2920;7216;3;1.0000910316280864E7
2921;7221;5;1.0000910316280864E7
2922;7228;7;1.0000910316280864E7
2923;7229;1;1.0000910316280864E7
2924;7231;2;1.0000910316280864E7
2925;7235;4;1.0000910316280864E7
2926;7240;5;1.0000910316280864E7
2927;7241;1;1.0000910316280864E7
2928;7242;1;1.0000910316280864E7
2929;7245;3;1.0000910316280864E7
2930;7248;3;1.0000910316280864E7
2931;7248;0;1.0000910316280864E7
2932;7254;6;1.0000910316280864E7
2933;7256;2;1.0000910316280864E7
2934;7257;1;1.0000910316280864E7
2935;7262;5;1.0000910316280864E7
2936;7263;1;1.0000910316280864E7
2937;7264;1;1.0000910316280864E7
2938;7268;4;1.0000910316280864E7
2939;7273;5;1.0000910316280864E7
2940;7277;4;1.0000910316280864E7
2941;7282;5;1.0000910316280864E7
2942;7285;3;1.0000910316280864E7
2943;7291;6;1.0000910316280864E7
2944;7294;3;1.0000910316280864E7
2945;7300;6;1.0000910316280864E7
2946;7304;4;1.0000910316280864E7
2947;7312;8;1.0000910316280864E7
2948;7316;4;1.0000910316280864E7
2949;7323;7;1.0000910316280864E7
2950;7329;6;1.0000910316280864E7
2951;7340;11;1.0000910316280864E7
2952;7342;2;1.0000910316280864E7
2953;7345;3;1.0000910316280864E7
2954;7350;5;1.0000910316280864E7
2955;7354;4;1.0000910316280864E7
2956;7355;1;1.0000910316280864E7
2957;7359;4;1.0000910316280864E7
2958;7361;2;1.0000910316280864E7
2959;7366;5;1.0000910316280864E7
2960;7373;7;1.0000907396186415E7
2961;7379;6;1.0000907396186415E7
2962;7384;5;1.0000907396186415E7
2963;7390;6;1.0000907396186415E7
2964;7393;3;1.0000907396186415E7
2965;7395;2;1.0000907396186415E7
2966;7398;3;1.0000907396186415E7
2967;7399;1;1.0000907396186415E7
2968;7404;5;1.0000907396186415E7
2969;7408;4;1.0000907396186415E7
2970;7413;5;1.0000907396186415E7
2971;7415;2;1.0000907396186415E7
2972;7417;2;1.0000907396186415E7
2973;7423;6;1.0000905075114008E7
2974;7424;1;1.0000905075114008E7
2975;7431;7;1.0000905075114008E7
2976;7440;9;1.0000905075114008E7
2977;7444;4;1.0000905075114008E7
2978;7446;2;1.0000905075114008E7
2979;7448;2;1.0000905075114008E7
2980;7452;4;1.0000905075114008E7
2981;7456;4;1.0000905075114008E7
2982;7461;5;1.0000905075114008E7
2983;7464;3;1.0000905075114008E7
2984;7470;6;1.0000905075114008E7
2985;7473;3;1.0000905075114008E7
2986;7478;5;1.0000905075114008E7
2987;7482;4;1.0000905075114008E7
2988;7485;3;1.0000905075114008E7
2989;7489;4;1.0000905075114008E7
2990;7490;1;1.0000905075114008E7
2991;7492;2;1.0000905075114008E7
2992;7496;4;1.0000905075114008E7
2993;7498;2;1.0000905075114008E7
2994;7505;7;1.0000905075114008E7
2995;7510;5;1.0000905075114008E7
2996;7513;3;1.0000905075114008E7
2997;7519;6;1.0000905075114008E7
2998;7523;4;1.0000905075114008E7
2999;7527;4;1.0000905075114008E7
