Index;Time point [ms];Iteration length [ms];Cost
0;6;6;2.2002930773176853E7
1;8;2;2.200290867520318E7
2;10;2;2.200290867520318E7
3;18;8;2.2002413921736944E7
4;20;2;2.200241275507645E7
5;27;7;2.0002490581467807E7
6;33;6;1.9002427110087126E7
7;38;5;1.9002351834976766E7
8;43;5;1.900227241610162E7
9;49;6;1.900227241610162E7
10;57;8;1.8002284812918853E7
11;63;6;1.8002256542966284E7
12;66;3;1.8002252487400223E7
13;72;6;1.8002252487400223E7
14;77;5;1.8002252487400223E7
15;81;4;1.8002252487400223E7
16;87;6;1.8002252487400223E7
17;92;5;1.8002252487400223E7
18;93;1;1.8002252487400223E7
19;99;6;1.8002252487400223E7
20;108;9;1.8001905717046224E7
21;111;3;1.8001905717046224E7
22;118;7;1.8001905717046224E7
23;123;5;1.8001905717046224E7
24;126;3;1.8001905717046224E7
25;129;3;1.8001905717046224E7
26;132;3;1.8001905717046224E7
27;136;4;1.8001905717046224E7
28;138;2;1.8001905717046224E7
29;141;3;1.8001905717046224E7
30;144;3;1.8001905717046224E7
31;156;12;1.8001905717046224E7
32;159;3;1.8001905717046224E7
33;162;3;1.8001905717046224E7
34;165;3;1.8001905717046224E7
35;172;7;1.8001905717046224E7
36;175;3;1.8001905717046224E7
37;179;4;1.8001905717046224E7
38;183;4;1.8001905717046224E7
39;184;1;1.8001905717046224E7
40;190;6;1.8001905717046224E7
41;193;3;1.8001905717046224E7
42;198;5;1.8001905717046224E7
43;204;6;1.8001905717046224E7
44;208;4;1.8001905717046224E7
45;214;6;1.8001905717046224E7
46;219;5;1.8001905717046224E7
47;222;3;1.8001905717046224E7
48;225;3;1.8001905717046224E7
49;231;6;1.8001905717046224E7
50;237;6;1.8001905717046224E7
51;238;1;1.8001905717046224E7
52;243;5;1.8001905717046224E7
53;246;3;1.8001905717046224E7
54;248;2;1.8001905717046224E7
55;255;7;1.7001897373338927E7
56;259;4;1.7001897373338927E7
57;263;4;1.7001873837412585E7
58;268;5;1.7001873837412585E7
59;269;1;1.7001873837412585E7
60;274;5;1.7001873837412585E7
61;277;3;1.7001873837412585E7
62;283;6;1.7001873837412585E7
63;286;3;1.7001873837412585E7
64;290;4;1.7001873837412585E7
65;290;0;1.7001873837412585E7
66;292;2;1.7001873837412585E7
67;294;2;1.7001873837412585E7
68;299;5;1.7001873837412585E7
69;305;6;1.7001873837412585E7
70;306;1;1.7001873837412585E7
71;308;2;1.7001873837412585E7
72;309;1;1.7001873837412585E7
73;312;3;1.7001873837412585E7
74;315;3;1.7001873837412585E7
75;319;4;1.7001873837412585E7
76;319;0;1.7001873837412585E7
77;324;5;1.7001873837412585E7
78;327;3;1.7001873837412585E7
79;330;3;1.7001873837412585E7
80;332;2;1.7001873837412585E7
81;333;1;1.7001873837412585E7
82;337;4;1.7001873837412585E7
83;342;5;1.7001873837412585E7
84;344;2;1.7001873837412585E7
85;347;3;1.7001873837412585E7
86;353;6;1.7001873837412585E7
87;353;0;1.7001873837412585E7
88;356;3;1.7001873837412585E7
89;359;3;1.7001873837412585E7
90;362;3;1.7001873837412585E7
91;368;6;1.7001873837412585E7
92;373;5;1.7001873837412585E7
93;376;3;1.7001873837412585E7
94;378;2;1.7001873837412585E7
95;382;4;1.7001873837412585E7
96;385;3;1.7001873837412585E7
97;391;6;1.7001873837412585E7
98;395;4;1.7001873837412585E7
99;399;4;1.7001873837412585E7
100;406;7;1.7001873837412585E7
101;408;2;1.7001873837412585E7
102;409;1;1.7001873837412585E7
103;411;2;1.7001873837412585E7
104;418;7;1.7001873837412585E7
105;421;3;1.7001873837412585E7
106;421;0;1.7001873837412585E7
107;426;5;1.7001873837412585E7
108;427;1;1.7001873837412585E7
109;431;4;1.7001873837412585E7
110;431;0;1.7001873837412585E7
111;435;4;1.7001873837412585E7
112;440;5;1.7001873837412585E7
113;445;5;1.7001873837412585E7
114;450;5;1.7001873837412585E7
115;453;3;1.7001873837412585E7
116;457;4;1.7001873837412585E7
117;459;2;1.7001873837412585E7
118;460;1;1.7001873837412585E7
119;460;0;1.7001873837412585E7
120;465;5;1.7001873837412585E7
121;469;4;1.7001873837412585E7
122;471;2;1.7001873837412585E7
123;472;1;1.7001873837412585E7
124;474;2;1.7001873837412585E7
125;478;4;1.7001873837412585E7
126;479;1;1.7001873837412585E7
127;486;7;1.7001873837412585E7
128;488;2;1.7001873837412585E7
129;491;3;1.7001873837412585E7
130;494;3;1.7001873837412585E7
131;500;6;1.7001873837412585E7
132;503;3;1.7001873837412585E7
133;506;3;1.7001873837412585E7
134;508;2;1.7001873837412585E7
135;511;3;1.7001873837412585E7
136;513;2;1.7001873837412585E7
137;517;4;1.7001873837412585E7
138;522;5;1.7001873837412585E7
139;525;3;1.7001873837412585E7
140;527;2;1.7001873837412585E7
141;529;2;1.7001873837412585E7
142;535;6;1.7001873837412585E7
143;537;2;1.7001873837412585E7
144;538;1;1.7001873837412585E7
145;541;3;1.7001873837412585E7
146;543;2;1.7001873837412585E7
147;547;4;1.7001873837412585E7
148;552;5;1.7001873837412585E7
149;556;4;1.7001873837412585E7
150;559;3;1.7001873837412585E7
151;564;5;1.7001873837412585E7
152;568;4;1.7001873837412585E7
153;576;8;1.7001873837412585E7
154;583;7;1.7001873837412585E7
155;589;6;1.7001873837412585E7
156;592;3;1.7001873837412585E7
157;595;3;1.7001873837412585E7
158;598;3;1.7001873837412585E7
159;600;2;1.7001873837412585E7
160;604;4;1.7001873837412585E7
161;606;2;1.7001873837412585E7
162;609;3;1.7001873837412585E7
163;614;5;1.7001873837412585E7
164;620;6;1.7001873837412585E7
165;621;1;1.7001873837412585E7
166;622;1;1.7001873837412585E7
167;624;2;1.7001873837412585E7
168;628;4;1.7001873837412585E7
169;630;2;1.7001873837412585E7
170;635;5;1.7001873837412585E7
171;637;2;1.7001873837412585E7
172;639;2;1.7001873837412585E7
173;642;3;1.7001873837412585E7
174;644;2;1.7001873837412585E7
175;647;3;1.7001873837412585E7
176;654;7;1.7001873837412585E7
177;657;3;1.7001873837412585E7
178;659;2;1.7001873837412585E7
179;661;2;1.7001873837412585E7
180;662;1;1.7001873837412585E7
181;665;3;1.7001873837412585E7
182;670;5;1.7001873837412585E7
183;674;4;1.7001873837412585E7
184;675;1;1.7001873837412585E7
185;678;3;1.7001873837412585E7
186;683;5;1.7001873837412585E7
187;687;4;1.7001873837412585E7
188;691;4;1.7001873837412585E7
189;692;1;1.7001873837412585E7
190;695;3;1.7001873837412585E7
191;698;3;1.7001873837412585E7
192;702;4;1.7001873837412585E7
193;706;4;1.7001873837412585E7
194;709;3;1.7001873837412585E7
195;715;6;1.7001873837412585E7
196;719;4;1.7001873837412585E7
197;724;5;1.7001873837412585E7
198;728;4;1.7001873837412585E7
199;733;5;1.5001847670159526E7
200;737;4;1.5001847670159526E7
201;741;4;1.5001847670159526E7
202;742;1;1.5001847670159526E7
203;744;2;1.5001847670159526E7
204;749;5;1.5001847670159526E7
205;754;5;1.5001847670159526E7
206;755;1;1.5001847670159526E7
207;756;1;1.5001847670159526E7
208;759;3;1.5001847670159526E7
209;761;2;1.5001847670159526E7
210;764;3;1.5001847670159526E7
211;768;4;1.5001847670159526E7
212;772;4;1.5001847670159526E7
213;775;3;1.5001847670159526E7
214;778;3;1.5001834100773662E7
215;782;4;1.5001834100773662E7
216;787;5;1.5001834100773662E7
217;790;3;1.5001834100773662E7
218;797;7;1.5001783180849085E7
219;801;4;1.5001783180849085E7
220;803;2;1.5001781789294027E7
221;805;2;1.5001781789294027E7
222;809;4;1.5001781789294027E7
223;815;6;1.5001781789294027E7
224;819;4;1.5001781789294027E7
225;820;1;1.5001781789294027E7
226;822;2;1.5001781789294027E7
227;824;2;1.5001781789294027E7
228;827;3;1.5001781789294027E7
229;830;3;1.5001781789294027E7
230;833;3;1.5001781789294027E7
231;837;4;1.5001781789294027E7
232;839;2;1.5001781789294027E7
233;842;3;1.5001781789294027E7
234;844;2;1.5001781789294027E7
235;845;1;1.5001781789294027E7
236;848;3;1.5001781789294027E7
237;852;4;1.5001781789294027E7
238;853;1;1.5001781789294027E7
239;857;4;1.5001781789294027E7
240;860;3;1.5001781789294027E7
241;864;4;1.5001781789294027E7
242;867;3;1.5001781789294027E7
243;868;1;1.5001781789294027E7
244;872;4;1.5001781789294027E7
245;873;1;1.5001781789294027E7
246;877;4;1.5001781789294027E7
247;879;2;1.5001781789294027E7
248;883;4;1.5001781789294027E7
249;888;5;1.5001781789294027E7
250;892;4;1.5001781789294027E7
251;896;4;1.5001781789294027E7
252;901;5;1.5001781789294027E7
253;903;2;1.5001781789294027E7
254;906;3;1.5001781789294027E7
255;910;4;1.5001781789294027E7
256;913;3;1.5001781789294027E7
257;919;6;1.5001781789294027E7
258;924;5;1.5001781789294027E7
259;929;5;1.5001781789294027E7
260;934;5;1.5001781789294027E7
261;938;4;1.5001781789294027E7
262;943;5;1.5001781789294027E7
263;954;11;1.5001781789294027E7
264;956;2;1.5001781789294027E7
265;959;3;1.5001781789294027E7
266;963;4;1.5001781789294027E7
267;970;7;1.5001781789294027E7
268;973;3;1.5001781789294027E7
269;974;1;1.5001781789294027E7
270;978;4;1.5001781789294027E7
271;984;6;1.5001781789294027E7
272;993;9;1.5001781789294027E7
273;998;5;1.5001781789294027E7
274;1002;4;1.5001781789294027E7
275;1007;5;1.5001781789294027E7
276;1010;3;1.5001781789294027E7
277;1012;2;1.5001781789294027E7
278;1016;4;1.5001781789294027E7
279;1019;3;1.5001781789294027E7
280;1019;0;1.5001781789294027E7
281;1021;2;1.5001781789294027E7
282;1022;1;1.5001781789294027E7
283;1027;5;1.5001781789294027E7
284;1031;4;1.5001781789294027E7
285;1039;8;1.5001781789294027E7
286;1046;7;1.5001781789294027E7
287;1052;6;1.5001781789294027E7
288;1056;4;1.5001781789294027E7
289;1057;1;1.5001781789294027E7
290;1060;3;1.5001781789294027E7
291;1062;2;1.5001781789294027E7
292;1068;6;1.5001781789294027E7
293;1070;2;1.5001781789294027E7
294;1073;3;1.5001781789294027E7
295;1076;3;1.5001781789294027E7
296;1080;4;1.5001781789294027E7
297;1085;5;1.5001781789294027E7
298;1091;6;1.5001781789294027E7
299;1092;1;1.5001781789294027E7
300;1098;6;1.5001781789294027E7
301;1104;6;1.5001781789294027E7
302;1110;6;1.5001781789294027E7
303;1113;3;1.5001781789294027E7
304;1118;5;1.5001781789294027E7
305;1120;2;1.5001781789294027E7
306;1123;3;1.5001781789294027E7
307;1126;3;1.5001781789294027E7
308;1129;3;1.5001781789294027E7
309;1130;1;1.5001781789294027E7
310;1131;1;1.5001781789294027E7
311;1136;5;1.5001781789294027E7
312;1140;4;1.5001781789294027E7
313;1144;4;1.5001781789294027E7
314;1148;4;1.5001781789294027E7
315;1154;6;1.5001781789294027E7
316;1159;5;1.5001781789294027E7
317;1164;5;1.5001781789294027E7
318;1170;6;1.5001781789294027E7
319;1175;5;1.5001781789294027E7
320;1177;2;1.5001781789294027E7
321;1181;4;1.5001781789294027E7
322;1185;4;1.5001781789294027E7
323;1186;1;1.5001781789294027E7
324;1190;4;1.5001781789294027E7
325;1193;3;1.5001781789294027E7
326;1195;2;1.5001781789294027E7
327;1202;7;1.5001781789294027E7
328;1207;5;1.5001781789294027E7
329;1208;1;1.5001781789294027E7
330;1210;2;1.5001781789294027E7
331;1211;1;1.5001781789294027E7
332;1218;7;1.5001781789294027E7
333;1220;2;1.5001781789294027E7
334;1222;2;1.5001781789294027E7
335;1224;2;1.5001781789294027E7
336;1225;1;1.5001781789294027E7
337;1225;0;1.5001781789294027E7
338;1226;1;1.5001781789294027E7
339;1228;2;1.5001781789294027E7
340;1233;5;1.5001781789294027E7
341;1235;2;1.5001781789294027E7
342;1236;1;1.5001781789294027E7
343;1236;0;1.5001781789294027E7
344;1239;3;1.5001781789294027E7
345;1242;3;1.5001781789294027E7
346;1244;2;1.5001781789294027E7
347;1245;1;1.5001781789294027E7
348;1250;5;1.5001781789294027E7
349;1250;0;1.5001781789294027E7
350;1253;3;1.5001781789294027E7
351;1254;1;1.5001781789294027E7
352;1257;3;1.5001781789294027E7
353;1260;3;1.5001781789294027E7
354;1264;4;1.5001781789294027E7
355;1268;4;1.5001781789294027E7
356;1270;2;1.5001781789294027E7
357;1273;3;1.5001781789294027E7
358;1275;2;1.5001781789294027E7
359;1278;3;1.5001781789294027E7
360;1280;2;1.5001781789294027E7
361;1284;4;1.5001781789294027E7
362;1287;3;1.5001781789294027E7
363;1289;2;1.5001781789294027E7
364;1291;2;1.5001781789294027E7
365;1291;0;1.5001781789294027E7
366;1294;3;1.5001781789294027E7
367;1299;5;1.5001781789294027E7
368;1302;3;1.5001781789294027E7
369;1305;3;1.5001781789294027E7
370;1309;4;1.5001781789294027E7
371;1310;1;1.5001781789294027E7
372;1312;2;1.5001781789294027E7
373;1317;5;1.5001781789294027E7
374;1320;3;1.5001781789294027E7
375;1323;3;1.5001781789294027E7
376;1327;4;1.5001781789294027E7
377;1329;2;1.5001781789294027E7
378;1330;1;1.5001781789294027E7
379;1331;1;1.5001781789294027E7
380;1336;5;1.5001781789294027E7
381;1336;0;1.5001781789294027E7
382;1339;3;1.5001781789294027E7
383;1343;4;1.5001781789294027E7
384;1345;2;1.5001781789294027E7
385;1348;3;1.5001781789294027E7
386;1352;4;1.5001781789294027E7
387;1354;2;1.5001781789294027E7
388;1355;1;1.5001781789294027E7
389;1356;1;1.5001781789294027E7
390;1359;3;1.5001781789294027E7
391;1361;2;1.5001781789294027E7
392;1365;4;1.5001781789294027E7
393;1367;2;1.5001781789294027E7
394;1370;3;1.5001781789294027E7
395;1373;3;1.5001781789294027E7
396;1376;3;1.5001781789294027E7
397;1379;3;1.5001781789294027E7
398;1383;4;1.5001781789294027E7
399;1385;2;1.5001781789294027E7
400;1388;3;1.5001781789294027E7
401;1392;4;1.5001781789294027E7
402;1393;1;1.5001781789294027E7
403;1396;3;1.5001781789294027E7
404;1396;0;1.5001781789294027E7
405;1401;5;1.5001781789294027E7
406;1405;4;1.5001781789294027E7
407;1407;2;1.5001781789294027E7
408;1409;2;1.5001781789294027E7
409;1410;1;1.5001781789294027E7
410;1414;4;1.5001781789294027E7
411;1419;5;1.5001781789294027E7
412;1420;1;1.5001781789294027E7
413;1423;3;1.5001781789294027E7
414;1426;3;1.5001781789294027E7
415;1428;2;1.5001781789294027E7
416;1430;2;1.5001781789294027E7
417;1435;5;1.5001781789294027E7
418;1438;3;1.5001781789294027E7
419;1441;3;1.5001781789294027E7
420;1444;3;1.5001781789294027E7
421;1447;3;1.5001781789294027E7
422;1452;5;1.5001781789294027E7
423;1454;2;1.5001781789294027E7
424;1455;1;1.5001781789294027E7
425;1455;0;1.5001781789294027E7
426;1458;3;1.5001781789294027E7
427;1462;4;1.5001781789294027E7
428;1468;6;1.5001781789294027E7
429;1473;5;1.5001781789294027E7
430;1474;1;1.5001781789294027E7
431;1477;3;1.5001781789294027E7
432;1480;3;1.5001781789294027E7
433;1487;7;1.5001781789294027E7
434;1488;1;1.5001781789294027E7
435;1490;2;1.5001781789294027E7
436;1493;3;1.5001781789294027E7
437;1493;0;1.5001781789294027E7
438;1497;4;1.5001781789294027E7
439;1498;1;1.5001781789294027E7
440;1503;5;1.5001781789294027E7
441;1503;0;1.5001781789294027E7
442;1505;2;1.5001781789294027E7
443;1507;2;1.5001781789294027E7
444;1511;4;1.5001781789294027E7
445;1511;0;1.5001781789294027E7
446;1515;4;1.5001781789294027E7
447;1520;5;1.5001781789294027E7
448;1523;3;1.5001781789294027E7
449;1526;3;1.5001781789294027E7
450;1528;2;1.5001781789294027E7
451;1531;3;1.5001781789294027E7
452;1535;4;1.5001781789294027E7
453;1536;1;1.5001781789294027E7
454;1536;0;1.5001781789294027E7
455;1540;4;1.5001781789294027E7
456;1542;2;1.5001781789294027E7
457;1545;3;1.5001781789294027E7
458;1550;5;1.5001781789294027E7
459;1553;3;1.5001781789294027E7
460;1559;6;1.5001781789294027E7
461;1562;3;1.5001781789294027E7
462;1570;8;1.5001781789294027E7
463;1573;3;1.5001781789294027E7
464;1579;6;1.5001781789294027E7
465;1586;7;1.5001781789294027E7
466;1589;3;1.5001781789294027E7
467;1592;3;1.5001781789294027E7
468;1595;3;1.5001781789294027E7
469;1601;6;1.5001781789294027E7
470;1604;3;1.5001781789294027E7
471;1605;1;1.5001781789294027E7
472;1608;3;1.5001781789294027E7
473;1610;2;1.5001781789294027E7
474;1614;4;1.5001781789294027E7
475;1620;6;1.5001781789294027E7
476;1624;4;1.5001781789294027E7
477;1627;3;1.5001781789294027E7
478;1630;3;1.5001781789294027E7
479;1635;5;1.5001781789294027E7
480;1637;2;1.5001781789294027E7
481;1640;3;1.5001781789294027E7
482;1643;3;1.5001781789294027E7
483;1645;2;1.5001781789294027E7
484;1649;4;1.5001781789294027E7
485;1650;1;1.5001781789294027E7
486;1654;4;1.5001781789294027E7
487;1657;3;1.5001781789294027E7
488;1660;3;1.5001781789294027E7
489;1662;2;1.5001781789294027E7
490;1666;4;1.5001781789294027E7
491;1670;4;1.5001781789294027E7
492;1672;2;1.5001781789294027E7
493;1675;3;1.5001781789294027E7
494;1676;1;1.5001781789294027E7
495;1678;2;1.5001781789294027E7
496;1682;4;1.5001781789294027E7
497;1686;4;1.5001781789294027E7
498;1688;2;1.5001781789294027E7
499;1692;4;1.5001781789294027E7
500;1695;3;1.5001781789294027E7
501;1702;7;1.5001781789294027E7
502;1706;4;1.5001781789294027E7
503;1707;1;1.5001781789294027E7
504;1710;3;1.5001781789294027E7
505;1712;2;1.5001781789294027E7
506;1716;4;1.5001781789294027E7
507;1720;4;1.5001781789294027E7
508;1723;3;1.5001781789294027E7
509;1725;2;1.5001781789294027E7
510;1727;2;1.5001781789294027E7
511;1732;5;1.5001781789294027E7
512;1734;2;1.5001781789294027E7
513;1737;3;1.5001781789294027E7
514;1739;2;1.5001781789294027E7
515;1742;3;1.5001781789294027E7
516;1744;2;1.5001781789294027E7
517;1749;5;1.5001781789294027E7
518;1750;1;1.5001781789294027E7
519;1753;3;1.5001781789294027E7
520;1755;2;1.5001781789294027E7
521;1758;3;1.5001781789294027E7
522;1760;2;1.5001781789294027E7
523;1760;0;1.5001781789294027E7
524;1763;3;1.5001781789294027E7
525;1769;6;1.5001781789294027E7
526;1771;2;1.5001781789294027E7
527;1775;4;1.5001781789294027E7
528;1778;3;1.5001781789294027E7
529;1782;4;1.5001781789294027E7
530;1785;3;1.5001781789294027E7
531;1788;3;1.5001781789294027E7
532;1792;4;1.5001781789294027E7
533;1796;4;1.5001781789294027E7
534;1801;5;1.5001781789294027E7
535;1803;2;1.5001781789294027E7
536;1805;2;1.5001781789294027E7
537;1808;3;1.5001781789294027E7
538;1809;1;1.5001781789294027E7
539;1813;4;1.5001781789294027E7
540;1817;4;1.5001781789294027E7
541;1819;2;1.5001781789294027E7
542;1823;4;1.5001781789294027E7
543;1825;2;1.5001781789294027E7
544;1829;4;1.5001781789294027E7
545;1834;5;1.5001781789294027E7
546;1839;5;1.5001781789294027E7
547;1844;5;1.5001781789294027E7
548;1847;3;1.5001781789294027E7
549;1852;5;1.5001781789294027E7
550;1855;3;1.5001781789294027E7
551;1859;4;1.5001781789294027E7
552;1861;2;1.5001781789294027E7
553;1862;1;1.5001781789294027E7
554;1868;6;1.5001781789294027E7
555;1870;2;1.5001781789294027E7
556;1873;3;1.5001781789294027E7
557;1876;3;1.5001781789294027E7
558;1881;5;1.5001781789294027E7
559;1884;3;1.5001781789294027E7
560;1887;3;1.5001781789294027E7
561;1889;2;1.5001781789294027E7
562;1893;4;1.5001781789294027E7
563;1898;5;1.5001781789294027E7
564;1900;2;1.5001781789294027E7
565;1903;3;1.5001781789294027E7
566;1907;4;1.5001781789294027E7
567;1910;3;1.5001781789294027E7
568;1916;6;1.5001781789294027E7
569;1919;3;1.5001781789294027E7
570;1920;1;1.5001781789294027E7
571;1923;3;1.5001781789294027E7
572;1926;3;1.5001781789294027E7
573;1929;3;1.5001781789294027E7
574;1934;5;1.5001781789294027E7
575;1937;3;1.5001781789294027E7
576;1939;2;1.5001781789294027E7
577;1943;4;1.5001781789294027E7
578;1945;2;1.5001781789294027E7
579;1950;5;1.5001781789294027E7
580;1953;3;1.5001781789294027E7
581;1957;4;1.5001781789294027E7
582;1960;3;1.5001781789294027E7
583;1967;7;1.5001781789294027E7
584;1970;3;1.5001781789294027E7
585;1972;2;1.5001781789294027E7
586;1975;3;1.5001781789294027E7
587;1978;3;1.5001781789294027E7
588;1982;4;1.5001781789294027E7
589;1984;2;1.5001781789294027E7
590;1987;3;1.5001781789294027E7
591;1990;3;1.5001781789294027E7
592;1992;2;1.5001781789294027E7
593;1994;2;1.5001781789294027E7
594;1999;5;1.5001781789294027E7
595;2003;4;1.5001781789294027E7
596;2005;2;1.5001781789294027E7
597;2006;1;1.5001781789294027E7
598;2009;3;1.5001781789294027E7
599;2012;3;1.5001781789294027E7
600;2017;5;1.5001781789294027E7
601;2021;4;1.5001781789294027E7
602;2024;3;1.5001781789294027E7
603;2026;2;1.5001781789294027E7
604;2030;4;1.5001781789294027E7
605;2032;2;1.5001781789294027E7
606;2036;4;1.5001781789294027E7
607;2038;2;1.5001781789294027E7
608;2039;1;1.5001781789294027E7
609;2041;2;1.5001781789294027E7
610;2041;0;1.5001781789294027E7
611;2043;2;1.5001781789294027E7
612;2043;0;1.5001781789294027E7
613;2049;6;1.5001781789294027E7
614;2053;4;1.5001781789294027E7
615;2055;2;1.5001781789294027E7
616;2058;3;1.5001781789294027E7
617;2061;3;1.5001781789294027E7
618;2067;6;1.5001781789294027E7
619;2068;1;1.5001781789294027E7
620;2069;1;1.5001781789294027E7
621;2069;0;1.5001781789294027E7
622;2072;3;1.5001781789294027E7
623;2074;2;1.5001781789294027E7
624;2078;4;1.5001781789294027E7
625;2084;6;1.5001781789294027E7
626;2087;3;1.5001781789294027E7
627;2090;3;1.5001781789294027E7
628;2092;2;1.5001781789294027E7
629;2096;4;1.5001781789294027E7
630;2099;3;1.5001781789294027E7
631;2100;1;1.5001781789294027E7
632;2102;2;1.5001781789294027E7
633;2104;2;1.5001781789294027E7
634;2106;2;1.5001781789294027E7
635;2110;4;1.5001781789294027E7
636;2110;0;1.5001781789294027E7
637;2115;5;1.5001781789294027E7
638;2118;3;1.5001781789294027E7
639;2120;2;1.5001781789294027E7
640;2122;2;1.5001781789294027E7
641;2125;3;1.5001781789294027E7
642;2126;1;1.5001781789294027E7
643;2129;3;1.5001781789294027E7
644;2133;4;1.5001781789294027E7
645;2134;1;1.5001781789294027E7
646;2134;0;1.5001781789294027E7
647;2136;2;1.5001781789294027E7
648;2139;3;1.5001781789294027E7
649;2141;2;1.5001781789294027E7
650;2144;3;1.5001781789294027E7
651;2149;5;1.5001781789294027E7
652;2151;2;1.5001781789294027E7
653;2154;3;1.5001781789294027E7
654;2157;3;1.5001781789294027E7
655;2158;1;1.5001781789294027E7
656;2160;2;1.5001781789294027E7
657;2163;3;1.5001781789294027E7
658;2165;2;1.5001781789294027E7
659;2166;1;1.5001781789294027E7
660;2169;3;1.5001781789294027E7
661;2173;4;1.5001781789294027E7
662;2176;3;1.5001781789294027E7
663;2179;3;1.5001781789294027E7
664;2185;6;1.5001781789294027E7
665;2186;1;1.5001781789294027E7
666;2188;2;1.5001781789294027E7
667;2191;3;1.5001781789294027E7
668;2193;2;1.5001781789294027E7
669;2197;4;1.5001781789294027E7
670;2198;1;1.5001781789294027E7
671;2201;3;1.5001781789294027E7
672;2202;1;1.5001781789294027E7
673;2203;1;1.5001781789294027E7
674;2205;2;1.5001781789294027E7
675;2207;2;1.5001781789294027E7
676;2210;3;1.5001781789294027E7
677;2213;3;1.5001781789294027E7
678;2217;4;1.5001781789294027E7
679;2221;4;1.5001781789294027E7
680;2225;4;1.5001781789294027E7
681;2227;2;1.5001781789294027E7
682;2230;3;1.5001781789294027E7
683;2235;5;1.5001781789294027E7
684;2238;3;1.5001781789294027E7
685;2238;0;1.5001781789294027E7
686;2242;4;1.5001781789294027E7
687;2242;0;1.5001781789294027E7
688;2246;4;1.5001781789294027E7
689;2252;6;1.5001781789294027E7
690;2252;0;1.5001781789294027E7
691;2255;3;1.5001781789294027E7
692;2255;0;1.5001781789294027E7
693;2256;1;1.5001781789294027E7
694;2257;1;1.5001781789294027E7
695;2259;2;1.5001781789294027E7
696;2260;1;1.50017545375828E7
697;2265;5;1.50017545375828E7
698;2269;4;1.50017545375828E7
699;2269;0;1.50017545375828E7
700;2272;3;1.50017545375828E7
701;2274;2;1.50017545375828E7
702;2278;4;1.50017545375828E7
703;2280;2;1.50017545375828E7
704;2283;3;1.50017545375828E7
705;2285;2;1.50017545375828E7
706;2287;2;1.50017545375828E7
707;2288;1;1.50017545375828E7
708;2290;2;1.50017545375828E7
709;2292;2;1.50017545375828E7
710;2293;1;1.50017545375828E7
711;2298;5;1.50017545375828E7
712;2300;2;1.50017545375828E7
713;2302;2;1.50017545375828E7
714;2304;2;1.50017545375828E7
715;2307;3;1.50017545375828E7
716;2310;3;1.50017545375828E7
717;2314;4;1.50017545375828E7
718;2317;3;1.50017545375828E7
719;2321;4;1.50017545375828E7
720;2324;3;1.50017545375828E7
721;2326;2;1.50017545375828E7
722;2331;5;1.50017545375828E7
723;2334;3;1.50017545375828E7
724;2336;2;1.50017545375828E7
725;2339;3;1.50017545375828E7
726;2341;2;1.50017545375828E7
727;2344;3;1.50017545375828E7
728;2346;2;1.50017545375828E7
729;2351;5;1.50017545375828E7
730;2354;3;1.50017545375828E7
731;2354;0;1.50017545375828E7
732;2356;2;1.50017545375828E7
733;2358;2;1.50017545375828E7
734;2360;2;1.50017545375828E7
735;2365;5;1.50017545375828E7
736;2367;2;1.50017545375828E7
737;2369;2;1.50017545375828E7
738;2371;2;1.50017545375828E7
739;2371;0;1.50017545375828E7
740;2373;2;1.50017545375828E7
741;2377;4;1.50017545375828E7
742;2378;1;1.50017545375828E7
743;2383;5;1.50017545375828E7
744;2385;2;1.50017545375828E7
745;2386;1;1.50017545375828E7
746;2389;3;1.50017545375828E7
747;2390;1;1.50017545375828E7
748;2391;1;1.50017545375828E7
749;2396;5;1.50017545375828E7
750;2399;3;1.50017545375828E7
751;2401;2;1.50017545375828E7
752;2406;5;1.50017545375828E7
753;2406;0;1.50017545375828E7
754;2409;3;1.50017545375828E7
755;2410;1;1.50017545375828E7
756;2413;3;1.50017545375828E7
757;2415;2;1.50017545375828E7
758;2420;5;1.50017545375828E7
759;2422;2;1.50017545375828E7
760;2425;3;1.50017545375828E7
761;2426;1;1.50017545375828E7
762;2432;6;1.50017545375828E7
763;2436;4;1.50017545375828E7
764;2438;2;1.50017545375828E7
765;2440;2;1.50017545375828E7
766;2444;4;1.50017545375828E7
767;2448;4;1.50017545375828E7
768;2452;4;1.50017545375828E7
769;2454;2;1.50017545375828E7
770;2457;3;1.50017545375828E7
771;2460;3;1.50017545375828E7
772;2461;1;1.50017545375828E7
773;2467;6;1.50017545375828E7
774;2467;0;1.50017545375828E7
775;2470;3;1.50017545375828E7
776;2473;3;1.50017545375828E7
777;2476;3;1.50017545375828E7
778;2479;3;1.50017545375828E7
779;2483;4;1.50017545375828E7
780;2486;3;1.50017545375828E7
781;2488;2;1.50017545375828E7
782;2489;1;1.50017545375828E7
783;2490;1;1.50017545375828E7
784;2490;0;1.50017545375828E7
785;2493;3;1.50017545375828E7
786;2495;2;1.50017545375828E7
787;2500;5;1.50017545375828E7
788;2502;2;1.50017545375828E7
789;2505;3;1.50017545375828E7
790;2508;3;1.50017545375828E7
791;2510;2;1.50017545375828E7
792;2512;2;1.50017545375828E7
793;2516;4;1.50017545375828E7
794;2518;2;1.50017545375828E7
795;2522;4;1.50017545375828E7
796;2524;2;1.50017545375828E7
797;2525;1;1.50017545375828E7
798;2528;3;1.50017545375828E7
799;2534;6;1.50017545375828E7
800;2535;1;1.50017545375828E7
801;2539;4;1.50017545375828E7
802;2541;2;1.50017545375828E7
803;2542;1;1.50017545375828E7
804;2544;2;1.50017545375828E7
805;2550;6;1.50017545375828E7
806;2552;2;1.50017545375828E7
807;2555;3;1.50017545375828E7
808;2558;3;1.50017545375828E7
809;2560;2;1.50017545375828E7
810;2566;6;1.50017545375828E7
811;2567;1;1.50017545375828E7
812;2569;2;1.50017545375828E7
813;2572;3;1.50017545375828E7
814;2577;5;1.50017545375828E7
815;2581;4;1.50017545375828E7
816;2584;3;1.50017545375828E7
817;2586;2;1.50017545375828E7
818;2590;4;1.50017545375828E7
819;2593;3;1.50017545375828E7
820;2601;8;1.50017545375828E7
821;2603;2;1.50017545375828E7
822;2605;2;1.50017545375828E7
823;2608;3;1.50017545375828E7
824;2611;3;1.50017545375828E7
825;2615;4;1.50017545375828E7
826;2616;1;1.50017545375828E7
827;2619;3;1.50017545375828E7
828;2622;3;1.50017545375828E7
829;2624;2;1.50017545375828E7
830;2627;3;1.50017545375828E7
831;2632;5;1.50017545375828E7
832;2632;0;1.50017545375828E7
833;2635;3;1.50017545375828E7
834;2638;3;1.50017545375828E7
835;2641;3;1.50017545375828E7
836;2642;1;1.50017545375828E7
837;2646;4;1.50017545375828E7
838;2650;4;1.50017545375828E7
839;2653;3;1.50017545375828E7
840;2655;2;1.50017545375828E7
841;2658;3;1.50017545375828E7
842;2659;1;1.50017545375828E7
843;2664;5;1.50017545375828E7
844;2666;2;1.50017545375828E7
845;2669;3;1.50017545375828E7
846;2670;1;1.50017545375828E7
847;2672;2;1.50017545375828E7
848;2674;2;1.50017545375828E7
849;2676;2;1.50017545375828E7
850;2679;3;1.50017545375828E7
851;2680;1;1.50017545375828E7
852;2682;2;1.50017545375828E7
853;2685;3;1.50017545375828E7
854;2685;0;1.50017545375828E7
855;2688;3;1.50017545375828E7
856;2691;3;1.50017545375828E7
857;2693;2;1.50017545375828E7
858;2697;4;1.50017545375828E7
859;2699;2;1.50017545375828E7
860;2702;3;1.50017545375828E7
861;2705;3;1.50017545375828E7
862;2708;3;1.50017545375828E7
863;2709;1;1.50017545375828E7
864;2716;7;1.50017545375828E7
865;2719;3;1.50017545375828E7
866;2722;3;1.50017545375828E7
867;2725;3;1.50017545375828E7
868;2732;7;1.50017545375828E7
869;2734;2;1.50017545375828E7
870;2737;3;1.50017545375828E7
871;2741;4;1.50017545375828E7
872;2742;1;1.50017545375828E7
873;2745;3;1.50017545375828E7
874;2752;7;1.50017545375828E7
875;2753;1;1.50017545375828E7
876;2756;3;1.50017545375828E7
877;2757;1;1.50017545375828E7
878;2758;1;1.50017545375828E7
879;2760;2;1.50017545375828E7
880;2762;2;1.50017545375828E7
881;2767;5;1.50017545375828E7
882;2769;2;1.50017545375828E7
883;2770;1;1.50017545375828E7
884;2774;4;1.50017545375828E7
885;2777;3;1.50017545375828E7
886;2782;5;1.50017545375828E7
887;2783;1;1.50017545375828E7
888;2785;2;1.50017545375828E7
889;2788;3;1.50017545375828E7
890;2791;3;1.50017545375828E7
891;2795;4;1.50017545375828E7
892;2800;5;1.50017545375828E7
893;2803;3;1.50017545375828E7
894;2803;0;1.50017545375828E7
895;2806;3;1.50017545375828E7
896;2807;1;1.50017545375828E7
897;2809;2;1.50017545375828E7
898;2813;4;1.50017545375828E7
899;2817;4;1.50017545375828E7
900;2818;1;1.50017545375828E7
901;2820;2;1.50017545375828E7
902;2824;4;1.50017545375828E7
903;2826;2;1.50017545375828E7
904;2827;1;1.50017545375828E7
905;2831;4;1.50017545375828E7
906;2834;3;1.50017545375828E7
907;2836;2;1.50017545375828E7
908;2838;2;1.50017545375828E7
909;2841;3;1.50017545375828E7
910;2842;1;1.50017545375828E7
911;2845;3;1.50017545375828E7
912;2850;5;1.50017545375828E7
913;2853;3;1.50017545375828E7
914;2855;2;1.50017545375828E7
915;2858;3;1.50017545375828E7
916;2861;3;1.50017545375828E7
917;2867;6;1.50017545375828E7
918;2869;2;1.50017545375828E7
919;2872;3;1.50017545375828E7
920;2873;1;1.50017545375828E7
921;2875;2;1.50017545375828E7
922;2879;4;1.50017545375828E7
923;2884;5;1.50017545375828E7
924;2886;2;1.50017545375828E7
925;2888;2;1.50017545375828E7
926;2891;3;1.50017545375828E7
927;2894;3;1.50017545375828E7
928;2899;5;1.50017545375828E7
929;2901;2;1.50017545375828E7
930;2903;2;1.50017545375828E7
931;2906;3;1.50017545375828E7
932;2909;3;1.50017545375828E7
933;2910;1;1.50017545375828E7
934;2912;2;1.50017545375828E7
935;2917;5;1.50017545375828E7
936;2918;1;1.50017545375828E7
937;2920;2;1.50017545375828E7
938;2923;3;1.50017545375828E7
939;2925;2;1.50017545375828E7
940;2929;4;1.50017545375828E7
941;2930;1;1.50017545375828E7
942;2933;3;1.50017545375828E7
943;2935;2;1.50017545375828E7
944;2937;2;1.50017545375828E7
945;2938;1;1.50017545375828E7
946;2941;3;1.50017545375828E7
947;2942;1;1.50017545375828E7
948;2944;2;1.50017545375828E7
949;2949;5;1.50017545375828E7
950;2952;3;1.50017545375828E7
951;2955;3;1.50017545375828E7
952;2957;2;1.50017545375828E7
953;2959;2;1.50017545375828E7
954;2966;7;1.50017545375828E7
955;2970;4;1.50017545375828E7
956;2973;3;1.50017545375828E7
957;2976;3;1.50017545375828E7
958;2977;1;1.50017545375828E7
959;2982;5;1.50017545375828E7
960;2984;2;1.50017545375828E7
961;2987;3;1.50017545375828E7
962;2987;0;1.50017545375828E7
963;2990;3;1.50017545375828E7
964;2993;3;1.50017545375828E7
965;2998;5;1.50017545375828E7
966;3001;3;1.50017545375828E7
967;3003;2;1.50017545375828E7
968;3005;2;1.50017545375828E7
969;3007;2;1.50017545375828E7
970;3009;2;1.50017545375828E7
971;3012;3;1.50017545375828E7
972;3017;5;1.50017545375828E7
973;3019;2;1.50017545375828E7
974;3020;1;1.50017545375828E7
975;3022;2;1.50017545375828E7
976;3026;4;1.50017545375828E7
977;3027;1;1.50017545375828E7
978;3029;2;1.50017545375828E7
979;3034;5;1.50017545375828E7
980;3037;3;1.50017545375828E7
981;3038;1;1.50017545375828E7
982;3042;4;1.50017545375828E7
983;3046;4;1.50017545375828E7
984;3050;4;1.50017545375828E7
985;3051;1;1.50017545375828E7
986;3052;1;1.50017545375828E7
987;3054;2;1.50017545375828E7
988;3055;1;1.50017545375828E7
989;3057;2;1.50017545375828E7
990;3058;1;1.50017545375828E7
991;3059;1;1.50017545375828E7
992;3062;3;1.50017545375828E7
993;3067;5;1.50017545375828E7
994;3069;2;1.50017545375828E7
995;3071;2;1.50017545375828E7
996;3072;1;1.50017545375828E7
997;3073;1;1.50017545375828E7
998;3075;2;1.50017545375828E7
999;3079;4;1.50017545375828E7
1000;3083;4;1.50017545375828E7
1001;3084;1;1.50017545375828E7
1002;3084;0;1.50017545375828E7
1003;3087;3;1.50017545375828E7
1004;3089;2;1.50017545375828E7
1005;3090;1;1.50017545375828E7
1006;3093;3;1.50017545375828E7
1007;3093;0;1.50017545375828E7
1008;3094;1;1.50017545375828E7
1009;3096;2;1.50017545375828E7
1010;3100;4;1.50017545375828E7
1011;3102;2;1.50017545375828E7
1012;3104;2;1.50017545375828E7
1013;3107;3;1.50017545375828E7
1014;3110;3;1.50017545375828E7
1015;3114;4;1.50017545375828E7
1016;3116;2;1.50017545375828E7
1017;3118;2;1.50017545375828E7
1018;3120;2;1.50017545375828E7
1019;3122;2;1.50017545375828E7
1020;3124;2;1.50017545375828E7
1021;3125;1;1.50017545375828E7
1022;3128;3;1.50017545375828E7
1023;3132;4;1.50017545375828E7
1024;3133;1;1.50017545375828E7
1025;3136;3;1.50017545375828E7
1026;3137;1;1.50017545375828E7
1027;3139;2;1.50017545375828E7
1028;3140;1;1.50017545375828E7
1029;3142;2;1.50017545375828E7
1030;3143;1;1.50017545375828E7
1031;3148;5;1.50017545375828E7
1032;3149;1;1.50017545375828E7
1033;3152;3;1.50017545375828E7
1034;3152;0;1.50017545375828E7
1035;3154;2;1.50017545375828E7
1036;3157;3;1.50017545375828E7
1037;3159;2;1.50017545375828E7
1038;3162;3;1.50017545375828E7
1039;3165;3;1.50017545375828E7
1040;3166;1;1.50017545375828E7
1041;3168;2;1.50017545375828E7
1042;3170;2;1.50017545375828E7
1043;3172;2;1.50017545375828E7
1044;3173;1;1.50017545375828E7
1045;3174;1;1.50017545375828E7
1046;3177;3;1.50017545375828E7
1047;3180;3;1.50017545375828E7
1048;3184;4;1.50017545375828E7
1049;3186;2;1.50017545375828E7
1050;3188;2;1.50017545375828E7
1051;3190;2;1.50017545375828E7
1052;3193;3;1.50017545375828E7
1053;3194;1;1.50017545375828E7
1054;3198;4;1.50017545375828E7
1055;3201;3;1.50017545375828E7
1056;3204;3;1.50017545375828E7
1057;3206;2;1.50017545375828E7
1058;3208;2;1.50017545375828E7
1059;3209;1;1.50017545375828E7
1060;3210;1;1.50017545375828E7
1061;3213;3;1.50017545375828E7
1062;3217;4;1.50017545375828E7
1063;3219;2;1.50017545375828E7
1064;3222;3;1.50017545375828E7
1065;3224;2;1.50017545375828E7
1066;3227;3;1.50017545375828E7
1067;3232;5;1.50017545375828E7
1068;3235;3;1.50017545375828E7
1069;3238;3;1.50017545375828E7
1070;3240;2;1.50017545375828E7
1071;3240;0;1.50017545375828E7
1072;3243;3;1.50017545375828E7
1073;3246;3;1.50017545375828E7
1074;3250;4;1.50017545375828E7
1075;3253;3;1.50017545375828E7
1076;3254;1;1.50017545375828E7
1077;3256;2;1.50017545375828E7
1078;3258;2;1.50017545375828E7
1079;3261;3;1.50017545375828E7
1080;3264;3;1.50017545375828E7
1081;3266;2;1.50017545375828E7
1082;3269;3;1.50017545375828E7
1083;3272;3;1.50017545375828E7
1084;3274;2;1.50017545375828E7
1085;3275;1;1.50017545375828E7
1086;3277;2;1.50017545375828E7
1087;3280;3;1.50017545375828E7
1088;3282;2;1.50017545375828E7
1089;3285;3;1.50017545375828E7
1090;3286;1;1.50017545375828E7
1091;3288;2;1.50017545375828E7
1092;3289;1;1.50017545375828E7
1093;3292;3;1.50017545375828E7
1094;3295;3;1.50017545375828E7
1095;3299;4;1.50017545375828E7
1096;3299;0;1.50017545375828E7
1097;3301;2;1.50017545375828E7
1098;3302;1;1.50017545375828E7
1099;3303;1;1.50017545375828E7
1100;3305;2;1.50017545375828E7
1101;3308;3;1.50017545375828E7
1102;3311;3;1.50017545375828E7
1103;3316;5;1.50017545375828E7
1104;3317;1;1.50017545375828E7
1105;3318;1;1.50017545375828E7
1106;3321;3;1.50017545375828E7
1107;3322;1;1.50017545375828E7
1108;3325;3;1.50017545375828E7
1109;3328;3;1.50017545375828E7
1110;3330;2;1.50017545375828E7
1111;3331;1;1.50017545375828E7
1112;3334;3;1.50017545375828E7
1113;3336;2;1.50017545375828E7
1114;3339;3;1.50017545375828E7
1115;3343;4;1.50017545375828E7
1116;3349;6;1.50017545375828E7
1117;3353;4;1.50017545375828E7
1118;3355;2;1.50017545375828E7
1119;3357;2;1.50017545375828E7
1120;3361;4;1.50017545375828E7
1121;3365;4;1.50017545375828E7
1122;3367;2;1.50017545375828E7
1123;3368;1;1.50017545375828E7
1124;3369;1;1.50017545375828E7
1125;3372;3;1.50017545375828E7
1126;3372;0;1.50017545375828E7
1127;3376;4;1.50017545375828E7
1128;3379;3;1.50017545375828E7
1129;3380;1;1.50017545375828E7
1130;3383;3;1.50017545375828E7
1131;3386;3;1.50017545375828E7
1132;3388;2;1.50017545375828E7
1133;3391;3;1.50017545375828E7
1134;3393;2;1.50017545375828E7
1135;3397;4;1.50017545375828E7
1136;3400;3;1.50017545375828E7
1137;3402;2;1.50017545375828E7
1138;3404;2;1.50017545375828E7
1139;3406;2;1.50017545375828E7
1140;3409;3;1.50017545375828E7
1141;3410;1;1.50017545375828E7
1142;3415;5;1.50017545375828E7
1143;3416;1;1.50017545375828E7
1144;3418;2;1.50017545375828E7
1145;3419;1;1.50017545375828E7
1146;3419;0;1.50017545375828E7
1147;3421;2;1.50017545375828E7
1148;3423;2;1.50017545375828E7
1149;3425;2;1.50017545375828E7
1150;3428;3;1.50017545375828E7
1151;3431;3;1.50017545375828E7
1152;3433;2;1.50017545375828E7
1153;3434;1;1.50017545375828E7
1154;3436;2;1.50017545375828E7
1155;3438;2;1.50017545375828E7
1156;3441;3;1.50017545375828E7
1157;3442;1;1.50017545375828E7
1158;3443;1;1.50017545375828E7
1159;3446;3;1.50017545375828E7
1160;3449;3;1.50017545375828E7
1161;3452;3;1.50017545375828E7
1162;3454;2;1.50017545375828E7
1163;3458;4;1.50017545375828E7
1164;3461;3;1.50017545375828E7
1165;3465;4;1.50017545375828E7
1166;3468;3;1.50017545375828E7
1167;3470;2;1.50017545375828E7
1168;3473;3;1.50017545375828E7
1169;3474;1;1.50017545375828E7
1170;3476;2;1.50017545375828E7
1171;3478;2;1.50017545375828E7
1172;3479;1;1.50017545375828E7
1173;3481;2;1.50017545375828E7
1174;3485;4;1.50017545375828E7
1175;3488;3;1.50017545375828E7
1176;3490;2;1.50017545375828E7
1177;3492;2;1.50017545375828E7
1178;3495;3;1.50017545375828E7
1179;3497;2;1.50017545375828E7
1180;3499;2;1.50017545375828E7
1181;3500;1;1.50017545375828E7
1182;3501;1;1.50017545375828E7
1183;3504;3;1.50017545375828E7
1184;3506;2;1.50017545375828E7
1185;3507;1;1.50017545375828E7
1186;3509;2;1.50017545375828E7
1187;3512;3;1.50017545375828E7
1188;3516;4;1.50017545375828E7
1189;3519;3;1.50017545375828E7
1190;3521;2;1.50017545375828E7
1191;3522;1;1.50017545375828E7
1192;3525;3;1.50017545375828E7
1193;3526;1;1.50017545375828E7
1194;3527;1;1.50017545375828E7
1195;3530;3;1.50017545375828E7
1196;3535;5;1.50017545375828E7
1197;3536;1;1.50017545375828E7
1198;3539;3;1.50017545375828E7
1199;3542;3;1.50017545375828E7
1200;3545;3;1.50017545375828E7
1201;3550;5;1.50017545375828E7
1202;3552;2;1.50017545375828E7
1203;3554;2;1.50017545375828E7
1204;3556;2;1.50017545375828E7
1205;3558;2;1.50017545375828E7
1206;3559;1;1.50017545375828E7
1207;3560;1;1.50017545375828E7
1208;3560;0;1.50017545375828E7
1209;3565;5;1.50017545375828E7
1210;3571;6;1.50017545375828E7
1211;3576;5;1.50017545375828E7
1212;3577;1;1.50017545375828E7
1213;3584;7;1.50017545375828E7
1214;3586;2;1.50017545375828E7
1215;3589;3;1.50017545375828E7
1216;3591;2;1.50017545375828E7
1217;3591;0;1.50017545375828E7
1218;3593;2;1.50017545375828E7
1219;3597;4;1.50017545375828E7
1220;3599;2;1.50017545375828E7
1221;3600;1;1.50017545375828E7
1222;3603;3;1.50017545375828E7
1223;3605;2;1.50017545375828E7
1224;3607;2;1.50017545375828E7
1225;3610;3;1.50017545375828E7
1226;3613;3;1.50017545375828E7
1227;3616;3;1.50017545375828E7
1228;3616;0;1.50017545375828E7
1229;3617;1;1.50017545375828E7
1230;3619;2;1.50017545375828E7
1231;3621;2;1.50017545375828E7
1232;3623;2;1.50017545375828E7
1233;3624;1;1.50017545375828E7
1234;3627;3;1.50017545375828E7
1235;3633;6;1.50017545375828E7
1236;3636;3;1.50017545375828E7
1237;3638;2;1.50017545375828E7
1238;3640;2;1.50017545375828E7
1239;3641;1;1.50017545375828E7
1240;3644;3;1.50017545375828E7
1241;3645;1;1.50017545375828E7
1242;3649;4;1.50017545375828E7
1243;3649;0;1.50017545375828E7
1244;3651;2;1.50017545375828E7
1245;3652;1;1.50017545375828E7
1246;3655;3;1.50017545375828E7
1247;3656;1;1.50017545375828E7
1248;3658;2;1.50017545375828E7
1249;3660;2;1.50017545375828E7
1250;3663;3;1.50017545375828E7
1251;3667;4;1.50017545375828E7
1252;3670;3;1.50017545375828E7
1253;3673;3;1.50017545375828E7
1254;3674;1;1.50017545375828E7
1255;3677;3;1.50017545375828E7
1256;3681;4;1.50017545375828E7
1257;3682;1;1.50017545375828E7
1258;3684;2;1.50017545375828E7
1259;3684;0;1.50017545375828E7
1260;3686;2;1.50017545375828E7
1261;3688;2;1.50017545375828E7
1262;3689;1;1.50017545375828E7
1263;3691;2;1.50017545375828E7
1264;3694;3;1.50017545375828E7
1265;3696;2;1.50017545375828E7
1266;3699;3;1.50017545375828E7
1267;3702;3;1.50017545375828E7
1268;3705;3;1.50017545375828E7
1269;3705;0;1.50017545375828E7
1270;3707;2;1.50017545375828E7
1271;3709;2;1.50017545375828E7
1272;3710;1;1.50017545375828E7
1273;3714;4;1.50017545375828E7
1274;3717;3;1.50017545375828E7
1275;3721;4;1.50017545375828E7
1276;3723;2;1.50017545375828E7
1277;3724;1;1.50017545375828E7
1278;3726;2;1.50017545375828E7
1279;3729;3;1.50017545375828E7
1280;3732;3;1.50017545375828E7
1281;3736;4;1.50017545375828E7
1282;3737;1;1.50017545375828E7
1283;3739;2;1.50017545375828E7
1284;3742;3;1.50017545375828E7
1285;3745;3;1.50017545375828E7
1286;3747;2;1.50017545375828E7
1287;3750;3;1.50017545375828E7
1288;3752;2;1.50017545375828E7
1289;3753;1;1.50017545375828E7
1290;3756;3;1.50017545375828E7
1291;3756;0;1.50017545375828E7
1292;3759;3;1.50017545375828E7
1293;3765;6;1.50017545375828E7
1294;3767;2;1.50017545375828E7
1295;3769;2;1.50017545375828E7
1296;3771;2;1.50017545375828E7
1297;3774;3;1.50017545375828E7
1298;3776;2;1.50017545375828E7
1299;3779;3;1.50017545375828E7
1300;3783;4;1.50017545375828E7
1301;3785;2;1.50017545375828E7
1302;3788;3;1.50017545375828E7
1303;3790;2;1.50017545375828E7
1304;3793;3;1.50017545375828E7
1305;3796;3;1.50017545375828E7
1306;3801;5;1.50017545375828E7
1307;3803;2;1.50017545375828E7
1308;3806;3;1.50017545375828E7
1309;3808;2;1.50017545375828E7
1310;3810;2;1.50017545375828E7
1311;3815;5;1.50017545375828E7
1312;3818;3;1.50017545375828E7
1313;3821;3;1.50017545375828E7
1314;3824;3;1.50017545375828E7
1315;3827;3;1.50017545375828E7
1316;3832;5;1.50017545375828E7
1317;3835;3;1.50017545375828E7
1318;3838;3;1.50017545375828E7
1319;3841;3;1.500173038075143E7
1320;3843;2;1.500173038075143E7
1321;3846;3;1.500173038075143E7
1322;3847;1;1.500173038075143E7
1323;3849;2;1.500173038075143E7
1324;3851;2;1.500173038075143E7
1325;3854;3;1.500173038075143E7
1326;3855;1;1.500173038075143E7
1327;3857;2;1.500170965208251E7
1328;3858;1;1.500170965208251E7
1329;3859;1;1.500170965208251E7
1330;3862;3;1.500170965208251E7
1331;3864;2;1.500170965208251E7
1332;3866;2;1.50017038769233E7
1333;3868;2;1.50017038769233E7
1334;3870;2;1.50017038769233E7
1335;3872;2;1.50017038769233E7
1336;3872;0;1.50017038769233E7
1337;3874;2;1.50017038769233E7
1338;3875;1;1.50017038769233E7
1339;3875;0;1.50017038769233E7
1340;3876;1;1.50017038769233E7
1341;3877;1;1.50017038769233E7
1342;3881;4;1.50017038769233E7
1343;3882;1;1.50017038769233E7
1344;3885;3;1.50017038769233E7
1345;3888;3;1.50017038769233E7
1346;3891;3;1.50017038769233E7
1347;3893;2;1.50017038769233E7
1348;3896;3;1.50017038769233E7
1349;3899;3;1.50017038769233E7
1350;3901;2;1.50017038769233E7
1351;3903;2;1.50017038769233E7
1352;3904;1;1.50017038769233E7
1353;3906;2;1.50017038769233E7
1354;3908;2;1.50017038769233E7
1355;3912;4;1.50017038769233E7
1356;3916;4;1.50017038769233E7
1357;3918;2;1.50017038769233E7
1358;3920;2;1.50017038769233E7
1359;3923;3;1.50017038769233E7
1360;3925;2;1.50017038769233E7
1361;3925;0;1.50017038769233E7
1362;3929;4;1.50017038769233E7
1363;3930;1;1.50017038769233E7
1364;3933;3;1.50017038769233E7
1365;3935;2;1.50017038769233E7
1366;3938;3;1.50017038769233E7
1367;3938;0;1.50017038769233E7
1368;3940;2;1.50017038769233E7
1369;3942;2;1.50017038769233E7
1370;3943;1;1.50017038769233E7
1371;3948;5;1.50017038769233E7
1372;3951;3;1.50017038769233E7
1373;3953;2;1.50017038769233E7
1374;3956;3;1.50017038769233E7
1375;3959;3;1.50017038769233E7
1376;3961;2;1.50017038769233E7
1377;3964;3;1.50017038769233E7
1378;3968;4;1.50017038769233E7
1379;3970;2;1.50017038769233E7
1380;3972;2;1.50017038769233E7
1381;3973;1;1.50017038769233E7
1382;3975;2;1.50017038769233E7
1383;3975;0;1.50017038769233E7
1384;3978;3;1.50017038769233E7
1385;3981;3;1.50017038769233E7
1386;3984;3;1.50017038769233E7
1387;3985;1;1.50017038769233E7
1388;3988;3;1.50017038769233E7
1389;3988;0;1.50017038769233E7
1390;3990;2;1.50017038769233E7
1391;3991;1;1.50017038769233E7
1392;3994;3;1.50017038769233E7
1393;3997;3;1.50017038769233E7
1394;3999;2;1.50017038769233E7
1395;4000;1;1.50017038769233E7
1396;4003;3;1.50017038769233E7
1397;4005;2;1.50017038769233E7
1398;4007;2;1.50017038769233E7
1399;4009;2;1.50017038769233E7
1400;4012;3;1.50017038769233E7
1401;4016;4;1.50017038769233E7
1402;4018;2;1.50017038769233E7
1403;4020;2;1.50017038769233E7
1404;4021;1;1.50017038769233E7
1405;4024;3;1.50017038769233E7
1406;4025;1;1.50017038769233E7
1407;4028;3;1.50017038769233E7
1408;4033;5;1.50017038769233E7
1409;4035;2;1.50017038769233E7
1410;4037;2;1.50017038769233E7
1411;4037;0;1.50017038769233E7
1412;4040;3;1.50017038769233E7
1413;4044;4;1.50017038769233E7
1414;4045;1;1.50017038769233E7
1415;4047;2;1.50017038769233E7
1416;4051;4;1.50017038769233E7
1417;4052;1;1.50017038769233E7
1418;4053;1;1.50017038769233E7
1419;4055;2;1.50017038769233E7
1420;4058;3;1.50017038769233E7
1421;4060;2;1.50017038769233E7
1422;4061;1;1.50017038769233E7
1423;4065;4;1.50017038769233E7
1424;4066;1;1.50017038769233E7
1425;4069;3;1.50017038769233E7
1426;4071;2;1.50017038769233E7
1427;4074;3;1.50017038769233E7
1428;4076;2;1.50017038769233E7
1429;4078;2;1.50017038769233E7
1430;4082;4;1.50017038769233E7
1431;4085;3;1.50017038769233E7
1432;4087;2;1.50017038769233E7
1433;4090;3;1.50017038769233E7
1434;4092;2;1.50017038769233E7
1435;4095;3;1.50017038769233E7
1436;4100;5;1.50017038769233E7
1437;4103;3;1.50017038769233E7
1438;4105;2;1.50017038769233E7
1439;4108;3;1.50017038769233E7
1440;4111;3;1.50017038769233E7
1441;4113;2;1.50017038769233E7
1442;4116;3;1.50017038769233E7
1443;4119;3;1.50017038769233E7
1444;4119;0;1.50017038769233E7
1445;4122;3;1.50017038769233E7
1446;4123;1;1.50017038769233E7
1447;4126;3;1.50017038769233E7
1448;4126;0;1.50017038769233E7
1449;4130;4;1.50017038769233E7
1450;4131;1;1.50017038769233E7
1451;4132;1;1.50017038769233E7
1452;4133;1;1.50017038769233E7
1453;4134;1;1.50017038769233E7
1454;4136;2;1.50017038769233E7
1455;4136;0;1.50017038769233E7
1456;4139;3;1.50017038769233E7
1457;4139;0;1.50017038769233E7
1458;4142;3;1.50017038769233E7
1459;4145;3;1.50017038769233E7
1460;4149;4;1.50017038769233E7
1461;4152;3;1.50017038769233E7
1462;4154;2;1.50017038769233E7
1463;4154;0;1.50017038769233E7
1464;4155;1;1.50017038769233E7
1465;4158;3;1.50017038769233E7
1466;4163;5;1.50017038769233E7
1467;4167;4;1.50017038769233E7
1468;4171;4;1.50017038769233E7
1469;4174;3;1.50017038769233E7
1470;4179;5;1.50017038769233E7
1471;4181;2;1.50017038769233E7
1472;4186;5;1.50017038769233E7
1473;4192;6;1.50017038769233E7
1474;4197;5;1.50017038769233E7
1475;4201;4;1.50017038769233E7
1476;4204;3;1.50017038769233E7
1477;4207;3;1.50017038769233E7
1478;4209;2;1.50017038769233E7
1479;4215;6;1.50017038769233E7
1480;4218;3;1.50017038769233E7
1481;4221;3;1.50017038769233E7
1482;4222;1;1.50017038769233E7
1483;4223;1;1.50017038769233E7
1484;4225;2;1.50017038769233E7
1485;4228;3;1.50017038769233E7
1486;4234;6;1.50017038769233E7
1487;4238;4;1.50017038769233E7
1488;4242;4;1.50017038769233E7
1489;4244;2;1.50017038769233E7
1490;4249;5;1.50017038769233E7
1491;4254;5;1.50017038769233E7
1492;4257;3;1.50017038769233E7
1493;4259;2;1.50017038769233E7
1494;4263;4;1.50017038769233E7
1495;4266;3;1.50017038769233E7
1496;4269;3;1.50017038769233E7
1497;4270;1;1.50017038769233E7
1498;4271;1;1.50017038769233E7
1499;4274;3;1.50017038769233E7
1500;4276;2;1.50017038769233E7
1501;4279;3;1.50017038769233E7
1502;4284;5;1.50017038769233E7
1503;4286;2;1.50017038769233E7
1504;4286;0;1.50017038769233E7
1505;4288;2;1.50017038769233E7
1506;4291;3;1.50017038769233E7
1507;4293;2;1.50017038769233E7
1508;4295;2;1.50017038769233E7
1509;4298;3;1.50017038769233E7
1510;4300;2;1.50017038769233E7
1511;4302;2;1.50017038769233E7
1512;4303;1;1.50017038769233E7
1513;4305;2;1.50017038769233E7
1514;4307;2;1.50017038769233E7
1515;4309;2;1.50017038769233E7
1516;4310;1;1.50017038769233E7
1517;4312;2;1.50017038769233E7
1518;4316;4;1.50017038769233E7
1519;4318;2;1.50017038769233E7
1520;4320;2;1.50017038769233E7
1521;4322;2;1.50017038769233E7
1522;4325;3;1.50017038769233E7
1523;4328;3;1.50017038769233E7
1524;4330;2;1.50017038769233E7
1525;4333;3;1.50017038769233E7
1526;4335;2;1.50017038769233E7
1527;4337;2;1.50017038769233E7
1528;4339;2;1.50017038769233E7
1529;4340;1;1.50017038769233E7
1530;4343;3;1.50017038769233E7
1531;4346;3;1.50017038769233E7
1532;4350;4;1.50017038769233E7
1533;4353;3;1.50017038769233E7
1534;4355;2;1.50017038769233E7
1535;4357;2;1.50017038769233E7
1536;4359;2;1.50017038769233E7
1537;4363;4;1.50017038769233E7
1538;4366;3;1.50017038769233E7
1539;4369;3;1.50017038769233E7
1540;4370;1;1.50017038769233E7
1541;4370;0;1.50017038769233E7
1542;4372;2;1.50017038769233E7
1543;4373;1;1.50017038769233E7
1544;4374;1;1.50017038769233E7
1545;4379;5;1.50017038769233E7
1546;4385;6;1.50017038769233E7
1547;4387;2;1.50017038769233E7
1548;4392;5;1.50017038769233E7
1549;4395;3;1.50017038769233E7
1550;4399;4;1.50017038769233E7
1551;4402;3;1.50017038769233E7
1552;4404;2;1.50017038769233E7
1553;4407;3;1.50017038769233E7
1554;4409;2;1.50017038769233E7
1555;4410;1;1.50017038769233E7
1556;4411;1;1.50017038769233E7
1557;4414;3;1.50017038769233E7
1558;4415;1;1.50017038769233E7
1559;4418;3;1.50017038769233E7
1560;4420;2;1.50017038769233E7
1561;4422;2;1.50017038769233E7
1562;4423;1;1.50017038769233E7
1563;4423;0;1.50017038769233E7
1564;4426;3;1.50017038769233E7
1565;4427;1;1.50017038769233E7
1566;4431;4;1.50017038769233E7
1567;4434;3;1.50017038769233E7
1568;4435;1;1.50017038769233E7
1569;4437;2;1.50017038769233E7
1570;4439;2;1.50017038769233E7
1571;4441;2;1.50017038769233E7
1572;4445;4;1.50017038769233E7
1573;4448;3;1.50017038769233E7
1574;4451;3;1.50017038769233E7
1575;4452;1;1.50017038769233E7
1576;4454;2;1.50017038769233E7
1577;4456;2;1.50017038769233E7
1578;4460;4;1.50017038769233E7
1579;4461;1;1.50017038769233E7
1580;4464;3;1.50017038769233E7
1581;4469;5;1.50017038769233E7
1582;4472;3;1.50017038769233E7
1583;4476;4;1.50017038769233E7
1584;4478;2;1.50017038769233E7
1585;4480;2;1.50017038769233E7
1586;4482;2;1.50017038769233E7
1587;4486;4;1.50017038769233E7
1588;4487;1;1.50017038769233E7
1589;4489;2;1.50017038769233E7
1590;4489;0;1.50017038769233E7
1591;4492;3;1.50017038769233E7
1592;4494;2;1.50017038769233E7
1593;4498;4;1.50017038769233E7
1594;4501;3;1.50017038769233E7
1595;4502;1;1.50017038769233E7
1596;4502;0;1.50017038769233E7
1597;4504;2;1.50017038769233E7
1598;4507;3;1.50017038769233E7
1599;4509;2;1.50017038769233E7
1600;4512;3;1.50017038769233E7
1601;4514;2;1.50017038769233E7
1602;4517;3;1.50017038769233E7
1603;4519;2;1.50017038769233E7
1604;4521;2;1.50017038769233E7
1605;4523;2;1.50017038769233E7
1606;4525;2;1.50017038769233E7
1607;4527;2;1.50017038769233E7
1608;4530;3;1.50017038769233E7
1609;4531;1;1.50017038769233E7
1610;4534;3;1.50017038769233E7
1611;4534;0;1.50017038769233E7
1612;4535;1;1.50017038769233E7
1613;4536;1;1.50017038769233E7
1614;4538;2;1.50017038769233E7
1615;4539;1;1.50017038769233E7
1616;4541;2;1.50017038769233E7
1617;4544;3;1.50017038769233E7
1618;4545;1;1.50017038769233E7
1619;4549;4;1.50017038769233E7
1620;4550;1;1.50017038769233E7
1621;4551;1;1.50017038769233E7
1622;4553;2;1.50017038769233E7
1623;4555;2;1.50017038769233E7
1624;4556;1;1.50017038769233E7
1625;4560;4;1.50017038769233E7
1626;4564;4;1.50017038769233E7
1627;4569;5;1.50017038769233E7
1628;4573;4;1.50017038769233E7
1629;4576;3;1.50017038769233E7
1630;4578;2;1.50017038769233E7
1631;4580;2;1.50017038769233E7
1632;4584;4;1.50017038769233E7
1633;4586;2;1.50017038769233E7
1634;4589;3;1.50017038769233E7
1635;4591;2;1.50017038769233E7
1636;4592;1;1.50017038769233E7
1637;4593;1;1.50017038769233E7
1638;4598;5;1.50017038769233E7
1639;4600;2;1.50017038769233E7
1640;4602;2;1.50017038769233E7
1641;4605;3;1.50017038769233E7
1642;4607;2;1.50017038769233E7
1643;4608;1;1.50017038769233E7
1644;4609;1;1.50017038769233E7
1645;4613;4;1.50017038769233E7
1646;4616;3;1.50017038769233E7
1647;4619;3;1.50017038769233E7
1648;4620;1;1.50017038769233E7
1649;4621;1;1.50017038769233E7
1650;4624;3;1.50017038769233E7
1651;4628;4;1.50017038769233E7
1652;4631;3;1.50017038769233E7
1653;4633;2;1.50017038769233E7
1654;4636;3;1.50017038769233E7
1655;4639;3;1.50017038769233E7
1656;4641;2;1.50017038769233E7
1657;4644;3;1.50017038769233E7
1658;4648;4;1.50017038769233E7
1659;4652;4;1.50017038769233E7
1660;4655;3;1.50017038769233E7
1661;4657;2;1.50017038769233E7
1662;4660;3;1.50017038769233E7
1663;4662;2;1.50017038769233E7
1664;4664;2;1.50017038769233E7
1665;4669;5;1.50017038769233E7
1666;4672;3;1.50017038769233E7
1667;4674;2;1.50017038769233E7
1668;4675;1;1.50017038769233E7
1669;4677;2;1.50017038769233E7
1670;4680;3;1.50017038769233E7
1671;4680;0;1.50017038769233E7
1672;4683;3;1.50017038769233E7
1673;4685;2;1.50017038769233E7
1674;4687;2;1.50017038769233E7
1675;4690;3;1.50017038769233E7
1676;4692;2;1.50017038769233E7
1677;4694;2;1.50017038769233E7
1678;4696;2;1.50017038769233E7
1679;4699;3;1.50017038769233E7
1680;4701;2;1.50017038769233E7
1681;4704;3;1.50017038769233E7
1682;4706;2;1.50017038769233E7
1683;4708;2;1.50017038769233E7
1684;4709;1;1.50017038769233E7
1685;4712;3;1.50017038769233E7
1686;4716;4;1.50017038769233E7
1687;4720;4;1.50017038769233E7
1688;4722;2;1.50017038769233E7
1689;4724;2;1.50017038769233E7
1690;4726;2;1.50017038769233E7
1691;4728;2;1.50017038769233E7
1692;4732;4;1.50017038769233E7
1693;4732;0;1.50017038769233E7
1694;4735;3;1.50017038769233E7
1695;4737;2;1.50017038769233E7
1696;4738;1;1.50017038769233E7
1697;4740;2;1.50017038769233E7
1698;4742;2;1.50017038769233E7
1699;4746;4;1.50017038769233E7
1700;4748;2;1.50017038769233E7
1701;4751;3;1.50017038769233E7
1702;4754;3;1.50017038769233E7
1703;4756;2;1.50017038769233E7
1704;4758;2;1.50017038769233E7
1705;4759;1;1.50017038769233E7
1706;4761;2;1.50017038769233E7
1707;4763;2;1.50017038769233E7
1708;4764;1;1.50017038769233E7
1709;4765;1;1.50017038769233E7
1710;4766;1;1.50017038769233E7
1711;4769;3;1.50017038769233E7
1712;4771;2;1.50017038769233E7
1713;4775;4;1.50017038769233E7
1714;4777;2;1.50017038769233E7
1715;4780;3;1.50017038769233E7
1716;4785;5;1.50017038769233E7
1717;4788;3;1.50017038769233E7
1718;4791;3;1.50017038769233E7
1719;4793;2;1.50017038769233E7
1720;4795;2;1.50017038769233E7
1721;4797;2;1.50017038769233E7
1722;4803;6;1.50017038769233E7
1723;4805;2;1.50017038769233E7
1724;4807;2;1.50017038769233E7
1725;4810;3;1.50017038769233E7
1726;4811;1;1.50017038769233E7
1727;4815;4;1.50017038769233E7
1728;4818;3;1.50017038769233E7
1729;4821;3;1.50017038769233E7
1730;4823;2;1.50017038769233E7
1731;4824;1;1.50017038769233E7
1732;4826;2;1.50017038769233E7
1733;4830;4;1.50017038769233E7
1734;4834;4;1.50017038769233E7
1735;4836;2;1.50017038769233E7
1736;4839;3;1.50017038769233E7
1737;4843;4;1.50017038769233E7
1738;4845;2;1.50017038769233E7
1739;4846;1;1.50017038769233E7
1740;4851;5;1.50017038769233E7
1741;4852;1;1.50017038769233E7
1742;4856;4;1.50017038769233E7
1743;4858;2;1.50017038769233E7
1744;4861;3;1.50017038769233E7
1745;4862;1;1.50017038769233E7
1746;4869;7;1.50017038769233E7
1747;4872;3;1.50017038769233E7
1748;4876;4;1.50017038769233E7
1749;4878;2;1.50017038769233E7
1750;4884;6;1.50017038769233E7
1751;4887;3;1.50017038769233E7
1752;4890;3;1.50017038769233E7
1753;4892;2;1.50017038769233E7
1754;4894;2;1.50017038769233E7
1755;4898;4;1.50017038769233E7
1756;4902;4;1.50017038769233E7
1757;4904;2;1.50017038769233E7
1758;4907;3;1.50017038769233E7
1759;4910;3;1.50017038769233E7
1760;4913;3;1.50017038769233E7
1761;4915;2;1.50017038769233E7
1762;4918;3;1.50017038769233E7
1763;4920;2;1.50017038769233E7
1764;4923;3;1.50017038769233E7
1765;4925;2;1.50017038769233E7
1766;4926;1;1.50017038769233E7
1767;4929;3;1.50017038769233E7
1768;4932;3;1.50017038769233E7
1769;4935;3;1.50017038769233E7
1770;4937;2;1.50017038769233E7
1771;4939;2;1.50017038769233E7
1772;4941;2;1.50017038769233E7
1773;4944;3;1.50017038769233E7
1774;4946;2;1.50017038769233E7
1775;4947;1;1.50017038769233E7
1776;4952;5;1.50017038769233E7
1777;4958;6;1.50017038769233E7
1778;4959;1;1.50017038769233E7
1779;4960;1;1.50017038769233E7
1780;4961;1;1.50017038769233E7
1781;4963;2;1.50017038769233E7
1782;4968;5;1.50017038769233E7
1783;4970;2;1.50017038769233E7
1784;4971;1;1.50017038769233E7
1785;4973;2;1.50017038769233E7
1786;4976;3;1.50017038769233E7
1787;4978;2;1.50017038769233E7
1788;4980;2;1.50017038769233E7
1789;4983;3;1.50017038769233E7
1790;4987;4;1.50017038769233E7
1791;4990;3;1.50017038769233E7
1792;4992;2;1.50017038769233E7
1793;4996;4;1.50017038769233E7
1794;4998;2;1.5001703189530382E7
1795;5003;5;1.5001703189530382E7
1796;5005;2;1.5001703189530382E7
1797;5008;3;1.5001703189530382E7
1798;5009;1;1.5001703189530382E7
1799;5013;4;1.5001703189530382E7
1800;5015;2;1.5001703189530382E7
1801;5017;2;1.5001703189530382E7
1802;5018;1;1.5001703189530382E7
1803;5019;1;1.5001703189530382E7
1804;5021;2;1.5001703189530382E7
1805;5022;1;1.5001703189530382E7
1806;5024;2;1.5001703189530382E7
1807;5024;0;1.5001703189530382E7
1808;5026;2;1.5001703189530382E7
1809;5029;3;1.5001703189530382E7
1810;5031;2;1.5001703189530382E7
1811;5033;2;1.5001703189530382E7
1812;5034;1;1.5001703189530382E7
1813;5037;3;1.5001703189530382E7
1814;5040;3;1.5001703189530382E7
1815;5040;0;1.5001703189530382E7
1816;5043;3;1.5001703189530382E7
1817;5044;1;1.5001703189530382E7
1818;5046;2;1.5001703189530382E7
1819;5050;4;1.5001703189530382E7
1820;5054;4;1.5001703189530382E7
1821;5056;2;1.5001703189530382E7
1822;5059;3;1.5001703189530382E7
1823;5059;0;1.5001703189530382E7
1824;5062;3;1.5001703189530382E7
1825;5064;2;1.5001703189530382E7
1826;5066;2;1.5001703189530382E7
1827;5067;1;1.5001703189530382E7
1828;5068;1;1.5001703189530382E7
1829;5069;1;1.5001703189530382E7
1830;5071;2;1.5001703189530382E7
1831;5072;1;1.5001703189530382E7
1832;5075;3;1.5001703189530382E7
1833;5077;2;1.5001703189530382E7
1834;5077;0;1.5001703189530382E7
1835;5080;3;1.5001703189530382E7
1836;5085;5;1.5001703189530382E7
1837;5088;3;1.5001703189530382E7
1838;5090;2;1.5001703189530382E7
1839;5091;1;1.5001703189530382E7
1840;5094;3;1.5001703189530382E7
1841;5096;2;1.5001703189530382E7
1842;5102;6;1.5001703189530382E7
1843;5103;1;1.5001703189530382E7
1844;5105;2;1.5001703189530382E7
1845;5111;6;1.5001703189530382E7
1846;5115;4;1.5001703189530382E7
1847;5117;2;1.5001703189530382E7
1848;5121;4;1.5001703189530382E7
1849;5124;3;1.5001703189530382E7
1850;5127;3;1.5001703189530382E7
1851;5131;4;1.5001703189530382E7
1852;5135;4;1.5001703189530382E7
1853;5138;3;1.5001703189530382E7
1854;5139;1;1.5001703189530382E7
1855;5140;1;1.5001703189530382E7
1856;5143;3;1.5001703189530382E7
1857;5145;2;1.5001703189530382E7
1858;5148;3;1.5001703189530382E7
1859;5149;1;1.5001703189530382E7
1860;5150;1;1.5001703189530382E7
1861;5154;4;1.5001703189530382E7
1862;5156;2;1.5001703189530382E7
1863;5157;1;1.5001703189530382E7
1864;5159;2;1.5001703189530382E7
1865;5164;5;1.5001703189530382E7
1866;5167;3;1.5001703189530382E7
1867;5170;3;1.5001703189530382E7
1868;5172;2;1.5001703189530382E7
1869;5174;2;1.5001703189530382E7
1870;5176;2;1.5001703189530382E7
1871;5183;7;1.5001703189530382E7
1872;5186;3;1.5001703189530382E7
1873;5190;4;1.5001703189530382E7
1874;5197;7;1.5001703189530382E7
1875;5203;6;1.5001703189530382E7
1876;5204;1;1.5001703189530382E7
1877;5204;0;1.5001703189530382E7
1878;5206;2;1.5001703189530382E7
1879;5208;2;1.5001703189530382E7
1880;5210;2;1.5001703189530382E7
1881;5211;1;1.5001703189530382E7
1882;5212;1;1.5001703189530382E7
1883;5213;1;1.5001703189530382E7
1884;5219;6;1.5001703189530382E7
1885;5225;6;1.5001703189530382E7
1886;5230;5;1.5001703189530382E7
1887;5234;4;1.5001703189530382E7
1888;5236;2;1.5001703189530382E7
1889;5238;2;1.5001703189530382E7
1890;5240;2;1.5001703189530382E7
1891;5241;1;1.5001703189530382E7
1892;5244;3;1.5001703189530382E7
1893;5248;4;1.5001703189530382E7
1894;5252;4;1.5001703189530382E7
1895;5254;2;1.5001703189530382E7
1896;5256;2;1.5001703189530382E7
1897;5258;2;1.5001703189530382E7
1898;5261;3;1.5001703189530382E7
1899;5264;3;1.5001703189530382E7
1900;5264;0;1.5001703189530382E7
1901;5268;4;1.5001703189530382E7
1902;5269;1;1.5001703189530382E7
1903;5271;2;1.5001703189530382E7
1904;5274;3;1.5001703189530382E7
1905;5275;1;1.5001703189530382E7
1906;5277;2;1.5001703189530382E7
1907;5279;2;1.5001703189530382E7
1908;5280;1;1.5001703189530382E7
1909;5284;4;1.5001703189530382E7
1910;5286;2;1.5001703189530382E7
1911;5288;2;1.5001703189530382E7
1912;5291;3;1.5001703189530382E7
1913;5291;0;1.5001703189530382E7
1914;5295;4;1.5001703189530382E7
1915;5301;6;1.5001703189530382E7
1916;5304;3;1.5001703189530382E7
1917;5307;3;1.5001703189530382E7
1918;5308;1;1.5001703189530382E7
1919;5311;3;1.5001703189530382E7
1920;5313;2;1.5001703189530382E7
1921;5315;2;1.5001703189530382E7
1922;5317;2;1.5001703189530382E7
1923;5319;2;1.5001703189530382E7
1924;5321;2;1.5001703189530382E7
1925;5323;2;1.5001703189530382E7
1926;5323;0;1.5001703189530382E7
1927;5326;3;1.5001703189530382E7
1928;5329;3;1.5001703189530382E7
1929;5332;3;1.5001703189530382E7
1930;5333;1;1.5001703189530382E7
1931;5337;4;1.5001703189530382E7
1932;5339;2;1.5001703189530382E7
1933;5341;2;1.5001703189530382E7
1934;5343;2;1.5001703189530382E7
1935;5343;0;1.5001703189530382E7
1936;5346;3;1.5001703189530382E7
1937;5349;3;1.5001703189530382E7
1938;5350;1;1.5001703189530382E7
1939;5351;1;1.5001703189530382E7
1940;5353;2;1.5001703189530382E7
1941;5355;2;1.5001703189530382E7
1942;5355;0;1.5001703189530382E7
1943;5356;1;1.5001703189530382E7
1944;5360;4;1.5001703189530382E7
1945;5363;3;1.5001703189530382E7
1946;5363;0;1.5001703189530382E7
1947;5366;3;1.5001703189530382E7
1948;5368;2;1.5001703189530382E7
1949;5369;1;1.5001703189530382E7
1950;5372;3;1.5001703189530382E7
1951;5374;2;1.5001703189530382E7
1952;5376;2;1.5001703189530382E7
1953;5377;1;1.5001703189530382E7
1954;5381;4;1.5001703189530382E7
1955;5384;3;1.5001703189530382E7
1956;5384;0;1.5001703189530382E7
1957;5386;2;1.5001703189530382E7
1958;5389;3;1.5001703189530382E7
1959;5391;2;1.5001703189530382E7
1960;5392;1;1.5001703189530382E7
1961;5393;1;1.5001703189530382E7
1962;5396;3;1.5001703189530382E7
1963;5399;3;1.5001703189530382E7
1964;5400;1;1.5001703189530382E7
1965;5401;1;1.5001703189530382E7
1966;5403;2;1.5001703189530382E7
1967;5403;0;1.5001703189530382E7
1968;5405;2;1.5001703189530382E7
1969;5406;1;1.5001703189530382E7
1970;5409;3;1.5001703189530382E7
1971;5411;2;1.5001703189530382E7
1972;5413;2;1.5001703189530382E7
1973;5416;3;1.5001703189530382E7
1974;5418;2;1.5001703189530382E7
1975;5419;1;1.5001703189530382E7
1976;5422;3;1.5001703189530382E7
1977;5423;1;1.5001703189530382E7
1978;5426;3;1.5001703189530382E7
1979;5428;2;1.5001703189530382E7
1980;5433;5;1.5001703189530382E7
1981;5435;2;1.5001703189530382E7
1982;5437;2;1.5001703189530382E7
1983;5439;2;1.5001703189530382E7
1984;5442;3;1.5001703189530382E7
1985;5444;2;1.5001703189530382E7
1986;5445;1;1.5001703189530382E7
1987;5449;4;1.5001703189530382E7
1988;5451;2;1.5001703189530382E7
1989;5452;1;1.5001703189530382E7
1990;5454;2;1.5001703189530382E7
1991;5455;1;1.5001703189530382E7
1992;5456;1;1.5001703189530382E7
1993;5458;2;1.5001703189530382E7
1994;5460;2;1.5001703189530382E7
1995;5464;4;1.5001703189530382E7
1996;5465;1;1.5001703189530382E7
1997;5467;2;1.5001703189530382E7
1998;5468;1;1.5001703189530382E7
1999;5470;2;1.5001703189530382E7
2000;5472;2;1.5001703189530382E7
2001;5473;1;1.5001703189530382E7
2002;5475;2;1.5001703189530382E7
2003;5477;2;1.5001703189530382E7
2004;5479;2;1.5001703189530382E7
2005;5482;3;1.5001703189530382E7
2006;5483;1;1.5001703189530382E7
2007;5484;1;1.5001703189530382E7
2008;5485;1;1.5001703189530382E7
2009;5487;2;1.5001703189530382E7
2010;5489;2;1.5001703189530382E7
2011;5491;2;1.5001703189530382E7
2012;5493;2;1.5001703189530382E7
2013;5497;4;1.5001703189530382E7
2014;5498;1;1.5001703189530382E7
2015;5500;2;1.5001703189530382E7
2016;5502;2;1.5001703189530382E7
2017;5504;2;1.5001703189530382E7
2018;5505;1;1.5001703189530382E7
2019;5507;2;1.5001703189530382E7
2020;5509;2;1.5001703189530382E7
2021;5513;4;1.5001703189530382E7
2022;5516;3;1.5001703189530382E7
2023;5518;2;1.5001703189530382E7
2024;5520;2;1.5001703189530382E7
2025;5522;2;1.5001703189530382E7
2026;5524;2;1.5001703189530382E7
2027;5527;3;1.5001703189530382E7
2028;5530;3;1.5001703189530382E7
2029;5533;3;1.5001703189530382E7
2030;5536;3;1.5001703189530382E7
2031;5538;2;1.5001703189530382E7
2032;5541;3;1.5001703189530382E7
2033;5544;3;1.5001703189530382E7
2034;5549;5;1.5001703189530382E7
2035;5550;1;1.5001703189530382E7
2036;5552;2;1.5001703189530382E7
2037;5554;2;1.5001703189530382E7
2038;5557;3;1.5001703189530382E7
2039;5561;4;1.5001703189530382E7
2040;5564;3;1.5001703189530382E7
2041;5567;3;1.5001703189530382E7
2042;5570;3;1.5001703189530382E7
2043;5574;4;1.5001703189530382E7
2044;5576;2;1.5001703189530382E7
2045;5581;5;1.5001703189530382E7
2046;5583;2;1.5001703189530382E7
2047;5586;3;1.5001703189530382E7
2048;5587;1;1.5001703189530382E7
2049;5590;3;1.5001703189530382E7
2050;5593;3;1.5001703189530382E7
2051;5596;3;1.5001703189530382E7
2052;5600;4;1.5001703189530382E7
2053;5603;3;1.5001703189530382E7
2054;5605;2;1.5001703189530382E7
2055;5607;2;1.5001703189530382E7
2056;5610;3;1.5001703189530382E7
2057;5614;4;1.5001703189530382E7
2058;5617;3;1.5001703189530382E7
2059;5618;1;1.5001703189530382E7
2060;5618;0;1.5001703189530382E7
2061;5621;3;1.5001703189530382E7
2062;5624;3;1.5001703189530382E7
2063;5625;1;1.5001703189530382E7
2064;5627;2;1.5001703189530382E7
2065;5630;3;1.5001703189530382E7
2066;5633;3;1.5001703189530382E7
2067;5635;2;1.5001703189530382E7
2068;5637;2;1.5001703189530382E7
2069;5638;1;1.5001703189530382E7
2070;5641;3;1.5001703189530382E7
2071;5643;2;1.5001703189530382E7
2072;5648;5;1.5001703189530382E7
2073;5649;1;1.5001703189530382E7
2074;5651;2;1.5001703189530382E7
2075;5653;2;1.5001703189530382E7
2076;5655;2;1.5001703189530382E7
2077;5656;1;1.5001703189530382E7
2078;5659;3;1.5001703189530382E7
2079;5661;2;1.5001703189530382E7
2080;5665;4;1.5001703189530382E7
2081;5669;4;1.5001703189530382E7
2082;5670;1;1.5001703189530382E7
2083;5672;2;1.5001703189530382E7
2084;5672;0;1.5001703189530382E7
2085;5674;2;1.5001703189530382E7
2086;5677;3;1.5001703189530382E7
2087;5679;2;1.5001703189530382E7
2088;5681;2;1.5001703189530382E7
2089;5681;0;1.5001703189530382E7
2090;5682;1;1.5001703189530382E7
2091;5683;1;1.5001703189530382E7
2092;5685;2;1.5001703189530382E7
2093;5687;2;1.5001703189530382E7
2094;5689;2;1.5001703189530382E7
2095;5690;1;1.5001703189530382E7
2096;5692;2;1.5001703189530382E7
2097;5695;3;1.5001703189530382E7
2098;5696;1;1.5001703189530382E7
2099;5698;2;1.5001703189530382E7
2100;5700;2;1.5001703189530382E7
2101;5703;3;1.5001703189530382E7
2102;5706;3;1.5001703189530382E7
2103;5707;1;1.5001703189530382E7
2104;5708;1;1.5001703189530382E7
2105;5711;3;1.5001703189530382E7
2106;5713;2;1.5001703189530382E7
2107;5717;4;1.5001703189530382E7
2108;5717;0;1.5001703189530382E7
2109;5720;3;1.5001703189530382E7
2110;5722;2;1.5001703189530382E7
2111;5725;3;1.5001703189530382E7
2112;5728;3;1.5001703189530382E7
2113;5731;3;1.5001703189530382E7
2114;5733;2;1.5001703189530382E7
2115;5736;3;1.5001703189530382E7
2116;5738;2;1.5001703189530382E7
2117;5740;2;1.5001703189530382E7
2118;5742;2;1.5001703189530382E7
2119;5743;1;1.5001703189530382E7
2120;5745;2;1.5001703189530382E7
2121;5748;3;1.5001703189530382E7
2122;5751;3;1.5001703189530382E7
2123;5752;1;1.5001703189530382E7
2124;5755;3;1.5001703189530382E7
2125;5757;2;1.5001703189530382E7
2126;5759;2;1.5001703189530382E7
2127;5761;2;1.5001703189530382E7
2128;5762;1;1.5001703189530382E7
2129;5763;1;1.5001703189530382E7
2130;5765;2;1.5001703189530382E7
2131;5767;2;1.5001703189530382E7
2132;5769;2;1.5001703189530382E7
2133;5771;2;1.5001703189530382E7
2134;5773;2;1.5001703189530382E7
2135;5775;2;1.5001703189530382E7
2136;5775;0;1.5001703189530382E7
2137;5777;2;1.5001703189530382E7
2138;5780;3;1.5001703189530382E7
2139;5782;2;1.5001703189530382E7
2140;5784;2;1.5001703189530382E7
2141;5786;2;1.5001703189530382E7
2142;5788;2;1.5001703189530382E7
2143;5791;3;1.5001703189530382E7
2144;5794;3;1.5001703189530382E7
2145;5797;3;1.5001703189530382E7
2146;5800;3;1.5001703189530382E7
2147;5801;1;1.5001703189530382E7
2148;5804;3;1.5001703189530382E7
2149;5806;2;1.5001703189530382E7
2150;5808;2;1.5001703189530382E7
2151;5810;2;1.5001703189530382E7
2152;5813;3;1.5001703189530382E7
2153;5815;2;1.5001703189530382E7
2154;5817;2;1.5001703189530382E7
2155;5819;2;1.5001703189530382E7
2156;5819;0;1.5001703189530382E7
2157;5820;1;1.5001703189530382E7
2158;5822;2;1.5001703189530382E7
2159;5825;3;1.5001703189530382E7
2160;5827;2;1.5001703189530382E7
2161;5830;3;1.5001703189530382E7
2162;5833;3;1.5001703189530382E7
2163;5835;2;1.5001703189530382E7
2164;5837;2;1.5001703189530382E7
2165;5839;2;1.5001703189530382E7
2166;5841;2;1.5001703189530382E7
2167;5843;2;1.5001703189530382E7
2168;5847;4;1.5001703189530382E7
2169;5851;4;1.5001703189530382E7
2170;5852;1;1.5001703189530382E7
2171;5855;3;1.5001703189530382E7
2172;5856;1;1.5001703189530382E7
2173;5860;4;1.5001703189530382E7
2174;5860;0;1.5001703189530382E7
2175;5862;2;1.5001703189530382E7
2176;5865;3;1.5001703189530382E7
2177;5867;2;1.5001703189530382E7
2178;5868;1;1.5001703189530382E7
2179;5871;3;1.5001703189530382E7
2180;5873;2;1.5001703189530382E7
2181;5874;1;1.5001703189530382E7
2182;5876;2;1.5001703189530382E7
2183;5877;1;1.5001703189530382E7
2184;5880;3;1.5001703189530382E7
2185;5882;2;1.5001703189530382E7
2186;5885;3;1.5001703189530382E7
2187;5887;2;1.5001703189530382E7
2188;5889;2;1.5001703189530382E7
2189;5891;2;1.5001703189530382E7
2190;5892;1;1.5001703189530382E7
2191;5894;2;1.5001703189530382E7
2192;5897;3;1.5001703189530382E7
2193;5899;2;1.5001703189530382E7
2194;5901;2;1.5001703189530382E7
2195;5903;2;1.5001703189530382E7
2196;5905;2;1.5001703189530382E7
2197;5906;1;1.5001703189530382E7
2198;5909;3;1.5001703189530382E7
2199;5910;1;1.5001703189530382E7
2200;5913;3;1.5001703189530382E7
2201;5914;1;1.5001703189530382E7
2202;5915;1;1.5001703189530382E7
2203;5918;3;1.5001703189530382E7
2204;5920;2;1.5001703189530382E7
2205;5921;1;1.5001703189530382E7
2206;5922;1;1.5001703189530382E7
2207;5924;2;1.5001703189530382E7
2208;5926;2;1.5001703189530382E7
2209;5926;0;1.5001703189530382E7
2210;5929;3;1.5001703189530382E7
2211;5931;2;1.5001703189530382E7
2212;5934;3;1.5001703189530382E7
2213;5935;1;1.5001703189530382E7
2214;5936;1;1.5001703189530382E7
2215;5937;1;1.5001703189530382E7
2216;5939;2;1.5001703189530382E7
2217;5940;1;1.5001703189530382E7
2218;5943;3;1.5001703189530382E7
2219;5945;2;1.5001703189530382E7
2220;5948;3;1.5001703189530382E7
2221;5948;0;1.5001703189530382E7
2222;5950;2;1.5001703189530382E7
2223;5951;1;1.5001703189530382E7
2224;5953;2;1.5001703189530382E7
2225;5955;2;1.5001703189530382E7
2226;5955;0;1.5001703189530382E7
2227;5956;1;1.5001703189530382E7
2228;5958;2;1.5001703189530382E7
2229;5959;1;1.5001703189530382E7
2230;5961;2;1.5001703189530382E7
2231;5964;3;1.5001703189530382E7
2232;5965;1;1.5001703189530382E7
2233;5968;3;1.5001703189530382E7
2234;5970;2;1.5001703189530382E7
2235;5973;3;1.5001703189530382E7
2236;5974;1;1.5001703189530382E7
2237;5975;1;1.5001703189530382E7
2238;5976;1;1.5001703189530382E7
2239;5977;1;1.5001703189530382E7
2240;5979;2;1.5001703189530382E7
2241;5980;1;1.5001703189530382E7
2242;5983;3;1.5001703189530382E7
2243;5984;1;1.5001703189530382E7
2244;5984;0;1.5001703189530382E7
2245;5986;2;1.5001703189530382E7
2246;5986;0;1.5001703189530382E7
2247;5987;1;1.5001703189530382E7
2248;5992;5;1.5001703189530382E7
2249;5993;1;1.5001701491466796E7
2250;5995;2;1.5001701491466796E7
2251;5998;3;1.5001701491466796E7
2252;6000;2;1.5001701491466796E7
2253;6002;2;1.5001701491466796E7
2254;6003;1;1.5001701491466796E7
2255;6005;2;1.5001701491466796E7
2256;6006;1;1.5001701491466796E7
2257;6008;2;1.5001701491466796E7
2258;6009;1;1.5001701491466796E7
2259;6012;3;1.5001701491466796E7
2260;6015;3;1.500169786537548E7
2261;6016;1;1.500169786537548E7
2262;6018;2;1.500169786537548E7
2263;6019;1;1.500169786537548E7
2264;6021;2;1.500169786537548E7
2265;6022;1;1.500169786537548E7
2266;6024;2;1.500169786537548E7
2267;6026;2;1.500169786537548E7
2268;6028;2;1.500169786537548E7
2269;6031;3;1.500169786537548E7
2270;6033;2;1.500169786537548E7
2271;6035;2;1.500169786537548E7
2272;6036;1;1.500169786537548E7
2273;6038;2;1.500169786537548E7
2274;6040;2;1.500169786537548E7
2275;6043;3;1.500169786537548E7
2276;6046;3;1.500169786537548E7
2277;6048;2;1.500169786537548E7
2278;6049;1;1.500169786537548E7
2279;6051;2;1.500169786537548E7
2280;6052;1;1.500169786537548E7
2281;6055;3;1.500169786537548E7
2282;6057;2;1.500169786537548E7
2283;6060;3;1.500169786537548E7
2284;6062;2;1.500169786537548E7
2285;6063;1;1.500169786537548E7
2286;6065;2;1.500169786537548E7
2287;6066;1;1.500169786537548E7
2288;6066;0;1.500169786537548E7
2289;6068;2;1.500169786537548E7
2290;6069;1;1.500169786537548E7
2291;6070;1;1.500169786537548E7
2292;6071;1;1.500169786537548E7
2293;6075;4;1.500169786537548E7
2294;6078;3;1.500169786537548E7
2295;6081;3;1.500169786537548E7
2296;6082;1;1.500169786537548E7
2297;6084;2;1.500169786537548E7
2298;6085;1;1.500169786537548E7
2299;6088;3;1.500169786537548E7
2300;6090;2;1.500169786537548E7
2301;6092;2;1.500169786537548E7
2302;6095;3;1.500169786537548E7
2303;6098;3;1.500169786537548E7
2304;6100;2;1.500169786537548E7
2305;6103;3;1.500169786537548E7
2306;6104;1;1.500169786537548E7
2307;6106;2;1.500169786537548E7
2308;6108;2;1.500169786537548E7
2309;6109;1;1.500169786537548E7
2310;6111;2;1.500169786537548E7
2311;6114;3;1.500169786537548E7
2312;6115;1;1.500169786537548E7
2313;6117;2;1.500169786537548E7
2314;6119;2;1.500169786537548E7
2315;6122;3;1.500169786537548E7
2316;6126;4;1.500169786537548E7
2317;6129;3;1.500169786537548E7
2318;6132;3;1.500169786537548E7
2319;6133;1;1.500169786537548E7
2320;6136;3;1.500169786537548E7
2321;6138;2;1.500169786537548E7
2322;6141;3;1.500169786537548E7
2323;6142;1;1.500169786537548E7
2324;6145;3;1.500169786537548E7
2325;6147;2;1.500169786537548E7
2326;6148;1;1.500169786537548E7
2327;6150;2;1.500169786537548E7
2328;6152;2;1.500169786537548E7
2329;6154;2;1.500169786537548E7
2330;6156;2;1.500169786537548E7
2331;6157;1;1.500169786537548E7
2332;6159;2;1.500169786537548E7
2333;6162;3;1.500169786537548E7
2334;6163;1;1.500169786537548E7
2335;6164;1;1.500169786537548E7
2336;6165;1;1.500169786537548E7
2337;6166;1;1.500169786537548E7
2338;6169;3;1.500169786537548E7
2339;6171;2;1.500169786537548E7
2340;6172;1;1.500169786537548E7
2341;6173;1;1.500169786537548E7
2342;6175;2;1.500169786537548E7
2343;6176;1;1.500169786537548E7
2344;6179;3;1.500169786537548E7
2345;6182;3;1.500169786537548E7
2346;6184;2;1.500169786537548E7
2347;6186;2;1.500169786537548E7
2348;6188;2;1.500169786537548E7
2349;6190;2;1.500169786537548E7
2350;6192;2;1.500169786537548E7
2351;6195;3;1.500169786537548E7
2352;6198;3;1.500169786537548E7
2353;6200;2;1.500169786537548E7
2354;6202;2;1.500169786537548E7
2355;6204;2;1.500169786537548E7
2356;6207;3;1.500169786537548E7
2357;6208;1;1.500169786537548E7
2358;6209;1;1.500169786537548E7
2359;6210;1;1.500169786537548E7
2360;6212;2;1.500169786537548E7
2361;6213;1;1.500169786537548E7
2362;6216;3;1.500169786537548E7
2363;6218;2;1.500169786537548E7
2364;6221;3;1.500169786537548E7
2365;6223;2;1.500169786537548E7
2366;6225;2;1.500169786537548E7
2367;6226;1;1.500169786537548E7
2368;6229;3;1.500169786537548E7
2369;6231;2;1.500169786537548E7
2370;6233;2;1.500169786537548E7
2371;6235;2;1.500169786537548E7
2372;6235;0;1.500169786537548E7
2373;6236;1;1.500169786537548E7
2374;6239;3;1.500169786537548E7
2375;6241;2;1.500169786537548E7
2376;6243;2;1.500169786537548E7
2377;6247;4;1.500169786537548E7
2378;6249;2;1.500169786537548E7
2379;6252;3;1.500169786537548E7
2380;6254;2;1.500169786537548E7
2381;6257;3;1.500169786537548E7
2382;6260;3;1.500169786537548E7
2383;6261;1;1.500169786537548E7
2384;6263;2;1.500169786537548E7
2385;6265;2;1.500169786537548E7
2386;6266;1;1.500169786537548E7
2387;6268;2;1.500169786537548E7
2388;6270;2;1.500169786537548E7
2389;6272;2;1.500169786537548E7
2390;6272;0;1.500169786537548E7
2391;6274;2;1.500169786537548E7
2392;6276;2;1.500169786537548E7
2393;6279;3;1.500169786537548E7
2394;6283;4;1.500169786537548E7
2395;6285;2;1.500169786537548E7
2396;6288;3;1.500169786537548E7
2397;6291;3;1.500169786537548E7
2398;6292;1;1.500169786537548E7
2399;6294;2;1.500169786537548E7
2400;6297;3;1.500169786537548E7
2401;6299;2;1.500169786537548E7
2402;6302;3;1.500169786537548E7
2403;6302;0;1.500169786537548E7
2404;6304;2;1.500169786537548E7
2405;6306;2;1.500169786537548E7
2406;6308;2;1.500169786537548E7
2407;6309;1;1.500169786537548E7
2408;6312;3;1.500169786537548E7
2409;6314;2;1.500169786537548E7
2410;6316;2;1.500169786537548E7
2411;6318;2;1.500169786537548E7
2412;6318;0;1.500169786537548E7
2413;6320;2;1.500169786537548E7
2414;6323;3;1.5001659498867407E7
2415;6325;2;1.5001659498867407E7
2416;6328;3;1.5001659498867407E7
2417;6331;3;1.500165888587146E7
2418;6333;2;1.500165888587146E7
2419;6335;2;1.500165888587146E7
2420;6337;2;1.500165888587146E7
2421;6340;3;1.500165888587146E7
2422;6341;1;1.500165888587146E7
2423;6342;1;1.500165888587146E7
2424;6344;2;1.500165888587146E7
2425;6348;4;1.5001654856910996E7
2426;6352;4;1.5001654856910996E7
2427;6353;1;1.5001654856910996E7
2428;6354;1;1.5001654856910996E7
2429;6355;1;1.5001654856910996E7
2430;6356;1;1.5001654856910996E7
2431;6358;2;1.5001654856910996E7
2432;6359;1;1.5001654856910996E7
2433;6363;4;1.5001654856910996E7
2434;6366;3;1.5001654856910996E7
2435;6368;2;1.5001654856910996E7
2436;6368;0;1.5001654856910996E7
2437;6370;2;1.5001654856910996E7
2438;6370;0;1.5001654856910996E7
2439;6372;2;1.5001654856910996E7
2440;6375;3;1.5001654856910996E7
2441;6377;2;1.5001654856910996E7
2442;6377;0;1.5001654856910996E7
2443;6384;7;1.5001654856910996E7
2444;6384;0;1.5001654856910996E7
2445;6386;2;1.5001654856910996E7
2446;6386;0;1.5001654856910996E7
2447;6388;2;1.5001654856910996E7
2448;6391;3;1.5001654856910996E7
2449;6392;1;1.5001654856910996E7
2450;6393;1;1.50016538455721E7
2451;6396;3;1.50016538455721E7
2452;6399;3;1.50016538455721E7
2453;6401;2;1.50016538455721E7
2454;6403;2;1.50016538455721E7
2455;6403;0;1.50016538455721E7
2456;6404;1;1.50016538455721E7
2457;6406;2;1.50016538455721E7
2458;6408;2;1.50016538455721E7
2459;6411;3;1.50016538455721E7
2460;6412;1;1.50016538455721E7
2461;6416;4;1.50016538455721E7
2462;6418;2;1.50016538455721E7
2463;6419;1;1.50016538455721E7
2464;6420;1;1.50016538455721E7
2465;6422;2;1.50016538455721E7
2466;6424;2;1.50016538455721E7
2467;6427;3;1.50016538455721E7
2468;6428;1;1.50016538455721E7
2469;6432;4;1.50016538455721E7
2470;6434;2;1.50016538455721E7
2471;6436;2;1.50016538455721E7
2472;6436;0;1.50016538455721E7
2473;6439;3;1.50016538455721E7
2474;6442;3;1.50016538455721E7
2475;6444;2;1.50016538455721E7
2476;6447;3;1.50016538455721E7
2477;6449;2;1.50016538455721E7
2478;6452;3;1.50016538455721E7
2479;6454;2;1.50016538455721E7
2480;6456;2;1.50016538455721E7
2481;6457;1;1.50016538455721E7
2482;6459;2;1.50016538455721E7
2483;6461;2;1.50016538455721E7
2484;6463;2;1.50016538455721E7
2485;6465;2;1.50016538455721E7
2486;6468;3;1.50016538455721E7
2487;6469;1;1.50016538455721E7
2488;6471;2;1.50016538455721E7
2489;6472;1;1.50016538455721E7
2490;6473;1;1.50016538455721E7
2491;6475;2;1.50016538455721E7
2492;6477;2;1.50016538455721E7
2493;6478;1;1.50016538455721E7
2494;6480;2;1.50016538455721E7
2495;6482;2;1.50016538455721E7
2496;6484;2;1.5001648281985115E7
2497;6486;2;1.5001648281985115E7
2498;6488;2;1.5001648281985115E7
2499;6488;0;1.5001648281985115E7
2500;6492;4;1.5001648281985115E7
2501;6494;2;1.5001648281985115E7
2502;6497;3;1.5001648281985115E7
2503;6500;3;1.5001647889465895E7
2504;6500;0;1.5001647889465895E7
2505;6502;2;1.5001647889465895E7
2506;6504;2;1.500164664868879E7
2507;6506;2;1.5001646368296202E7
2508;6510;4;1.5001641537388701E7
2509;6512;2;1.5001641537388701E7
2510;6516;4;1.5001641537388701E7
2511;6516;0;1.5001641537388701E7
2512;6519;3;1.5001641537388701E7
2513;6521;2;1.5001641537388701E7
2514;6523;2;1.5001641537388701E7
2515;6526;3;1.5001641537388701E7
2516;6530;4;1.5001641537388701E7
2517;6532;2;1.5001641537388701E7
2518;6536;4;1.5001641537388701E7
2519;6539;3;1.5001641537388701E7
2520;6540;1;1.5001641537388701E7
2521;6544;4;1.5001641537388701E7
2522;6545;1;1.5001641537388701E7
2523;6548;3;1.5001641537388701E7
2524;6550;2;1.5001641537388701E7
2525;6552;2;1.5001641537388701E7
2526;6556;4;1.5001641537388701E7
2527;6558;2;1.5001641537388701E7
2528;6560;2;1.5001641537388701E7
2529;6562;2;1.5001641537388701E7
2530;6567;5;1.5001641537388701E7
2531;6569;2;1.5001641537388701E7
2532;6574;5;1.5001641537388701E7
2533;6574;0;1.5001641537388701E7
2534;6576;2;1.5001641537388701E7
2535;6578;2;1.5001641537388701E7
2536;6581;3;1.5001641537388701E7
2537;6585;4;1.5001641537388701E7
2538;6588;3;1.5001641537388701E7
2539;6594;6;1.5001641537388701E7
2540;6601;7;1.5001641537388701E7
2541;6604;3;1.5001641537388701E7
2542;6605;1;1.5001641537388701E7
2543;6606;1;1.5001641537388701E7
2544;6607;1;1.5001641537388701E7
2545;6610;3;1.5001641537388701E7
2546;6611;1;1.5001641537388701E7
2547;6614;3;1.5001641537388701E7
2548;6615;1;1.5001641537388701E7
2549;6616;1;1.5001641537388701E7
2550;6618;2;1.5001641537388701E7
2551;6622;4;1.5001641537388701E7
2552;6624;2;1.5001641537388701E7
2553;6626;2;1.5001641537388701E7
2554;6629;3;1.5001641537388701E7
2555;6631;2;1.5001641537388701E7
2556;6634;3;1.5001641537388701E7
2557;6636;2;1.5001641537388701E7
2558;6639;3;1.5001641537388701E7
2559;6641;2;1.5001641537388701E7
2560;6642;1;1.5001641537388701E7
2561;6645;3;1.5001641537388701E7
2562;6647;2;1.5001641537388701E7
2563;6648;1;1.5001641537388701E7
2564;6649;1;1.5001641537388701E7
2565;6651;2;1.5001641537388701E7
2566;6653;2;1.5001641537388701E7
2567;6655;2;1.5001641537388701E7
2568;6659;4;1.5001641537388701E7
2569;6661;2;1.5001641537388701E7
2570;6663;2;1.5001641537388701E7
2571;6666;3;1.5001641537388701E7
2572;6667;1;1.5001641537388701E7
2573;6668;1;1.5001641537388701E7
2574;6669;1;1.5001641537388701E7
2575;6670;1;1.5001641537388701E7
2576;6671;1;1.5001641537388701E7
2577;6673;2;1.5001641537388701E7
2578;6677;4;1.5001641537388701E7
2579;6679;2;1.5001641537388701E7
2580;6680;1;1.5001641537388701E7
2581;6682;2;1.5001641537388701E7
2582;6685;3;1.5001641537388701E7
2583;6687;2;1.5001641537388701E7
2584;6689;2;1.5001641537388701E7
2585;6692;3;1.5001641537388701E7
2586;6693;1;1.5001641537388701E7
2587;6696;3;1.5001641537388701E7
2588;6700;4;1.5001641537388701E7
2589;6702;2;1.5001641537388701E7
2590;6705;3;1.5001641537388701E7
2591;6708;3;1.5001641537388701E7
2592;6712;4;1.5001641537388701E7
2593;6714;2;1.5001641537388701E7
2594;6717;3;1.5001641537388701E7
2595;6718;1;1.5001641537388701E7
2596;6723;5;1.5001641537388701E7
2597;6727;4;1.5001641537388701E7
2598;6731;4;1.5001641537388701E7
2599;6735;4;1.5001641537388701E7
2600;6736;1;1.5001641537388701E7
2601;6739;3;1.5001641537388701E7
2602;6742;3;1.5001641537388701E7
2603;6744;2;1.5001641537388701E7
2604;6748;4;1.5001641537388701E7
2605;6749;1;1.5001641537388701E7
2606;6751;2;1.5001641537388701E7
2607;6752;1;1.5001641537388701E7
2608;6754;2;1.5001641537388701E7
2609;6757;3;1.5001641537388701E7
2610;6760;3;1.5001641537388701E7
2611;6763;3;1.5001641537388701E7
2612;6767;4;1.5001641537388701E7
2613;6771;4;1.5001641537388701E7
2614;6774;3;1.5001641537388701E7
2615;6776;2;1.5001641537388701E7
2616;6778;2;1.5001641537388701E7
2617;6782;4;1.5001641537388701E7
2618;6784;2;1.5001641537388701E7
2619;6785;1;1.5001641537388701E7
2620;6786;1;1.5001641537388701E7
2621;6788;2;1.5001641537388701E7
2622;6793;5;1.5001641537388701E7
2623;6796;3;1.5001641537388701E7
2624;6798;2;1.5001641537388701E7
2625;6800;2;1.5001641537388701E7
2626;6801;1;1.5001641537388701E7
2627;6803;2;1.5001641537388701E7
2628;6804;1;1.5001641537388701E7
2629;6806;2;1.5001641537388701E7
2630;6808;2;1.5001641537388701E7
2631;6809;1;1.5001641537388701E7
2632;6809;0;1.5001641537388701E7
2633;6811;2;1.5001641537388701E7
2634;6812;1;1.5001641537388701E7
2635;6815;3;1.5001641537388701E7
2636;6816;1;1.5001641537388701E7
2637;6817;1;1.5001641537388701E7
2638;6819;2;1.5001641537388701E7
2639;6821;2;1.5001641537388701E7
2640;6823;2;1.5001641537388701E7
2641;6824;1;1.5001641537388701E7
2642;6826;2;1.5001641537388701E7
2643;6828;2;1.5001641537388701E7
2644;6831;3;1.5001641537388701E7
2645;6832;1;1.5001641537388701E7
2646;6834;2;1.5001641537388701E7
2647;6835;1;1.5001641537388701E7
2648;6837;2;1.5001641537388701E7
2649;6839;2;1.5001641537388701E7
2650;6842;3;1.5001641537388701E7
2651;6843;1;1.5001641537388701E7
2652;6846;3;1.5001641537388701E7
2653;6847;1;1.5001641537388701E7
2654;6848;1;1.5001641537388701E7
2655;6848;0;1.5001641537388701E7
2656;6850;2;1.5001641537388701E7
2657;6851;1;1.5001641537388701E7
2658;6852;1;1.5001641537388701E7
2659;6853;1;1.5001641537388701E7
2660;6856;3;1.5001641537388701E7
2661;6858;2;1.5001641537388701E7
2662;6860;2;1.5001641537388701E7
2663;6863;3;1.5001641537388701E7
2664;6863;0;1.5001641537388701E7
2665;6864;1;1.5001641537388701E7
2666;6866;2;1.5001641537388701E7
2667;6866;0;1.5001641537388701E7
2668;6868;2;1.5001641537388701E7
2669;6870;2;1.5001641537388701E7
2670;6872;2;1.5001641537388701E7
2671;6876;4;1.5001641537388701E7
2672;6879;3;1.5001641537388701E7
2673;6880;1;1.5001641537388701E7
2674;6882;2;1.5001641537388701E7
2675;6884;2;1.5001641537388701E7
2676;6886;2;1.5001641537388701E7
2677;6887;1;1.5001641537388701E7
2678;6889;2;1.5001641537388701E7
2679;6890;1;1.5001641537388701E7
2680;6892;2;1.5001641537388701E7
2681;6892;0;1.5001641537388701E7
2682;6895;3;1.5001641537388701E7
2683;6896;1;1.5001641537388701E7
2684;6899;3;1.5001641537388701E7
2685;6900;1;1.5001641537388701E7
2686;6903;3;1.5001641537388701E7
2687;6906;3;1.5001641537388701E7
2688;6907;1;1.5001641537388701E7
2689;6909;2;1.5001641537388701E7
2690;6909;0;1.5001641537388701E7
2691;6910;1;1.5001641537388701E7
2692;6912;2;1.5001641537388701E7
2693;6913;1;1.5001641537388701E7
2694;6915;2;1.5001641537388701E7
2695;6916;1;1.5001641537388701E7
2696;6918;2;1.5001641537388701E7
2697;6919;1;1.5001641537388701E7
2698;6921;2;1.5001641537388701E7
2699;6924;3;1.5001641537388701E7
2700;6924;0;1.5001641537388701E7
2701;6925;1;1.5001641537388701E7
2702;6927;2;1.5001641537388701E7
2703;6928;1;1.5001641537388701E7
2704;6931;3;1.5001641537388701E7
2705;6932;1;1.5001641537388701E7
2706;6933;1;1.5001641537388701E7
2707;6934;1;1.5001641537388701E7
2708;6935;1;1.5001641537388701E7
2709;6938;3;1.5001641537388701E7
2710;6940;2;1.5001641537388701E7
2711;6941;1;1.5001641537388701E7
2712;6942;1;1.5001641537388701E7
2713;6944;2;1.5001641537388701E7
2714;6946;2;1.5001641537388701E7
2715;6949;3;1.5001641537388701E7
2716;6951;2;1.5001641537388701E7
2717;6954;3;1.5001641537388701E7
2718;6956;2;1.5001641537388701E7
2719;6957;1;1.5001641537388701E7
2720;6959;2;1.5001641537388701E7
2721;6960;1;1.5001641537388701E7
2722;6962;2;1.5001641537388701E7
2723;6963;1;1.5001641537388701E7
2724;6964;1;1.5001641537388701E7
2725;6966;2;1.5001641537388701E7
2726;6968;2;1.5001641537388701E7
2727;6970;2;1.5001641537388701E7
2728;6971;1;1.5001641537388701E7
2729;6974;3;1.5001641537388701E7
2730;6979;5;1.5001641537388701E7
2731;6981;2;1.5001641537388701E7
2732;6983;2;1.5001641537388701E7
2733;6985;2;1.5001641537388701E7
2734;6987;2;1.5001641537388701E7
2735;6989;2;1.5001641537388701E7
2736;6991;2;1.5001641537388701E7
2737;6993;2;1.5001641537388701E7
2738;6995;2;1.5001641537388701E7
2739;6997;2;1.5001641537388701E7
2740;6999;2;1.5001641537388701E7
2741;7001;2;1.5001641537388701E7
2742;7002;1;1.5001641537388701E7
2743;7006;4;1.5001641537388701E7
2744;7009;3;1.5001641537388701E7
2745;7012;3;1.5001641537388701E7
2746;7014;2;1.5001641537388701E7
2747;7014;0;1.5001641537388701E7
2748;7016;2;1.5001641537388701E7
2749;7018;2;1.5001641537388701E7
2750;7019;1;1.5001641537388701E7
2751;7020;1;1.5001641537388701E7
2752;7022;2;1.5001641537388701E7
2753;7026;4;1.5001641537388701E7
2754;7026;0;1.5001641537388701E7
2755;7028;2;1.5001641537388701E7
2756;7029;1;1.5001641537388701E7
2757;7030;1;1.5001641537388701E7
2758;7030;0;1.5001641537388701E7
2759;7032;2;1.5001641537388701E7
2760;7034;2;1.5001641537388701E7
2761;7037;3;1.5001641537388701E7
2762;7039;2;1.5001641537388701E7
2763;7041;2;1.5001641537388701E7
2764;7042;1;1.5001641537388701E7
2765;7045;3;1.5001641537388701E7
2766;7047;2;1.5001641537388701E7
2767;7048;1;1.5001641537388701E7
2768;7050;2;1.5001641537388701E7
2769;7052;2;1.5001641537388701E7
2770;7053;1;1.5001641537388701E7
2771;7055;2;1.5001641537388701E7
2772;7058;3;1.5001641537388701E7
2773;7061;3;1.5001641537388701E7
2774;7063;2;1.5001641537388701E7
2775;7067;4;1.5001641537388701E7
2776;7069;2;1.5001641537388701E7
2777;7070;1;1.5001641537388701E7
2778;7074;4;1.5001641537388701E7
2779;7077;3;1.5001641537388701E7
2780;7080;3;1.5001641537388701E7
2781;7082;2;1.5001641537388701E7
2782;7083;1;1.5001641537388701E7
2783;7086;3;1.5001641537388701E7
2784;7089;3;1.5001641537388701E7
2785;7092;3;1.5001641537388701E7
2786;7096;4;1.5001641537388701E7
2787;7100;4;1.5001641537388701E7
2788;7102;2;1.5001641537388701E7
2789;7103;1;1.5001641537388701E7
2790;7105;2;1.5001641537388701E7
2791;7109;4;1.5001641537388701E7
2792;7112;3;1.5001641537388701E7
2793;7113;1;1.5001641537388701E7
2794;7115;2;1.5001641537388701E7
2795;7117;2;1.5001641537388701E7
2796;7119;2;1.5001641537388701E7
2797;7120;1;1.5001641537388701E7
2798;7124;4;1.5001641537388701E7
2799;7126;2;1.5001641537388701E7
2800;7127;1;1.5001641537388701E7
2801;7127;0;1.5001641537388701E7
2802;7128;1;1.5001641537388701E7
2803;7131;3;1.5001641537388701E7
2804;7134;3;1.5001641537388701E7
2805;7136;2;1.5001641537388701E7
2806;7139;3;1.5001641537388701E7
2807;7143;4;1.5001641537388701E7
2808;7145;2;1.5001641537388701E7
2809;7146;1;1.5001641537388701E7
2810;7149;3;1.5001641537388701E7
2811;7151;2;1.5001641537388701E7
2812;7152;1;1.5001641537388701E7
2813;7153;1;1.5001641537388701E7
2814;7155;2;1.5001641537388701E7
2815;7158;3;1.5001641537388701E7
2816;7159;1;1.5001641537388701E7
2817;7160;1;1.5001641537388701E7
2818;7161;1;1.5001641537388701E7
2819;7161;0;1.5001641537388701E7
2820;7163;2;1.5001641537388701E7
2821;7165;2;1.5001641537388701E7
2822;7166;1;1.5001641537388701E7
2823;7168;2;1.5001641537388701E7
2824;7169;1;1.5001641537388701E7
2825;7172;3;1.5001641537388701E7
2826;7175;3;1.5001641537388701E7
2827;7177;2;1.5001641537388701E7
2828;7178;1;1.5001641537388701E7
2829;7181;3;1.5001641537388701E7
2830;7183;2;1.5001641537388701E7
2831;7184;1;1.5001641537388701E7
2832;7186;2;1.5001641537388701E7
2833;7187;1;1.5001641537388701E7
2834;7189;2;1.5001641537388701E7
2835;7189;0;1.5001641537388701E7
2836;7194;5;1.5001641537388701E7
2837;7196;2;1.5001641537388701E7
2838;7197;1;1.5001641537388701E7
2839;7200;3;1.5001641537388701E7
2840;7201;1;1.5001641537388701E7
2841;7203;2;1.5001641537388701E7
2842;7205;2;1.5001641537388701E7
2843;7209;4;1.5001641537388701E7
2844;7211;2;1.5001641537388701E7
2845;7213;2;1.5001641537388701E7
2846;7214;1;1.5001641537388701E7
2847;7215;1;1.5001641537388701E7
2848;7216;1;1.5001641537388701E7
2849;7218;2;1.5001641537388701E7
2850;7220;2;1.5001641537388701E7
2851;7223;3;1.5001641537388701E7
2852;7227;4;1.5001641537388701E7
2853;7229;2;1.5001641537388701E7
2854;7231;2;1.5001641537388701E7
2855;7233;2;1.5001641537388701E7
2856;7235;2;1.5001641537388701E7
2857;7237;2;1.5001641537388701E7
2858;7237;0;1.5001641537388701E7
2859;7241;4;1.5001641537388701E7
2860;7242;1;1.5001641537388701E7
2861;7243;1;1.5001641537388701E7
2862;7245;2;1.5001641537388701E7
2863;7245;0;1.5001641537388701E7
2864;7246;1;1.5001641537388701E7
2865;7248;2;1.5001641537388701E7
2866;7249;1;1.5001641537388701E7
2867;7252;3;1.5001641537388701E7
2868;7253;1;1.5001641537388701E7
2869;7257;4;1.5001641537388701E7
2870;7258;1;1.5001641537388701E7
2871;7260;2;1.5001641537388701E7
2872;7262;2;1.5001641537388701E7
2873;7264;2;1.5001641537388701E7
2874;7266;2;1.5001641537388701E7
2875;7266;0;1.5001641537388701E7
2876;7269;3;1.5001641537388701E7
2877;7270;1;1.5001641537388701E7
2878;7274;4;1.5001641537388701E7
2879;7276;2;1.5001641537388701E7
2880;7278;2;1.5001641537388701E7
2881;7280;2;1.5001641537388701E7
2882;7282;2;1.5001641537388701E7
2883;7283;1;1.5001641537388701E7
2884;7285;2;1.5001641537388701E7
2885;7287;2;1.5001641537388701E7
2886;7288;1;1.5001641537388701E7
2887;7291;3;1.5001641537388701E7
2888;7293;2;1.5001641537388701E7
2889;7296;3;1.5001641537388701E7
2890;7297;1;1.5001641537388701E7
2891;7297;0;1.5001641537388701E7
2892;7300;3;1.5001641537388701E7
2893;7302;2;1.5001641537388701E7
2894;7304;2;1.5001641537388701E7
2895;7307;3;1.5001641537388701E7
2896;7310;3;1.5001641537388701E7
2897;7312;2;1.5001641537388701E7
2898;7313;1;1.5001641537388701E7
2899;7315;2;1.5001641537388701E7
2900;7317;2;1.5001641537388701E7
2901;7319;2;1.5001641537388701E7
2902;7321;2;1.5001641537388701E7
2903;7322;1;1.5001641537388701E7
2904;7323;1;1.5001641537388701E7
2905;7326;3;1.5001641537388701E7
2906;7328;2;1.5001641537388701E7
2907;7330;2;1.5001641537388701E7
2908;7333;3;1.5001641537388701E7
2909;7335;2;1.5001641537388701E7
2910;7336;1;1.5001641537388701E7
2911;7338;2;1.5001641537388701E7
2912;7341;3;1.5001641537388701E7
2913;7344;3;1.5001641537388701E7
2914;7346;2;1.5001641537388701E7
2915;7349;3;1.5001641537388701E7
2916;7350;1;1.5001641537388701E7
2917;7352;2;1.5001641537388701E7
2918;7353;1;1.5001641537388701E7
2919;7357;4;1.5001641537388701E7
2920;7359;2;1.5001641537388701E7
2921;7361;2;1.5001641537388701E7
2922;7364;3;1.5001641537388701E7
2923;7365;1;1.5001641537388701E7
2924;7367;2;1.5001641537388701E7
2925;7369;2;1.5001641537388701E7
2926;7371;2;1.5001641537388701E7
2927;7372;1;1.5001641537388701E7
2928;7374;2;1.5001641537388701E7
2929;7377;3;1.5001641537388701E7
2930;7380;3;1.5001641537388701E7
2931;7382;2;1.5001641537388701E7
2932;7384;2;1.5001641537388701E7
2933;7386;2;1.5001641537388701E7
2934;7387;1;1.5001641537388701E7
2935;7390;3;1.5001641537388701E7
2936;7392;2;1.5001641537388701E7
2937;7393;1;1.5001641537388701E7
2938;7395;2;1.5001641537388701E7
2939;7397;2;1.5001641537388701E7
2940;7399;2;1.5001641537388701E7
2941;7399;0;1.5001641537388701E7
2942;7402;3;1.5001641537388701E7
2943;7402;0;1.5001641537388701E7
2944;7405;3;1.5001641537388701E7
2945;7408;3;1.5001641537388701E7
2946;7409;1;1.5001641537388701E7
2947;7410;1;1.5001641537388701E7
2948;7411;1;1.5001641537388701E7
2949;7413;2;1.5001641537388701E7
2950;7414;1;1.5001641537388701E7
2951;7416;2;1.5001641537388701E7
2952;7418;2;1.5001641537388701E7
2953;7419;1;1.5001641537388701E7
2954;7421;2;1.5001641537388701E7
2955;7426;5;1.5001641537388701E7
2956;7427;1;1.5001641537388701E7
2957;7430;3;1.5001641537388701E7
2958;7432;2;1.5001641537388701E7
2959;7434;2;1.5001641537388701E7
2960;7437;3;1.5001641537388701E7
2961;7439;2;1.5001641537388701E7
2962;7442;3;1.5001641537388701E7
2963;7443;1;1.5001641537388701E7
2964;7446;3;1.5001641537388701E7
2965;7448;2;1.5001641537388701E7
2966;7450;2;1.5001641537388701E7
2967;7452;2;1.5001641537388701E7
2968;7453;1;1.5001641537388701E7
2969;7454;1;1.5001641537388701E7
2970;7457;3;1.5001641537388701E7
2971;7459;2;1.5001641537388701E7
2972;7461;2;1.5001641537388701E7
2973;7462;1;1.5001641537388701E7
2974;7463;1;1.5001641537388701E7
2975;7465;2;1.5001641537388701E7
2976;7465;0;1.5001641537388701E7
2977;7467;2;1.5001641537388701E7
2978;7467;0;1.5001641537388701E7
2979;7468;1;1.5001641537388701E7
2980;7470;2;1.5001641537388701E7
2981;7474;4;1.5001641537388701E7
2982;7479;5;1.5001641537388701E7
2983;7481;2;1.5001641537388701E7
2984;7483;2;1.5001641537388701E7
2985;7485;2;1.5001641537388701E7
2986;7486;1;1.5001641537388701E7
2987;7487;1;1.5001641537388701E7
2988;7490;3;1.5001641537388701E7
2989;7491;1;1.5001641537388701E7
2990;7494;3;1.5001641537388701E7
2991;7496;2;1.5001641537388701E7
2992;7496;0;1.5001641537388701E7
2993;7499;3;1.5001641537388701E7
2994;7501;2;1.5001641537388701E7
2995;7503;2;1.5001641537388701E7
2996;7506;3;1.5001641537388701E7
2997;7508;2;1.5001641537388701E7
2998;7509;1;1.5001641537388701E7
2999;7512;3;1.5001641537388701E7
