Index;Time point [ms];Iteration length [ms];Cost
0;8;8;1.800296685724854E7
1;9;1;1.800296685724854E7
2;11;2;1.8002796666154243E7
3;12;1;1.8002770194870576E7
4;16;4;1.8002770194870576E7
5;20;4;1.8002770194870576E7
6;23;3;1.8002770194870576E7
7;25;2;1.7002565397847965E7
8;29;4;1.7002565397847965E7
9;35;6;1.7002565397847965E7
10;43;8;1.7002565397847965E7
11;47;4;1.7002565397847965E7
12;56;9;1.7002565397847965E7
13;57;1;1.7002565397847965E7
14;61;4;1.7002565397847965E7
15;63;2;1.7002480210519295E7
16;65;2;1.7002381221599527E7
17;66;1;1.7002381221599527E7
18;72;6;1.6002156452335479E7
19;76;4;1.5002176587186867E7
20;80;4;1.5001911257630844E7
21;81;1;1.5001754168367548E7
22;82;1;1.5001726775255946E7
23;86;4;1.5001726775255946E7
24;89;3;1.5001726775255946E7
25;91;2;1.5001726775255946E7
26;95;4;1.5001726775255946E7
27;98;3;1.5001726775255946E7
28;105;7;1.5001726775255946E7
29;109;4;1.5001726775255946E7
30;111;2;1.5001726775255946E7
31;115;4;1.5001558112173796E7
32;119;4;1.5001549465529062E7
33;121;2;1.5001535849615244E7
34;125;4;1.5001535849615244E7
35;126;1;1.3001615747610934E7
36;131;5;1.3001615747610934E7
37;134;3;1.3001615747610934E7
38;137;3;1.3001615747610934E7
39;141;4;1.3001615747610934E7
40;144;3;1.3001615747610934E7
41;147;3;1.3001615747610934E7
42;150;3;1.3001615747610934E7
43;155;5;1.3001615747610934E7
44;156;1;1.3001615747610934E7
45;158;2;1.3001615747610934E7
46;160;2;1.3001615747610934E7
47;163;3;1.3001615747610934E7
48;165;2;1.3001615747610934E7
49;170;5;1.3001615747610934E7
50;172;2;1.3001615747610934E7
51;175;3;1.3001615747610934E7
52;177;2;1.3001615747610934E7
53;181;4;1.3001615747610934E7
54;186;5;1.3001615747610934E7
55;189;3;1.3001615747610934E7
56;191;2;1.3001615747610934E7
57;194;3;1.3001615747610934E7
58;197;3;1.3001615747610934E7
59;204;7;1.3001615747610934E7
60;208;4;1.3001615747610934E7
61;211;3;1.3001615747610934E7
62;214;3;1.3001615747610934E7
63;219;5;1.3001615747610934E7
64;220;1;1.3001615747610934E7
65;222;2;1.3001615747610934E7
66;222;0;1.3001615747610934E7
67;224;2;1.3001615747610934E7
68;227;3;1.3001615747610934E7
69;228;1;1.3001615747610934E7
70;232;4;1.3001615747610934E7
71;236;4;1.3001615747610934E7
72;239;3;1.3001615747610934E7
73;242;3;1.3001615747610934E7
74;247;5;1.3001615747610934E7
75;248;1;1.3001615747610934E7
76;256;8;1.3001615747610934E7
77;260;4;1.3001615747610934E7
78;263;3;1.3001615747610934E7
79;263;0;1.3001615747610934E7
80;267;4;1.3001615747610934E7
81;273;6;1.3001615747610934E7
82;275;2;1.3001615747610934E7
83;277;2;1.3001615747610934E7
84;279;2;1.3001615747610934E7
85;282;3;1.3001615747610934E7
86;288;6;1.3001615747610934E7
87;290;2;1.3001615747610934E7
88;295;5;1.3001615747610934E7
89;298;3;1.3001615747610934E7
90;302;4;1.3001615747610934E7
91;307;5;1.3001615747610934E7
92;312;5;1.3001615747610934E7
93;315;3;1.3001615747610934E7
94;316;1;1.3001615747610934E7
95;321;5;1.3001615747610934E7
96;325;4;1.3001615747610934E7
97;330;5;1.3001615747610934E7
98;337;7;1.3001615747610934E7
99;341;4;1.3001615747610934E7
100;343;2;1.3001615747610934E7
101;348;5;1.3001615747610934E7
102;353;5;1.3001615747610934E7
103;356;3;1.3001615747610934E7
104;359;3;1.3001615747610934E7
105;361;2;1.3001615747610934E7
106;361;0;1.3001615747610934E7
107;364;3;1.3001615747610934E7
108;369;5;1.3001615747610934E7
109;373;4;1.3001615747610934E7
110;376;3;1.3001615747610934E7
111;380;4;1.3001615747610934E7
112;381;1;1.3001615747610934E7
113;385;4;1.3001615747610934E7
114;390;5;1.3001615747610934E7
115;395;5;1.3001615747610934E7
116;400;5;1.3001615747610934E7
117;405;5;1.3001615747610934E7
118;406;1;1.3001615747610934E7
119;412;6;1.3001615747610934E7
120;418;6;1.3001615747610934E7
121;425;7;1.3001615747610934E7
122;429;4;1.3001615747610934E7
123;433;4;1.3001615747610934E7
124;437;4;1.3001615747610934E7
125;439;2;1.3001615747610934E7
126;440;1;1.3001615747610934E7
127;441;1;1.3001615747610934E7
128;443;2;1.3001615747610934E7
129;447;4;1.3001615747610934E7
130;453;6;1.3001615747610934E7
131;457;4;1.3001615747610934E7
132;461;4;1.3001615747610934E7
133;463;2;1.3001615747610934E7
134;467;4;1.3001615747610934E7
135;473;6;1.3001615747610934E7
136;480;7;1.3001615747610934E7
137;487;7;1.3001615747610934E7
138;488;1;1.3001615747610934E7
139;492;4;1.3001615747610934E7
140;497;5;1.3001615747610934E7
141;505;8;1.3001615747610934E7
142;510;5;1.3001615747610934E7
143;511;1;1.3001615747610934E7
144;520;9;1.3001615747610934E7
145;526;6;1.3001615747610934E7
146;527;1;1.3001615747610934E7
147;531;4;1.3001615747610934E7
148;539;8;1.3001615747610934E7
149;544;5;1.3001615747610934E7
150;547;3;1.3001615747610934E7
151;552;5;1.3001615747610934E7
152;558;6;1.3001615747610934E7
153;559;1;1.3001615747610934E7
154;562;3;1.3001615747610934E7
155;563;1;1.3001615747610934E7
156;567;4;1.3001615747610934E7
157;573;6;1.3001615747610934E7
158;577;4;1.3001615747610934E7
159;580;3;1.3001615747610934E7
160;583;3;1.3001615747610934E7
161;584;1;1.3001615747610934E7
162;588;4;1.3001615747610934E7
163;589;1;1.3001615747610934E7
164;592;3;1.3001615747610934E7
165;593;1;1.3001615747610934E7
166;594;1;1.3001615747610934E7
167;597;3;1.3001615747610934E7
168;600;3;1.3001615747610934E7
169;604;4;1.3001615747610934E7
170;606;2;1.3001615747610934E7
171;607;1;1.3001615747610934E7
172;609;2;1.3001615747610934E7
173;612;3;1.3001615747610934E7
174;614;2;1.3001615747610934E7
175;619;5;1.3001615747610934E7
176;622;3;1.3001615747610934E7
177;622;0;1.3001615747610934E7
178;625;3;1.3001615747610934E7
179;628;3;1.3001615747610934E7
180;630;2;1.3001615747610934E7
181;631;1;1.3001615747610934E7
182;636;5;1.3001615747610934E7
183;639;3;1.3001615747610934E7
184;640;1;1.3001615747610934E7
185;642;2;1.3001615747610934E7
186;645;3;1.3001615747610934E7
187;649;4;1.3001615747610934E7
188;654;5;1.3001615747610934E7
189;657;3;1.3001615747610934E7
190;659;2;1.3001615747610934E7
191;660;1;1.3001615747610934E7
192;661;1;1.3001615747610934E7
193;663;2;1.3001615747610934E7
194;667;4;1.3001615747610934E7
195;670;3;1.3001615747610934E7
196;673;3;1.3001615747610934E7
197;677;4;1.3001615747610934E7
198;681;4;1.3001615747610934E7
199;684;3;1.3001615747610934E7
200;686;2;1.3001615747610934E7
201;690;4;1.3001615747610934E7
202;693;3;1.3001615747610934E7
203;695;2;1.3001615747610934E7
204;696;1;1.3001615747610934E7
205;696;0;1.3001615747610934E7
206;699;3;1.3001615747610934E7
207;706;7;1.3001615747610934E7
208;710;4;1.3001615747610934E7
209;713;3;1.3001615747610934E7
210;716;3;1.3001615747610934E7
211;719;3;1.3001615747610934E7
212;725;6;1.3001615747610934E7
213;730;5;1.3001615747610934E7
214;738;8;1.3001615747610934E7
215;743;5;1.3001615747610934E7
216;744;1;1.3001615747610934E7
217;751;7;1.3001615747610934E7
218;757;6;1.3001615747610934E7
219;761;4;1.3001615747610934E7
220;767;6;1.3001615747610934E7
221;774;7;1.3001615747610934E7
222;778;4;1.3001615747610934E7
223;779;1;1.3001615747610934E7
224;781;2;1.3001615747610934E7
225;788;7;1.3001615747610934E7
226;792;4;1.3001615747610934E7
227;795;3;1.3001615747610934E7
228;800;5;1.3001615747610934E7
229;806;6;1.3001615747610934E7
230;811;5;1.3001615747610934E7
231;814;3;1.3001615747610934E7
232;819;5;1.3001615747610934E7
233;824;5;1.3001615747610934E7
234;827;3;1.3001615747610934E7
235;830;3;1.3001615747610934E7
236;837;7;1.3001615747610934E7
237;842;5;1.3001615747610934E7
238;849;7;1.3001615747610934E7
239;856;7;1.3001615747610934E7
240;862;6;1.3001615747610934E7
241;866;4;1.3001615747610934E7
242;872;6;1.3001615747610934E7
243;878;6;1.3001615747610934E7
244;879;1;1.3001615747610934E7
245;888;9;1.3001615747610934E7
246;895;7;1.3001615747610934E7
247;896;1;1.3001615747610934E7
248;903;7;1.3001615747610934E7
249;907;4;1.3001615747610934E7
250;911;4;1.3001615747610934E7
251;914;3;1.3001615747610934E7
252;917;3;1.3001615747610934E7
253;922;5;1.3001615747610934E7
254;925;3;1.3001615747610934E7
255;929;4;1.3001615747610934E7
256;931;2;1.3001615747610934E7
257;934;3;1.3001615747610934E7
258;938;4;1.3001615747610934E7
259;940;2;1.3001615747610934E7
260;943;3;1.3001615747610934E7
261;946;3;1.3001615747610934E7
262;949;3;1.3001615747610934E7
263;955;6;1.3001615747610934E7
264;960;5;1.3001615747610934E7
265;963;3;1.3001615747610934E7
266;966;3;1.3001615747610934E7
267;970;4;1.3001615747610934E7
268;973;3;1.3001615747610934E7
269;977;4;1.3001615747610934E7
270;978;1;1.3001615747610934E7
271;981;3;1.3001615747610934E7
272;982;1;1.3001615747610934E7
273;989;7;1.3001615747610934E7
274;994;5;1.3001615747610934E7
275;998;4;1.3001615747610934E7
276;1001;3;1.3001615747610934E7
277;1006;5;1.3001615747610934E7
278;1011;5;1.3001615747610934E7
279;1015;4;1.3001615747610934E7
280;1019;4;1.3001615747610934E7
281;1024;5;1.3001615747610934E7
282;1031;7;1.3001615747610934E7
283;1035;4;1.3001615747610934E7
284;1039;4;1.3001615747610934E7
285;1046;7;1.3001615747610934E7
286;1050;4;1.3001615747610934E7
287;1055;5;1.3001615747610934E7
288;1059;4;1.3001615747610934E7
289;1061;2;1.3001615747610934E7
290;1063;2;1.3001615747610934E7
291;1066;3;1.3001615747610934E7
292;1070;4;1.3001615747610934E7
293;1074;4;1.3001615747610934E7
294;1075;1;1.3001615747610934E7
295;1079;4;1.3001615747610934E7
296;1083;4;1.3001615747610934E7
297;1084;1;1.3001615747610934E7
298;1088;4;1.3001615747610934E7
299;1091;3;1.3001615747610934E7
300;1095;4;1.3001615747610934E7
301;1100;5;1.3001615747610934E7
302;1104;4;1.3001615747610934E7
303;1108;4;1.3001615747610934E7
304;1112;4;1.3001615747610934E7
305;1112;0;1.3001615747610934E7
306;1116;4;1.3001615747610934E7
307;1120;4;1.3001615747610934E7
308;1121;1;1.3001615747610934E7
309;1124;3;1.3001615747610934E7
310;1128;4;1.3001615747610934E7
311;1130;2;1.3001615747610934E7
312;1132;2;1.3001615747610934E7
313;1136;4;1.3001615747610934E7
314;1139;3;1.3001615747610934E7
315;1144;5;1.3001615747610934E7
316;1146;2;1.3001615747610934E7
317;1149;3;1.3001615747610934E7
318;1153;4;1.3001615747610934E7
319;1153;0;1.3001615747610934E7
320;1156;3;1.3001615747610934E7
321;1160;4;1.3001615747610934E7
322;1163;3;1.3001615747610934E7
323;1166;3;1.3001615747610934E7
324;1171;5;1.3001615747610934E7
325;1174;3;1.3001615747610934E7
326;1178;4;1.3001615747610934E7
327;1181;3;1.3001615747610934E7
328;1184;3;1.3001615747610934E7
329;1188;4;1.3001615747610934E7
330;1191;3;1.3001615747610934E7
331;1196;5;1.3001615747610934E7
332;1199;3;1.3001615747610934E7
333;1202;3;1.3001615747610934E7
334;1205;3;1.3001615747610934E7
335;1210;5;1.3001615747610934E7
336;1213;3;1.3001615747610934E7
337;1216;3;1.3001615747610934E7
338;1219;3;1.3001615747610934E7
339;1220;1;1.3001615747610934E7
340;1221;1;1.3001615747610934E7
341;1227;6;1.3001615747610934E7
342;1230;3;1.3001615747610934E7
343;1233;3;1.3001615747610934E7
344;1236;3;1.3001615747610934E7
345;1238;2;1.3001615747610934E7
346;1238;0;1.3001615747610934E7
347;1243;5;1.3001615747610934E7
348;1246;3;1.3001615747610934E7
349;1247;1;1.3001615747610934E7
350;1249;2;1.3001615747610934E7
351;1252;3;1.3001615747610934E7
352;1253;1;1.3001615747610934E7
353;1255;2;1.3001615747610934E7
354;1256;1;1.3001615747610934E7
355;1261;5;1.3001615747610934E7
356;1262;1;1.3001615747610934E7
357;1265;3;1.3001615747610934E7
358;1268;3;1.3001615747610934E7
359;1269;1;1.3001615747610934E7
360;1271;2;1.3001615747610934E7
361;1276;5;1.3001615747610934E7
362;1278;2;1.3001615747610934E7
363;1281;3;1.3001615747610934E7
364;1285;4;1.3001615747610934E7
365;1287;2;1.3001615747610934E7
366;1290;3;1.3001615747610934E7
367;1293;3;1.3001615747610934E7
368;1296;3;1.3001615747610934E7
369;1299;3;1.3001615747610934E7
370;1301;2;1.3001615747610934E7
371;1303;2;1.3001615747610934E7
372;1305;2;1.3001615747610934E7
373;1305;0;1.3001615747610934E7
374;1310;5;1.3001615747610934E7
375;1312;2;1.3001615747610934E7
376;1316;4;1.3001615747610934E7
377;1318;2;1.3001615747610934E7
378;1320;2;1.3001615747610934E7
379;1321;1;1.3001615747610934E7
380;1322;1;1.3001615747610934E7
381;1327;5;1.3001615747610934E7
382;1330;3;1.3001615747610934E7
383;1332;2;1.3001615747610934E7
384;1337;5;1.3001615747610934E7
385;1339;2;1.3001615747610934E7
386;1343;4;1.3001615747610934E7
387;1346;3;1.3001615747610934E7
388;1348;2;1.3001615747610934E7
389;1349;1;1.3001615747610934E7
390;1353;4;1.3001615747610934E7
391;1355;2;1.3001615747610934E7
392;1358;3;1.3001615747610934E7
393;1359;1;1.3001615747610934E7
394;1361;2;1.3001615747610934E7
395;1363;2;1.3001615747610934E7
396;1363;0;1.3001615747610934E7
397;1366;3;1.3001615747610934E7
398;1370;4;1.3001615747610934E7
399;1375;5;1.3001615747610934E7
400;1376;1;1.3001615747610934E7
401;1380;4;1.3001615747610934E7
402;1383;3;1.3001615747610934E7
403;1387;4;1.3001615747610934E7
404;1391;4;1.3001615747610934E7
405;1394;3;1.3001615747610934E7
406;1398;4;1.3001615747610934E7
407;1402;4;1.3001615747610934E7
408;1404;2;1.3001615747610934E7
409;1409;5;1.3001615747610934E7
410;1410;1;1.3001615747610934E7
411;1414;4;1.3001615747610934E7
412;1417;3;1.3001615747610934E7
413;1422;5;1.3001615747610934E7
414;1427;5;1.3001615747610934E7
415;1429;2;1.3001615747610934E7
416;1430;1;1.3001615747610934E7
417;1430;0;1.3001615747610934E7
418;1433;3;1.3001615747610934E7
419;1435;2;1.3001615747610934E7
420;1436;1;1.3001615747610934E7
421;1440;4;1.3001615747610934E7
422;1440;0;1.3001615747610934E7
423;1444;4;1.3001615747610934E7
424;1447;3;1.3001615747610934E7
425;1449;2;1.3001615747610934E7
426;1456;7;1.3001615747610934E7
427;1461;5;1.3001615747610934E7
428;1465;4;1.3001615747610934E7
429;1465;0;1.3001615747610934E7
430;1466;1;1.3001615747610934E7
431;1469;3;1.3001615747610934E7
432;1472;3;1.3001615747610934E7
433;1472;0;1.3001615747610934E7
434;1473;1;1.3001615747610934E7
435;1479;6;1.3001615747610934E7
436;1481;2;1.3001615747610934E7
437;1485;4;1.3001615747610934E7
438;1486;1;1.3001615747610934E7
439;1489;3;1.3001615747610934E7
440;1492;3;1.3001615747610934E7
441;1495;3;1.3001615747610934E7
442;1498;3;1.3001615747610934E7
443;1499;1;1.3001615747610934E7
444;1503;4;1.3001615747610934E7
445;1506;3;1.3001615747610934E7
446;1510;4;1.3001615747610934E7
447;1513;3;1.3001615747610934E7
448;1516;3;1.3001615747610934E7
449;1517;1;1.3001615747610934E7
450;1520;3;1.3001615747610934E7
451;1522;2;1.3001615747610934E7
452;1526;4;1.3001615747610934E7
453;1529;3;1.3001615747610934E7
454;1530;1;1.3001615747610934E7
455;1534;4;1.3001615747610934E7
456;1535;1;1.3001615747610934E7
457;1536;1;1.3001615747610934E7
458;1538;2;1.3001615747610934E7
459;1542;4;1.3001615747610934E7
460;1545;3;1.3001615747610934E7
461;1547;2;1.3001615747610934E7
462;1550;3;1.3001615747610934E7
463;1553;3;1.3001615747610934E7
464;1556;3;1.3001615747610934E7
465;1559;3;1.3001615747610934E7
466;1563;4;1.3001615747610934E7
467;1563;0;1.3001615747610934E7
468;1567;4;1.3001615747610934E7
469;1569;2;1.3001615747610934E7
470;1571;2;1.3001615747610934E7
471;1573;2;1.3001615747610934E7
472;1578;5;1.3001615747610934E7
473;1580;2;1.3001615747610934E7
474;1581;1;1.3001615747610934E7
475;1585;4;1.3001615747610934E7
476;1590;5;1.3001615747610934E7
477;1594;4;1.3001615747610934E7
478;1597;3;1.3001615747610934E7
479;1600;3;1.3001615747610934E7
480;1605;5;1.3001615747610934E7
481;1607;2;1.3001615747610934E7
482;1611;4;1.3001615747610934E7
483;1613;2;1.3001615747610934E7
484;1617;4;1.3001615747610934E7
485;1619;2;1.3001615747610934E7
486;1621;2;1.3001615747610934E7
487;1623;2;1.3001615747610934E7
488;1628;5;1.3001615747610934E7
489;1629;1;1.3001615747610934E7
490;1632;3;1.3001615747610934E7
491;1636;4;1.3001615747610934E7
492;1640;4;1.3001615747610934E7
493;1645;5;1.3001615747610934E7
494;1647;2;1.3001615747610934E7
495;1649;2;1.3001615747610934E7
496;1652;3;1.3001615747610934E7
497;1656;4;1.3001615747610934E7
498;1656;0;1.3001615747610934E7
499;1660;4;1.3001615747610934E7
500;1661;1;1.3001615747610934E7
501;1663;2;1.3001615747610934E7
502;1664;1;1.3001615747610934E7
503;1668;4;1.3001615747610934E7
504;1671;3;1.3001615747610934E7
505;1677;6;1.3001615747610934E7
506;1678;1;1.3001615747610934E7
507;1681;3;1.3001615747610934E7
508;1684;3;1.3001615747610934E7
509;1685;1;1.3001615747610934E7
510;1688;3;1.3001615747610934E7
511;1691;3;1.3001615747610934E7
512;1695;4;1.3001615747610934E7
513;1697;2;1.3001615747610934E7
514;1701;4;1.3001615747610934E7
515;1703;2;1.3001615747610934E7
516;1704;1;1.3001615747610934E7
517;1706;2;1.3001615747610934E7
518;1709;3;1.3001615747610934E7
519;1713;4;1.3001615747610934E7
520;1716;3;1.3001615747610934E7
521;1721;5;1.3001615747610934E7
522;1723;2;1.3001615747610934E7
523;1727;4;1.3001615747610934E7
524;1730;3;1.3001615747610934E7
525;1731;1;1.3001615747610934E7
526;1736;5;1.3001615747610934E7
527;1738;2;1.3001615747610934E7
528;1739;1;1.3001615747610934E7
529;1741;2;1.3001615747610934E7
530;1744;3;1.3001615747610934E7
531;1747;3;1.3001615747610934E7
532;1749;2;1.3001615747610934E7
533;1754;5;1.3001615747610934E7
534;1756;2;1.3001615747610934E7
535;1761;5;1.3001615747610934E7
536;1763;2;1.3001615747610934E7
537;1766;3;1.3001615747610934E7
538;1770;4;1.3001615747610934E7
539;1771;1;1.3001615747610934E7
540;1773;2;1.3001615747610934E7
541;1777;4;1.3001615747610934E7
542;1779;2;1.3001615747610934E7
543;1780;1;1.3001615747610934E7
544;1783;3;1.3001615747610934E7
545;1784;1;1.3001615747610934E7
546;1787;3;1.3001615747610934E7
547;1790;3;1.3001615747610934E7
548;1791;1;1.3001615747610934E7
549;1793;2;1.3001615747610934E7
550;1796;3;1.3001615747610934E7
551;1798;2;1.3001615747610934E7
552;1801;3;1.3001615747610934E7
553;1805;4;1.3001615747610934E7
554;1809;4;1.3001615747610934E7
555;1812;3;1.3001527087293923E7
556;1814;2;1.3001527087293923E7
557;1818;4;1.3001527087293923E7
558;1822;4;1.3001527087293923E7
559;1824;2;1.3001527087293923E7
560;1826;2;1.3001527087293923E7
561;1828;2;1.3001527087293923E7
562;1831;3;1.3001457250246622E7
563;1835;4;1.3001457250246622E7
564;1837;2;1.3001457250246622E7
565;1839;2;1.3001455060136996E7
566;1845;6;1.3001455060136996E7
567;1847;2;1.3001455060136996E7
568;1848;1;1.3001448658756712E7
569;1850;2;1.3001448658756712E7
570;1852;2;1.3001448658756712E7
571;1855;3;1.3001448658756712E7
572;1860;5;1.3001448658756712E7
573;1862;2;1.3001448658756712E7
574;1865;3;1.3001448658756712E7
575;1866;1;1.3001448658756712E7
576;1867;1;1.3001448658756712E7
577;1870;3;1.3001448658756712E7
578;1873;3;1.3001448658756712E7
579;1879;6;1.3001448658756712E7
580;1880;1;1.3001448658756712E7
581;1882;2;1.3001448658756712E7
582;1887;5;1.3001448658756712E7
583;1889;2;1.3001448658756712E7
584;1894;5;1.3001448658756712E7
585;1896;2;1.3001448658756712E7
586;1898;2;1.3001448658756712E7
587;1902;4;1.3001448658756712E7
588;1905;3;1.3001448658756712E7
589;1911;6;1.3001448658756712E7
590;1914;3;1.3001448658756712E7
591;1917;3;1.3001448658756712E7
592;1921;4;1.3001448658756712E7
593;1926;5;1.3001448658756712E7
594;1929;3;1.3001448658756712E7
595;1931;2;1.3001448658756712E7
596;1934;3;1.3001448658756712E7
597;1937;3;1.3001448658756712E7
598;1941;4;1.3001448658756712E7
599;1942;1;1.3001448658756712E7
600;1946;4;1.3001448658756712E7
601;1948;2;1.3001448658756712E7
602;1951;3;1.3001448658756712E7
603;1956;5;1.3001448658756712E7
604;1961;5;1.3001448658756712E7
605;1962;1;1.3001448658756712E7
606;1964;2;1.3001448658756712E7
607;1968;4;1.3001448658756712E7
608;1971;3;1.3001448658756712E7
609;1974;3;1.3001448658756712E7
610;1978;4;1.3001448658756712E7
611;1979;1;1.3001448658756712E7
612;1980;1;1.3001448658756712E7
613;1982;2;1.3001448658756712E7
614;1983;1;1.3001448658756712E7
615;1986;3;1.3001448658756712E7
616;1989;3;1.3001448658756712E7
617;1994;5;1.3001448658756712E7
618;1997;3;1.3001448658756712E7
619;2003;6;1.3001448658756712E7
620;2005;2;1.3001448658756712E7
621;2007;2;1.3001448658756712E7
622;2010;3;1.3001448658756712E7
623;2012;2;1.3001448658756712E7
624;2016;4;1.3001448658756712E7
625;2020;4;1.3001448658756712E7
626;2020;0;1.3001448658756712E7
627;2024;4;1.3001448658756712E7
628;2026;2;1.3001448658756712E7
629;2030;4;1.3001448658756712E7
630;2033;3;1.3001448658756712E7
631;2035;2;1.3001448658756712E7
632;2039;4;1.3001448658756712E7
633;2045;6;1.3001448658756712E7
634;2048;3;1.3001448658756712E7
635;2049;1;1.3001448658756712E7
636;2052;3;1.3001448658756712E7
637;2055;3;1.3001448658756712E7
638;2057;2;1.3001448658756712E7
639;2062;5;1.3001448658756712E7
640;2065;3;1.3001448658756712E7
641;2065;0;1.3001448658756712E7
642;2070;5;1.3001448658756712E7
643;2076;6;1.3001448658756712E7
644;2077;1;1.3001448658756712E7
645;2078;1;1.3001448658756712E7
646;2080;2;1.3001448658756712E7
647;2082;2;1.3001448658756712E7
648;2085;3;1.3001448658756712E7
649;2087;2;1.3001448658756712E7
650;2090;3;1.3001448658756712E7
651;2094;4;1.3001448658756712E7
652;2096;2;1.3001448658756712E7
653;2100;4;1.3001448658756712E7
654;2102;2;1.3001448658756712E7
655;2105;3;1.3001448658756712E7
656;2111;6;1.3001448658756712E7
657;2115;4;1.3001448658756712E7
658;2119;4;1.3001448658756712E7
659;2122;3;1.3001448658756712E7
660;2126;4;1.3001448658756712E7
661;2129;3;1.3001448658756712E7
662;2131;2;1.3001448658756712E7
663;2132;1;1.3001448658756712E7
664;2135;3;1.3001448658756712E7
665;2137;2;1.3001448658756712E7
666;2140;3;1.3001448658756712E7
667;2144;4;1.3001448658756712E7
668;2147;3;1.3001448658756712E7
669;2150;3;1.3001448658756712E7
670;2151;1;1.3001448658756712E7
671;2152;1;1.3001448658756712E7
672;2154;2;1.3001448658756712E7
673;2156;2;1.3001448658756712E7
674;2160;4;1.3001448658756712E7
675;2163;3;1.3001448658756712E7
676;2165;2;1.3001448658756712E7
677;2166;1;1.3001448658756712E7
678;2170;4;1.3001448658756712E7
679;2174;4;1.3001448658756712E7
680;2177;3;1.3001448658756712E7
681;2179;2;1.3001448658756712E7
682;2180;1;1.3001448658756712E7
683;2183;3;1.3001448658756712E7
684;2185;2;1.3001448658756712E7
685;2187;2;1.3001448658756712E7
686;2189;2;1.3001448658756712E7
687;2194;5;1.3001448658756712E7
688;2197;3;1.3001448658756712E7
689;2199;2;1.3001448658756712E7
690;2204;5;1.3001448658756712E7
691;2210;6;1.3001448658756712E7
692;2213;3;1.3001448658756712E7
693;2218;5;1.3001448658756712E7
694;2219;1;1.3001448658756712E7
695;2223;4;1.3001448658756712E7
696;2228;5;1.3001448658756712E7
697;2229;1;1.3001448658756712E7
698;2233;4;1.3001448658756712E7
699;2238;5;1.3001448658756712E7
700;2239;1;1.3001448658756712E7
701;2243;4;1.3001448658756712E7
702;2245;2;1.3001448658756712E7
703;2249;4;1.3001448658756712E7
704;2252;3;1.3001448658756712E7
705;2253;1;1.3001448658756712E7
706;2256;3;1.3001448658756712E7
707;2261;5;1.3001448658756712E7
708;2264;3;1.3001448658756712E7
709;2267;3;1.3001448658756712E7
710;2269;2;1.3001448658756712E7
711;2272;3;1.3001448658756712E7
712;2273;1;1.3001448658756712E7
713;2278;5;1.3001448658756712E7
714;2282;4;1.3001448658756712E7
715;2285;3;1.3001448658756712E7
716;2288;3;1.3001448658756712E7
717;2288;0;1.3001448658756712E7
718;2290;2;1.3001448658756712E7
719;2295;5;1.3001448658756712E7
720;2297;2;1.3001448658756712E7
721;2301;4;1.3001448658756712E7
722;2303;2;1.3001448658756712E7
723;2303;0;1.3001448658756712E7
724;2304;1;1.3001448658756712E7
725;2305;1;1.3001448658756712E7
726;2308;3;1.3001448658756712E7
727;2314;6;1.3001448658756712E7
728;2318;4;1.3001448658756712E7
729;2320;2;1.3001448658756712E7
730;2320;0;1.3001448658756712E7
731;2322;2;1.3001448658756712E7
732;2327;5;1.3001448658756712E7
733;2328;1;1.3001448658756712E7
734;2330;2;1.3001448658756712E7
735;2332;2;1.3001448658756712E7
736;2335;3;1.3001448658756712E7
737;2338;3;1.3001448658756712E7
738;2341;3;1.3001448658756712E7
739;2346;5;1.3001448658756712E7
740;2349;3;1.3001448658756712E7
741;2352;3;1.3001448658756712E7
742;2355;3;1.3001448658756712E7
743;2356;1;1.3001448658756712E7
744;2357;1;1.3001448658756712E7
745;2362;5;1.3001448658756712E7
746;2365;3;1.3001448658756712E7
747;2368;3;1.3001448658756712E7
748;2371;3;1.3001448658756712E7
749;2375;4;1.3001448658756712E7
750;2378;3;1.3001448658756712E7
751;2379;1;1.3001448658756712E7
752;2383;4;1.3001448658756712E7
753;2384;1;1.3001448658756712E7
754;2387;3;1.3001448658756712E7
755;2387;0;1.3001448658756712E7
756;2392;5;1.3001448658756712E7
757;2396;4;1.3001448658756712E7
758;2398;2;1.3001448658756712E7
759;2402;4;1.3001448658756712E7
760;2405;3;1.3001448658756712E7
761;2410;5;1.3001448658756712E7
762;2413;3;1.3001448658756712E7
763;2417;4;1.3001448658756712E7
764;2419;2;1.2001521131444318E7
765;2422;3;1.2001521131444318E7
766;2424;2;1.2001521131444318E7
767;2426;2;1.2001521131444318E7
768;2429;3;1.2001521131444318E7
769;2432;3;1.2001521131444318E7
770;2435;3;1.2001521131444318E7
771;2437;2;1.2001521131444318E7
772;2439;2;1.2001521131444318E7
773;2444;5;1.2001521131444318E7
774;2446;2;1.2001521131444318E7
775;2448;2;1.2001521131444318E7
776;2451;3;1.2001521131444318E7
777;2453;2;1.2001521131444318E7
778;2455;2;1.2001521131444318E7
779;2458;3;1.2001521131444318E7
780;2461;3;1.2001521131444318E7
781;2462;1;1.2001521131444318E7
782;2465;3;1.2001521131444318E7
783;2468;3;1.2001521131444318E7
784;2470;2;1.2001521131444318E7
785;2473;3;1.2001521131444318E7
786;2475;2;1.2001521131444318E7
787;2479;4;1.2001521131444318E7
788;2482;3;1.2001521131444318E7
789;2483;1;1.2001521131444318E7
790;2486;3;1.2001521131444318E7
791;2489;3;1.2001521131444318E7
792;2490;1;1.2001521131444318E7
793;2495;5;1.2001521131444318E7
794;2498;3;1.2001521131444318E7
795;2501;3;1.2001521131444318E7
796;2503;2;1.2001521131444318E7
797;2506;3;1.2001521131444318E7
798;2508;2;1.2001521131444318E7
799;2509;1;1.2001521131444318E7
800;2511;2;1.2001521131444318E7
801;2513;2;1.2001521131444318E7
802;2514;1;1.2001521131444318E7
803;2515;1;1.2001521131444318E7
804;2517;2;1.2001521131444318E7
805;2519;2;1.2001521131444318E7
806;2521;2;1.2001521131444318E7
807;2523;2;1.2001521131444318E7
808;2526;3;1.2001521131444318E7
809;2528;2;1.2001521131444318E7
810;2530;2;1.2001521131444318E7
811;2534;4;1.2001521131444318E7
812;2537;3;1.2001521131444318E7
813;2539;2;1.2001521131444318E7
814;2543;4;1.2001521131444318E7
815;2544;1;1.2001521131444318E7
816;2545;1;1.2001521131444318E7
817;2548;3;1.2001521131444318E7
818;2548;0;1.2001521131444318E7
819;2551;3;1.2001521131444318E7
820;2554;3;1.2001521131444318E7
821;2556;2;1.2001521131444318E7
822;2558;2;1.2001521131444318E7
823;2562;4;1.2001521131444318E7
824;2565;3;1.2001521131444318E7
825;2567;2;1.2001521131444318E7
826;2569;2;1.2001521131444318E7
827;2571;2;1.2001521131444318E7
828;2572;1;1.2001521131444318E7
829;2573;1;1.2001521131444318E7
830;2574;1;1.2001521131444318E7
831;2577;3;1.2001521131444318E7
832;2580;3;1.2001521131444318E7
833;2586;6;1.2001521131444318E7
834;2588;2;1.2001521131444318E7
835;2592;4;1.2001521131444318E7
836;2596;4;1.2001521131444318E7
837;2597;1;1.2001521131444318E7
838;2600;3;1.2001521131444318E7
839;2602;2;1.2001521131444318E7
840;2603;1;1.2001521131444318E7
841;2605;2;1.2001521131444318E7
842;2607;2;1.2001521131444318E7
843;2610;3;1.2001521131444318E7
844;2613;3;1.2001521131444318E7
845;2616;3;1.2001521131444318E7
846;2619;3;1.2001521131444318E7
847;2621;2;1.2001521131444318E7
848;2622;1;1.2001521131444318E7
849;2626;4;1.2001521131444318E7
850;2628;2;1.2001521131444318E7
851;2630;2;1.2001521131444318E7
852;2632;2;1.2001521131444318E7
853;2636;4;1.2001521131444318E7
854;2638;2;1.2001521131444318E7
855;2640;2;1.2001521131444318E7
856;2644;4;1.2001521131444318E7
857;2646;2;1.2001521131444318E7
858;2648;2;1.2001521131444318E7
859;2654;6;1.2001521131444318E7
860;2656;2;1.2001521131444318E7
861;2657;1;1.2001521131444318E7
862;2660;3;1.200151841298307E7
863;2663;3;1.200151841298307E7
864;2665;2;1.200151841298307E7
865;2666;1;1.200151841298307E7
866;2670;4;1.200151841298307E7
867;2673;3;1.200151841298307E7
868;2675;2;1.200151841298307E7
869;2676;1;1.200151841298307E7
870;2679;3;1.200151841298307E7
871;2680;1;1.200151841298307E7
872;2681;1;1.200151841298307E7
873;2683;2;1.200151841298307E7
874;2686;3;1.200151841298307E7
875;2687;1;1.200151841298307E7
876;2691;4;1.200151841298307E7
877;2695;4;1.200151841298307E7
878;2698;3;1.200151841298307E7
879;2701;3;1.200151841298307E7
880;2703;2;1.200151841298307E7
881;2704;1;1.200151841298307E7
882;2706;2;1.200151841298307E7
883;2708;2;1.200151841298307E7
884;2710;2;1.200151841298307E7
885;2713;3;1.200151841298307E7
886;2715;2;1.200151841298307E7
887;2717;2;1.200151841298307E7
888;2720;3;1.200151841298307E7
889;2721;1;1.200151841298307E7
890;2721;0;1.200151841298307E7
891;2723;2;1.200151841298307E7
892;2728;5;1.200151841298307E7
893;2732;4;1.200151841298307E7
894;2735;3;1.200151841298307E7
895;2737;2;1.200151841298307E7
896;2738;1;1.200151841298307E7
897;2740;2;1.200151841298307E7
898;2744;4;1.2001512417283881E7
899;2747;3;1.2001512417283881E7
900;2749;2;1.2001512417283881E7
901;2751;2;1.2001512417283881E7
902;2753;2;1.2001419543758411E7
903;2755;2;1.2001419543758411E7
904;2757;2;1.2001419543758411E7
905;2758;1;1.2001419543758411E7
906;2762;4;1.2001419543758411E7
907;2763;1;1.2001419543758411E7
908;2765;2;1.2001419543758411E7
909;2766;1;1.2001419543758411E7
910;2769;3;1.2001419543758411E7
911;2769;0;1.2001419543758411E7
912;2772;3;1.2001419543758411E7
913;2774;2;1.2001419543758411E7
914;2778;4;1.2001419543758411E7
915;2781;3;1.2001419543758411E7
916;2783;2;1.2001419543758411E7
917;2785;2;1.2001419543758411E7
918;2787;2;1.2001419543758411E7
919;2789;2;1.2001419543758411E7
920;2793;4;1.2001419543758411E7
921;2797;4;1.2001419543758411E7
922;2800;3;1.2001419543758411E7
923;2802;2;1.2001419543758411E7
924;2802;0;1.2001419543758411E7
925;2806;4;1.2001419543758411E7
926;2809;3;1.2001419543758411E7
927;2812;3;1.2001419543758411E7
928;2814;2;1.2001419543758411E7
929;2818;4;1.2001419543758411E7
930;2821;3;1.2001419543758411E7
931;2823;2;1.2001419543758411E7
932;2826;3;1.2001419543758411E7
933;2829;3;1.2001419543758411E7
934;2835;6;1.2001419543758411E7
935;2837;2;1.2001419543758411E7
936;2839;2;1.2001419543758411E7
937;2841;2;1.2001419543758411E7
938;2842;1;1.2001419543758411E7
939;2845;3;1.2001419543758411E7
940;2847;2;1.2001419543758411E7
941;2848;1;1.2001419543758411E7
942;2851;3;1.2001419543758411E7
943;2855;4;1.2001419543758411E7
944;2857;2;1.2001419543758411E7
945;2861;4;1.2001419543758411E7
946;2863;2;1.2001419543758411E7
947;2865;2;1.2001419543758411E7
948;2868;3;1.2001419543758411E7
949;2871;3;1.2001419543758411E7
950;2873;2;1.2001419543758411E7
951;2876;3;1.2001419543758411E7
952;2878;2;1.2001419543758411E7
953;2880;2;1.2001419543758411E7
954;2883;3;1.2001419543758411E7
955;2888;5;1.2001419543758411E7
956;2890;2;1.2001419543758411E7
957;2893;3;1.2001419543758411E7
958;2896;3;1.2001419543758411E7
959;2898;2;1.2001419543758411E7
960;2902;4;1.2001419543758411E7
961;2904;2;1.2001419543758411E7
962;2906;2;1.2001419543758411E7
963;2909;3;1.2001419543758411E7
964;2912;3;1.2001419543758411E7
965;2914;2;1.2001419543758411E7
966;2916;2;1.2001419543758411E7
967;2919;3;1.2001419543758411E7
968;2922;3;1.2001419543758411E7
969;2925;3;1.2001419543758411E7
970;2927;2;1.200141139786207E7
971;2928;1;1.200141139786207E7
972;2931;3;1.200141139786207E7
973;2934;3;1.200141139786207E7
974;2938;4;1.200141139786207E7
975;2941;3;1.200141139786207E7
976;2942;1;1.200141139786207E7
977;2943;1;1.200141139786207E7
978;2946;3;1.2001403902890945E7
979;2948;2;1.2001403902890945E7
980;2953;5;1.2001403902890945E7
981;2958;5;1.2001403902890945E7
982;2959;1;1.2001403902890945E7
983;2961;2;1.2001403902890945E7
984;2969;8;1.2001403902890945E7
985;2972;3;1.2001403902890945E7
986;2974;2;1.2001403902890945E7
987;2980;6;1.2001403902890945E7
988;2983;3;1.2001403902890945E7
989;2986;3;1.2001403902890945E7
990;2990;4;1.2001403902890945E7
991;2996;6;1.2001403902890945E7
992;2997;1;1.2001403902890945E7
993;3002;5;1.2001403902890945E7
994;3006;4;1.2001403902890945E7
995;3013;7;1.2001403902890945E7
996;3014;1;1.2001403902890945E7
997;3024;10;1.2001403902890945E7
998;3030;6;1.2001403902890945E7
999;3035;5;1.2001403902890945E7
1000;3037;2;1.2001403902890945E7
1001;3041;4;1.2001403902890945E7
1002;3044;3;1.2001403902890945E7
1003;3053;9;1.2001403902890945E7
1004;3058;5;1.2001403902890945E7
1005;3059;1;1.2001403902890945E7
1006;3066;7;1.2001403902890945E7
1007;3069;3;1.2001403902890945E7
1008;3074;5;1.2001403902890945E7
1009;3077;3;1.2001403902890945E7
1010;3081;4;1.2001403902890945E7
1011;3085;4;1.2001403902890945E7
1012;3089;4;1.2001403902890945E7
1013;3096;7;1.2001403902890945E7
1014;3100;4;1.2001403902890945E7
1015;3105;5;1.2001403902890945E7
1016;3111;6;1.2001403902890945E7
1017;3114;3;1.2001403902890945E7
1018;3115;1;1.2001403902890945E7
1019;3123;8;1.2001403902890945E7
1020;3129;6;1.2001403902890945E7
1021;3133;4;1.2001403902890945E7
1022;3144;11;1.2001403902890945E7
1023;3150;6;1.2001403902890945E7
1024;3157;7;1.2001403902890945E7
1025;3159;2;1.2001403902890945E7
1026;3166;7;1.2001403902890945E7
1027;3172;6;1.2001403902890945E7
1028;3176;4;1.2001403902890945E7
1029;3177;1;1.2001403902890945E7
1030;3180;3;1.2001403902890945E7
1031;3182;2;1.2001403902890945E7
1032;3187;5;1.2001403902890945E7
1033;3191;4;1.2001403902890945E7
1034;3196;5;1.2001403902890945E7
1035;3199;3;1.2001403902890945E7
1036;3202;3;1.2001403902890945E7
1037;3205;3;1.2001403902890945E7
1038;3207;2;1.2001403902890945E7
1039;3208;1;1.2001403902890945E7
1040;3211;3;1.2001403902890945E7
1041;3214;3;1.2001403902890945E7
1042;3215;1;1.2001403902890945E7
1043;3218;3;1.2001403902890945E7
1044;3224;6;1.2001403902890945E7
1045;3228;4;1.2001403902890945E7
1046;3229;1;1.2001403902890945E7
1047;3230;1;1.2001403902890945E7
1048;3232;2;1.2001403902890945E7
1049;3235;3;1.2001403902890945E7
1050;3237;2;1.2001403902890945E7
1051;3241;4;1.2001403902890945E7
1052;3243;2;1.2001403902890945E7
1053;3243;0;1.2001403902890945E7
1054;3244;1;1.2001403902890945E7
1055;3246;2;1.2001403902890945E7
1056;3249;3;1.2001403902890945E7
1057;3253;4;1.2001403902890945E7
1058;3257;4;1.2001403902890945E7
1059;3259;2;1.2001403902890945E7
1060;3263;4;1.2001403902890945E7
1061;3265;2;1.2001403902890945E7
1062;3271;6;1.2001403902890945E7
1063;3272;1;1.2001403902890945E7
1064;3275;3;1.2001403902890945E7
1065;3277;2;1.2001403902890945E7
1066;3281;4;1.2001403902890945E7
1067;3281;0;1.2001403902890945E7
1068;3282;1;1.2001403902890945E7
1069;3283;1;1.2001403902890945E7
1070;3286;3;1.2001403902890945E7
1071;3288;2;1.2001403902890945E7
1072;3291;3;1.2001403902890945E7
1073;3294;3;1.2001403902890945E7
1074;3296;2;1.2001403902890945E7
1075;3298;2;1.2001403902890945E7
1076;3303;5;1.2001403902890945E7
1077;3306;3;1.2001403902890945E7
1078;3307;1;1.2001403902890945E7
1079;3309;2;1.2001403902890945E7
1080;3311;2;1.2001403902890945E7
1081;3314;3;1.2001403902890945E7
1082;3321;7;1.2001403902890945E7
1083;3322;1;1.2001403902890945E7
1084;3323;1;1.2001403902890945E7
1085;3327;4;1.2001403902890945E7
1086;3330;3;1.2001403902890945E7
1087;3333;3;1.2001403902890945E7
1088;3338;5;1.2001403902890945E7
1089;3341;3;1.2001403902890945E7
1090;3346;5;1.2001403902890945E7
1091;3349;3;1.2001403902890945E7
1092;3350;1;1.2001403902890945E7
1093;3354;4;1.2001403902890945E7
1094;3355;1;1.2001403902890945E7
1095;3357;2;1.2001403902890945E7
1096;3360;3;1.2001403902890945E7
1097;3362;2;1.2001403902890945E7
1098;3366;4;1.2001403902890945E7
1099;3366;0;1.2001403902890945E7
1100;3367;1;1.2001403902890945E7
1101;3368;1;1.2001403902890945E7
1102;3370;2;1.2001403902890945E7
1103;3372;2;1.2001403902890945E7
1104;3375;3;1.2001403902890945E7
1105;3377;2;1.2001403902890945E7
1106;3380;3;1.2001403902890945E7
1107;3385;5;1.2001403902890945E7
1108;3390;5;1.2001403902890945E7
1109;3391;1;1.2001403902890945E7
1110;3394;3;1.2001403902890945E7
1111;3397;3;1.2001403902890945E7
1112;3399;2;1.2001403902890945E7
1113;3400;1;1.2001403902890945E7
1114;3403;3;1.2001403902890945E7
1115;3406;3;1.2001403902890945E7
1116;3409;3;1.2001403902890945E7
1117;3414;5;1.2001403902890945E7
1118;3417;3;1.2001403902890945E7
1119;3419;2;1.2001403902890945E7
1120;3420;1;1.2001403902890945E7
1121;3421;1;1.2001403902890945E7
1122;3426;5;1.2001403902890945E7
1123;3428;2;1.2001403902890945E7
1124;3429;1;1.2001403902890945E7
1125;3432;3;1.2001403902890945E7
1126;3434;2;1.2001403902890945E7
1127;3437;3;1.2001403902890945E7
1128;3440;3;1.2001403902890945E7
1129;3442;2;1.2001403902890945E7
1130;3443;1;1.2001403902890945E7
1131;3444;1;1.2001403902890945E7
1132;3447;3;1.2001403902890945E7
1133;3449;2;1.2001403902890945E7
1134;3454;5;1.2001403902890945E7
1135;3455;1;1.2001403902890945E7
1136;3459;4;1.2001403902890945E7
1137;3462;3;1.2001403902890945E7
1138;3467;5;1.2001403902890945E7
1139;3473;6;1.2001403902890945E7
1140;3479;6;1.2001403902890945E7
1141;3483;4;1.2001403902890945E7
1142;3487;4;1.2001403902890945E7
1143;3492;5;1.2001403902890945E7
1144;3494;2;1.2001403902890945E7
1145;3496;2;1.2001403902890945E7
1146;3501;5;1.2001403902890945E7
1147;3504;3;1.2001403902890945E7
1148;3509;5;1.2001403902890945E7
1149;3516;7;1.2001403902890945E7
1150;3520;4;1.2001403902890945E7
1151;3521;1;1.2001403902890945E7
1152;3525;4;1.2001403902890945E7
1153;3526;1;1.2001403902890945E7
1154;3531;5;1.2001403902890945E7
1155;3535;4;1.2001403902890945E7
1156;3536;1;1.2001403902890945E7
1157;3540;4;1.2001403902890945E7
1158;3545;5;1.2001403902890945E7
1159;3549;4;1.2001403902890945E7
1160;3552;3;1.2001403902890945E7
1161;3554;2;1.2001378625605274E7
1162;3559;5;1.2001378625605274E7
1163;3562;3;1.2001378625605274E7
1164;3566;4;1.2001378625605274E7
1165;3570;4;1.2001378625605274E7
1166;3575;5;1.2001378625605274E7
1167;3579;4;1.2001378625605274E7
1168;3583;4;1.2001378625605274E7
1169;3585;2;1.2001378625605274E7
1170;3589;4;1.2001378625605274E7
1171;3591;2;1.2001378625605274E7
1172;3592;1;1.2001378625605274E7
1173;3594;2;1.2001378625605274E7
1174;3597;3;1.2001378625605274E7
1175;3599;2;1.2001378625605274E7
1176;3603;4;1.2001378625605274E7
1177;3607;4;1.2001378625605274E7
1178;3611;4;1.2001378625605274E7
1179;3616;5;1.2001378625605274E7
1180;3621;5;1.2001378625605274E7
1181;3624;3;1.2001378625605274E7
1182;3627;3;1.2001378625605274E7
1183;3628;1;1.2001378625605274E7
1184;3630;2;1.2001378625605274E7
1185;3635;5;1.2001378625605274E7
1186;3639;4;1.2001378625605274E7
1187;3644;5;1.2001378625605274E7
1188;3646;2;1.2001378625605274E7
1189;3647;1;1.2001378625605274E7
1190;3648;1;1.2001378625605274E7
1191;3650;2;1.2001378625605274E7
1192;3659;9;1.2001378625605274E7
1193;3660;1;1.2001378625605274E7
1194;3662;2;1.2001378625605274E7
1195;3665;3;1.2001378625605274E7
1196;3667;2;1.2001378625605274E7
1197;3673;6;1.2001378625605274E7
1198;3678;5;1.2001378625605274E7
1199;3682;4;1.2001378625605274E7
1200;3688;6;1.2001378625605274E7
1201;3692;4;1.2001378625605274E7
1202;3695;3;1.2001378625605274E7
1203;3696;1;1.2001378625605274E7
1204;3698;2;1.2001378625605274E7
1205;3702;4;1.2001378625605274E7
1206;3707;5;1.2001378625605274E7
1207;3709;2;1.2001378625605274E7
1208;3710;1;1.2001378625605274E7
1209;3714;4;1.2001378625605274E7
1210;3718;4;1.2001378625605274E7
1211;3722;4;1.2001378625605274E7
1212;3726;4;1.2001378625605274E7
1213;3730;4;1.2001378625605274E7
1214;3732;2;1.2001378625605274E7
1215;3732;0;1.2001378625605274E7
1216;3735;3;1.2001378625605274E7
1217;3736;1;1.2001378625605274E7
1218;3740;4;1.2001378625605274E7
1219;3743;3;1.2001378625605274E7
1220;3746;3;1.2001378625605274E7
1221;3748;2;1.2001378625605274E7
1222;3751;3;1.2001378625605274E7
1223;3757;6;1.2001378625605274E7
1224;3762;5;1.2001378625605274E7
1225;3763;1;1.2001378625605274E7
1226;3769;6;1.2001378625605274E7
1227;3772;3;1.2001378625605274E7
1228;3775;3;1.2001378625605274E7
1229;3777;2;1.2001378625605274E7
1230;3778;1;1.2001378625605274E7
1231;3780;2;1.2001378625605274E7
1232;3781;1;1.2001378625605274E7
1233;3783;2;1.2001378625605274E7
1234;3787;4;1.2001378625605274E7
1235;3792;5;1.2001378625605274E7
1236;3795;3;1.2001378625605274E7
1237;3798;3;1.2001378625605274E7
1238;3801;3;1.2001378625605274E7
1239;3802;1;1.2001378625605274E7
1240;3807;5;1.2001378625605274E7
1241;3809;2;1.2001378625605274E7
1242;3812;3;1.2001378625605274E7
1243;3814;2;1.2001378625605274E7
1244;3815;1;1.2001378625605274E7
1245;3817;2;1.2001378625605274E7
1246;3822;5;1.2001378625605274E7
1247;3825;3;1.2001378625605274E7
1248;3827;2;1.2001378625605274E7
1249;3830;3;1.2001378625605274E7
1250;3832;2;1.2001378625605274E7
1251;3835;3;1.2001378625605274E7
1252;3836;1;1.2001378625605274E7
1253;3840;4;1.2001378625605274E7
1254;3842;2;1.2001378625605274E7
1255;3846;4;1.2001378625605274E7
1256;3849;3;1.2001378625605274E7
1257;3851;2;1.2001378625605274E7
1258;3853;2;1.2001378625605274E7
1259;3857;4;1.2001378625605274E7
1260;3860;3;1.2001378625605274E7
1261;3862;2;1.2001378625605274E7
1262;3865;3;1.2001378625605274E7
1263;3867;2;1.2001378625605274E7
1264;3869;2;1.2001378625605274E7
1265;3874;5;1.2001378625605274E7
1266;3876;2;1.2001378625605274E7
1267;3880;4;1.2001378625605274E7
1268;3883;3;1.2001378625605274E7
1269;3885;2;1.2001378625605274E7
1270;3887;2;1.2001378625605274E7
1271;3891;4;1.2001378625605274E7
1272;3892;1;1.2001378625605274E7
1273;3894;2;1.2001378625605274E7
1274;3895;1;1.2001378625605274E7
1275;3898;3;1.2001378625605274E7
1276;3900;2;1.2001378625605274E7
1277;3902;2;1.2001378625605274E7
1278;3907;5;1.2001378625605274E7
1279;3910;3;1.2001378625605274E7
1280;3911;1;1.2001378625605274E7
1281;3912;1;1.2001378625605274E7
1282;3914;2;1.2001378625605274E7
1283;3917;3;1.2001378625605274E7
1284;3920;3;1.2001378625605274E7
1285;3923;3;1.2001378625605274E7
1286;3926;3;1.2001378625605274E7
1287;3930;4;1.2001378625605274E7
1288;3932;2;1.2001378625605274E7
1289;3935;3;1.2001378625605274E7
1290;3938;3;1.2001378625605274E7
1291;3940;2;1.2001378625605274E7
1292;3942;2;1.2001378625605274E7
1293;3943;1;1.2001378625605274E7
1294;3945;2;1.2001378625605274E7
1295;3948;3;1.2001378625605274E7
1296;3951;3;1.2001378625605274E7
1297;3956;5;1.2001378625605274E7
1298;3959;3;1.2001378625605274E7
1299;3963;4;1.2001378625605274E7
1300;3966;3;1.2001378625605274E7
1301;3967;1;1.2001378625605274E7
1302;3971;4;1.2001378625605274E7
1303;3974;3;1.2001378625605274E7
1304;3975;1;1.2001378625605274E7
1305;3977;2;1.2001378625605274E7
1306;3979;2;1.2001378625605274E7
1307;3983;4;1.2001378625605274E7
1308;3985;2;1.2001378625605274E7
1309;3985;0;1.2001378625605274E7
1310;3990;5;1.2001378625605274E7
1311;3992;2;1.2001378625605274E7
1312;3995;3;1.2001378625605274E7
1313;3997;2;1.2001378625605274E7
1314;3999;2;1.2001378625605274E7
1315;4002;3;1.2001378625605274E7
1316;4007;5;1.2001378625605274E7
1317;4011;4;1.2001378625605274E7
1318;4013;2;1.2001378625605274E7
1319;4016;3;1.2001378625605274E7
1320;4020;4;1.2001378625605274E7
1321;4025;5;1.2001378625605274E7
1322;4027;2;1.2001378625605274E7
1323;4028;1;1.2001378625605274E7
1324;4028;0;1.2001378625605274E7
1325;4033;5;1.2001378625605274E7
1326;4036;3;1.2001378625605274E7
1327;4038;2;1.2001378625605274E7
1328;4044;6;1.2001378625605274E7
1329;4049;5;1.2001378625605274E7
1330;4055;6;1.2001378625605274E7
1331;4057;2;1.2001378625605274E7
1332;4063;6;1.2001378625605274E7
1333;4067;4;1.2001378625605274E7
1334;4072;5;1.2001378625605274E7
1335;4087;15;1.2001378625605274E7
1336;4094;7;1.2001378625605274E7
1337;4104;10;1.2001378625605274E7
1338;4110;6;1.2001378625605274E7
1339;4111;1;1.2001378625605274E7
1340;4116;5;1.2001378625605274E7
1341;4120;4;1.2001378625605274E7
1342;4126;6;1.2001378625605274E7
1343;4132;6;1.2001378625605274E7
1344;4135;3;1.2001378625605274E7
1345;4136;1;1.2001378625605274E7
1346;4137;1;1.2001378625605274E7
1347;4140;3;1.2001378625605274E7
1348;4147;7;1.2001378625605274E7
1349;4152;5;1.2001378625605274E7
1350;4159;7;1.2001378625605274E7
1351;4163;4;1.2001378625605274E7
1352;4167;4;1.2001378625605274E7
1353;4173;6;1.2001378625605274E7
1354;4175;2;1.2001378625605274E7
1355;4177;2;1.2001378625605274E7
1356;4179;2;1.2001378625605274E7
1357;4182;3;1.2001378625605274E7
1358;4186;4;1.2001378625605274E7
1359;4189;3;1.2001378625605274E7
1360;4190;1;1.2001378625605274E7
1361;4193;3;1.2001378625605274E7
1362;4196;3;1.2001378625605274E7
1363;4198;2;1.2001378625605274E7
1364;4200;2;1.2001378625605274E7
1365;4202;2;1.2001378625605274E7
1366;4205;3;1.2001378625605274E7
1367;4209;4;1.2001378625605274E7
1368;4211;2;1.2001378625605274E7
1369;4213;2;1.2001378625605274E7
1370;4217;4;1.2001378625605274E7
1371;4218;1;1.2001378625605274E7
1372;4221;3;1.2001378625605274E7
1373;4222;1;1.2001378625605274E7
1374;4224;2;1.2001378625605274E7
1375;4226;2;1.2001378625605274E7
1376;4229;3;1.2001378625605274E7
1377;4231;2;1.2001378625605274E7
1378;4234;3;1.2001378625605274E7
1379;4236;2;1.2001378625605274E7
1380;4238;2;1.2001378625605274E7
1381;4239;1;1.2001378625605274E7
1382;4241;2;1.2001378625605274E7
1383;4245;4;1.2001378625605274E7
1384;4247;2;1.2001378625605274E7
1385;4248;1;1.2001378625605274E7
1386;4249;1;1.2001378625605274E7
1387;4252;3;1.2001378625605274E7
1388;4255;3;1.2001378625605274E7
1389;4257;2;1.2001378625605274E7
1390;4259;2;1.2001378625605274E7
1391;4261;2;1.2001378625605274E7
1392;4264;3;1.2001378625605274E7
1393;4267;3;1.2001378625605274E7
1394;4268;1;1.2001378625605274E7
1395;4270;2;1.2001378625605274E7
1396;4273;3;1.2001378625605274E7
1397;4277;4;1.2001378625605274E7
1398;4280;3;1.2001378625605274E7
1399;4284;4;1.2001378625605274E7
1400;4286;2;1.2001378625605274E7
1401;4289;3;1.2001378625605274E7
1402;4290;1;1.2001378625605274E7
1403;4292;2;1.2001378625605274E7
1404;4294;2;1.2001378625605274E7
1405;4297;3;1.2001378625605274E7
1406;4298;1;1.2001378625605274E7
1407;4301;3;1.2001378625605274E7
1408;4305;4;1.2001378625605274E7
1409;4306;1;1.2001378625605274E7
1410;4309;3;1.2001378625605274E7
1411;4312;3;1.2001378625605274E7
1412;4314;2;1.2001378625605274E7
1413;4315;1;1.2001378625605274E7
1414;4316;1;1.2001378625605274E7
1415;4317;1;1.2001378625605274E7
1416;4321;4;1.2001378625605274E7
1417;4324;3;1.2001378625605274E7
1418;4326;2;1.2001378625605274E7
1419;4328;2;1.2001378625605274E7
1420;4331;3;1.2001378625605274E7
1421;4333;2;1.2001378625605274E7
1422;4336;3;1.2001378625605274E7
1423;4340;4;1.2001378625605274E7
1424;4343;3;1.2001378625605274E7
1425;4345;2;1.2001378625605274E7
1426;4346;1;1.2001378625605274E7
1427;4347;1;1.2001378625605274E7
1428;4350;3;1.2001378625605274E7
1429;4354;4;1.2001378625605274E7
1430;4355;1;1.2001378625605274E7
1431;4358;3;1.2001378625605274E7
1432;4361;3;1.2001378625605274E7
1433;4363;2;1.2001378625605274E7
1434;4365;2;1.2001378625605274E7
1435;4366;1;1.2001378625605274E7
1436;4370;4;1.2001378625605274E7
1437;4374;4;1.2001378625605274E7
1438;4375;1;1.2001378625605274E7
1439;4377;2;1.2001378625605274E7
1440;4378;1;1.2001378625605274E7
1441;4382;4;1.2001378625605274E7
1442;4384;2;1.2001378625605274E7
1443;4385;1;1.2001378625605274E7
1444;4388;3;1.2001378625605274E7
1445;4389;1;1.2001378625605274E7
1446;4391;2;1.2001378625605274E7
1447;4393;2;1.2001378625605274E7
1448;4396;3;1.2001378625605274E7
1449;4398;2;1.2001378625605274E7
1450;4401;3;1.2001378625605274E7
1451;4405;4;1.2001378625605274E7
1452;4408;3;1.2001378625605274E7
1453;4410;2;1.2001378625605274E7
1454;4412;2;1.2001378625605274E7
1455;4415;3;1.2001378625605274E7
1456;4419;4;1.2001378625605274E7
1457;4423;4;1.2001378625605274E7
1458;4426;3;1.2001378625605274E7
1459;4428;2;1.2001378625605274E7
1460;4429;1;1.2001378625605274E7
1461;4431;2;1.2001378625605274E7
1462;4434;3;1.2001378625605274E7
1463;4437;3;1.2001378625605274E7
1464;4440;3;1.2001378625605274E7
1465;4441;1;1.2001378625605274E7
1466;4443;2;1.2001378625605274E7
1467;4445;2;1.2001378625605274E7
1468;4448;3;1.2001378625605274E7
1469;4452;4;1.2001378625605274E7
1470;4453;1;1.2001378625605274E7
1471;4459;6;1.2001378625605274E7
1472;4463;4;1.2001378625605274E7
1473;4467;4;1.2001378625605274E7
1474;4468;1;1.2001378625605274E7
1475;4472;4;1.2001378625605274E7
1476;4475;3;1.2001378625605274E7
1477;4477;2;1.2001378625605274E7
1478;4480;3;1.2001378625605274E7
1479;4482;2;1.2001378625605274E7
1480;4483;1;1.2001378625605274E7
1481;4486;3;1.2001378625605274E7
1482;4491;5;1.2001378625605274E7
1483;4494;3;1.2001378625605274E7
1484;4497;3;1.2001378625605274E7
1485;4497;0;1.2001378625605274E7
1486;4498;1;1.2001378625605274E7
1487;4501;3;1.2001378625605274E7
1488;4506;5;1.2001378625605274E7
1489;4507;1;1.2001378625605274E7
1490;4510;3;1.2001378625605274E7
1491;4513;3;1.2001378625605274E7
1492;4516;3;1.2001378625605274E7
1493;4519;3;1.2001378625605274E7
1494;4522;3;1.2001378625605274E7
1495;4524;2;1.2001378625605274E7
1496;4525;1;1.2001378625605274E7
1497;4528;3;1.2001378625605274E7
1498;4532;4;1.2001378625605274E7
1499;4537;5;1.2001378625605274E7
1500;4538;1;1.2001378625605274E7
1501;4544;6;1.2001378625605274E7
1502;4548;4;1.2001378625605274E7
1503;4551;3;1.2001378625605274E7
1504;4552;1;1.2001378625605274E7
1505;4554;2;1.2001378625605274E7
1506;4557;3;1.2001378625605274E7
1507;4560;3;1.2001378625605274E7
1508;4564;4;1.2001378625605274E7
1509;4568;4;1.2001378625605274E7
1510;4570;2;1.2001378625605274E7
1511;4573;3;1.2001378625605274E7
1512;4574;1;1.2001378625605274E7
1513;4576;2;1.2001378625605274E7
1514;4578;2;1.2001378625605274E7
1515;4580;2;1.2001378625605274E7
1516;4583;3;1.2001378625605274E7
1517;4584;1;1.2001371152991414E7
1518;4587;3;1.2001355731726496E7
1519;4590;3;1.2001355731726496E7
1520;4591;1;1.2001355731726496E7
1521;4593;2;1.2001355731726496E7
1522;4595;2;1.2001355731726496E7
1523;4597;2;1.2001355731726496E7
1524;4599;2;1.2001355731726496E7
1525;4602;3;1.2001355731726496E7
1526;4605;3;1.2001355731726496E7
1527;4609;4;1.2001355731726496E7
1528;4611;2;1.2001355731726496E7
1529;4612;1;1.2001355731726496E7
1530;4617;5;1.2001355731726496E7
1531;4618;1;1.2001355731726496E7
1532;4622;4;1.2001355731726496E7
1533;4625;3;1.2001355731726496E7
1534;4628;3;1.200135521304677E7
1535;4631;3;1.2001352547339644E7
1536;4635;4;1.2001352547339644E7
1537;4639;4;1.2001352547339644E7
1538;4641;2;1.2001352547339644E7
1539;4644;3;1.2001352547339644E7
1540;4645;1;1.2001352547339644E7
1541;4650;5;1.2001352547339644E7
1542;4654;4;1.2001352547339644E7
1543;4657;3;1.2001352547339644E7
1544;4661;4;1.2001352547339644E7
1545;4663;2;1.2001352547339644E7
1546;4667;4;1.2001352547339644E7
1547;4671;4;1.2001352547339644E7
1548;4674;3;1.2001352547339644E7
1549;4678;4;1.2001352547339644E7
1550;4683;5;1.2001352547339644E7
1551;4688;5;1.2001352547339644E7
1552;4691;3;1.2001352547339644E7
1553;4694;3;1.2001352547339644E7
1554;4697;3;1.2001352547339644E7
1555;4700;3;1.2001352547339644E7
1556;4703;3;1.2001352547339644E7
1557;4711;8;1.2001352547339644E7
1558;4714;3;1.2001352547339644E7
1559;4718;4;1.2001352547339644E7
1560;4722;4;1.2001352547339644E7
1561;4724;2;1.2001352547339644E7
1562;4724;0;1.2001352547339644E7
1563;4728;4;1.2001352547339644E7
1564;4730;2;1.2001352547339644E7
1565;4734;4;1.2001352547339644E7
1566;4735;1;1.2001352547339644E7
1567;4737;2;1.2001351519351715E7
1568;4741;4;1.2001351519351715E7
1569;4743;2;1.2001349779366922E7
1570;4744;1;1.2001349779366922E7
1571;4746;2;1.2001349779366922E7
1572;4747;1;1.2001349779366922E7
1573;4749;2;1.2001349779366922E7
1574;4751;2;1.2001349779366922E7
1575;4754;3;1.2001349779366922E7
1576;4756;2;1.2001349779366922E7
1577;4759;3;1.2001349779366922E7
1578;4761;2;1.2001349779366922E7
1579;4764;3;1.2001349779366922E7
1580;4767;3;1.2001349779366922E7
1581;4770;3;1.2001349779366922E7
1582;4774;4;1.2001349779366922E7
1583;4777;3;1.2001349779366922E7
1584;4787;10;1.2001349779366922E7
1585;4792;5;1.2001349779366922E7
1586;4799;7;1.2001349779366922E7
1587;4804;5;1.2001324124279918E7
1588;4808;4;1.2001324124279918E7
1589;4813;5;1.2001324124279918E7
1590;4815;2;1.2001324124279918E7
1591;4817;2;1.2001324124279918E7
1592;4821;4;1.2001324124279918E7
1593;4824;3;1.2001324124279918E7
1594;4826;2;1.2001324124279918E7
1595;4833;7;1.2001324124279918E7
1596;4837;4;1.2001324124279918E7
1597;4842;5;1.2001324124279918E7
1598;4847;5;1.2001324124279918E7
1599;4853;6;1.2001324124279918E7
1600;4856;3;1.2001324124279918E7
1601;4861;5;1.2001324124279918E7
1602;4876;15;1.2001324124279918E7
1603;4882;6;1.2001324124279918E7
1604;4885;3;1.2001324124279918E7
1605;4888;3;1.2001324124279918E7
1606;4891;3;1.2001324124279918E7
1607;4897;6;1.2001324124279918E7
1608;4900;3;1.2001324124279918E7
1609;4901;1;1.2001324124279918E7
1610;4903;2;1.2001324124279918E7
1611;4905;2;1.2001324124279918E7
1612;4908;3;1.2001324124279918E7
1613;4909;1;1.2001324124279918E7
1614;4912;3;1.2001324124279918E7
1615;4915;3;1.2001324124279918E7
1616;4918;3;1.2001324124279918E7
1617;4920;2;1.2001324124279918E7
1618;4922;2;1.2001324124279918E7
1619;4925;3;1.2001324124279918E7
1620;4928;3;1.2001324124279918E7
1621;4930;2;1.2001324124279918E7
1622;4932;2;1.2001324124279918E7
1623;4932;0;1.2001324124279918E7
1624;4933;1;1.2001324124279918E7
1625;4937;4;1.2001324124279918E7
1626;4937;0;1.2001324124279918E7
1627;4939;2;1.2001324124279918E7
1628;4940;1;1.2001324124279918E7
1629;4943;3;1.2001324124279918E7
1630;4945;2;1.2001324124279918E7
1631;4947;2;1.2001324124279918E7
1632;4949;2;1.2001324124279918E7
1633;4952;3;1.2001324124279918E7
1634;4954;2;1.2001324124279918E7
1635;4956;2;1.2001324124279918E7
1636;4959;3;1.2001324124279918E7
1637;4961;2;1.2001324124279918E7
1638;4963;2;1.2001324124279918E7
1639;4966;3;1.2001324124279918E7
1640;4968;2;1.2001324124279918E7
1641;4968;0;1.2001324124279918E7
1642;4970;2;1.2001324124279918E7
1643;4972;2;1.2001324124279918E7
1644;4974;2;1.2001324124279918E7
1645;4975;1;1.2001324124279918E7
1646;4977;2;1.2001324124279918E7
1647;4980;3;1.2001324124279918E7
1648;4983;3;1.2001324124279918E7
1649;4986;3;1.2001324124279918E7
1650;4988;2;1.2001324124279918E7
1651;4988;0;1.2001324124279918E7
1652;4991;3;1.2001324124279918E7
1653;4996;5;1.2001324124279918E7
1654;4996;0;1.2001324124279918E7
1655;4997;1;1.2001324124279918E7
1656;4998;1;1.2001324124279918E7
1657;5000;2;1.2001324124279918E7
1658;5003;3;1.2001324124279918E7
1659;5005;2;1.2001324124279918E7
1660;5008;3;1.2001324124279918E7
1661;5011;3;1.2001324124279918E7
1662;5013;2;1.2001324124279918E7
1663;5013;0;1.2001324124279918E7
1664;5018;5;1.2001324124279918E7
1665;5021;3;1.2001324124279918E7
1666;5023;2;1.2001324124279918E7
1667;5025;2;1.2001324124279918E7
1668;5027;2;1.2001324124279918E7
1669;5028;1;1.2001324124279918E7
1670;5029;1;1.2001324124279918E7
1671;5032;3;1.2001324124279918E7
1672;5038;6;1.2001324124279918E7
1673;5041;3;1.2001324124279918E7
1674;5044;3;1.2001324124279918E7
1675;5048;4;1.2001324124279918E7
1676;5051;3;1.2001324124279918E7
1677;5054;3;1.2001324124279918E7
1678;5055;1;1.2001324124279918E7
1679;5057;2;1.2001324124279918E7
1680;5060;3;1.2001324124279918E7
1681;5062;2;1.2001324124279918E7
1682;5065;3;1.2001324124279918E7
1683;5068;3;1.2001324124279918E7
1684;5071;3;1.2001324124279918E7
1685;5073;2;1.2001324124279918E7
1686;5074;1;1.2001324124279918E7
1687;5076;2;1.2001324124279918E7
1688;5078;2;1.2001324124279918E7
1689;5080;2;1.2001324124279918E7
1690;5080;0;1.2001324124279918E7
1691;5083;3;1.2001324124279918E7
1692;5085;2;1.2001324124279918E7
1693;5090;5;1.2001324124279918E7
1694;5091;1;1.2001324124279918E7
1695;5094;3;1.2001324124279918E7
1696;5095;1;1.2001324124279918E7
1697;5098;3;1.2001324124279918E7
1698;5101;3;1.2001324124279918E7
1699;5104;3;1.2001324124279918E7
1700;5106;2;1.2001324124279918E7
1701;5109;3;1.2001324124279918E7
1702;5110;1;1.2001324124279918E7
1703;5112;2;1.2001324124279918E7
1704;5113;1;1.2001324124279918E7
1705;5116;3;1.2001324124279918E7
1706;5120;4;1.2001324124279918E7
1707;5121;1;1.2001324124279918E7
1708;5122;1;1.2001324124279918E7
1709;5124;2;1.2001324124279918E7
1710;5126;2;1.2001324124279918E7
1711;5129;3;1.2001324124279918E7
1712;5132;3;1.2001324124279918E7
1713;5133;1;1.2001324124279918E7
1714;5138;5;1.2001324124279918E7
1715;5140;2;1.2001324124279918E7
1716;5143;3;1.2001324124279918E7
1717;5146;3;1.2001324124279918E7
1718;5148;2;1.2001324124279918E7
1719;5150;2;1.2001324124279918E7
1720;5155;5;1.2001324124279918E7
1721;5158;3;1.2001324124279918E7
1722;5160;2;1.2001324124279918E7
1723;5163;3;1.2001324124279918E7
1724;5165;2;1.2001324124279918E7
1725;5170;5;1.2001324124279918E7
1726;5172;2;1.2001324124279918E7
1727;5174;2;1.2001324124279918E7
1728;5177;3;1.2001324124279918E7
1729;5177;0;1.2001324124279918E7
1730;5180;3;1.2001324124279918E7
1731;5181;1;1.2001324124279918E7
1732;5183;2;1.2001324124279918E7
1733;5186;3;1.2001324124279918E7
1734;5189;3;1.2001324124279918E7
1735;5191;2;1.2001324124279918E7
1736;5193;2;1.2001324124279918E7
1737;5195;2;1.2001324124279918E7
1738;5197;2;1.2001324124279918E7
1739;5205;8;1.2001324124279918E7
1740;5211;6;1.2001324124279918E7
1741;5215;4;1.2001324124279918E7
1742;5216;1;1.2001324124279918E7
1743;5217;1;1.2001324124279918E7
1744;5223;6;1.2001324124279918E7
1745;5227;4;1.2001324124279918E7
1746;5233;6;1.2001324124279918E7
1747;5237;4;1.2001324124279918E7
1748;5244;7;1.2001324124279918E7
1749;5244;0;1.2001324124279918E7
1750;5249;5;1.2001324124279918E7
1751;5253;4;1.2001324124279918E7
1752;5260;7;1.2001324124279918E7
1753;5268;8;1.2001324124279918E7
1754;5275;7;1.2001324124279918E7
1755;5282;7;1.2001324124279918E7
1756;5285;3;1.2001324124279918E7
1757;5291;6;1.2001324124279918E7
1758;5296;5;1.2001324124279918E7
1759;5300;4;1.2001324124279918E7
1760;5303;3;1.2001324124279918E7
1761;5308;5;1.2001324124279918E7
1762;5316;8;1.2001324124279918E7
1763;5320;4;1.2001324124279918E7
1764;5322;2;1.2001324124279918E7
1765;5328;6;1.2001324124279918E7
1766;5333;5;1.2001324124279918E7
1767;5337;4;1.2001324124279918E7
1768;5340;3;1.2001324124279918E7
1769;5341;1;1.2001324124279918E7
1770;5343;2;1.2001324124279918E7
1771;5346;3;1.2001324124279918E7
1772;5348;2;1.2001324124279918E7
1773;5350;2;1.2001324124279918E7
1774;5354;4;1.2001324124279918E7
1775;5356;2;1.2001324124279918E7
1776;5356;0;1.2001324124279918E7
1777;5359;3;1.2001324124279918E7
1778;5365;6;1.2001324124279918E7
1779;5369;4;1.2001324124279918E7
1780;5372;3;1.2001324124279918E7
1781;5374;2;1.2001324124279918E7
1782;5377;3;1.2001324124279918E7
1783;5381;4;1.2001324124279918E7
1784;5383;2;1.2001324124279918E7
1785;5386;3;1.2001324124279918E7
1786;5389;3;1.2001324124279918E7
1787;5391;2;1.2001324124279918E7
1788;5392;1;1.2001324124279918E7
1789;5395;3;1.2001324124279918E7
1790;5398;3;1.2001324124279918E7
1791;5403;5;1.2001324124279918E7
1792;5406;3;1.2001324124279918E7
1793;5407;1;1.2001324124279918E7
1794;5410;3;1.2001324124279918E7
1795;5413;3;1.2001324124279918E7
1796;5415;2;1.2001324124279918E7
1797;5418;3;1.2001324124279918E7
1798;5419;1;1.2001324124279918E7
1799;5421;2;1.2001324124279918E7
1800;5423;2;1.2001324124279918E7
1801;5424;1;1.2001324124279918E7
1802;5425;1;1.2001324124279918E7
1803;5427;2;1.2001324124279918E7
1804;5429;2;1.2001324124279918E7
1805;5432;3;1.2001324124279918E7
1806;5436;4;1.2001324124279918E7
1807;5439;3;1.2001324124279918E7
1808;5441;2;1.2001324124279918E7
1809;5444;3;1.2001324124279918E7
1810;5447;3;1.2001324124279918E7
1811;5450;3;1.2001324124279918E7
1812;5452;2;1.2001324124279918E7
1813;5454;2;1.2001324124279918E7
1814;5456;2;1.2001324124279918E7
1815;5456;0;1.2001324124279918E7
1816;5460;4;1.2001324124279918E7
1817;5462;2;1.2001324124279918E7
1818;5464;2;1.2001324124279918E7
1819;5467;3;1.2001324124279918E7
1820;5471;4;1.2001324124279918E7
1821;5473;2;1.2001324124279918E7
1822;5476;3;1.2001324124279918E7
1823;5479;3;1.2001324124279918E7
1824;5480;1;1.2001324124279918E7
1825;5480;0;1.2001324124279918E7
1826;5483;3;1.2001324124279918E7
1827;5485;2;1.2001324124279918E7
1828;5487;2;1.2001324124279918E7
1829;5488;1;1.2001324124279918E7
1830;5490;2;1.2001324124279918E7
1831;5492;2;1.2001324124279918E7
1832;5496;4;1.2001324124279918E7
1833;5498;2;1.2001324124279918E7
1834;5501;3;1.2001324124279918E7
1835;5506;5;1.2001324124279918E7
1836;5511;5;1.2001324124279918E7
1837;5513;2;1.2001324124279918E7
1838;5517;4;1.2001324124279918E7
1839;5520;3;1.2001324124279918E7
1840;5521;1;1.2001324124279918E7
1841;5523;2;1.2001324124279918E7
1842;5523;0;1.2001324124279918E7
1843;5524;1;1.2001324124279918E7
1844;5527;3;1.2001324124279918E7
1845;5530;3;1.2001324124279918E7
1846;5532;2;1.2001324124279918E7
1847;5535;3;1.2001324124279918E7
1848;5535;0;1.2001324124279918E7
1849;5537;2;1.2001324124279918E7
1850;5540;3;1.2001324124279918E7
1851;5541;1;1.2001324124279918E7
1852;5544;3;1.2001324124279918E7
1853;5547;3;1.2001324124279918E7
1854;5550;3;1.2001324124279918E7
1855;5553;3;1.2001324124279918E7
1856;5556;3;1.2001324124279918E7
1857;5558;2;1.2001324124279918E7
1858;5562;4;1.2001324124279918E7
1859;5565;3;1.2001324124279918E7
1860;5568;3;1.2001324124279918E7
1861;5570;2;1.2001324124279918E7
1862;5572;2;1.2001324124279918E7
1863;5575;3;1.2001324124279918E7
1864;5575;0;1.2001324124279918E7
1865;5578;3;1.2001324124279918E7
1866;5581;3;1.2001324124279918E7
1867;5585;4;1.2001324124279918E7
1868;5588;3;1.2001324124279918E7
1869;5591;3;1.2001324124279918E7
1870;5593;2;1.2001324124279918E7
1871;5596;3;1.2001324124279918E7
1872;5600;4;1.2001324124279918E7
1873;5603;3;1.2001324124279918E7
1874;5605;2;1.2001324124279918E7
1875;5606;1;1.2001324124279918E7
1876;5608;2;1.2001324124279918E7
1877;5610;2;1.2001324124279918E7
1878;5613;3;1.2001324124279918E7
1879;5617;4;1.2001324124279918E7
1880;5619;2;1.2001324124279918E7
1881;5621;2;1.2001324124279918E7
1882;5624;3;1.2001324124279918E7
1883;5626;2;1.2001324124279918E7
1884;5627;1;1.2001324124279918E7
1885;5630;3;1.2001324124279918E7
1886;5634;4;1.2001324124279918E7
1887;5637;3;1.2001324124279918E7
1888;5637;0;1.2001324124279918E7
1889;5638;1;1.2001324124279918E7
1890;5640;2;1.2001324124279918E7
1891;5642;2;1.2001324124279918E7
1892;5644;2;1.2001324124279918E7
1893;5646;2;1.2001324124279918E7
1894;5647;1;1.2001324124279918E7
1895;5649;2;1.2001324124279918E7
1896;5653;4;1.2001324124279918E7
1897;5654;1;1.2001324124279918E7
1898;5657;3;1.2001324124279918E7
1899;5660;3;1.2001324124279918E7
1900;5664;4;1.2001324124279918E7
1901;5666;2;1.2001324124279918E7
1902;5670;4;1.2001324124279918E7
1903;5671;1;1.2001324124279918E7
1904;5672;1;1.2001324124279918E7
1905;5674;2;1.2001324124279918E7
1906;5676;2;1.2001324124279918E7
1907;5677;1;1.2001324124279918E7
1908;5680;3;1.2001324124279918E7
1909;5683;3;1.2001324124279918E7
1910;5686;3;1.2001324124279918E7
1911;5688;2;1.2001324124279918E7
1912;5690;2;1.2001324124279918E7
1913;5692;2;1.2001324124279918E7
1914;5695;3;1.2001324124279918E7
1915;5696;1;1.2001324124279918E7
1916;5698;2;1.2001324124279918E7
1917;5701;3;1.2001324124279918E7
1918;5701;0;1.2001324124279918E7
1919;5702;1;1.2001324124279918E7
1920;5704;2;1.2001324124279918E7
1921;5706;2;1.2001324124279918E7
1922;5707;1;1.2001324124279918E7
1923;5709;2;1.2001324124279918E7
1924;5712;3;1.2001324124279918E7
1925;5714;2;1.2001324124279918E7
1926;5715;1;1.2001324124279918E7
1927;5718;3;1.2001324124279918E7
1928;5721;3;1.2001324124279918E7
1929;5723;2;1.2001324124279918E7
1930;5725;2;1.2001324124279918E7
1931;5729;4;1.2001324124279918E7
1932;5732;3;1.2001324124279918E7
1933;5735;3;1.2001324124279918E7
1934;5737;2;1.2001324124279918E7
1935;5739;2;1.2001324124279918E7
1936;5740;1;1.2001324124279918E7
1937;5741;1;1.2001324124279918E7
1938;5744;3;1.2001324124279918E7
1939;5747;3;1.2001324124279918E7
1940;5750;3;1.2001324124279918E7
1941;5752;2;1.2001324124279918E7
1942;5754;2;1.2001324124279918E7
1943;5755;1;1.2001324124279918E7
1944;5757;2;1.2001324124279918E7
1945;5759;2;1.2001324124279918E7
1946;5762;3;1.2001324124279918E7
1947;5764;2;1.2001324124279918E7
1948;5765;1;1.2001324124279918E7
1949;5767;2;1.2001324124279918E7
1950;5770;3;1.2001324124279918E7
1951;5771;1;1.2001324124279918E7
1952;5772;1;1.2001324124279918E7
1953;5774;2;1.2001324124279918E7
1954;5776;2;1.2001324124279918E7
1955;5779;3;1.2001324124279918E7
1956;5782;3;1.2001324124279918E7
1957;5785;3;1.2001324124279918E7
1958;5787;2;1.2001324124279918E7
1959;5789;2;1.2001324124279918E7
1960;5792;3;1.2001324124279918E7
1961;5794;2;1.2001324124279918E7
1962;5797;3;1.2001324124279918E7
1963;5801;4;1.2001324124279918E7
1964;5803;2;1.2001324124279918E7
1965;5805;2;1.2001324124279918E7
1966;5808;3;1.2001324124279918E7
1967;5812;4;1.2001324124279918E7
1968;5814;2;1.2001324124279918E7
1969;5816;2;1.2001324124279918E7
1970;5820;4;1.2001324124279918E7
1971;5822;2;1.2001324124279918E7
1972;5823;1;1.2001324124279918E7
1973;5825;2;1.2001324124279918E7
1974;5829;4;1.2001324124279918E7
1975;5831;2;1.2001324124279918E7
1976;5833;2;1.2001324124279918E7
1977;5836;3;1.2001324124279918E7
1978;5838;2;1.2001324124279918E7
1979;5840;2;1.2001324124279918E7
1980;5842;2;1.2001324124279918E7
1981;5842;0;1.2001324124279918E7
1982;5844;2;1.2001324124279918E7
1983;5846;2;1.2001324124279918E7
1984;5848;2;1.2001324124279918E7
1985;5851;3;1.2001324124279918E7
1986;5854;3;1.2001324124279918E7
1987;5855;1;1.2001324124279918E7
1988;5857;2;1.2001324124279918E7
1989;5859;2;1.2001324124279918E7
1990;5860;1;1.2001324124279918E7
1991;5863;3;1.2001324124279918E7
1992;5865;2;1.2001324124279918E7
1993;5867;2;1.2001324124279918E7
1994;5868;1;1.2001324124279918E7
1995;5869;1;1.2001324124279918E7
1996;5869;0;1.2001324124279918E7
1997;5872;3;1.2001324124279918E7
1998;5874;2;1.2001324124279918E7
1999;5877;3;1.2001324124279918E7
2000;5878;1;1.2001324124279918E7
2001;5881;3;1.2001324124279918E7
2002;5883;2;1.2001324124279918E7
2003;5883;0;1.2001324124279918E7
2004;5886;3;1.2001324124279918E7
2005;5887;1;1.2001324124279918E7
2006;5888;1;1.2001324124279918E7
2007;5889;1;1.2001324124279918E7
2008;5890;1;1.2001324124279918E7
2009;5890;0;1.2001324124279918E7
2010;5892;2;1.2001324124279918E7
2011;5894;2;1.2001324124279918E7
2012;5897;3;1.2001324124279918E7
2013;5899;2;1.2001324124279918E7
2014;5903;4;1.2001324124279918E7
2015;5904;1;1.2001324124279918E7
2016;5904;0;1.2001324124279918E7
2017;5905;1;1.2001324124279918E7
2018;5907;2;1.2001324124279918E7
2019;5909;2;1.2001324124279918E7
2020;5912;3;1.2001324124279918E7
2021;5915;3;1.2001324124279918E7
2022;5918;3;1.2001324124279918E7
2023;5920;2;1.2001324124279918E7
2024;5922;2;1.2001324124279918E7
2025;5922;0;1.2001324124279918E7
2026;5923;1;1.2001324124279918E7
2027;5925;2;1.2001324124279918E7
2028;5927;2;1.2001324124279918E7
2029;5933;6;1.2001324124279918E7
2030;5936;3;1.2001324124279918E7
2031;5937;1;1.2001324124279918E7
2032;5939;2;1.2001324124279918E7
2033;5941;2;1.2001324124279918E7
2034;5942;1;1.2001324124279918E7
2035;5945;3;1.2001324124279918E7
2036;5948;3;1.2001324124279918E7
2037;5950;2;1.2001324124279918E7
2038;5952;2;1.2001324124279918E7
2039;5953;1;1.2001324124279918E7
2040;5954;1;1.2001324124279918E7
2041;5957;3;1.2001324124279918E7
2042;5959;2;1.2001324124279918E7
2043;5963;4;1.2001324124279918E7
2044;5964;1;1.2001324124279918E7
2045;5969;5;1.2001324124279918E7
2046;5970;1;1.2001324124279918E7
2047;5972;2;1.2001324124279918E7
2048;5973;1;1.2001324124279918E7
2049;5975;2;1.2001324124279918E7
2050;5978;3;1.2001324124279918E7
2051;5981;3;1.2001324124279918E7
2052;5981;0;1.2001324124279918E7
2053;5983;2;1.2001324124279918E7
2054;5985;2;1.2001324124279918E7
2055;5985;0;1.2001324124279918E7
2056;5989;4;1.2001324124279918E7
2057;5991;2;1.2001324124279918E7
2058;5993;2;1.2001324124279918E7
2059;5997;4;1.2001324124279918E7
2060;5999;2;1.2001324124279918E7
2061;6000;1;1.2001324124279918E7
2062;6001;1;1.2001324124279918E7
2063;6004;3;1.2001324124279918E7
2064;6006;2;1.2001324124279918E7
2065;6008;2;1.2001324124279918E7
2066;6010;2;1.2001324124279918E7
2067;6013;3;1.2001324124279918E7
2068;6015;2;1.2001324124279918E7
2069;6018;3;1.2001324124279918E7
2070;6018;0;1.2001324124279918E7
2071;6020;2;1.2001324124279918E7
2072;6021;1;1.2001324124279918E7
2073;6024;3;1.2001324124279918E7
2074;6024;0;1.2001324124279918E7
2075;6027;3;1.2001324124279918E7
2076;6028;1;1.2001324124279918E7
2077;6031;3;1.2001324124279918E7
2078;6034;3;1.2001324124279918E7
2079;6037;3;1.2001324124279918E7
2080;6039;2;1.2001324124279918E7
2081;6040;1;1.2001324124279918E7
2082;6042;2;1.2001324124279918E7
2083;6045;3;1.2001324124279918E7
2084;6049;4;1.2001324124279918E7
2085;6053;4;1.2001324124279918E7
2086;6055;2;1.2001324124279918E7
2087;6057;2;1.2001324124279918E7
2088;6060;3;1.2001324124279918E7
2089;6063;3;1.2001324124279918E7
2090;6066;3;1.2001324124279918E7
2091;6068;2;1.2001324124279918E7
2092;6070;2;1.2001324124279918E7
2093;6072;2;1.2001324124279918E7
2094;6073;1;1.2001324124279918E7
2095;6075;2;1.2001324124279918E7
2096;6077;2;1.2001324124279918E7
2097;6081;4;1.2001324124279918E7
2098;6084;3;1.2001324124279918E7
2099;6086;2;1.2001324124279918E7
2100;6089;3;1.2001324124279918E7
2101;6090;1;1.2001324124279918E7
2102;6091;1;1.2001324124279918E7
2103;6093;2;1.2001324124279918E7
2104;6095;2;1.2001324124279918E7
2105;6096;1;1.2001324124279918E7
2106;6098;2;1.2001324124279918E7
2107;6098;0;1.2001324124279918E7
2108;6101;3;1.2001324124279918E7
2109;6104;3;1.2001324124279918E7
2110;6104;0;1.2001324124279918E7
2111;6106;2;1.2001324124279918E7
2112;6108;2;1.2001324124279918E7
2113;6109;1;1.2001324124279918E7
2114;6112;3;1.2001324124279918E7
2115;6113;1;1.2001324124279918E7
2116;6115;2;1.2001324124279918E7
2117;6116;1;1.2001324124279918E7
2118;6119;3;1.2001324124279918E7
2119;6122;3;1.2001324124279918E7
2120;6122;0;1.2001324124279918E7
2121;6123;1;1.2001324124279918E7
2122;6125;2;1.2001324124279918E7
2123;6130;5;1.2001324124279918E7
2124;6133;3;1.2001324124279918E7
2125;6135;2;1.2001324124279918E7
2126;6136;1;1.2001324124279918E7
2127;6138;2;1.2001324124279918E7
2128;6141;3;1.2001324124279918E7
2129;6144;3;1.2001324124279918E7
2130;6148;4;1.2001324124279918E7
2131;6149;1;1.2001324124279918E7
2132;6150;1;1.2001324124279918E7
2133;6152;2;1.2001324124279918E7
2134;6156;4;1.2001324124279918E7
2135;6157;1;1.2001324124279918E7
2136;6160;3;1.2001324124279918E7
2137;6160;0;1.2001324124279918E7
2138;6161;1;1.2001324124279918E7
2139;6164;3;1.2001324124279918E7
2140;6165;1;1.2001324124279918E7
2141;6166;1;1.2001324124279918E7
2142;6169;3;1.2001324124279918E7
2143;6171;2;1.2001324124279918E7
2144;6173;2;1.2001324124279918E7
2145;6175;2;1.2001324124279918E7
2146;6177;2;1.2001324124279918E7
2147;6181;4;1.2001324124279918E7
2148;6182;1;1.2001324124279918E7
2149;6184;2;1.2001324124279918E7
2150;6185;1;1.2001324124279918E7
2151;6187;2;1.2001324124279918E7
2152;6189;2;1.2001324124279918E7
2153;6192;3;1.2001324124279918E7
2154;6195;3;1.2001324124279918E7
2155;6197;2;1.2001324124279918E7
2156;6201;4;1.2001324124279918E7
2157;6203;2;1.2001324124279918E7
2158;6205;2;1.2001324124279918E7
2159;6208;3;1.2001324124279918E7
2160;6210;2;1.2001324124279918E7
2161;6214;4;1.2001324124279918E7
2162;6215;1;1.2001324124279918E7
2163;6219;4;1.2001324124279918E7
2164;6222;3;1.2001324124279918E7
2165;6222;0;1.2001324124279918E7
2166;6223;1;1.2001324124279918E7
2167;6224;1;1.2001324124279918E7
2168;6226;2;1.2001324124279918E7
2169;6227;1;1.2001324124279918E7
2170;6229;2;1.2001324124279918E7
2171;6231;2;1.2001324124279918E7
2172;6235;4;1.2001324124279918E7
2173;6237;2;1.2001324124279918E7
2174;6240;3;1.2001324124279918E7
2175;6242;2;1.2001324124279918E7
2176;6244;2;1.2001324124279918E7
2177;6245;1;1.2001324124279918E7
2178;6249;4;1.2001324124279918E7
2179;6251;2;1.2001324124279918E7
2180;6253;2;1.2001324124279918E7
2181;6255;2;1.2001324124279918E7
2182;6256;1;1.2001324124279918E7
2183;6258;2;1.2001324124279918E7
2184;6260;2;1.2001324124279918E7
2185;6264;4;1.2001324124279918E7
2186;6267;3;1.2001324124279918E7
2187;6268;1;1.2001324124279918E7
2188;6271;3;1.2001324124279918E7
2189;6274;3;1.2001324124279918E7
2190;6275;1;1.2001324124279918E7
2191;6278;3;1.2001324124279918E7
2192;6281;3;1.2001324124279918E7
2193;6284;3;1.2001324124279918E7
2194;6287;3;1.2001324124279918E7
2195;6289;2;1.2001324124279918E7
2196;6290;1;1.2001324124279918E7
2197;6292;2;1.2001324124279918E7
2198;6296;4;1.2001324124279918E7
2199;6298;2;1.2001324124279918E7
2200;6304;6;1.2001324124279918E7
2201;6306;2;1.2001324124279918E7
2202;6307;1;1.2001324124279918E7
2203;6310;3;1.2001324124279918E7
2204;6312;2;1.2001324124279918E7
2205;6315;3;1.2001324124279918E7
2206;6318;3;1.2001324124279918E7
2207;6319;1;1.2001324124279918E7
2208;6319;0;1.2001324124279918E7
2209;6322;3;1.2001324124279918E7
2210;6325;3;1.2001324124279918E7
2211;6328;3;1.2001324124279918E7
2212;6329;1;1.2001324124279918E7
2213;6332;3;1.2001324124279918E7
2214;6335;3;1.2001324124279918E7
2215;6337;2;1.2001324124279918E7
2216;6339;2;1.2001324124279918E7
2217;6341;2;1.2001324124279918E7
2218;6342;1;1.2001324124279918E7
2219;6345;3;1.2001324124279918E7
2220;6348;3;1.2001324124279918E7
2221;6353;5;1.2001324124279918E7
2222;6355;2;1.2001324124279918E7
2223;6357;2;1.2001324124279918E7
2224;6359;2;1.2001324124279918E7
2225;6364;5;1.2001324124279918E7
2226;6366;2;1.2001324124279918E7
2227;6369;3;1.2001324124279918E7
2228;6371;2;1.2001324124279918E7
2229;6374;3;1.2001324124279918E7
2230;6376;2;1.2001324124279918E7
2231;6379;3;1.2001324124279918E7
2232;6382;3;1.2001324124279918E7
2233;6385;3;1.2001324124279918E7
2234;6386;1;1.2001324124279918E7
2235;6389;3;1.2001324124279918E7
2236;6390;1;1.2001324124279918E7
2237;6393;3;1.2001324124279918E7
2238;6396;3;1.2001324124279918E7
2239;6397;1;1.2001324124279918E7
2240;6401;4;1.2001324124279918E7
2241;6403;2;1.2001324124279918E7
2242;6404;1;1.2001324124279918E7
2243;6406;2;1.2001324124279918E7
2244;6409;3;1.2001324124279918E7
2245;6410;1;1.2001324124279918E7
2246;6414;4;1.2001324124279918E7
2247;6415;1;1.2001324124279918E7
2248;6417;2;1.2001324124279918E7
2249;6420;3;1.2001324124279918E7
2250;6421;1;1.2001324124279918E7
2251;6424;3;1.2001324124279918E7
2252;6426;2;1.2001324124279918E7
2253;6429;3;1.2001324124279918E7
2254;6431;2;1.2001324124279918E7
2255;6433;2;1.2001324124279918E7
2256;6435;2;1.2001324124279918E7
2257;6436;1;1.2001324124279918E7
2258;6438;2;1.2001324124279918E7
2259;6438;0;1.2001324124279918E7
2260;6441;3;1.2001324124279918E7
2261;6443;2;1.2001324124279918E7
2262;6446;3;1.2001324124279918E7
2263;6448;2;1.2001324124279918E7
2264;6451;3;1.2001324124279918E7
2265;6456;5;1.2001324124279918E7
2266;6456;0;1.2001324124279918E7
2267;6457;1;1.2001324124279918E7
2268;6459;2;1.2001324124279918E7
2269;6461;2;1.2001324124279918E7
2270;6465;4;1.2001324124279918E7
2271;6468;3;1.2001324124279918E7
2272;6470;2;1.2001324124279918E7
2273;6472;2;1.2001324124279918E7
2274;6473;1;1.2001324124279918E7
2275;6476;3;1.2001324124279918E7
2276;6480;4;1.2001324124279918E7
2277;6482;2;1.2001324124279918E7
2278;6484;2;1.2001324124279918E7
2279;6486;2;1.2001324124279918E7
2280;6487;1;1.2001324124279918E7
2281;6489;2;1.2001324124279918E7
2282;6491;2;1.2001324124279918E7
2283;6493;2;1.2001324124279918E7
2284;6496;3;1.2001324124279918E7
2285;6498;2;1.2001324124279918E7
2286;6500;2;1.2001324124279918E7
2287;6503;3;1.2001324124279918E7
2288;6505;2;1.2001324124279918E7
2289;6508;3;1.2001324124279918E7
2290;6511;3;1.2001324124279918E7
2291;6512;1;1.2001324124279918E7
2292;6514;2;1.2001324124279918E7
2293;6517;3;1.2001324124279918E7
2294;6521;4;1.2001324124279918E7
2295;6523;2;1.2001324124279918E7
2296;6525;2;1.2001324124279918E7
2297;6528;3;1.2001324124279918E7
2298;6531;3;1.2001324124279918E7
2299;6534;3;1.2001324124279918E7
2300;6536;2;1.2001324124279918E7
2301;6538;2;1.2001324124279918E7
2302;6539;1;1.2001324124279918E7
2303;6541;2;1.2001324124279918E7
2304;6543;2;1.2001324124279918E7
2305;6546;3;1.2001324124279918E7
2306;6548;2;1.2001324124279918E7
2307;6550;2;1.2001324124279918E7
2308;6552;2;1.2001324124279918E7
2309;6555;3;1.2001324124279918E7
2310;6557;2;1.2001324124279918E7
2311;6559;2;1.2001324124279918E7
2312;6561;2;1.2001324124279918E7
2313;6565;4;1.2001324124279918E7
2314;6567;2;1.2001324124279918E7
2315;6568;1;1.2001324124279918E7
2316;6569;1;1.2001324124279918E7
2317;6572;3;1.2001324124279918E7
2318;6574;2;1.2001324124279918E7
2319;6576;2;1.2001324124279918E7
2320;6579;3;1.2001324124279918E7
2321;6582;3;1.2001324124279918E7
2322;6584;2;1.2001324124279918E7
2323;6585;1;1.2001324124279918E7
2324;6587;2;1.2001324124279918E7
2325;6590;3;1.2001324124279918E7
2326;6592;2;1.2001324124279918E7
2327;6595;3;1.2001324124279918E7
2328;6597;2;1.2001324124279918E7
2329;6600;3;1.2001324124279918E7
2330;6601;1;1.2001324124279918E7
2331;6603;2;1.2001324124279918E7
2332;6605;2;1.2001324124279918E7
2333;6607;2;1.2001324124279918E7
2334;6609;2;1.2001324124279918E7
2335;6611;2;1.2001324124279918E7
2336;6614;3;1.2001324124279918E7
2337;6616;2;1.2001324124279918E7
2338;6617;1;1.2001324124279918E7
2339;6619;2;1.2001324124279918E7
2340;6622;3;1.2001324124279918E7
2341;6624;2;1.2001324124279918E7
2342;6625;1;1.2001324124279918E7
2343;6625;0;1.2001324124279918E7
2344;6626;1;1.2001324124279918E7
2345;6630;4;1.2001324124279918E7
2346;6634;4;1.2001324124279918E7
2347;6636;2;1.2001324124279918E7
2348;6637;1;1.2001324124279918E7
2349;6639;2;1.2001324124279918E7
2350;6642;3;1.2001324124279918E7
2351;6644;2;1.2001324124279918E7
2352;6646;2;1.2001324124279918E7
2353;6649;3;1.2001324124279918E7
2354;6653;4;1.2001324124279918E7
2355;6653;0;1.2001324124279918E7
2356;6654;1;1.2001324124279918E7
2357;6657;3;1.2001324124279918E7
2358;6661;4;1.2001324124279918E7
2359;6663;2;1.2001324124279918E7
2360;6666;3;1.2001324124279918E7
2361;6667;1;1.2001324124279918E7
2362;6670;3;1.2001324124279918E7
2363;6671;1;1.2001324124279918E7
2364;6673;2;1.2001324124279918E7
2365;6675;2;1.2001324124279918E7
2366;6678;3;1.2001324124279918E7
2367;6680;2;1.2001324124279918E7
2368;6682;2;1.2001324124279918E7
2369;6683;1;1.2001324124279918E7
2370;6685;2;1.2001324124279918E7
2371;6687;2;1.2001324124279918E7
2372;6688;1;1.2001324124279918E7
2373;6690;2;1.2001324124279918E7
2374;6693;3;1.2001324124279918E7
2375;6694;1;1.2001324124279918E7
2376;6697;3;1.2001324124279918E7
2377;6699;2;1.2001324124279918E7
2378;6700;1;1.2001324124279918E7
2379;6701;1;1.2001324124279918E7
2380;6704;3;1.2001324124279918E7
2381;6706;2;1.2001324124279918E7
2382;6708;2;1.2001324124279918E7
2383;6710;2;1.2001324124279918E7
2384;6712;2;1.2001324124279918E7
2385;6714;2;1.2001324124279918E7
2386;6718;4;1.2001324124279918E7
2387;6723;5;1.2001324124279918E7
2388;6725;2;1.2001324124279918E7
2389;6729;4;1.2001324124279918E7
2390;6730;1;1.2001324124279918E7
2391;6732;2;1.2001324124279918E7
2392;6733;1;1.2001324124279918E7
2393;6736;3;1.2001324124279918E7
2394;6738;2;1.2001324124279918E7
2395;6740;2;1.2001324124279918E7
2396;6741;1;1.2001324124279918E7
2397;6744;3;1.2001324124279918E7
2398;6746;2;1.2001320803816337E7
2399;6748;2;1.2001320803816337E7
2400;6749;1;1.2001320803816337E7
2401;6750;1;1.2001320803816337E7
2402;6752;2;1.2001320803816337E7
2403;6755;3;1.2001320803816337E7
2404;6757;2;1.2001320803816337E7
2405;6759;2;1.2001320803816337E7
2406;6762;3;1.2001320803816337E7
2407;6765;3;1.2001320803816337E7
2408;6767;2;1.2001320803816337E7
2409;6769;2;1.2001320803816337E7
2410;6771;2;1.2001320803816337E7
2411;6774;3;1.2001320803816337E7
2412;6777;3;1.2001320803816337E7
2413;6782;5;1.2001320803816337E7
2414;6782;0;1.2001320803816337E7
2415;6785;3;1.2001320803816337E7
2416;6786;1;1.2001320803816337E7
2417;6787;1;1.2001320803816337E7
2418;6788;1;1.2001320803816337E7
2419;6789;1;1.2001320803816337E7
2420;6791;2;1.2001320803816337E7
2421;6795;4;1.2001320803816337E7
2422;6797;2;1.2001320803816337E7
2423;6799;2;1.2001320803816337E7
2424;6801;2;1.2001320803816337E7
2425;6803;2;1.2001320803816337E7
2426;6805;2;1.2001320803816337E7
2427;6808;3;1.2001320803816337E7
2428;6811;3;1.2001320803816337E7
2429;6813;2;1.2001320803816337E7
2430;6815;2;1.2001320803816337E7
2431;6818;3;1.2001320803816337E7
2432;6820;2;1.2001320803816337E7
2433;6822;2;1.2001320803816337E7
2434;6824;2;1.2001320803816337E7
2435;6826;2;1.2001320803816337E7
2436;6830;4;1.2001320803816337E7
2437;6833;3;1.2001320803816337E7
2438;6835;2;1.2001320803816337E7
2439;6837;2;1.2001320803816337E7
2440;6839;2;1.2001320803816337E7
2441;6841;2;1.2001320803816337E7
2442;6843;2;1.2001320803816337E7
2443;6846;3;1.2001320803816337E7
2444;6849;3;1.2001320803816337E7
2445;6852;3;1.2001320803816337E7
2446;6855;3;1.2001320803816337E7
2447;6857;2;1.2001320803816337E7
2448;6860;3;1.2001320803816337E7
2449;6863;3;1.2001320803816337E7
2450;6866;3;1.2001320803816337E7
2451;6867;1;1.2001320803816337E7
2452;6869;2;1.2001320803816337E7
2453;6872;3;1.2001320803816337E7
2454;6874;2;1.2001320803816337E7
2455;6876;2;1.2001320803816337E7
2456;6877;1;1.2001320803816337E7
2457;6880;3;1.2001320803816337E7
2458;6882;2;1.2001320803816337E7
2459;6882;0;1.2001320803816337E7
2460;6884;2;1.2001320803816337E7
2461;6886;2;1.2001320803816337E7
2462;6888;2;1.2001320803816337E7
2463;6890;2;1.2001320803816337E7
2464;6892;2;1.2001320803816337E7
2465;6893;1;1.2001320803816337E7
2466;6895;2;1.2001320803816337E7
2467;6897;2;1.2001320803816337E7
2468;6900;3;1.2001320803816337E7
2469;6904;4;1.2001320803816337E7
2470;6907;3;1.2001320803816337E7
2471;6908;1;1.2001320803816337E7
2472;6909;1;1.2001320803816337E7
2473;6911;2;1.2001320803816337E7
2474;6915;4;1.2001320803816337E7
2475;6917;2;1.2001320803816337E7
2476;6919;2;1.2001320803816337E7
2477;6920;1;1.2001320803816337E7
2478;6923;3;1.2001320803816337E7
2479;6924;1;1.2001320803816337E7
2480;6927;3;1.2001320803816337E7
2481;6929;2;1.2001320803816337E7
2482;6932;3;1.2001320803816337E7
2483;6935;3;1.2001320803816337E7
2484;6938;3;1.2001320803816337E7
2485;6939;1;1.2001320803816337E7
2486;6942;3;1.2001320803816337E7
2487;6943;1;1.2001320803816337E7
2488;6948;5;1.2001320803816337E7
2489;6950;2;1.2001320803816337E7
2490;6953;3;1.2001320803816337E7
2491;6955;2;1.2001320803816337E7
2492;6957;2;1.2001320803816337E7
2493;6959;2;1.2001320803816337E7
2494;6962;3;1.2001320803816337E7
2495;6965;3;1.2001320803816337E7
2496;6967;2;1.2001320803816337E7
2497;6969;2;1.2001320803816337E7
2498;6972;3;1.2001320803816337E7
2499;6974;2;1.2001320803816337E7
2500;6976;2;1.2001320803816337E7
2501;6977;1;1.2001320803816337E7
2502;6979;2;1.2001320803816337E7
2503;6984;5;1.2001320803816337E7
2504;6986;2;1.2001320803816337E7
2505;6988;2;1.2001320803816337E7
2506;6990;2;1.2001320803816337E7
2507;6992;2;1.2001320803816337E7
2508;6995;3;1.2001320803816337E7
2509;6997;2;1.2001320803816337E7
2510;6998;1;1.2001320803816337E7
2511;7000;2;1.2001320803816337E7
2512;7001;1;1.2001320803816337E7
2513;7003;2;1.2001320803816337E7
2514;7005;2;1.2001320803816337E7
2515;7006;1;1.2001320803816337E7
2516;7008;2;1.2001320803816337E7
2517;7010;2;1.2001320803816337E7
2518;7013;3;1.2001320803816337E7
2519;7014;1;1.2001320803816337E7
2520;7017;3;1.2001320803816337E7
2521;7019;2;1.2001320803816337E7
2522;7021;2;1.2001320803816337E7
2523;7024;3;1.2001320803816337E7
2524;7027;3;1.2001320803816337E7
2525;7030;3;1.2001309776018241E7
2526;7032;2;1.2001309776018241E7
2527;7034;2;1.2001309776018241E7
2528;7038;4;1.2001309776018241E7
2529;7039;1;1.2001309776018241E7
2530;7044;5;1.2001309776018241E7
2531;7048;4;1.2001309776018241E7
2532;7051;3;1.2001309776018241E7
2533;7053;2;1.2001309776018241E7
2534;7056;3;1.200129738139931E7
2535;7058;2;1.200129738139931E7
2536;7060;2;1.2001294652142469E7
2537;7064;4;1.2001294652142469E7
2538;7066;2;1.2001294652142469E7
2539;7067;1;1.2001290989194922E7
2540;7070;3;1.2001290989194922E7
2541;7072;2;1.2001290625682322E7
2542;7074;2;1.2001290625682322E7
2543;7077;3;1.2001290625682322E7
2544;7081;4;1.2001290625682322E7
2545;7084;3;1.2001290625682322E7
2546;7087;3;1.2001290625682322E7
2547;7088;1;1.2001290625682322E7
2548;7090;2;1.2001290625682322E7
2549;7092;2;1.2001290625682322E7
2550;7093;1;1.2001290625682322E7
2551;7095;2;1.2001290625682322E7
2552;7098;3;1.2001286423690226E7
2553;7101;3;1.2001286423690226E7
2554;7103;2;1.2001286423690226E7
2555;7103;0;1.2001286423690226E7
2556;7105;2;1.2001286423690226E7
2557;7107;2;1.2001286423690226E7
2558;7108;1;1.2001286423690226E7
2559;7110;2;1.2001272980338588E7
2560;7114;4;1.2001272980338588E7
2561;7115;1;1.2001272980338588E7
2562;7115;0;1.2001272980338588E7
2563;7118;3;1.2001272980338588E7
2564;7120;2;1.2001272980338588E7
2565;7121;1;1.2001272980338588E7
2566;7123;2;1.2001255974526595E7
2567;7124;1;1.2001255974526595E7
2568;7126;2;1.2001255974526595E7
2569;7129;3;1.2001255974526595E7
2570;7132;3;1.2001253866212174E7
2571;7135;3;1.2001253866212174E7
2572;7137;2;1.2001245608799506E7
2573;7138;1;1.2001244976476476E7
2574;7141;3;1.2001244976476476E7
2575;7143;2;1.2001244976476476E7
2576;7148;5;1.2001244976476476E7
2577;7152;4;1.2001244976476476E7
2578;7154;2;1.2001244976476476E7
2579;7156;2;1.2001244976476476E7
2580;7158;2;1.2001244976476476E7
2581;7159;1;1.2001244976476476E7
2582;7163;4;1.2001244976476476E7
2583;7166;3;1.2001244976476476E7
2584;7168;2;1.2001244976476476E7
2585;7168;0;1.2001244976476476E7
2586;7172;4;1.2001244976476476E7
2587;7174;2;1.2001244976476476E7
2588;7176;2;1.2001244976476476E7
2589;7182;6;1.2001244976476476E7
2590;7184;2;1.2001244976476476E7
2591;7186;2;1.2001244976476476E7
2592;7188;2;1.2001244976476476E7
2593;7191;3;1.2001244976476476E7
2594;7193;2;1.2001244976476476E7
2595;7193;0;1.2001244976476476E7
2596;7196;3;1.2001244976476476E7
2597;7198;2;1.2001244976476476E7
2598;7201;3;1.2001244976476476E7
2599;7203;2;1.2001244976476476E7
2600;7204;1;1.2001244976476476E7
2601;7205;1;1.2001244976476476E7
2602;7208;3;1.2001244976476476E7
2603;7208;0;1.2001244976476476E7
2604;7210;2;1.2001244976476476E7
2605;7214;4;1.2001244976476476E7
2606;7217;3;1.2001244976476476E7
2607;7220;3;1.2001244976476476E7
2608;7222;2;1.2001244976476476E7
2609;7223;1;1.2001244976476476E7
2610;7226;3;1.2001244976476476E7
2611;7228;2;1.2001244976476476E7
2612;7233;5;1.2001244976476476E7
2613;7236;3;1.2001244976476476E7
2614;7238;2;1.2001244976476476E7
2615;7240;2;1.2001244976476476E7
2616;7242;2;1.2001244976476476E7
2617;7244;2;1.2001244976476476E7
2618;7248;4;1.2001244976476476E7
2619;7252;4;1.2001244976476476E7
2620;7253;1;1.2001244976476476E7
2621;7256;3;1.2001244976476476E7
2622;7258;2;1.2001244976476476E7
2623;7261;3;1.2001244976476476E7
2624;7262;1;1.2001244976476476E7
2625;7266;4;1.2001244976476476E7
2626;7267;1;1.2001244976476476E7
2627;7270;3;1.2001244976476476E7
2628;7273;3;1.2001244976476476E7
2629;7276;3;1.2001244976476476E7
2630;7280;4;1.2001244976476476E7
2631;7282;2;1.2001244976476476E7
2632;7286;4;1.2001244976476476E7
2633;7288;2;1.2001244976476476E7
2634;7289;1;1.2001244976476476E7
2635;7290;1;1.2001244976476476E7
2636;7291;1;1.2001244976476476E7
2637;7293;2;1.2001244976476476E7
2638;7295;2;1.2001244976476476E7
2639;7299;4;1.2001244976476476E7
2640;7301;2;1.2001244976476476E7
2641;7303;2;1.2001244976476476E7
2642;7305;2;1.2001244976476476E7
2643;7308;3;1.2001244976476476E7
2644;7310;2;1.2001244976476476E7
2645;7313;3;1.2001244976476476E7
2646;7315;2;1.2001244976476476E7
2647;7319;4;1.2001244976476476E7
2648;7323;4;1.2001244976476476E7
2649;7325;2;1.2001244976476476E7
2650;7328;3;1.2001244976476476E7
2651;7331;3;1.2001244976476476E7
2652;7334;3;1.2001244976476476E7
2653;7336;2;1.2001244976476476E7
2654;7338;2;1.2001244976476476E7
2655;7340;2;1.2001244976476476E7
2656;7343;3;1.2001244976476476E7
2657;7346;3;1.2001244976476476E7
2658;7348;2;1.2001244976476476E7
2659;7352;4;1.2001244976476476E7
2660;7354;2;1.2001244976476476E7
2661;7356;2;1.2001244976476476E7
2662;7358;2;1.2001244976476476E7
2663;7359;1;1.2001244976476476E7
2664;7362;3;1.2001244976476476E7
2665;7365;3;1.2001244976476476E7
2666;7368;3;1.2001244976476476E7
2667;7369;1;1.2001244976476476E7
2668;7371;2;1.2001244976476476E7
2669;7373;2;1.2001244976476476E7
2670;7375;2;1.2001242165017277E7
2671;7376;1;1.2001242165017277E7
2672;7378;2;1.2001242165017277E7
2673;7381;3;1.2001242165017277E7
2674;7383;2;1.2001242165017277E7
2675;7386;3;1.2001242165017277E7
2676;7388;2;1.2001242165017277E7
2677;7389;1;1.2001242165017277E7
2678;7391;2;1.2001242165017277E7
2679;7392;1;1.2001242165017277E7
2680;7394;2;1.2001242165017277E7
2681;7395;1;1.2001242165017277E7
2682;7395;0;1.2001242165017277E7
2683;7398;3;1.2001242165017277E7
2684;7401;3;1.2001242165017277E7
2685;7404;3;1.2001242165017277E7
2686;7405;1;1.2001242165017277E7
2687;7407;2;1.2001242165017277E7
2688;7410;3;1.2001242165017277E7
2689;7412;2;1.2001242165017277E7
2690;7416;4;1.2001242165017277E7
2691;7417;1;1.2001242165017277E7
2692;7423;6;1.2001242165017277E7
2693;7424;1;1.2001242165017277E7
2694;7427;3;1.2001242165017277E7
2695;7432;5;1.2001242165017277E7
2696;7436;4;1.2001242165017277E7
2697;7437;1;1.2001242165017277E7
2698;7440;3;1.2001242165017277E7
2699;7442;2;1.2001242165017277E7
2700;7443;1;1.2001242165017277E7
2701;7444;1;1.2001242165017277E7
2702;7446;2;1.2001242165017277E7
2703;7448;2;1.2001242165017277E7
2704;7450;2;1.1001287069289235E7
2705;7453;3;1.1001287069289235E7
2706;7455;2;1.1001287069289235E7
2707;7458;3;1.1001287069289235E7
2708;7460;2;1.1001287069289235E7
2709;7463;3;1.1001287069289235E7
2710;7464;1;1.1001287069289235E7
2711;7465;1;1.1001287069289235E7
2712;7468;3;1.1001287069289235E7
2713;7470;2;1.1001287069289235E7
2714;7474;4;1.1001287069289235E7
2715;7475;1;1.1001287069289235E7
2716;7477;2;1.1001287069289235E7
2717;7480;3;1.1001287069289235E7
2718;7483;3;1.1001287069289235E7
2719;7485;2;1.1001287069289235E7
2720;7486;1;1.1001287069289235E7
2721;7488;2;1.1001287069289235E7
2722;7490;2;1.1001287069289235E7
2723;7491;1;1.1001287069289235E7
2724;7493;2;1.1001287069289235E7
2725;7496;3;1.1001287069289235E7
2726;7497;1;1.1001287069289235E7
2727;7499;2;1.1001287069289235E7
2728;7501;2;1.1001287069289235E7
2729;7506;5;1.1001287069289235E7
2730;7508;2;1.1001287069289235E7
2731;7509;1;1.1001287069289235E7
2732;7512;3;1.1001287069289235E7
2733;7516;4;1.1001287069289235E7
2734;7518;2;1.1001287069289235E7
2735;7519;1;1.1001287069289235E7
2736;7521;2;1.1001287069289235E7
2737;7523;2;1.1001287069289235E7
2738;7525;2;1.1001287069289235E7
2739;7527;2;1.1001287069289235E7
2740;7530;3;1.1001287069289235E7
2741;7533;3;1.1001287069289235E7
2742;7534;1;1.1001287069289235E7
2743;7536;2;1.1001287069289235E7
2744;7538;2;1.1001287069289235E7
2745;7540;2;1.1001287069289235E7
2746;7542;2;1.1001287069289235E7
2747;7543;1;1.1001287069289235E7
2748;7545;2;1.1001287069289235E7
2749;7546;1;1.1001287069289235E7
2750;7549;3;1.1001287069289235E7
2751;7552;3;1.1001287069289235E7
2752;7554;2;1.1001287069289235E7
2753;7555;1;1.1001287069289235E7
2754;7556;1;1.1001287069289235E7
2755;7558;2;1.1001287069289235E7
2756;7560;2;1.1001287069289235E7
2757;7563;3;1.1001287069289235E7
2758;7565;2;1.1001287069289235E7
2759;7568;3;1.1001287069289235E7
2760;7570;2;1.1001287069289235E7
2761;7572;2;1.1001287069289235E7
2762;7574;2;1.1001286868503502E7
2763;7575;1;1.1001286868503502E7
2764;7577;2;1.1001286868503502E7
2765;7578;1;1.1001286868503502E7
2766;7579;1;1.1001286868503502E7
2767;7581;2;1.1001286868503502E7
2768;7583;2;1.1001286868503502E7
2769;7587;4;1.1001286868503502E7
2770;7589;2;1.1001286868503502E7
2771;7592;3;1.1001286868503502E7
2772;7593;1;1.1001286868503502E7
2773;7595;2;1.1001286868503502E7
2774;7599;4;1.1001285538634041E7
2775;7601;2;1.1001285538634041E7
2776;7604;3;1.1001285538634041E7
2777;7604;0;1.1001285538634041E7
2778;7606;2;1.1001285538634041E7
2779;7606;0;1.1001285538634041E7
2780;7608;2;1.1001285538634041E7
2781;7609;1;1.1001285538634041E7
2782;7612;3;1.1001285538634041E7
2783;7615;3;1.1001285538634041E7
2784;7615;0;1.1001285538634041E7
2785;7618;3;1.1001285538634041E7
2786;7621;3;1.1001285538634041E7
2787;7622;1;1.1001285538634041E7
2788;7624;2;1.1001285538634041E7
2789;7627;3;1.100127934460305E7
2790;7628;1;1.100127934460305E7
2791;7629;1;1.100127934460305E7
2792;7632;3;1.100127934460305E7
2793;7633;1;1.100127934460305E7
2794;7635;2;1.100127934460305E7
2795;7639;4;1.100127934460305E7
2796;7642;3;1.100127934460305E7
2797;7645;3;1.100127934460305E7
2798;7647;2;1.100127934460305E7
2799;7649;2;1.100127934460305E7
2800;7653;4;1.100127934460305E7
2801;7654;1;1.100127934460305E7
2802;7656;2;1.100127934460305E7
2803;7658;2;1.100127934460305E7
2804;7659;1;1.100127934460305E7
2805;7662;3;1.100127934460305E7
2806;7665;3;1.100127934460305E7
2807;7668;3;1.100127934460305E7
2808;7670;2;1.100127934460305E7
2809;7671;1;1.100127934460305E7
2810;7673;2;1.100127934460305E7
2811;7674;1;1.100127934460305E7
2812;7676;2;1.100127934460305E7
2813;7680;4;1.100127934460305E7
2814;7683;3;1.100127934460305E7
2815;7686;3;1.100127934460305E7
2816;7687;1;1.100127934460305E7
2817;7689;2;1.100127934460305E7
2818;7690;1;1.100127934460305E7
2819;7694;4;1.100127934460305E7
2820;7696;2;1.100127934460305E7
2821;7700;4;1.100127934460305E7
2822;7702;2;1.100127934460305E7
2823;7705;3;1.100127934460305E7
2824;7707;2;1.100127934460305E7
2825;7708;1;1.100127934460305E7
2826;7710;2;1.100127934460305E7
2827;7712;2;1.100127934460305E7
2828;7715;3;1.100127934460305E7
2829;7718;3;1.100127934460305E7
2830;7719;1;1.100127934460305E7
2831;7721;2;1.100127934460305E7
2832;7723;2;1.100127934460305E7
2833;7725;2;1.100127934460305E7
2834;7727;2;1.100127934460305E7
2835;7731;4;1.100127934460305E7
2836;7732;1;1.100127934460305E7
2837;7734;2;1.100127934460305E7
2838;7736;2;1.100127934460305E7
2839;7737;1;1.100127934460305E7
2840;7739;2;1.100127934460305E7
2841;7739;0;1.100127934460305E7
2842;7741;2;1.100127934460305E7
2843;7743;2;1.100127934460305E7
2844;7746;3;1.100127934460305E7
2845;7748;2;1.100127934460305E7
2846;7751;3;1.100127934460305E7
2847;7753;2;1.100127934460305E7
2848;7755;2;1.100127934460305E7
2849;7758;3;1.100127934460305E7
2850;7758;0;1.100127934460305E7
2851;7761;3;1.1001253471441714E7
2852;7762;1;1.1001253471441714E7
2853;7762;0;1.1001253471441714E7
2854;7766;4;1.1001253471441714E7
2855;7768;2;1.1001253471441714E7
2856;7770;2;1.1001250658378027E7
2857;7772;2;1.1001250658378027E7
2858;7774;2;1.1001250658378027E7
2859;7776;2;1.1001250658378027E7
2860;7778;2;1.1001250658378027E7
2861;7781;3;1.1001250603645364E7
2862;7783;2;1.1001250603645364E7
2863;7785;2;1.1001250603645364E7
2864;7786;1;1.1001250603645364E7
2865;7788;2;1.1001250603645364E7
2866;7789;1;1.1001250603645364E7
2867;7791;2;1.1001250603645364E7
2868;7792;1;1.1001250603645364E7
2869;7793;1;1.1001250603645364E7
2870;7795;2;1.1001250603645364E7
2871;7799;4;1.1001250603645364E7
2872;7800;1;1.1001250603645364E7
2873;7803;3;1.1001250603645364E7
2874;7806;3;1.1001247802966446E7
2875;7808;2;1.1001247802966446E7
2876;7811;3;1.1001247802966446E7
2877;7813;2;1.1001247802966446E7
2878;7815;2;1.1001247802966446E7
2879;7818;3;1.1001247802966446E7
2880;7820;2;1.1001247802966446E7
2881;7821;1;1.1001247802966446E7
2882;7823;2;1.1001247802966446E7
2883;7825;2;1.1001247802966446E7
2884;7827;2;1.1001247802966446E7
2885;7829;2;1.1001247802966446E7
2886;7832;3;1.1001247802966446E7
2887;7836;4;1.1001247802966446E7
2888;7838;2;1.1001247802966446E7
2889;7840;2;1.1001247802966446E7
2890;7840;0;1.1001247802966446E7
2891;7842;2;1.1001247802966446E7
2892;7843;1;1.1001247802966446E7
2893;7846;3;1.1001247802966446E7
2894;7854;8;1.1001247802966446E7
2895;7855;1;1.1001247802966446E7
2896;7856;1;1.1001247802966446E7
2897;7858;2;1.1001247802966446E7
2898;7861;3;1.1001247802966446E7
2899;7863;2;1.1001247802966446E7
2900;7867;4;1.1001247802966446E7
2901;7870;3;1.1001247802966446E7
2902;7872;2;1.1001247802966446E7
2903;7873;1;1.1001247802966446E7
2904;7876;3;1.1001247802966446E7
2905;7878;2;1.1001247802966446E7
2906;7878;0;1.1001247802966446E7
2907;7881;3;1.1001247802966446E7
2908;7884;3;1.1001247802966446E7
2909;7886;2;1.1001247802966446E7
2910;7888;2;1.1001247802966446E7
2911;7889;1;1.1001247802966446E7
2912;7890;1;1.1001247802966446E7
2913;7892;2;1.1001247802966446E7
2914;7894;2;1.1001247802966446E7
2915;7895;1;1.1001247802966446E7
2916;7897;2;1.1001247802966446E7
2917;7901;4;1.1001247802966446E7
2918;7903;2;1.1001247802966446E7
2919;7904;1;1.1001247802966446E7
2920;7906;2;1.1001247802966446E7
2921;7909;3;1.1001247802966446E7
2922;7910;1;1.1001247802966446E7
2923;7912;2;1.1001247802966446E7
2924;7915;3;1.1001247802966446E7
2925;7919;4;1.1001247802966446E7
2926;7920;1;1.1001247802966446E7
2927;7924;4;1.1001241504747558E7
2928;7924;0;1.1001241504747558E7
2929;7926;2;1.1001241504747558E7
2930;7927;1;1.1001241504747558E7
2931;7929;2;1.1001241504747558E7
2932;7932;3;1.1001241504747558E7
2933;7935;3;1.1001241504747558E7
2934;7937;2;1.1001241504747558E7
2935;7939;2;1.1001241504747558E7
2936;7941;2;1.1001241504747558E7
2937;7942;1;1.1001241504747558E7
2938;7945;3;1.1001241504747558E7
2939;7949;4;1.1001241504747558E7
2940;7950;1;1.1001241504747558E7
2941;7953;3;1.1001241504747558E7
2942;7954;1;1.1001241504747558E7
2943;7958;4;1.1001241504747558E7
2944;7959;1;1.1001241504747558E7
2945;7961;2;1.1001237590146845E7
2946;7962;1;1.1001237590146845E7
2947;7965;3;1.1001237590146845E7
2948;7968;3;1.1001236960355608E7
2949;7970;2;1.1001225242254278E7
2950;7972;2;1.100121782226695E7
2951;7974;2;1.1001216032086495E7
2952;7976;2;1.1001216015069779E7
2953;7976;0;1.1001216015069779E7
2954;7977;1;1.1001216015069779E7
2955;7980;3;1.1001216015069779E7
2956;7984;4;1.1001216015069779E7
2957;7985;1;1.1001216015069779E7
2958;7986;1;1.1001216015069779E7
2959;7988;2;1.1001216015069779E7
2960;7991;3;1.1001216015069779E7
2961;7993;2;1.100121313095345E7
2962;7996;3;1.100121313095345E7
2963;7999;3;1.100121313095345E7
2964;8002;3;1.100121313095345E7
2965;8004;2;1.100121313095345E7
2966;8006;2;1.100121313095345E7
2967;8007;1;1.100121313095345E7
2968;8010;3;1.100121313095345E7
2969;8014;4;1.100121313095345E7
2970;8018;4;1.1001213069859324E7
2971;8021;3;1.1001213069859324E7
2972;8022;1;1.100121252824901E7
2973;8024;2;1.100121252824901E7
2974;8026;2;1.100121252824901E7
2975;8027;1;1.100121252824901E7
2976;8030;3;1.100121252824901E7
2977;8033;3;1.100121252824901E7
2978;8035;2;1.100121252824901E7
2979;8037;2;1.100121252824901E7
2980;8040;3;1.100121252824901E7
2981;8044;4;1.100121252824901E7
2982;8045;1;1.100121252824901E7
2983;8049;4;1.100121252824901E7
2984;8051;2;1.1001211988751397E7
2985;8055;4;1.1001211988751397E7
2986;8058;3;1.1001211988751397E7
2987;8059;1;1.1001211988751397E7
2988;8062;3;1.1001211988751397E7
2989;8067;5;1.1001211988751397E7
2990;8068;1;1.1001211988751397E7
2991;8072;4;1.1001211988751397E7
2992;8074;2;1.1001211988751397E7
2993;8077;3;1.1001211988751397E7
2994;8080;3;1.1001211988751397E7
2995;8083;3;1.1001211988751397E7
2996;8085;2;1.1001211988751397E7
2997;8087;2;1.1001211988751397E7
2998;8090;3;1.1001211988751397E7
2999;8094;4;1.1001211988751397E7
