Index;Time point [ms];Iteration length [ms];Cost
0;5;5;1.3002975661553083E7
1;5;0;1.3002975661553083E7
2;8;3;1.3002975661553083E7
3;8;0;1.3002975661553083E7
4;11;3;1.3001929369153492E7
5;15;4;1.3001929369153492E7
6;20;5;1.3001821951479226E7
7;21;1;1.3001816217948224E7
8;22;1;1.3001811007129787E7
9;23;1;1.3001811007129787E7
10;25;2;1.3001811007129787E7
11;27;2;1.3001811007129787E7
12;31;4;1.3001811007129787E7
13;31;0;1.3001811007129787E7
14;33;2;1.3001811007129787E7
15;37;4;1.3001811007129787E7
16;42;5;1.3001811007129787E7
17;45;3;1.3001811007129787E7
18;47;2;1.3001781273778189E7
19;50;3;1.3001781273778189E7
20;54;4;1.200161807186998E7
21;58;4;1.2001548022152841E7
22;59;1;1.2001529879247207E7
23;63;4;1.2001529879247207E7
24;65;2;1.2001529879247207E7
25;68;3;1.2001529879247207E7
26;70;2;1.2001529879247207E7
27;74;4;1.2001529879247207E7
28;74;0;1.2001529879247207E7
29;76;2;1.2001529879247207E7
30;77;1;1.2001529879247207E7
31;80;3;1.2001529879247207E7
32;84;4;1.2001529879247207E7
33;86;2;1.2001529879247207E7
34;88;2;1.2001529879247207E7
35;89;1;1.2001529879247207E7
36;92;3;1.2001529879247207E7
37;95;3;1.2001529879247207E7
38;97;2;1.2001529879247207E7
39;100;3;1.2001529879247207E7
40;103;3;1.2001529879247207E7
41;103;0;1.2001529879247207E7
42;106;3;1.2001529879247207E7
43;108;2;1.2001529879247207E7
44;111;3;1.2001529879247207E7
45;113;2;1.2001529879247207E7
46;115;2;1.2001529879247207E7
47;117;2;1.2001529879247207E7
48;120;3;1.2001529879247207E7
49;123;3;1.2001529879247207E7
50;126;3;1.2001529879247207E7
51;129;3;1.2001529879247207E7
52;131;2;1.2001529879247207E7
53;135;4;1.2001529879247207E7
54;137;2;1.2001529879247207E7
55;140;3;1.2001529879247207E7
56;141;1;1.2001529879247207E7
57;143;2;1.2001529879247207E7
58;146;3;1.2001529879247207E7
59;149;3;1.2001529879247207E7
60;151;2;1.2001529879247207E7
61;154;3;1.2001529879247207E7
62;158;4;1.2001529879247207E7
63;161;3;1.2001529879247207E7
64;164;3;1.2001529879247207E7
65;167;3;1.2001529879247207E7
66;169;2;1.2001529879247207E7
67;172;3;1.2001529879247207E7
68;174;2;1.2001529879247207E7
69;177;3;1.2001529879247207E7
70;180;3;1.2001529879247207E7
71;183;3;1.2001529879247207E7
72;184;1;1.2001529879247207E7
73;188;4;1.2001529879247207E7
74;191;3;1.200152190459688E7
75;194;3;1.200151790416136E7
76;195;1;1.200151790416136E7
77;199;4;1.200151790416136E7
78;202;3;1.200151790416136E7
79;204;2;1.200151790416136E7
80;206;2;1.200151790416136E7
81;208;2;1.200151790416136E7
82;209;1;1.200151790416136E7
83;212;3;1.200151790416136E7
84;216;4;1.200151790416136E7
85;218;2;1.200151790416136E7
86;222;4;1.200151790416136E7
87;226;4;1.200151790416136E7
88;229;3;1.200151790416136E7
89;232;3;1.200151790416136E7
90;235;3;1.200151790416136E7
91;239;4;1.2001456244663509E7
92;243;4;1.2001456244663509E7
93;245;2;1.2001456244663509E7
94;252;7;1.2001456244663509E7
95;256;4;1.2001456244663509E7
96;261;5;1.2001456244663509E7
97;262;1;1.2001456244663509E7
98;267;5;1.2001456244663509E7
99;271;4;1.2001456244663509E7
100;274;3;1.2001456244663509E7
101;276;2;1.2001456244663509E7
102;277;1;1.2001456244663509E7
103;278;1;1.2001456244663509E7
104;280;2;1.2001456244663509E7
105;281;1;1.2001456244663509E7
106;284;3;1.2001456244663509E7
107;287;3;1.2001456244663509E7
108;289;2;1.2001456244663509E7
109;291;2;1.2001456244663509E7
110;295;4;1.2001456244663509E7
111;298;3;1.2001456244663509E7
112;300;2;1.2001456244663509E7
113;304;4;1.2001456244663509E7
114;306;2;1.2001456244663509E7
115;306;0;1.2001456244663509E7
116;309;3;1.2001456244663509E7
117;311;2;1.2001456244663509E7
118;313;2;1.2001456244663509E7
119;313;0;1.2001456244663509E7
120;316;3;1.2001456244663509E7
121;319;3;1.2001456244663509E7
122;321;2;1.2001456244663509E7
123;324;3;1.2001378887700956E7
124;327;3;1.2001378887700956E7
125;330;3;1.2001378887700956E7
126;332;2;1.2001378887700956E7
127;334;2;1.2001378887700956E7
128;338;4;1.2001378887700956E7
129;340;2;1.2001378887700956E7
130;343;3;1.2001378887700956E7
131;347;4;1.2001378887700956E7
132;347;0;1.2001378887700956E7
133;351;4;1.2001378887700956E7
134;354;3;1.2001378887700956E7
135;359;5;1.2001378887700956E7
136;363;4;1.2001378887700956E7
137;368;5;1.2001378887700956E7
138;371;3;1.2001378887700956E7
139;374;3;1.2001378887700956E7
140;378;4;1.2001378887700956E7
141;381;3;1.2001378887700956E7
142;384;3;1.2001378887700956E7
143;385;1;1.2001378887700956E7
144;390;5;1.2001378887700956E7
145;390;0;1.2001378887700956E7
146;394;4;1.2001378887700956E7
147;396;2;1.2001378887700956E7
148;400;4;1.2001378887700956E7
149;402;2;1.2001378887700956E7
150;405;3;1.2001378887700956E7
151;406;1;1.2001378887700956E7
152;409;3;1.2001378887700956E7
153;410;1;1.2001378887700956E7
154;412;2;1.1001175664335184E7
155;415;3;1.1001099832678454E7
156;418;3;1.1001099832678454E7
157;421;3;1.1001099832678454E7
158;422;1;1.1001099832678454E7
159;425;3;1.1001099832678454E7
160;428;3;1.1001099832678454E7
161;430;2;1.1001099832678454E7
162;433;3;1.1001099832678454E7
163;435;2;1.1001099832678454E7
164;437;2;1.1001099832678454E7
165;440;3;1.1001099832678454E7
166;442;2;1.1001099832678454E7
167;446;4;1.1001099832678454E7
168;448;2;1.1001099832678454E7
169;449;1;1.1001099832678454E7
170;453;4;1.1001099832678454E7
171;456;3;1.1001099832678454E7
172;459;3;1.1001099832678454E7
173;459;0;1.1001099832678454E7
174;461;2;1.1001099832678454E7
175;464;3;1.1001099832678454E7
176;466;2;1.1001099832678454E7
177;467;1;1.1001099832678454E7
178;468;1;1.1001099832678454E7
179;471;3;1.1001099832678454E7
180;474;3;1.1001099832678454E7
181;474;0;1.1001099832678454E7
182;477;3;1.1001099832678454E7
183;480;3;1.1001099832678454E7
184;482;2;1.1001099832678454E7
185;483;1;1.1001099832678454E7
186;485;2;1.1001099832678454E7
187;488;3;1.1001099832678454E7
188;490;2;1.1001099832678454E7
189;493;3;1.1001099832678454E7
190;496;3;1.1001099832678454E7
191;498;2;1.1001099832678454E7
192;500;2;1.1001099832678454E7
193;503;3;1.1001099832678454E7
194;506;3;1.1001099832678454E7
195;510;4;1.1001099832678454E7
196;514;4;1.1001099832678454E7
197;517;3;1.1001099832678454E7
198;519;2;1.1001099832678454E7
199;523;4;1.1001099832678454E7
200;523;0;1.1001099832678454E7
201;526;3;1.1001099832678454E7
202;528;2;1.1001099832678454E7
203;532;4;1.1001099832678454E7
204;534;2;1.1001099832678454E7
205;536;2;1.1001099832678454E7
206;539;3;1.1001099832678454E7
207;541;2;1.1001099832678454E7
208;544;3;1.1001099832678454E7
209;545;1;1.1001099832678454E7
210;548;3;1.1001099832678454E7
211;550;2;1.1001099832678454E7
212;552;2;1.1001099832678454E7
213;555;3;1.1001099832678454E7
214;557;2;1.1001099832678454E7
215;559;2;1.1001099832678454E7
216;562;3;1.1001099832678454E7
217;562;0;1.1001099832678454E7
218;566;4;1.1001099832678454E7
219;569;3;1.1001099832678454E7
220;572;3;1.1001099832678454E7
221;575;3;1.1001099832678454E7
222;576;1;1.1001099832678454E7
223;580;4;1.1001099832678454E7
224;583;3;1.1001099832678454E7
225;585;2;1.1001099832678454E7
226;588;3;1.1001099832678454E7
227;591;3;1.1001099832678454E7
228;593;2;1.1001099832678454E7
229;596;3;1.1001099832678454E7
230;599;3;1.1001099832678454E7
231;602;3;1.1001099832678454E7
232;602;0;1.1001099832678454E7
233;604;2;1.1001099832678454E7
234;606;2;1.1001099832678454E7
235;609;3;1.1001099832678454E7
236;611;2;1.1001099832678454E7
237;614;3;1.1001099832678454E7
238;615;1;1.1001099832678454E7
239;618;3;1.1001099832678454E7
240;622;4;1.1001099832678454E7
241;624;2;1.1001099832678454E7
242;628;4;1.1001099832678454E7
243;629;1;1.1001099832678454E7
244;631;2;1.1001099832678454E7
245;633;2;1.1001099832678454E7
246;634;1;1.1001099832678454E7
247;637;3;1.1001099832678454E7
248;638;1;1.1001099832678454E7
249;642;4;1.1001099832678454E7
250;642;0;1.1001099832678454E7
251;645;3;1.1001099832678454E7
252;646;1;1.1001099832678454E7
253;648;2;1.1001099832678454E7
254;649;1;1.1001099832678454E7
255;652;3;1.1001099832678454E7
256;655;3;1.1001099832678454E7
257;658;3;1.1001099832678454E7
258;660;2;1.1001099832678454E7
259;661;1;1.1001099832678454E7
260;662;1;1.1001099832678454E7
261;664;2;1.1001099832678454E7
262;668;4;1.1001099832678454E7
263;672;4;1.1001099832678454E7
264;673;1;1.1001099832678454E7
265;675;2;1.1001099832678454E7
266;678;3;1.1001099832678454E7
267;680;2;1.1001099832678454E7
268;684;4;1.1001099832678454E7
269;687;3;1.1001099832678454E7
270;689;2;1.1001099832678454E7
271;692;3;1.1001099832678454E7
272;694;2;1.1001099832678454E7
273;695;1;1.1001099832678454E7
274;697;2;1.1001099832678454E7
275;700;3;1.1001099832678454E7
276;701;1;1.1001099832678454E7
277;702;1;1.1001099832678454E7
278;703;1;1.1001099832678454E7
279;706;3;1.1001099832678454E7
280;708;2;1.1001099832678454E7
281;708;0;1.1001099832678454E7
282;712;4;1.1001099832678454E7
283;714;2;1.1001099832678454E7
284;718;4;1.1001099832678454E7
285;718;0;1.1001099832678454E7
286;722;4;1.1001099832678454E7
287;724;2;1.1001099832678454E7
288;726;2;1.1001099832678454E7
289;728;2;1.1001099832678454E7
290;728;0;1.1001099832678454E7
291;731;3;1.1001099832678454E7
292;734;3;1.1001099832678454E7
293;735;1;1.1001099832678454E7
294;738;3;1.1001099832678454E7
295;740;2;1.1001099832678454E7
296;743;3;1.1001099832678454E7
297;745;2;1.1001099832678454E7
298;747;2;1.1001099832678454E7
299;748;1;1.1001099832678454E7
300;750;2;1.1001099832678454E7
301;753;3;1.1001099832678454E7
302;756;3;1.1001099832678454E7
303;758;2;1.1001099832678454E7
304;761;3;1.1001099832678454E7
305;762;1;1.1001099832678454E7
306;765;3;1.1001099832678454E7
307;767;2;1.1001099832678454E7
308;770;3;1.1001099832678454E7
309;772;2;1.1001099832678454E7
310;775;3;1.1001099832678454E7
311;777;2;1.1001099832678454E7
312;779;2;1.1001099832678454E7
313;780;1;1.1001099832678454E7
314;781;1;1.1001099832678454E7
315;783;2;1.1001099832678454E7
316;784;1;1.1001099832678454E7
317;786;2;1.1001099832678454E7
318;789;3;1.1001099832678454E7
319;792;3;1.1001099832678454E7
320;796;4;1.1001099832678454E7
321;797;1;1.1001099832678454E7
322;800;3;1.1001099832678454E7
323;801;1;1.1001099832678454E7
324;805;4;1.1001099832678454E7
325;807;2;1.1001099832678454E7
326;809;2;1.1001099832678454E7
327;812;3;1.1001099832678454E7
328;815;3;1.1001099832678454E7
329;815;0;1.1001099832678454E7
330;818;3;1.1001099832678454E7
331;819;1;1.1001099832678454E7
332;821;2;1.1001099832678454E7
333;824;3;1.1001099832678454E7
334;827;3;1.1001099832678454E7
335;827;0;1.1001099832678454E7
336;829;2;1.1001099832678454E7
337;833;4;1.1001099832678454E7
338;834;1;1.1001099832678454E7
339;837;3;1.1001099832678454E7
340;839;2;1.1001099832678454E7
341;842;3;1.1001099832678454E7
342;844;2;1.1001099832678454E7
343;846;2;1.1001099832678454E7
344;847;1;1.1001099832678454E7
345;850;3;1.1001099832678454E7
346;852;2;1.1001099832678454E7
347;855;3;1.1001099832678454E7
348;858;3;1.1001099832678454E7
349;860;2;1.1001099832678454E7
350;864;4;1.1001099832678454E7
351;866;2;1.1001099832678454E7
352;868;2;1.1001099832678454E7
353;870;2;1.1001099832678454E7
354;872;2;1.1001099832678454E7
355;875;3;1.1001099832678454E7
356;877;2;1.1001099832678454E7
357;878;1;1.1001099832678454E7
358;880;2;1.1001099832678454E7
359;883;3;1.1001099832678454E7
360;885;2;1.1001099832678454E7
361;886;1;1.1001099832678454E7
362;888;2;1.1001099832678454E7
363;889;1;1.1001099832678454E7
364;892;3;1.1001099832678454E7
365;894;2;1.1001099832678454E7
366;896;2;1.1001099832678454E7
367;897;1;1.1001099832678454E7
368;898;1;1.1001099832678454E7
369;898;0;1.1001099832678454E7
370;901;3;1.1001099832678454E7
371;903;2;1.1001099832678454E7
372;905;2;1.1001099832678454E7
373;907;2;1.1001099832678454E7
374;909;2;1.1001099832678454E7
375;911;2;1.1001099832678454E7
376;913;2;1.1001099832678454E7
377;916;3;1.1001099832678454E7
378;918;2;1.1001099832678454E7
379;920;2;1.1001099832678454E7
380;922;2;1.1001099832678454E7
381;926;4;1.1001099832678454E7
382;929;3;1.1001099832678454E7
383;932;3;1.1001099832678454E7
384;936;4;1.1001099832678454E7
385;942;6;1.1001099832678454E7
386;945;3;1.1001099832678454E7
387;947;2;1.1001099832678454E7
388;951;4;1.1001099832678454E7
389;952;1;1.1001099832678454E7
390;956;4;1.1001099832678454E7
391;957;1;1.1001099832678454E7
392;962;5;1.1001099832678454E7
393;966;4;1.1001099832678454E7
394;970;4;1.1001099832678454E7
395;974;4;1.1001099832678454E7
396;980;6;1.1001099832678454E7
397;985;5;1.1001099832678454E7
398;990;5;1.1001099832678454E7
399;992;2;1.1001099832678454E7
400;997;5;1.1001099832678454E7
401;1003;6;1.1001099832678454E7
402;1004;1;1.1001099832678454E7
403;1011;7;1.1001099832678454E7
404;1012;1;1.1001099832678454E7
405;1015;3;1.1001099832678454E7
406;1018;3;1.1001099832678454E7
407;1020;2;1.1001099832678454E7
408;1022;2;1.1001099832678454E7
409;1024;2;1.1001099832678454E7
410;1026;2;1.1001099832678454E7
411;1029;3;1.1001099832678454E7
412;1030;1;1.1001099832678454E7
413;1032;2;1.1001099832678454E7
414;1033;1;1.1001099832678454E7
415;1036;3;1.1001099832678454E7
416;1040;4;1.1001099832678454E7
417;1041;1;1.1001099832678454E7
418;1043;2;1.1001099832678454E7
419;1045;2;1.1001099832678454E7
420;1048;3;1.1001099832678454E7
421;1049;1;1.1001099832678454E7
422;1050;1;1.1001099832678454E7
423;1053;3;1.1001099832678454E7
424;1055;2;1.1001099832678454E7
425;1056;1;1.1001099832678454E7
426;1059;3;1.1001099832678454E7
427;1061;2;1.1001099832678454E7
428;1064;3;1.1001099832678454E7
429;1067;3;1.1001099832678454E7
430;1070;3;1.1001099832678454E7
431;1070;0;1.1001099832678454E7
432;1071;1;1.1001099832678454E7
433;1073;2;1.1001099832678454E7
434;1075;2;1.1001099832678454E7
435;1078;3;1.1001099832678454E7
436;1079;1;1.1001099832678454E7
437;1083;4;1.1001099832678454E7
438;1086;3;1.1001099832678454E7
439;1089;3;1.1001099832678454E7
440;1091;2;1.1001099832678454E7
441;1091;0;1.1001099832678454E7
442;1094;3;1.1001099832678454E7
443;1096;2;1.1001099832678454E7
444;1099;3;1.1001099832678454E7
445;1102;3;1.1001099832678454E7
446;1104;2;1.1001099832678454E7
447;1107;3;1.1001099832678454E7
448;1110;3;1.1001099832678454E7
449;1114;4;1.1001099832678454E7
450;1116;2;1.1001099832678454E7
451;1116;0;1.1001099832678454E7
452;1119;3;1.1001099832678454E7
453;1121;2;1.1001099832678454E7
454;1124;3;1.1001099832678454E7
455;1128;4;1.1001099832678454E7
456;1130;2;1.1001099832678454E7
457;1131;1;1.1001099832678454E7
458;1134;3;1.1001099832678454E7
459;1135;1;1.1001099832678454E7
460;1136;1;1.1001099832678454E7
461;1139;3;1.1001099832678454E7
462;1141;2;1.1001099832678454E7
463;1146;5;1.1001099832678454E7
464;1149;3;1.1001099832678454E7
465;1153;4;1.1001099832678454E7
466;1153;0;1.1001099832678454E7
467;1157;4;1.1001099832678454E7
468;1161;4;1.1001099832678454E7
469;1166;5;1.1001099832678454E7
470;1168;2;1.1001099832678454E7
471;1171;3;1.1001099832678454E7
472;1172;1;1.1001099832678454E7
473;1176;4;1.1001099832678454E7
474;1179;3;1.1001099832678454E7
475;1183;4;1.1001099832678454E7
476;1186;3;1.1001099832678454E7
477;1190;4;1.1001099832678454E7
478;1190;0;1.1001099832678454E7
479;1194;4;1.1001099832678454E7
480;1194;0;1.1001099832678454E7
481;1196;2;1.1001099832678454E7
482;1199;3;1.1001099832678454E7
483;1201;2;1.1001099832678454E7
484;1203;2;1.1001099832678454E7
485;1204;1;1.1001099832678454E7
486;1206;2;1.1001099832678454E7
487;1207;1;1.1001099832678454E7
488;1209;2;1.1001099832678454E7
489;1210;1;1.1001099832678454E7
490;1214;4;1.1001099832678454E7
491;1216;2;1.1001099832678454E7
492;1217;1;1.1001099832678454E7
493;1217;0;1.1001099832678454E7
494;1219;2;1.1001099832678454E7
495;1222;3;1.1001099832678454E7
496;1223;1;1.1001099832678454E7
497;1225;2;1.1001099832678454E7
498;1228;3;1.1001099832678454E7
499;1228;0;1.1001099832678454E7
500;1230;2;1.1001099832678454E7
501;1233;3;1.1001099832678454E7
502;1237;4;1.1001099832678454E7
503;1237;0;1.1001099832678454E7
504;1239;2;1.1001099832678454E7
505;1241;2;1.1001099832678454E7
506;1242;1;1.1001099832678454E7
507;1245;3;1.1001099832678454E7
508;1252;7;1.1001099832678454E7
509;1253;1;1.1001099832678454E7
510;1255;2;1.1001099832678454E7
511;1259;4;1.1001099832678454E7
512;1263;4;1.1001099832678454E7
513;1265;2;1.1001099832678454E7
514;1266;1;1.1001099832678454E7
515;1267;1;1.1001099832678454E7
516;1269;2;1.1001099832678454E7
517;1271;2;1.1001099832678454E7
518;1275;4;1.1001099832678454E7
519;1279;4;1.1001099832678454E7
520;1282;3;1.1001099832678454E7
521;1286;4;1.1001099832678454E7
522;1288;2;1.1001099832678454E7
523;1291;3;1.1001099832678454E7
524;1293;2;1.1001099832678454E7
525;1296;3;1.1001099832678454E7
526;1298;2;1.1001099832678454E7
527;1298;0;1.1001099832678454E7
528;1301;3;1.1001099832678454E7
529;1303;2;1.1001099832678454E7
530;1306;3;1.1001099832678454E7
531;1308;2;1.1001099832678454E7
532;1310;2;1.1001099832678454E7
533;1316;6;1.1001099832678454E7
534;1318;2;1.1001099832678454E7
535;1319;1;1.1001099832678454E7
536;1320;1;1.1001099832678454E7
537;1322;2;1.1001099832678454E7
538;1323;1;1.1001099832678454E7
539;1327;4;1.1001099832678454E7
540;1328;1;1.1001099832678454E7
541;1334;6;1.1001099832678454E7
542;1337;3;1.1001099832678454E7
543;1338;1;1.1001099832678454E7
544;1341;3;1.1001099832678454E7
545;1341;0;1.1001099832678454E7
546;1343;2;1.1001099832678454E7
547;1344;1;1.1001099832678454E7
548;1349;5;1.1001099832678454E7
549;1351;2;1.1001099832678454E7
550;1353;2;1.1001099832678454E7
551;1356;3;1.1001099832678454E7
552;1357;1;1.1001099832678454E7
553;1360;3;1.1001099832678454E7
554;1363;3;1.1001099832678454E7
555;1363;0;1.1001099832678454E7
556;1365;2;1.1001099832678454E7
557;1368;3;1.1001099832678454E7
558;1370;2;1.1001099832678454E7
559;1371;1;1.1001099832678454E7
560;1374;3;1.1001099832678454E7
561;1376;2;1.1001099832678454E7
562;1380;4;1.1001099832678454E7
563;1382;2;1.1001099832678454E7
564;1385;3;1.1001099832678454E7
565;1388;3;1.1001099832678454E7
566;1390;2;1.1001099832678454E7
567;1393;3;1.1001099832678454E7
568;1400;7;1.1001099832678454E7
569;1400;0;1.1001099832678454E7
570;1401;1;1.1001099832678454E7
571;1402;1;1.1001099832678454E7
572;1404;2;1.1001099832678454E7
573;1407;3;1.1001099832678454E7
574;1411;4;1.1001099832678454E7
575;1416;5;1.1001099832678454E7
576;1417;1;1.1001099832678454E7
577;1418;1;1.1001099832678454E7
578;1421;3;1.1001099832678454E7
579;1424;3;1.1001099832678454E7
580;1425;1;1.1001099832678454E7
581;1426;1;1.1001099832678454E7
582;1428;2;1.1001099832678454E7
583;1430;2;1.1001099832678454E7
584;1432;2;1.1001099832678454E7
585;1434;2;1.1001099832678454E7
586;1437;3;1.1001099832678454E7
587;1440;3;1.1001099832678454E7
588;1442;2;1.1001099832678454E7
589;1444;2;1.1001099832678454E7
590;1447;3;1.1001099832678454E7
591;1447;0;1.1001099832678454E7
592;1449;2;1.1001099832678454E7
593;1449;0;1.1001099832678454E7
594;1451;2;1.1001099832678454E7
595;1454;3;1.1001099832678454E7
596;1456;2;1.1001099832678454E7
597;1457;1;1.1001099832678454E7
598;1458;1;1.1001099832678454E7
599;1460;2;1.1001099832678454E7
600;1461;1;1.1001099832678454E7
601;1463;2;1.1001099832678454E7
602;1465;2;1.1001099832678454E7
603;1466;1;1.1001099832678454E7
604;1469;3;1.1001099832678454E7
605;1471;2;1.1001099832678454E7
606;1474;3;1.1001080186581794E7
607;1476;2;1.1001080186581794E7
608;1480;4;1.1001072791924188E7
609;1483;3;1.1001016816273566E7
610;1486;3;1.1001016816273566E7
611;1488;2;1.1001016816273566E7
612;1491;3;1.1001016816273566E7
613;1492;1;1.100101146030378E7
614;1492;0;1.100101146030378E7
615;1495;3;1.100101146030378E7
616;1497;2;1.100101146030378E7
617;1500;3;1.100101146030378E7
618;1502;2;1.100101146030378E7
619;1502;0;1.100101146030378E7
620;1504;2;1.100101146030378E7
621;1506;2;1.100101146030378E7
622;1508;2;1.100101146030378E7
623;1510;2;1.100101146030378E7
624;1513;3;1.100101146030378E7
625;1516;3;1.100101146030378E7
626;1519;3;1.100101146030378E7
627;1523;4;1.100101146030378E7
628;1524;1;1.100101146030378E7
629;1525;1;1.100101146030378E7
630;1527;2;1.100101146030378E7
631;1530;3;1.100101146030378E7
632;1532;2;1.100101146030378E7
633;1535;3;1.100101146030378E7
634;1540;5;1.100101146030378E7
635;1543;3;1.100101146030378E7
636;1545;2;1.100101146030378E7
637;1547;2;1.100101146030378E7
638;1549;2;1.100101146030378E7
639;1550;1;1.100101146030378E7
640;1552;2;1.100101146030378E7
641;1553;1;1.100101146030378E7
642;1554;1;1.100101146030378E7
643;1558;4;1.100101146030378E7
644;1560;2;1.100101146030378E7
645;1562;2;1.100101146030378E7
646;1564;2;1.100101146030378E7
647;1566;2;1.100101146030378E7
648;1567;1;1.100101146030378E7
649;1569;2;1.100101146030378E7
650;1571;2;1.100101146030378E7
651;1572;1;1.100101146030378E7
652;1574;2;1.100101146030378E7
653;1574;0;1.100101146030378E7
654;1577;3;1.100101146030378E7
655;1578;1;1.100101146030378E7
656;1581;3;1.100101146030378E7
657;1584;3;1.100101146030378E7
658;1587;3;1.100101146030378E7
659;1590;3;1.100101146030378E7
660;1592;2;1.100101146030378E7
661;1594;2;1.100101146030378E7
662;1595;1;1.100101146030378E7
663;1596;1;1.100101146030378E7
664;1599;3;1.100101146030378E7
665;1602;3;1.100101146030378E7
666;1604;2;1.100101146030378E7
667;1607;3;1.100101146030378E7
668;1607;0;1.100101146030378E7
669;1610;3;1.100101146030378E7
670;1612;2;1.100101146030378E7
671;1614;2;1.100101146030378E7
672;1617;3;1.100101146030378E7
673;1619;2;1.100101146030378E7
674;1620;1;1.100101146030378E7
675;1622;2;1.100101146030378E7
676;1624;2;1.100101146030378E7
677;1626;2;1.100101146030378E7
678;1628;2;1.100101146030378E7
679;1630;2;1.100101146030378E7
680;1632;2;1.100101146030378E7
681;1634;2;1.100101146030378E7
682;1634;0;1.100101146030378E7
683;1638;4;1.100101146030378E7
684;1640;2;1.100101146030378E7
685;1640;0;1.100101146030378E7
686;1644;4;1.100101146030378E7
687;1648;4;1.100101146030378E7
688;1649;1;1.100101146030378E7
689;1651;2;1.100101146030378E7
690;1652;1;1.100101146030378E7
691;1655;3;1.100101146030378E7
692;1658;3;1.100101146030378E7
693;1661;3;1.100101146030378E7
694;1665;4;1.100101146030378E7
695;1667;2;1.100101146030378E7
696;1669;2;1.100101146030378E7
697;1671;2;1.100101146030378E7
698;1673;2;1.100101146030378E7
699;1676;3;1.100101146030378E7
700;1679;3;1.100101146030378E7
701;1681;2;1.100101146030378E7
702;1684;3;1.100101146030378E7
703;1685;1;1.100101146030378E7
704;1688;3;1.100101146030378E7
705;1691;3;1.100101146030378E7
706;1695;4;1.100101146030378E7
707;1698;3;1.100101146030378E7
708;1700;2;1.100101146030378E7
709;1702;2;1.100101146030378E7
710;1703;1;1.100101146030378E7
711;1705;2;1.100101146030378E7
712;1707;2;1.100101146030378E7
713;1710;3;1.100101146030378E7
714;1712;2;1.100101146030378E7
715;1715;3;1.100101146030378E7
716;1715;0;1.100101146030378E7
717;1718;3;1.100101146030378E7
718;1721;3;1.100101146030378E7
719;1723;2;1.100101146030378E7
720;1726;3;1.100101146030378E7
721;1727;1;1.100101146030378E7
722;1731;4;1.100101146030378E7
723;1733;2;1.100101146030378E7
724;1734;1;1.100101146030378E7
725;1737;3;1.100101146030378E7
726;1740;3;1.100101146030378E7
727;1742;2;1.100101146030378E7
728;1744;2;1.100101146030378E7
729;1746;2;1.100101146030378E7
730;1747;1;1.100101146030378E7
731;1747;0;1.100101146030378E7
732;1749;2;1.100101146030378E7
733;1751;2;1.100101146030378E7
734;1753;2;1.100101146030378E7
735;1756;3;1.100101146030378E7
736;1757;1;1.100101146030378E7
737;1760;3;1.100101146030378E7
738;1763;3;1.100101146030378E7
739;1765;2;1.100101146030378E7
740;1766;1;1.100101146030378E7
741;1768;2;1.100101146030378E7
742;1771;3;1.100101146030378E7
743;1774;3;1.100101146030378E7
744;1776;2;1.100101146030378E7
745;1779;3;1.100101146030378E7
746;1782;3;1.100101146030378E7
747;1785;3;1.100101146030378E7
748;1788;3;1.100101146030378E7
749;1791;3;1.100101146030378E7
750;1794;3;1.100101146030378E7
751;1795;1;1.100101146030378E7
752;1796;1;1.100101146030378E7
753;1798;2;1.100101146030378E7
754;1800;2;1.100101146030378E7
755;1802;2;1.100101146030378E7
756;1804;2;1.100101146030378E7
757;1807;3;1.100101146030378E7
758;1810;3;1.100101146030378E7
759;1812;2;1.100101146030378E7
760;1815;3;1.100101146030378E7
761;1817;2;1.100101146030378E7
762;1819;2;1.100101146030378E7
763;1819;0;1.100101146030378E7
764;1821;2;1.100101146030378E7
765;1824;3;1.100101146030378E7
766;1827;3;1.100101146030378E7
767;1829;2;1.100101146030378E7
768;1831;2;1.100101146030378E7
769;1834;3;1.100101146030378E7
770;1835;1;1.100101146030378E7
771;1838;3;1.100101146030378E7
772;1841;3;1.100101146030378E7
773;1841;0;1.100101146030378E7
774;1844;3;1.100101146030378E7
775;1846;2;1.100101146030378E7
776;1849;3;1.100101146030378E7
777;1851;2;1.100101146030378E7
778;1855;4;1.100101146030378E7
779;1857;2;1.100101146030378E7
780;1859;2;1.100101146030378E7
781;1860;1;1.100101146030378E7
782;1863;3;1.100101146030378E7
783;1863;0;1.100101146030378E7
784;1867;4;1.100101146030378E7
785;1871;4;1.100101146030378E7
786;1873;2;1.100101146030378E7
787;1876;3;1.100101146030378E7
788;1878;2;1.100101146030378E7
789;1881;3;1.100101146030378E7
790;1883;2;1.100101146030378E7
791;1886;3;1.100101146030378E7
792;1889;3;1.100101146030378E7
793;1890;1;1.100101146030378E7
794;1892;2;1.100101146030378E7
795;1894;2;1.100101146030378E7
796;1896;2;1.100101146030378E7
797;1899;3;1.100101146030378E7
798;1901;2;1.100101146030378E7
799;1904;3;1.100101146030378E7
800;1906;2;1.100101146030378E7
801;1906;0;1.100101146030378E7
802;1908;2;1.100101146030378E7
803;1910;2;1.100101146030378E7
804;1913;3;1.100101146030378E7
805;1918;5;1.100101146030378E7
806;1922;4;1.100101146030378E7
807;1924;2;1.100101146030378E7
808;1925;1;1.100101146030378E7
809;1928;3;1.100101146030378E7
810;1931;3;1.100101146030378E7
811;1933;2;1.100101146030378E7
812;1935;2;1.100101146030378E7
813;1935;0;1.100101146030378E7
814;1936;1;1.100101146030378E7
815;1938;2;1.100101146030378E7
816;1940;2;1.100101146030378E7
817;1943;3;1.100101146030378E7
818;1946;3;1.100101146030378E7
819;1948;2;1.100101146030378E7
820;1951;3;1.100101146030378E7
821;1952;1;1.100101146030378E7
822;1956;4;1.100101146030378E7
823;1959;3;1.100101146030378E7
824;1959;0;1.100101146030378E7
825;1961;2;1.100101146030378E7
826;1964;3;1.100101146030378E7
827;1965;1;1.100101146030378E7
828;1966;1;1.100101146030378E7
829;1968;2;1.100101146030378E7
830;1969;1;1.100101146030378E7
831;1971;2;1.100101146030378E7
832;1974;3;1.100101146030378E7
833;1975;1;1.100101146030378E7
834;1979;4;1.100101146030378E7
835;1980;1;1.100101146030378E7
836;1981;1;1.100101146030378E7
837;1982;1;1.100101146030378E7
838;1983;1;1.100101146030378E7
839;1987;4;1.100101146030378E7
840;1989;2;1.100101146030378E7
841;1990;1;1.100101146030378E7
842;1992;2;1.100101146030378E7
843;1994;2;1.100101146030378E7
844;1996;2;1.100101146030378E7
845;1997;1;1.100101146030378E7
846;1998;1;1.100101146030378E7
847;1999;1;1.100101146030378E7
848;2001;2;1.100101146030378E7
849;2004;3;1.100101146030378E7
850;2006;2;1.100101146030378E7
851;2006;0;1.100101146030378E7
852;2008;2;1.100101146030378E7
853;2010;2;1.100101146030378E7
854;2012;2;1.100101146030378E7
855;2013;1;1.100101146030378E7
856;2015;2;1.100101146030378E7
857;2016;1;1.100101146030378E7
858;2018;2;1.100101146030378E7
859;2021;3;1.100101146030378E7
860;2023;2;1.100101146030378E7
861;2026;3;1.100101146030378E7
862;2027;1;1.100101146030378E7
863;2029;2;1.100101146030378E7
864;2031;2;1.100101146030378E7
865;2034;3;1.100101146030378E7
866;2036;2;1.100101146030378E7
867;2038;2;1.100101146030378E7
868;2040;2;1.100101146030378E7
869;2043;3;1.100101146030378E7
870;2045;2;1.100101146030378E7
871;2046;1;1.100101146030378E7
872;2048;2;1.100101146030378E7
873;2050;2;1.100101146030378E7
874;2053;3;1.100101146030378E7
875;2055;2;1.100101146030378E7
876;2056;1;1.100101146030378E7
877;2058;2;1.100101146030378E7
878;2062;4;1.100101146030378E7
879;2065;3;1.100101146030378E7
880;2067;2;1.100101146030378E7
881;2068;1;1.100101146030378E7
882;2070;2;1.100101146030378E7
883;2073;3;1.100101146030378E7
884;2075;2;1.100101146030378E7
885;2077;2;1.100101146030378E7
886;2078;1;1.100101146030378E7
887;2081;3;1.100101146030378E7
888;2085;4;1.100101146030378E7
889;2088;3;1.100101146030378E7
890;2088;0;1.100101146030378E7
891;2091;3;1.100101146030378E7
892;2091;0;1.100101146030378E7
893;2094;3;1.100101146030378E7
894;2095;1;1.100101146030378E7
895;2098;3;1.100101146030378E7
896;2099;1;1.100101146030378E7
897;2102;3;1.100101146030378E7
898;2104;2;1.100101146030378E7
899;2106;2;1.100101146030378E7
900;2107;1;1.100101146030378E7
901;2109;2;1.100101146030378E7
902;2111;2;1.100101146030378E7
903;2113;2;1.100101146030378E7
904;2113;0;1.100101146030378E7
905;2118;5;1.100101146030378E7
906;2119;1;1.100101146030378E7
907;2122;3;1.100101146030378E7
908;2124;2;1.100101146030378E7
909;2126;2;1.100101146030378E7
910;2128;2;1.100101146030378E7
911;2131;3;1.100101146030378E7
912;2133;2;1.100101146030378E7
913;2135;2;1.100101146030378E7
914;2137;2;1.100101146030378E7
915;2140;3;1.100101146030378E7
916;2141;1;1.100101146030378E7
917;2142;1;1.100101146030378E7
918;2144;2;1.100101146030378E7
919;2147;3;1.100101146030378E7
920;2148;1;1.100101146030378E7
921;2151;3;1.100101146030378E7
922;2152;1;1.100101146030378E7
923;2155;3;1.100101146030378E7
924;2157;2;1.100101146030378E7
925;2160;3;1.100101146030378E7
926;2161;1;1.100101146030378E7
927;2166;5;1.100101146030378E7
928;2169;3;1.100101146030378E7
929;2171;2;1.100101146030378E7
930;2173;2;1.100101146030378E7
931;2173;0;1.100101146030378E7
932;2176;3;1.100101146030378E7
933;2178;2;1.100101146030378E7
934;2182;4;1.100101146030378E7
935;2184;2;1.100101146030378E7
936;2186;2;1.100101146030378E7
937;2187;1;1.100101146030378E7
938;2189;2;1.100101146030378E7
939;2192;3;1.100101146030378E7
940;2192;0;1.100101146030378E7
941;2196;4;1.100101146030378E7
942;2200;4;1.100101146030378E7
943;2203;3;1.100101146030378E7
944;2205;2;1.100101146030378E7
945;2206;1;1.100101146030378E7
946;2207;1;1.100101146030378E7
947;2208;1;1.100101146030378E7
948;2210;2;1.100101146030378E7
949;2213;3;1.100101146030378E7
950;2216;3;1.100101146030378E7
951;2218;2;1.100101146030378E7
952;2220;2;1.100101146030378E7
953;2224;4;1.100101146030378E7
954;2228;4;1.100101146030378E7
955;2231;3;1.100101146030378E7
956;2232;1;1.100101146030378E7
957;2234;2;1.100101146030378E7
958;2235;1;1.100101146030378E7
959;2237;2;1.100101146030378E7
960;2239;2;1.100101146030378E7
961;2241;2;1.100101146030378E7
962;2243;2;1.100101146030378E7
963;2244;1;1.100101146030378E7
964;2247;3;1.100101146030378E7
965;2256;9;1.100101146030378E7
966;2258;2;1.100101146030378E7
967;2259;1;1.100101146030378E7
968;2262;3;1.100101146030378E7
969;2265;3;1.100101146030378E7
970;2267;2;1.100101146030378E7
971;2268;1;1.100101146030378E7
972;2272;4;1.100101146030378E7
973;2273;1;1.100101146030378E7
974;2273;0;1.100101146030378E7
975;2276;3;1.100101146030378E7
976;2278;2;1.100101146030378E7
977;2281;3;1.100101146030378E7
978;2284;3;1.100101146030378E7
979;2287;3;1.100101146030378E7
980;2290;3;1.100101146030378E7
981;2292;2;1.100101146030378E7
982;2298;6;1.100101146030378E7
983;2301;3;1.100101146030378E7
984;2303;2;1.100101146030378E7
985;2306;3;1.100101146030378E7
986;2308;2;1.100101146030378E7
987;2310;2;1.100101146030378E7
988;2313;3;1.100101146030378E7
989;2316;3;1.100101146030378E7
990;2318;2;1.100101146030378E7
991;2321;3;1.100101146030378E7
992;2323;2;1.100101146030378E7
993;2326;3;1.100101146030378E7
994;2328;2;1.100101146030378E7
995;2331;3;1.100101146030378E7
996;2333;2;1.100101146030378E7
997;2336;3;1.100101146030378E7
998;2339;3;1.100101146030378E7
999;2341;2;1.100101146030378E7
1000;2343;2;1.100101146030378E7
1001;2350;7;1.100101146030378E7
1002;2351;1;1.100101146030378E7
1003;2353;2;1.100101146030378E7
1004;2356;3;1.100101146030378E7
1005;2356;0;1.100101146030378E7
1006;2359;3;1.100101146030378E7
1007;2361;2;1.100101146030378E7
1008;2364;3;1.100101146030378E7
1009;2366;2;1.100101146030378E7
1010;2368;2;1.100101146030378E7
1011;2370;2;1.100101146030378E7
1012;2373;3;1.100101146030378E7
1013;2374;1;1.100101146030378E7
1014;2375;1;1.100101146030378E7
1015;2379;4;1.100101146030378E7
1016;2382;3;1.100101146030378E7
1017;2384;2;1.100101146030378E7
1018;2387;3;1.100101146030378E7
1019;2391;4;1.100101146030378E7
1020;2392;1;1.100101146030378E7
1021;2395;3;1.100101146030378E7
1022;2398;3;1.100101146030378E7
1023;2402;4;1.100101146030378E7
1024;2404;2;1.100101146030378E7
1025;2405;1;1.100101146030378E7
1026;2405;0;1.100101146030378E7
1027;2407;2;1.100101146030378E7
1028;2409;2;1.100101146030378E7
1029;2412;3;1.100101146030378E7
1030;2415;3;1.100101146030378E7
1031;2417;2;1.100101146030378E7
1032;2419;2;1.100101146030378E7
1033;2421;2;1.100101146030378E7
1034;2424;3;1.100101146030378E7
1035;2425;1;1.100101146030378E7
1036;2428;3;1.100101146030378E7
1037;2429;1;1.100101146030378E7
1038;2433;4;1.100101146030378E7
1039;2434;1;1.100101146030378E7
1040;2436;2;1.100101146030378E7
1041;2437;1;1.100101146030378E7
1042;2439;2;1.100101146030378E7
1043;2441;2;1.100101146030378E7
1044;2443;2;1.100101146030378E7
1045;2446;3;1.100101146030378E7
1046;2451;5;1.100101146030378E7
1047;2454;3;1.100101146030378E7
1048;2455;1;1.100101146030378E7
1049;2457;2;1.100101146030378E7
1050;2458;1;1.100101146030378E7
1051;2461;3;1.100101146030378E7
1052;2463;2;1.100101146030378E7
1053;2466;3;1.100101146030378E7
1054;2468;2;1.100101146030378E7
1055;2470;2;1.100101146030378E7
1056;2473;3;1.100101146030378E7
1057;2475;2;1.100101146030378E7
1058;2479;4;1.100101146030378E7
1059;2482;3;1.100101146030378E7
1060;2486;4;1.100101146030378E7
1061;2488;2;1.100101146030378E7
1062;2490;2;1.100101146030378E7
1063;2492;2;1.100101146030378E7
1064;2495;3;1.100101146030378E7
1065;2497;2;1.100101146030378E7
1066;2499;2;1.100101146030378E7
1067;2502;3;1.100101146030378E7
1068;2504;2;1.100101146030378E7
1069;2504;0;1.100101146030378E7
1070;2505;1;1.100101146030378E7
1071;2508;3;1.100101146030378E7
1072;2508;0;1.100101146030378E7
1073;2510;2;1.100101146030378E7
1074;2512;2;1.100101146030378E7
1075;2515;3;1.100101146030378E7
1076;2517;2;1.100101146030378E7
1077;2519;2;1.100101146030378E7
1078;2521;2;1.100101146030378E7
1079;2524;3;1.100101146030378E7
1080;2527;3;1.100101146030378E7
1081;2532;5;1.100101146030378E7
1082;2532;0;1.100101146030378E7
1083;2535;3;1.100101146030378E7
1084;2537;2;1.100101146030378E7
1085;2540;3;1.100101146030378E7
1086;2542;2;1.100101146030378E7
1087;2544;2;1.100101146030378E7
1088;2548;4;1.100101146030378E7
1089;2550;2;1.100101146030378E7
1090;2552;2;1.100101146030378E7
1091;2554;2;1.100101146030378E7
1092;2556;2;1.100101146030378E7
1093;2557;1;1.100101146030378E7
1094;2559;2;1.100101146030378E7
1095;2564;5;1.100101146030378E7
1096;2567;3;1.100101146030378E7
1097;2569;2;1.100101146030378E7
1098;2572;3;1.100101146030378E7
1099;2573;1;1.100101146030378E7
1100;2574;1;1.100101146030378E7
1101;2576;2;1.100101146030378E7
1102;2579;3;1.100101146030378E7
1103;2583;4;1.100101146030378E7
1104;2586;3;1.100101146030378E7
1105;2587;1;1.100101146030378E7
1106;2590;3;1.100101146030378E7
1107;2593;3;1.100101146030378E7
1108;2596;3;1.100101146030378E7
1109;2599;3;1.100101146030378E7
1110;2603;4;1.100101146030378E7
1111;2605;2;1.100101146030378E7
1112;2607;2;1.100101146030378E7
1113;2610;3;1.100101146030378E7
1114;2615;5;1.100101146030378E7
1115;2618;3;1.100101146030378E7
1116;2620;2;1.100101146030378E7
1117;2622;2;1.100101146030378E7
1118;2625;3;1.100101146030378E7
1119;2630;5;1.100101146030378E7
1120;2631;1;1.100101146030378E7
1121;2632;1;1.100101146030378E7
1122;2636;4;1.100101146030378E7
1123;2638;2;1.100101146030378E7
1124;2639;1;1.100101146030378E7
1125;2640;1;1.100101146030378E7
1126;2641;1;1.100101146030378E7
1127;2642;1;1.100101146030378E7
1128;2644;2;1.100101146030378E7
1129;2651;7;1.100101146030378E7
1130;2654;3;1.100101146030378E7
1131;2656;2;1.100101146030378E7
1132;2659;3;1.100101146030378E7
1133;2661;2;1.100101146030378E7
1134;2665;4;1.100101146030378E7
1135;2668;3;1.100101146030378E7
1136;2668;0;1.100101146030378E7
1137;2672;4;1.100101146030378E7
1138;2674;2;1.100101146030378E7
1139;2675;1;1.100101146030378E7
1140;2677;2;1.100101146030378E7
1141;2678;1;1.100101146030378E7
1142;2680;2;1.100101146030378E7
1143;2681;1;1.100101146030378E7
1144;2682;1;1.100101146030378E7
1145;2684;2;1.100101146030378E7
1146;2684;0;1.100101146030378E7
1147;2687;3;1.100101146030378E7
1148;2689;2;1.100101146030378E7
1149;2691;2;1.100101146030378E7
1150;2692;1;1.100101146030378E7
1151;2696;4;1.100101146030378E7
1152;2700;4;1.100101146030378E7
1153;2706;6;1.100101146030378E7
1154;2710;4;1.100101146030378E7
1155;2716;6;1.100101146030378E7
1156;2722;6;1.100101146030378E7
1157;2726;4;1.100101146030378E7
1158;2730;4;1.100101146030378E7
1159;2733;3;1.100101146030378E7
1160;2737;4;1.100101146030378E7
1161;2739;2;1.100101146030378E7
1162;2742;3;1.100101146030378E7
1163;2744;2;1.100101146030378E7
1164;2746;2;1.100101146030378E7
1165;2748;2;1.100101146030378E7
1166;2752;4;1.100101146030378E7
1167;2753;1;1.100101146030378E7
1168;2754;1;1.100101146030378E7
1169;2755;1;1.100101146030378E7
1170;2758;3;1.100101146030378E7
1171;2766;8;1.100101146030378E7
1172;2769;3;1.100101146030378E7
1173;2773;4;1.100101146030378E7
1174;2777;4;1.100101146030378E7
1175;2782;5;1.100101146030378E7
1176;2783;1;1.100101146030378E7
1177;2786;3;1.100101146030378E7
1178;2788;2;1.100101146030378E7
1179;2790;2;1.100101146030378E7
1180;2792;2;1.100101146030378E7
1181;2795;3;1.100101146030378E7
1182;2797;2;1.100101146030378E7
1183;2800;3;1.100101146030378E7
1184;2802;2;1.100101146030378E7
1185;2804;2;1.100101146030378E7
1186;2807;3;1.100101146030378E7
1187;2810;3;1.100101146030378E7
1188;2815;5;1.100101146030378E7
1189;2818;3;1.100101146030378E7
1190;2824;6;1.100101146030378E7
1191;2826;2;1.100101146030378E7
1192;2827;1;1.100101146030378E7
1193;2830;3;1.100101146030378E7
1194;2832;2;1.100101146030378E7
1195;2836;4;1.100101146030378E7
1196;2841;5;1.100101146030378E7
1197;2844;3;1.100101146030378E7
1198;2849;5;1.100101146030378E7
1199;2852;3;1.100101146030378E7
1200;2860;8;1.100101146030378E7
1201;2865;5;1.100101146030378E7
1202;2870;5;1.100101146030378E7
1203;2875;5;1.100101146030378E7
1204;2879;4;1.100101146030378E7
1205;2884;5;1.100101146030378E7
1206;2886;2;1.100101146030378E7
1207;2887;1;1.100101146030378E7
1208;2894;7;1.100101146030378E7
1209;2902;8;1.100101146030378E7
1210;2906;4;1.100101146030378E7
1211;2911;5;1.100101146030378E7
1212;2914;3;1.100101146030378E7
1213;2918;4;1.100101146030378E7
1214;2924;6;1.100101146030378E7
1215;2927;3;1.100101146030378E7
1216;2930;3;1.100101146030378E7
1217;2933;3;1.100101146030378E7
1218;2935;2;1.100101146030378E7
1219;2937;2;1.100101146030378E7
1220;2944;7;1.100101146030378E7
1221;2945;1;1.100101146030378E7
1222;2951;6;1.100101146030378E7
1223;2955;4;1.100101146030378E7
1224;2960;5;1.100101146030378E7
1225;2962;2;1.100101146030378E7
1226;2964;2;1.100101146030378E7
1227;2967;3;1.100101146030378E7
1228;2972;5;1.100101146030378E7
1229;2977;5;1.100101146030378E7
1230;2980;3;1.100101146030378E7
1231;2985;5;1.100101146030378E7
1232;2988;3;1.100101146030378E7
1233;2993;5;1.100101146030378E7
1234;2995;2;1.100101146030378E7
1235;2996;1;1.100101146030378E7
1236;2999;3;1.100101146030378E7
1237;3001;2;1.100101146030378E7
1238;3003;2;1.100101146030378E7
1239;3004;1;1.100101146030378E7
1240;3008;4;1.100101146030378E7
1241;3010;2;1.100101146030378E7
1242;3010;0;1.100101146030378E7
1243;3015;5;1.100101146030378E7
1244;3019;4;1.100101146030378E7
1245;3022;3;1.100101146030378E7
1246;3025;3;1.100101146030378E7
1247;3028;3;1.100101146030378E7
1248;3032;4;1.100101146030378E7
1249;3035;3;1.100101146030378E7
1250;3035;0;1.100101146030378E7
1251;3037;2;1.100101146030378E7
1252;3039;2;1.100101146030378E7
1253;3041;2;1.100101146030378E7
1254;3043;2;1.100101146030378E7
1255;3054;11;1.100101146030378E7
1256;3058;4;1.100101146030378E7
1257;3061;3;1.100101146030378E7
1258;3067;6;1.100101146030378E7
1259;3068;1;1.100101146030378E7
1260;3071;3;1.100101146030378E7
1261;3076;5;1.100101146030378E7
1262;3078;2;1.100101146030378E7
1263;3083;5;1.100101146030378E7
1264;3086;3;1.100101146030378E7
1265;3089;3;1.100101146030378E7
1266;3092;3;1.100101146030378E7
1267;3097;5;1.100101146030378E7
1268;3099;2;1.100101146030378E7
1269;3102;3;1.100101146030378E7
1270;3106;4;1.100101146030378E7
1271;3109;3;1.100101146030378E7
1272;3113;4;1.100101146030378E7
1273;3120;7;1.100101146030378E7
1274;3122;2;1.100101146030378E7
1275;3124;2;1.100101146030378E7
1276;3125;1;1.100101146030378E7
1277;3131;6;1.100101146030378E7
1278;3135;4;1.100101146030378E7
1279;3137;2;1.100101146030378E7
1280;3138;1;1.100101146030378E7
1281;3141;3;1.100101146030378E7
1282;3143;2;1.100101146030378E7
1283;3146;3;1.100101146030378E7
1284;3148;2;1.100101146030378E7
1285;3153;5;1.100101146030378E7
1286;3155;2;1.100101146030378E7
1287;3160;5;1.100101146030378E7
1288;3161;1;1.100101146030378E7
1289;3162;1;1.100101146030378E7
1290;3165;3;1.100101146030378E7
1291;3167;2;1.100101146030378E7
1292;3170;3;1.100101146030378E7
1293;3173;3;1.100101146030378E7
1294;3176;3;1.100101146030378E7
1295;3177;1;1.100101146030378E7
1296;3178;1;1.100101146030378E7
1297;3182;4;1.100101146030378E7
1298;3184;2;1.100101146030378E7
1299;3187;3;1.100101146030378E7
1300;3190;3;1.100101146030378E7
1301;3191;1;1.100101146030378E7
1302;3193;2;1.100101146030378E7
1303;3199;6;1.100101146030378E7
1304;3200;1;1.100101146030378E7
1305;3202;2;1.100101146030378E7
1306;3203;1;1.100101146030378E7
1307;3207;4;1.100101146030378E7
1308;3207;0;1.100101146030378E7
1309;3209;2;1.100101146030378E7
1310;3211;2;1.100101146030378E7
1311;3214;3;1.100101146030378E7
1312;3215;1;1.100101146030378E7
1313;3219;4;1.100101146030378E7
1314;3223;4;1.100101146030378E7
1315;3225;2;1.100101146030378E7
1316;3227;2;1.100101146030378E7
1317;3231;4;1.100101146030378E7
1318;3234;3;1.100101146030378E7
1319;3236;2;1.100101146030378E7
1320;3238;2;1.100101146030378E7
1321;3240;2;1.100101146030378E7
1322;3242;2;1.100101146030378E7
1323;3244;2;1.100101146030378E7
1324;3250;6;1.100101146030378E7
1325;3255;5;1.100101146030378E7
1326;3258;3;1.100101146030378E7
1327;3261;3;1.100101146030378E7
1328;3265;4;1.100101146030378E7
1329;3268;3;1.100101146030378E7
1330;3271;3;1.100101146030378E7
1331;3273;2;1.100101146030378E7
1332;3278;5;1.100101146030378E7
1333;3285;7;1.100101146030378E7
1334;3286;1;1.100101146030378E7
1335;3288;2;1.100101146030378E7
1336;3290;2;1.100101146030378E7
1337;3293;3;1.100101146030378E7
1338;3298;5;1.100101146030378E7
1339;3299;1;1.100101146030378E7
1340;3302;3;1.100101146030378E7
1341;3309;7;1.100101146030378E7
1342;3309;0;1.100101146030378E7
1343;3312;3;1.100101146030378E7
1344;3319;7;1.100101146030378E7
1345;3323;4;1.100101146030378E7
1346;3326;3;1.100101146030378E7
1347;3329;3;1.100101146030378E7
1348;3334;5;1.100101146030378E7
1349;3335;1;1.100101146030378E7
1350;3336;1;1.100101146030378E7
1351;3340;4;1.100101146030378E7
1352;3341;1;1.100101146030378E7
1353;3344;3;1.100101146030378E7
1354;3346;2;1.100101146030378E7
1355;3351;5;1.100101146030378E7
1356;3355;4;1.100101146030378E7
1357;3357;2;1.100101146030378E7
1358;3358;1;1.100101146030378E7
1359;3360;2;1.100101146030378E7
1360;3361;1;1.100101146030378E7
1361;3362;1;1.100101146030378E7
1362;3365;3;1.100101146030378E7
1363;3367;2;1.100101146030378E7
1364;3368;1;1.100101146030378E7
1365;3372;4;1.100101146030378E7
1366;3373;1;1.100101146030378E7
1367;3373;0;1.100101146030378E7
1368;3376;3;1.100101146030378E7
1369;3378;2;1.100101146030378E7
1370;3382;4;1.100101146030378E7
1371;3383;1;1.100101146030378E7
1372;3386;3;1.100101146030378E7
1373;3387;1;1.100101146030378E7
1374;3388;1;1.100101146030378E7
1375;3390;2;1.100101146030378E7
1376;3395;5;1.100101146030378E7
1377;3396;1;1.100101146030378E7
1378;3401;5;1.100101146030378E7
1379;3403;2;1.100101146030378E7
1380;3410;7;1.100101146030378E7
1381;3412;2;1.100101146030378E7
1382;3419;7;1.100101146030378E7
1383;3422;3;1.100101146030378E7
1384;3425;3;1.100101146030378E7
1385;3426;1;1.100101146030378E7
1386;3430;4;1.100101146030378E7
1387;3437;7;1.100101146030378E7
1388;3439;2;1.100101146030378E7
1389;3443;4;1.100101146030378E7
1390;3444;1;1.100101146030378E7
1391;3450;6;1.100101146030378E7
1392;3451;1;1.100101146030378E7
1393;3454;3;1.100101146030378E7
1394;3455;1;1.100101146030378E7
1395;3460;5;1.100101146030378E7
1396;3461;1;1.100101146030378E7
1397;3462;1;1.100101146030378E7
1398;3467;5;1.100101146030378E7
1399;3471;4;1.100101146030378E7
1400;3476;5;1.100101146030378E7
1401;3479;3;1.100101146030378E7
1402;3483;4;1.100101146030378E7
1403;3487;4;1.100101146030378E7
1404;3488;1;1.100101146030378E7
1405;3489;1;1.100101146030378E7
1406;3493;4;1.100101146030378E7
1407;3499;6;1.100101146030378E7
1408;3502;3;1.100101146030378E7
1409;3505;3;1.100101146030378E7
1410;3509;4;1.100101146030378E7
1411;3510;1;1.100101146030378E7
1412;3513;3;1.100101146030378E7
1413;3517;4;1.100101146030378E7
1414;3519;2;1.100101146030378E7
1415;3520;1;1.100101146030378E7
1416;3523;3;1.100101146030378E7
1417;3525;2;1.100101146030378E7
1418;3526;1;1.100101146030378E7
1419;3526;0;1.100101146030378E7
1420;3528;2;1.100101146030378E7
1421;3532;4;1.100101146030378E7
1422;3533;1;1.100101146030378E7
1423;3537;4;1.100101146030378E7
1424;3540;3;1.100101146030378E7
1425;3543;3;1.100101146030378E7
1426;3546;3;1.100101146030378E7
1427;3549;3;1.100101146030378E7
1428;3552;3;1.100101146030378E7
1429;3552;0;1.100101146030378E7
1430;3555;3;1.100101146030378E7
1431;3557;2;1.100101146030378E7
1432;3558;1;1.100101146030378E7
1433;3561;3;1.100101146030378E7
1434;3562;1;1.100101146030378E7
1435;3567;5;1.100101146030378E7
1436;3568;1;1.100101146030378E7
1437;3570;2;1.100101146030378E7
1438;3573;3;1.100101146030378E7
1439;3574;1;1.100101146030378E7
1440;3575;1;1.100101146030378E7
1441;3578;3;1.100101146030378E7
1442;3579;1;1.100101146030378E7
1443;3584;5;1.100101146030378E7
1444;3584;0;1.100101146030378E7
1445;3586;2;1.100101146030378E7
1446;3586;0;1.100101146030378E7
1447;3591;5;1.100101146030378E7
1448;3593;2;1.100101146030378E7
1449;3595;2;1.100101146030378E7
1450;3600;5;1.100101146030378E7
1451;3602;2;1.100101146030378E7
1452;3604;2;1.100101146030378E7
1453;3606;2;1.100101146030378E7
1454;3607;1;1.100101146030378E7
1455;3607;0;1.100101146030378E7
1456;3610;3;1.100101146030378E7
1457;3612;2;1.100101146030378E7
1458;3617;5;1.100101146030378E7
1459;3619;2;1.100101146030378E7
1460;3622;3;1.100101146030378E7
1461;3622;0;1.100101146030378E7
1462;3623;1;1.100101146030378E7
1463;3625;2;1.100101146030378E7
1464;3626;1;1.100101146030378E7
1465;3629;3;1.100101146030378E7
1466;3631;2;1.100101146030378E7
1467;3634;3;1.100101146030378E7
1468;3637;3;1.100101146030378E7
1469;3638;1;1.100101146030378E7
1470;3640;2;1.100101146030378E7
1471;3642;2;1.100101146030378E7
1472;3643;1;1.100101146030378E7
1473;3645;2;1.100101146030378E7
1474;3645;0;1.100101146030378E7
1475;3647;2;1.100101146030378E7
1476;3648;1;1.100101146030378E7
1477;3650;2;1.100101146030378E7
1478;3651;1;1.100101146030378E7
1479;3653;2;1.100101146030378E7
1480;3656;3;1.100101146030378E7
1481;3659;3;1.100101146030378E7
1482;3661;2;1.100101146030378E7
1483;3663;2;1.100101146030378E7
1484;3667;4;1.100101146030378E7
1485;3668;1;1.100101146030378E7
1486;3671;3;1.100101146030378E7
1487;3674;3;1.100101146030378E7
1488;3676;2;1.100101146030378E7
1489;3679;3;1.100101146030378E7
1490;3682;3;1.100101146030378E7
1491;3684;2;1.100101146030378E7
1492;3686;2;1.100101146030378E7
1493;3688;2;1.100101146030378E7
1494;3689;1;1.100101146030378E7
1495;3690;1;1.100101146030378E7
1496;3693;3;1.100101146030378E7
1497;3693;0;1.100101146030378E7
1498;3695;2;1.100101146030378E7
1499;3697;2;1.100101146030378E7
1500;3698;1;1.100101146030378E7
1501;3700;2;1.100101146030378E7
1502;3702;2;1.100101146030378E7
1503;3704;2;1.100101146030378E7
1504;3706;2;1.100101146030378E7
1505;3708;2;1.100101146030378E7
1506;3709;1;1.100101146030378E7
1507;3710;1;1.100101146030378E7
1508;3712;2;1.100101146030378E7
1509;3713;1;1.100101146030378E7
1510;3715;2;1.100101146030378E7
1511;3717;2;1.100101146030378E7
1512;3717;0;1.100101146030378E7
1513;3718;1;1.100101146030378E7
1514;3719;1;1.100101146030378E7
1515;3721;2;1.100101146030378E7
1516;3723;2;1.100101146030378E7
1517;3725;2;1.100101146030378E7
1518;3727;2;1.100101146030378E7
1519;3730;3;1.100101146030378E7
1520;3732;2;1.100101146030378E7
1521;3734;2;1.100101146030378E7
1522;3736;2;1.100101146030378E7
1523;3738;2;1.100101146030378E7
1524;3740;2;1.100101146030378E7
1525;3741;1;1.100101146030378E7
1526;3742;1;1.100101146030378E7
1527;3744;2;1.100101146030378E7
1528;3747;3;1.100101146030378E7
1529;3750;3;1.100101146030378E7
1530;3752;2;1.100101146030378E7
1531;3754;2;1.100101146030378E7
1532;3754;0;1.100101146030378E7
1533;3757;3;1.100101146030378E7
1534;3760;3;1.100101146030378E7
1535;3763;3;1.100101146030378E7
1536;3765;2;1.100101146030378E7
1537;3767;2;1.100101146030378E7
1538;3770;3;1.100101146030378E7
1539;3771;1;1.100101146030378E7
1540;3771;0;1.100101146030378E7
1541;3773;2;1.100101146030378E7
1542;3774;1;1.100101146030378E7
1543;3776;2;1.100101146030378E7
1544;3778;2;1.100101146030378E7
1545;3780;2;1.100101146030378E7
1546;3783;3;1.100101146030378E7
1547;3785;2;1.100101146030378E7
1548;3786;1;1.100101146030378E7
1549;3788;2;1.100101146030378E7
1550;3790;2;1.100101146030378E7
1551;3790;0;1.100101146030378E7
1552;3791;1;1.100101146030378E7
1553;3794;3;1.100101146030378E7
1554;3794;0;1.100101146030378E7
1555;3798;4;1.100101146030378E7
1556;3801;3;1.100101146030378E7
1557;3803;2;1.100101146030378E7
1558;3805;2;1.100101146030378E7
1559;3807;2;1.100101146030378E7
1560;3809;2;1.100101146030378E7
1561;3812;3;1.100101146030378E7
1562;3816;4;1.100101146030378E7
1563;3818;2;1.100101146030378E7
1564;3821;3;1.100101146030378E7
1565;3822;1;1.100101146030378E7
1566;3824;2;1.100101146030378E7
1567;3825;1;1.100101146030378E7
1568;3829;4;1.100101146030378E7
1569;3832;3;1.100101146030378E7
1570;3834;2;1.100101146030378E7
1571;3835;1;1.100101146030378E7
1572;3837;2;1.100101146030378E7
1573;3840;3;1.100101146030378E7
1574;3841;1;1.100101146030378E7
1575;3842;1;1.100101146030378E7
1576;3842;0;1.100101146030378E7
1577;3845;3;1.100101146030378E7
1578;3847;2;1.100101146030378E7
1579;3849;2;1.100101146030378E7
1580;3851;2;1.100101146030378E7
1581;3853;2;1.100101146030378E7
1582;3855;2;1.100101146030378E7
1583;3857;2;1.100101146030378E7
1584;3861;4;1.100101146030378E7
1585;3863;2;1.100101146030378E7
1586;3865;2;1.100101146030378E7
1587;3867;2;1.100101146030378E7
1588;3869;2;1.100101146030378E7
1589;3872;3;1.100101146030378E7
1590;3874;2;1.100101146030378E7
1591;3875;1;1.100101146030378E7
1592;3879;4;1.100101146030378E7
1593;3880;1;1.100101146030378E7
1594;3882;2;1.100101146030378E7
1595;3883;1;1.100101146030378E7
1596;3885;2;1.100101146030378E7
1597;3887;2;1.100101146030378E7
1598;3888;1;1.100101146030378E7
1599;3891;3;1.100101146030378E7
1600;3893;2;1.100101146030378E7
1601;3893;0;1.100101146030378E7
1602;3895;2;1.100101146030378E7
1603;3896;1;1.100101146030378E7
1604;3901;5;1.100101146030378E7
1605;3901;0;1.100101146030378E7
1606;3903;2;1.100101146030378E7
1607;3907;4;1.100101146030378E7
1608;3909;2;1.100101146030378E7
1609;3911;2;1.100101146030378E7
1610;3916;5;1.100101146030378E7
1611;3919;3;1.100101146030378E7
1612;3920;1;1.100101146030378E7
1613;3923;3;1.100101146030378E7
1614;3923;0;1.100101146030378E7
1615;3925;2;1.100101146030378E7
1616;3927;2;1.100101146030378E7
1617;3929;2;1.100101146030378E7
1618;3932;3;1.100101146030378E7
1619;3933;1;1.100101146030378E7
1620;3936;3;1.100101146030378E7
1621;3938;2;1.100101146030378E7
1622;3939;1;1.100101146030378E7
1623;3940;1;1.100101146030378E7
1624;3943;3;1.100101146030378E7
1625;3945;2;1.100101146030378E7
1626;3947;2;1.100101146030378E7
1627;3949;2;1.100101146030378E7
1628;3949;0;1.100101146030378E7
1629;3951;2;1.100101146030378E7
1630;3952;1;1.100101146030378E7
1631;3954;2;1.100101146030378E7
1632;3956;2;1.100101146030378E7
1633;3958;2;1.100101146030378E7
1634;3960;2;1.100101146030378E7
1635;3962;2;1.100101146030378E7
1636;3965;3;1.100101146030378E7
1637;3967;2;1.100101146030378E7
1638;3969;2;1.100101146030378E7
1639;3973;4;1.100101146030378E7
1640;3974;1;1.100101146030378E7
1641;3976;2;1.100101146030378E7
1642;3978;2;1.100101146030378E7
1643;3984;6;1.100101146030378E7
1644;3986;2;1.100101146030378E7
1645;3988;2;1.100101146030378E7
1646;3991;3;1.100101146030378E7
1647;3993;2;1.100101146030378E7
1648;3994;1;1.100101146030378E7
1649;3997;3;1.100101146030378E7
1650;3998;1;1.100101146030378E7
1651;4000;2;1.100101146030378E7
1652;4002;2;1.100101146030378E7
1653;4003;1;1.100101146030378E7
1654;4004;1;1.100101146030378E7
1655;4005;1;1.100101146030378E7
1656;4008;3;1.100101146030378E7
1657;4009;1;1.100101146030378E7
1658;4011;2;1.100101146030378E7
1659;4014;3;1.100101146030378E7
1660;4015;1;1.100101146030378E7
1661;4017;2;1.100101146030378E7
1662;4020;3;1.100101146030378E7
1663;4021;1;1.100101146030378E7
1664;4024;3;1.100101146030378E7
1665;4026;2;1.100101146030378E7
1666;4029;3;1.100101146030378E7
1667;4031;2;1.100101146030378E7
1668;4032;1;1.100101146030378E7
1669;4034;2;1.100101146030378E7
1670;4035;1;1.100101146030378E7
1671;4035;0;1.100101146030378E7
1672;4038;3;1.100101146030378E7
1673;4041;3;1.100101146030378E7
1674;4043;2;1.100101146030378E7
1675;4044;1;1.100101146030378E7
1676;4046;2;1.100101146030378E7
1677;4050;4;1.100101146030378E7
1678;4050;0;1.100101146030378E7
1679;4053;3;1.100101146030378E7
1680;4055;2;1.100101146030378E7
1681;4057;2;1.100101146030378E7
1682;4059;2;1.100101146030378E7
1683;4061;2;1.100101146030378E7
1684;4062;1;1.100101146030378E7
1685;4065;3;1.100101146030378E7
1686;4068;3;1.100101146030378E7
1687;4070;2;1.100101146030378E7
1688;4073;3;1.100101146030378E7
1689;4075;2;1.100101146030378E7
1690;4076;1;1.100101146030378E7
1691;4078;2;1.100101146030378E7
1692;4080;2;1.100101146030378E7
1693;4080;0;1.100101146030378E7
1694;4083;3;1.100101146030378E7
1695;4085;2;1.100101146030378E7
1696;4086;1;1.100101146030378E7
1697;4087;1;1.100101146030378E7
1698;4089;2;1.100101146030378E7
1699;4091;2;1.100101146030378E7
1700;4093;2;1.100101146030378E7
1701;4095;2;1.100101146030378E7
1702;4096;1;1.100101146030378E7
1703;4098;2;1.100101146030378E7
1704;4100;2;1.100101146030378E7
1705;4101;1;1.100101146030378E7
1706;4103;2;1.100101146030378E7
1707;4104;1;1.100101146030378E7
1708;4108;4;1.100101146030378E7
1709;4108;0;1.100101146030378E7
1710;4110;2;1.100101146030378E7
1711;4113;3;1.100101146030378E7
1712;4117;4;1.100101146030378E7
1713;4119;2;1.100101146030378E7
1714;4123;4;1.100101146030378E7
1715;4126;3;1.100101146030378E7
1716;4128;2;1.100101146030378E7
1717;4129;1;1.100101146030378E7
1718;4132;3;1.1001010295112137E7
1719;4134;2;1.1001010295112137E7
1720;4136;2;1.1001010295112137E7
1721;4139;3;1.1001010295112137E7
1722;4140;1;1.1001010295112137E7
1723;4142;2;1.1001010295112137E7
1724;4143;1;1.1001010295112137E7
1725;4144;1;1.1001010295112137E7
1726;4145;1;1.1001010295112137E7
1727;4147;2;1.1001010295112137E7
1728;4148;1;1.1001010295112137E7
1729;4151;3;1.1001010295112137E7
1730;4154;3;1.1001010295112137E7
1731;4155;1;1.1001010295112137E7
1732;4158;3;1.1001010295112137E7
1733;4159;1;1.1001010295112137E7
1734;4160;1;1.1001010295112137E7
1735;4162;2;1.1001010295112137E7
1736;4165;3;1.1001010295112137E7
1737;4167;2;1.1001010295112137E7
1738;4170;3;1.1001010295112137E7
1739;4174;4;1.1001010295112137E7
1740;4177;3;1.1001010295112137E7
1741;4179;2;1.1001010295112137E7
1742;4180;1;1.1001010295112137E7
1743;4181;1;1.1001010295112137E7
1744;4185;4;1.1001010295112137E7
1745;4187;2;1.1001010295112137E7
1746;4188;1;1.1001010295112137E7
1747;4191;3;1.1001010295112137E7
1748;4193;2;1.1001010295112137E7
1749;4195;2;1.1001010295112137E7
1750;4198;3;1.1001010295112137E7
1751;4201;3;1.1001010295112137E7
1752;4202;1;1.1001010295112137E7
1753;4206;4;1.1001010295112137E7
1754;4206;0;1.1001010295112137E7
1755;4208;2;1.1001010295112137E7
1756;4210;2;1.1001010295112137E7
1757;4215;5;1.1001010295112137E7
1758;4215;0;1.1001010295112137E7
1759;4217;2;1.1001010295112137E7
1760;4219;2;1.1001010295112137E7
1761;4220;1;1.1001010295112137E7
1762;4223;3;1.1001010295112137E7
1763;4225;2;1.1001010295112137E7
1764;4226;1;1.1001010295112137E7
1765;4228;2;1.1001010295112137E7
1766;4232;4;1.1001010295112137E7
1767;4234;2;1.1001010295112137E7
1768;4235;1;1.1001010295112137E7
1769;4237;2;1.1001010295112137E7
1770;4240;3;1.1001010295112137E7
1771;4245;5;1.1001010295112137E7
1772;4249;4;1.1001010295112137E7
1773;4254;5;1.1001010295112137E7
1774;4255;1;1.1001010295112137E7
1775;4260;5;1.1001010295112137E7
1776;4264;4;1.1001010295112137E7
1777;4266;2;1.1001010295112137E7
1778;4271;5;1.1001010295112137E7
1779;4278;7;1.1001010295112137E7
1780;4284;6;1.1001010295112137E7
1781;4288;4;1.1001010295112137E7
1782;4295;7;1.1001010295112137E7
1783;4303;8;1.1001010295112137E7
1784;4304;1;1.1001010295112137E7
1785;4310;6;1.1001010295112137E7
1786;4312;2;1.1001010295112137E7
1787;4315;3;1.1001010295112137E7
1788;4315;0;1.1001010295112137E7
1789;4317;2;1.1001010295112137E7
1790;4320;3;1.1001010295112137E7
1791;4324;4;1.1001010295112137E7
1792;4325;1;1.1001010295112137E7
1793;4327;2;1.1001010295112137E7
1794;4331;4;1.1001010295112137E7
1795;4334;3;1.1001010295112137E7
1796;4338;4;1.1001010295112137E7
1797;4340;2;1.1001010295112137E7
1798;4344;4;1.1001010295112137E7
1799;4348;4;1.1001010295112137E7
1800;4350;2;1.1001010295112137E7
1801;4355;5;1.1001010295112137E7
1802;4361;6;1.1001010295112137E7
1803;4366;5;1.1001010295112137E7
1804;4369;3;1.1001010295112137E7
1805;4372;3;1.1001010295112137E7
1806;4376;4;1.1001010295112137E7
1807;4378;2;1.1001010295112137E7
1808;4383;5;1.1001010295112137E7
1809;4384;1;1.1001010295112137E7
1810;4386;2;1.1001010295112137E7
1811;4389;3;1.1001010295112137E7
1812;4393;4;1.1001010295112137E7
1813;4398;5;1.1001010295112137E7
1814;4401;3;1.1001010295112137E7
1815;4405;4;1.1001010295112137E7
1816;4410;5;1.1001010295112137E7
1817;4413;3;1.1001010295112137E7
1818;4415;2;1.1001010295112137E7
1819;4416;1;1.1001010295112137E7
1820;4418;2;1.1001010295112137E7
1821;4420;2;1.1001010295112137E7
1822;4420;0;1.1001010295112137E7
1823;4423;3;1.1001010295112137E7
1824;4426;3;1.1001010295112137E7
1825;4427;1;1.1001010295112137E7
1826;4429;2;1.1001010295112137E7
1827;4430;1;1.1001010295112137E7
1828;4430;0;1.1001010295112137E7
1829;4432;2;1.1001010295112137E7
1830;4434;2;1.1001010295112137E7
1831;4436;2;1.1001010295112137E7
1832;4437;1;1.1001010295112137E7
1833;4440;3;1.1001010295112137E7
1834;4443;3;1.1001010295112137E7
1835;4446;3;1.1001010295112137E7
1836;4446;0;1.1001010295112137E7
1837;4448;2;1.1001010295112137E7
1838;4450;2;1.1001010295112137E7
1839;4452;2;1.1001010295112137E7
1840;4453;1;1.1001010295112137E7
1841;4454;1;1.1001010295112137E7
1842;4456;2;1.1001010295112137E7
1843;4459;3;1.1001010295112137E7
1844;4459;0;1.1001010295112137E7
1845;4463;4;1.1001010295112137E7
1846;4465;2;1.1001010295112137E7
1847;4467;2;1.1001010295112137E7
1848;4469;2;1.1001010295112137E7
1849;4472;3;1.1001010295112137E7
1850;4473;1;1.1001010295112137E7
1851;4474;1;1.1001010295112137E7
1852;4476;2;1.1001010295112137E7
1853;4479;3;1.1001010295112137E7
1854;4482;3;1.1001010295112137E7
1855;4484;2;1.1001010295112137E7
1856;4484;0;1.1001010295112137E7
1857;4487;3;1.1001010295112137E7
1858;4488;1;1.1001010295112137E7
1859;4492;4;1.1001010295112137E7
1860;4494;2;1.1001010295112137E7
1861;4498;4;1.1001010295112137E7
1862;4500;2;1.1001010295112137E7
1863;4502;2;1.1001010295112137E7
1864;4504;2;1.1001010295112137E7
1865;4508;4;1.1001010295112137E7
1866;4510;2;1.1001010295112137E7
1867;4512;2;1.1001010295112137E7
1868;4515;3;1.1001010295112137E7
1869;4516;1;1.1001010295112137E7
1870;4518;2;1.1001010295112137E7
1871;4521;3;1.1001010295112137E7
1872;4525;4;1.1001010295112137E7
1873;4529;4;1.1001010295112137E7
1874;4533;4;1.1001010295112137E7
1875;4536;3;1.1001010295112137E7
1876;4537;1;1.1001010295112137E7
1877;4538;1;1.1001010295112137E7
1878;4541;3;1.1001010295112137E7
1879;4546;5;1.1001010295112137E7
1880;4549;3;1.1001010295112137E7
1881;4553;4;1.1001010295112137E7
1882;4561;8;1.1001010295112137E7
1883;4567;6;1.1001010295112137E7
1884;4570;3;1.1001010295112137E7
1885;4572;2;1.1001010295112137E7
1886;4579;7;1.1001010295112137E7
1887;4581;2;1.1001010295112137E7
1888;4584;3;1.1001010295112137E7
1889;4584;0;1.1001010295112137E7
1890;4585;1;1.1001010295112137E7
1891;4588;3;1.1001010295112137E7
1892;4591;3;1.1001010295112137E7
1893;4594;3;1.1001010295112137E7
1894;4597;3;1.1001010295112137E7
1895;4599;2;1.1001010295112137E7
1896;4599;0;1.1001010295112137E7
1897;4600;1;1.1001010295112137E7
1898;4602;2;1.1001010295112137E7
1899;4603;1;1.1001010295112137E7
1900;4605;2;1.1001010295112137E7
1901;4608;3;1.1001010295112137E7
1902;4611;3;1.1001010295112137E7
1903;4613;2;1.1001010295112137E7
1904;4618;5;1.1001010295112137E7
1905;4619;1;1.1001010295112137E7
1906;4622;3;1.1001010295112137E7
1907;4624;2;1.1001010295112137E7
1908;4625;1;1.1001010295112137E7
1909;4627;2;1.1001010295112137E7
1910;4629;2;1.1001010295112137E7
1911;4632;3;1.1001010295112137E7
1912;4634;2;1.1001010295112137E7
1913;4635;1;1.1001010295112137E7
1914;4636;1;1.1001010295112137E7
1915;4638;2;1.1001010295112137E7
1916;4640;2;1.1001010295112137E7
1917;4642;2;1.1001010295112137E7
1918;4643;1;1.1001010295112137E7
1919;4645;2;1.1001010295112137E7
1920;4647;2;1.1001010295112137E7
1921;4649;2;1.1001010295112137E7
1922;4652;3;1.1001010295112137E7
1923;4654;2;1.1001010295112137E7
1924;4655;1;1.1001010295112137E7
1925;4657;2;1.1001010295112137E7
1926;4660;3;1.1001010295112137E7
1927;4663;3;1.1001010295112137E7
1928;4664;1;1.1001010295112137E7
1929;4666;2;1.1001010295112137E7
1930;4668;2;1.1001010295112137E7
1931;4671;3;1.1001010295112137E7
1932;4673;2;1.1001010295112137E7
1933;4676;3;1.1001010295112137E7
1934;4677;1;1.1001010295112137E7
1935;4679;2;1.1001010295112137E7
1936;4681;2;1.1001010295112137E7
1937;4681;0;1.1001010295112137E7
1938;4682;1;1.1001010295112137E7
1939;4684;2;1.1001010295112137E7
1940;4685;1;1.1001010295112137E7
1941;4687;2;1.1001010295112137E7
1942;4689;2;1.1001010295112137E7
1943;4692;3;1.1001010295112137E7
1944;4692;0;1.1001010295112137E7
1945;4694;2;1.1001010295112137E7
1946;4695;1;1.1001010295112137E7
1947;4698;3;1.1001010295112137E7
1948;4700;2;1.1001010295112137E7
1949;4701;1;1.1001010295112137E7
1950;4703;2;1.1001010295112137E7
1951;4706;3;1.1001010295112137E7
1952;4709;3;1.1001010295112137E7
1953;4710;1;1.1001010295112137E7
1954;4711;1;1.1001010295112137E7
1955;4713;2;1.1001010295112137E7
1956;4714;1;1.1001010295112137E7
1957;4717;3;1.1001010295112137E7
1958;4719;2;1.1001010295112137E7
1959;4721;2;1.1001010295112137E7
1960;4722;1;1.1001010295112137E7
1961;4724;2;1.1001010295112137E7
1962;4726;2;1.1001010295112137E7
1963;4729;3;1.1001010295112137E7
1964;4731;2;1.1001010295112137E7
1965;4733;2;1.1001010295112137E7
1966;4735;2;1.1001010295112137E7
1967;4736;1;1.1001010295112137E7
1968;4737;1;1.1001010295112137E7
1969;4739;2;1.1001010295112137E7
1970;4742;3;1.1001010295112137E7
1971;4742;0;1.1001010295112137E7
1972;4744;2;1.1001010295112137E7
1973;4745;1;1.1001010295112137E7
1974;4746;1;1.1001010295112137E7
1975;4749;3;1.1001010295112137E7
1976;4751;2;1.1001010295112137E7
1977;4753;2;1.1001010295112137E7
1978;4753;0;1.1001010295112137E7
1979;4755;2;1.1001010295112137E7
1980;4757;2;1.1001010295112137E7
1981;4759;2;1.1001010295112137E7
1982;4763;4;1.1001010295112137E7
1983;4765;2;1.1001010295112137E7
1984;4767;2;1.1001010295112137E7
1985;4768;1;1.1001010295112137E7
1986;4770;2;1.1001010295112137E7
1987;4772;2;1.1001010295112137E7
1988;4773;1;1.1001010295112137E7
1989;4774;1;1.1001010295112137E7
1990;4775;1;1.1001010295112137E7
1991;4776;1;1.1001010295112137E7
1992;4778;2;1.1001010295112137E7
1993;4782;4;1.1001010295112137E7
1994;4784;2;1.1001010295112137E7
1995;4785;1;1.1001010295112137E7
1996;4787;2;1.1001010295112137E7
1997;4789;2;1.1001010295112137E7
1998;4791;2;1.1001010295112137E7
1999;4793;2;1.1001010295112137E7
2000;4796;3;1.1001010295112137E7
2001;4797;1;1.1001010295112137E7
2002;4800;3;1.1001010295112137E7
2003;4801;1;1.1001010295112137E7
2004;4803;2;1.1001010295112137E7
2005;4803;0;1.1001010295112137E7
2006;4805;2;1.1001010295112137E7
2007;4806;1;1.1001010295112137E7
2008;4808;2;1.1001010295112137E7
2009;4808;0;1.1001010295112137E7
2010;4810;2;1.1001010295112137E7
2011;4816;6;1.1001010295112137E7
2012;4818;2;1.1001010295112137E7
2013;4820;2;1.1001010295112137E7
2014;4822;2;1.1001010295112137E7
2015;4824;2;1.1001010295112137E7
2016;4826;2;1.1001010295112137E7
2017;4828;2;1.1001010295112137E7
2018;4831;3;1.1001010295112137E7
2019;4834;3;1.1001010295112137E7
2020;4834;0;1.1001010295112137E7
2021;4835;1;1.1001010295112137E7
2022;4837;2;1.1001010295112137E7
2023;4839;2;1.1001010295112137E7
2024;4842;3;1.1001010295112137E7
2025;4844;2;1.1001010295112137E7
2026;4844;0;1.1001010295112137E7
2027;4848;4;1.1001010295112137E7
2028;4849;1;1.1001010295112137E7
2029;4851;2;1.1001010295112137E7
2030;4851;0;1.1001010295112137E7
2031;4853;2;1.1001010295112137E7
2032;4856;3;1.1001010295112137E7
2033;4856;0;1.1001010295112137E7
2034;4857;1;1.1001010295112137E7
2035;4859;2;1.1001010295112137E7
2036;4862;3;1.1001010295112137E7
2037;4864;2;1.1001010295112137E7
2038;4868;4;1.1001010295112137E7
2039;4870;2;1.1001010295112137E7
2040;4870;0;1.1001010295112137E7
2041;4872;2;1.1001010295112137E7
2042;4874;2;1.1001010295112137E7
2043;4876;2;1.1001010295112137E7
2044;4879;3;1.1001010295112137E7
2045;4881;2;1.1001010295112137E7
2046;4881;0;1.1001010295112137E7
2047;4883;2;1.1001010295112137E7
2048;4886;3;1.1001010295112137E7
2049;4888;2;1.1001010295112137E7
2050;4891;3;1.1001010295112137E7
2051;4893;2;1.1001010295112137E7
2052;4893;0;1.1001010295112137E7
2053;4895;2;1.1001010295112137E7
2054;4897;2;1.1001010295112137E7
2055;4899;2;1.1001010295112137E7
2056;4900;1;1.1001010295112137E7
2057;4902;2;1.1001010295112137E7
2058;4903;1;1.1001010295112137E7
2059;4905;2;1.1001010295112137E7
2060;4907;2;1.1001010295112137E7
2061;4909;2;1.1001010295112137E7
2062;4910;1;1.1001010295112137E7
2063;4913;3;1.1001010295112137E7
2064;4915;2;1.1001010295112137E7
2065;4918;3;1.1001010295112137E7
2066;4920;2;1.1001010295112137E7
2067;4922;2;1.1001010295112137E7
2068;4924;2;1.1001010295112137E7
2069;4926;2;1.1001010295112137E7
2070;4928;2;1.1001010295112137E7
2071;4930;2;1.1001010295112137E7
2072;4932;2;1.1001010295112137E7
2073;4934;2;1.1001010295112137E7
2074;4936;2;1.1001010295112137E7
2075;4938;2;1.1001010295112137E7
2076;4941;3;1.1001010295112137E7
2077;4943;2;1.1001010295112137E7
2078;4946;3;1.1001010295112137E7
2079;4948;2;1.1001010295112137E7
2080;4950;2;1.1001010295112137E7
2081;4953;3;1.1001010295112137E7
2082;4954;1;1.1001010295112137E7
2083;4956;2;1.1001010295112137E7
2084;4958;2;1.1001010295112137E7
2085;4959;1;1.1001010295112137E7
2086;4963;4;1.1001010295112137E7
2087;4966;3;1.1001010295112137E7
2088;4968;2;1.1001010295112137E7
2089;4970;2;1.1001010295112137E7
2090;4971;1;1.1001010295112137E7
2091;4973;2;1.1001010295112137E7
2092;4974;1;1.1001010295112137E7
2093;4976;2;1.1001010295112137E7
2094;4976;0;1.1001010295112137E7
2095;4979;3;1.1001010295112137E7
2096;4980;1;1.1001010295112137E7
2097;4983;3;1.1001010295112137E7
2098;4985;2;1.1001010295112137E7
2099;4987;2;1.1001010295112137E7
2100;4989;2;1.1001010295112137E7
2101;4991;2;1.1001010295112137E7
2102;4994;3;1.1001010295112137E7
2103;4996;2;1.1001010295112137E7
2104;4997;1;1.1001010295112137E7
2105;5000;3;1.1001010295112137E7
2106;5002;2;1.1001010295112137E7
2107;5005;3;1.1001010295112137E7
2108;5007;2;1.1001010295112137E7
2109;5008;1;1.1001010295112137E7
2110;5010;2;1.1001010295112137E7
2111;5011;1;1.1001010295112137E7
2112;5013;2;1.1001010295112137E7
2113;5014;1;1.1001010295112137E7
2114;5016;2;1.1001010295112137E7
2115;5018;2;1.1001010295112137E7
2116;5020;2;1.1001010295112137E7
2117;5022;2;1.1001010295112137E7
2118;5022;0;1.1001010295112137E7
2119;5025;3;1.1001010295112137E7
2120;5027;2;1.1001010295112137E7
2121;5029;2;1.1001010295112137E7
2122;5030;1;1.1001010295112137E7
2123;5032;2;1.1001010295112137E7
2124;5035;3;1.1001010295112137E7
2125;5036;1;1.1001010295112137E7
2126;5037;1;1.1001010295112137E7
2127;5038;1;1.1001010295112137E7
2128;5042;4;1.1001010295112137E7
2129;5045;3;1.1001010295112137E7
2130;5047;2;1.1001010295112137E7
2131;5049;2;1.1001010295112137E7
2132;5050;1;1.1001010295112137E7
2133;5053;3;1.1001010295112137E7
2134;5056;3;1.1001010295112137E7
2135;5058;2;1.1001010295112137E7
2136;5061;3;1.1001010295112137E7
2137;5061;0;1.1001010295112137E7
2138;5062;1;1.1001010295112137E7
2139;5065;3;1.1001010295112137E7
2140;5065;0;1.1001010295112137E7
2141;5066;1;1.1001010295112137E7
2142;5068;2;1.1001010295112137E7
2143;5069;1;1.1001010295112137E7
2144;5069;0;1.1001010295112137E7
2145;5071;2;1.1001010295112137E7
2146;5072;1;1.1001010295112137E7
2147;5073;1;1.1001010295112137E7
2148;5075;2;1.1001010295112137E7
2149;5077;2;1.1001010295112137E7
2150;5078;1;1.1001010295112137E7
2151;5082;4;1.1001010295112137E7
2152;5084;2;1.1001010295112137E7
2153;5087;3;1.1001010295112137E7
2154;5088;1;1.1001010295112137E7
2155;5091;3;1.1001010295112137E7
2156;5092;1;1.1001010295112137E7
2157;5094;2;1.1001010295112137E7
2158;5096;2;1.1001010295112137E7
2159;5097;1;1.1001010295112137E7
2160;5099;2;1.1001010295112137E7
2161;5100;1;1.1001010295112137E7
2162;5101;1;1.1001010295112137E7
2163;5103;2;1.1001010295112137E7
2164;5104;1;1.1001010295112137E7
2165;5106;2;1.1001010295112137E7
2166;5109;3;1.1001010295112137E7
2167;5112;3;1.1000979710386312E7
2168;5115;3;1.1000979710386312E7
2169;5116;1;1.1000979710386312E7
2170;5118;2;1.1000979710386312E7
2171;5120;2;1.1000979710386312E7
2172;5120;0;1.1000979710386312E7
2173;5123;3;1.1000979710386312E7
2174;5124;1;1.1000979710386312E7
2175;5125;1;1.1000979710386312E7
2176;5127;2;1.1000979710386312E7
2177;5128;1;1.1000979710386312E7
2178;5128;0;1.1000979710386312E7
2179;5131;3;1.1000979710386312E7
2180;5133;2;1.1000979710386312E7
2181;5134;1;1.1000979710386312E7
2182;5136;2;1.1000979710386312E7
2183;5138;2;1.1000979710386312E7
2184;5140;2;1.1000979710386312E7
2185;5141;1;1.1000979710386312E7
2186;5143;2;1.1000979710386312E7
2187;5146;3;1.1000979710386312E7
2188;5148;2;1.1000979710386312E7
2189;5150;2;1.1000979710386312E7
2190;5154;4;1.1000979710386312E7
2191;5156;2;1.1000979710386312E7
2192;5158;2;1.1000979710386312E7
2193;5162;4;1.1000979710386312E7
2194;5163;1;1.1000979710386312E7
2195;5166;3;1.1000979710386312E7
2196;5168;2;1.1000979710386312E7
2197;5170;2;1.1000979710386312E7
2198;5174;4;1.1000979710386312E7
2199;5179;5;1.1000979710386312E7
2200;5181;2;1.1000979710386312E7
2201;5184;3;1.1000979710386312E7
2202;5187;3;1.1000971532252364E7
2203;5188;1;1.1000971532252364E7
2204;5189;1;1.1000971532252364E7
2205;5192;3;1.1000971532252364E7
2206;5198;6;1.1000940370228304E7
2207;5203;5;1.1000940370228304E7
2208;5204;1;1.1000940370228304E7
2209;5207;3;1.1000940370228304E7
2210;5211;4;1.1000940370228304E7
2211;5213;2;1.1000940370228304E7
2212;5217;4;1.1000940370228304E7
2213;5221;4;1.1000940370228304E7
2214;5226;5;1.1000940370228304E7
2215;5228;2;1.1000940370228304E7
2216;5232;4;1.1000940370228304E7
2217;5233;1;1.1000940370228304E7
2218;5234;1;1.1000940370228304E7
2219;5239;5;1.1000940370228304E7
2220;5242;3;1.1000939625713803E7
2221;5244;2;1.1000939625713803E7
2222;5258;14;1.1000939625713803E7
2223;5259;1;1.1000939625713803E7
2224;5264;5;1.1000939625713803E7
2225;5267;3;1.1000939625713803E7
2226;5279;12;1.1000939625713803E7
2227;5288;9;1.1000939625713803E7
2228;5291;3;1.1000939625713803E7
2229;5297;6;1.1000939625713803E7
2230;5301;4;1.1000939625713803E7
2231;5305;4;1.1000939625713803E7
2232;5311;6;1.1000939625713803E7
2233;5315;4;1.1000939625713803E7
2234;5316;1;1.1000939625713803E7
2235;5319;3;1.1000939625713803E7
2236;5322;3;1.1000939625713803E7
2237;5326;4;1.1000939625713803E7
2238;5333;7;1.1000939625713803E7
2239;5335;2;1.1000939625713803E7
2240;5339;4;1.1000939625713803E7
2241;5341;2;1.1000939625713803E7
2242;5343;2;1.1000939625713803E7
2243;5345;2;1.1000939625713803E7
2244;5351;6;1.1000939625713803E7
2245;5353;2;1.1000939625713803E7
2246;5354;1;1.1000939625713803E7
2247;5355;1;1.1000939625713803E7
2248;5357;2;1.1000939625713803E7
2249;5359;2;1.1000939625713803E7
2250;5360;1;1.1000939625713803E7
2251;5361;1;1.1000939625713803E7
2252;5363;2;1.1000939625713803E7
2253;5365;2;1.1000939625713803E7
2254;5368;3;1.1000939625713803E7
2255;5369;1;1.1000939625713803E7
2256;5370;1;1.1000939625713803E7
2257;5371;1;1.1000939625713803E7
2258;5373;2;1.1000939625713803E7
2259;5375;2;1.1000939625713803E7
2260;5377;2;1.1000936677458417E7
2261;5379;2;1.1000936677458417E7
2262;5381;2;1.1000936677458417E7
2263;5383;2;1.1000936677458417E7
2264;5385;2;1.1000936677458417E7
2265;5387;2;1.1000936677458417E7
2266;5389;2;1.1000936677458417E7
2267;5391;2;1.1000936677458417E7
2268;5392;1;1.1000936677458417E7
2269;5393;1;1.1000936677458417E7
2270;5396;3;1.1000934797690198E7
2271;5400;4;1.1000934005241977E7
2272;5402;2;1.1000934005241977E7
2273;5404;2;1.1000934005241977E7
2274;5405;1;1.1000934005241977E7
2275;5409;4;1.1000934005241977E7
2276;5412;3;1.1000934005241977E7
2277;5414;2;1.1000934005241977E7
2278;5416;2;1.1000934005241977E7
2279;5417;1;1.1000934005241977E7
2280;5419;2;1.1000934005241977E7
2281;5421;2;1.1000934005241977E7
2282;5422;1;1.1000934005241977E7
2283;5423;1;1.1000934005241977E7
2284;5425;2;1.1000934005241977E7
2285;5425;0;1.1000934005241977E7
2286;5428;3;1.1000934005241977E7
2287;5431;3;1.1000934005241977E7
2288;5433;2;1.1000934005241977E7
2289;5435;2;1.1000934005241977E7
2290;5437;2;1.1000934005241977E7
2291;5438;1;1.1000934005241977E7
2292;5441;3;1.1000927849129347E7
2293;5444;3;1.1000927849129347E7
2294;5446;2;1.1000925641414825E7
2295;5448;2;1.1000925641414825E7
2296;5450;2;1.1000925641414825E7
2297;5451;1;1.1000925641414825E7
2298;5455;4;1.1000925641414825E7
2299;5455;0;1.1000925641414825E7
2300;5457;2;1.1000925641414825E7
2301;5458;1;1.1000925641414825E7
2302;5459;1;1.1000925641414825E7
2303;5459;0;1.1000925641414825E7
2304;5461;2;1.1000925641414825E7
2305;5462;1;1.1000925641414825E7
2306;5464;2;1.1000925641414825E7
2307;5465;1;1.1000925641414825E7
2308;5467;2;1.1000925641414825E7
2309;5469;2;1.1000925641414825E7
2310;5473;4;1.1000925641414825E7
2311;5476;3;1.1000925641414825E7
2312;5477;1;1.1000925641414825E7
2313;5479;2;1.1000925641414825E7
2314;5480;1;1.1000925641414825E7
2315;5481;1;1.1000925641414825E7
2316;5481;0;1.1000925641414825E7
2317;5483;2;1.1000925641414825E7
2318;5485;2;1.1000925641414825E7
2319;5487;2;1.1000925641414825E7
2320;5488;1;1.1000925641414825E7
2321;5489;1;1.1000925641414825E7
2322;5490;1;1.1000925641414825E7
2323;5492;2;1.1000925641414825E7
2324;5494;2;1.1000924812449208E7
2325;5496;2;1.1000924812449208E7
2326;5497;1;1.1000924812449208E7
2327;5498;1;1.1000924812449208E7
2328;5499;1;1.1000924812449208E7
2329;5502;3;1.1000924812449208E7
2330;5503;1;1.1000924812449208E7
2331;5506;3;1.1000924812449208E7
2332;5508;2;1.1000924812449208E7
2333;5510;2;1.1000924812449208E7
2334;5512;2;1.1000924812449208E7
2335;5514;2;1.1000924812449208E7
2336;5516;2;1.1000924812449208E7
2337;5518;2;1.1000924812449208E7
2338;5519;1;1.1000924812449208E7
2339;5519;0;1.1000924812449208E7
2340;5521;2;1.1000924812449208E7
2341;5521;0;1.1000924812449208E7
2342;5523;2;1.1000924812449208E7
2343;5525;2;1.1000924812449208E7
2344;5528;3;1.1000924812449208E7
2345;5528;0;1.1000924812449208E7
2346;5529;1;1.1000924812449208E7
2347;5530;1;1.1000924812449208E7
2348;5533;3;1.1000924812449208E7
2349;5536;3;1.1000924812449208E7
2350;5538;2;1.1000915187032098E7
2351;5540;2;1.1000915187032098E7
2352;5541;1;1.1000915187032098E7
2353;5543;2;1.1000915187032098E7
2354;5544;1;1.1000915187032098E7
2355;5545;1;1.1000915187032098E7
2356;5547;2;1.1000915187032098E7
2357;5549;2;1.1000915187032098E7
2358;5551;2;1.1000910365214251E7
2359;5553;2;1.1000910365214251E7
2360;5556;3;1.1000910365214251E7
2361;5558;2;1.1000910365214251E7
2362;5560;2;1.1000910365214251E7
2363;5564;4;1.1000910365214251E7
2364;5568;4;1.1000910365214251E7
2365;5569;1;1.1000910365214251E7
2366;5571;2;1.1000910365214251E7
2367;5573;2;1.1000910365214251E7
2368;5574;1;1.1000910365214251E7
2369;5575;1;1.1000910365214251E7
2370;5577;2;1.1000910365214251E7
2371;5578;1;1.1000910365214251E7
2372;5583;5;1.1000910365214251E7
2373;5586;3;1.1000910365214251E7
2374;5589;3;1.1000910365214251E7
2375;5591;2;1.1000910365214251E7
2376;5594;3;1.1000910365214251E7
2377;5595;1;1.1000910365214251E7
2378;5596;1;1.1000910365214251E7
2379;5598;2;1.1000910365214251E7
2380;5599;1;1.1000910365214251E7
2381;5602;3;1.1000910365214251E7
2382;5604;2;1.100089744073236E7
2383;5605;1;1.100089744073236E7
2384;5606;1;1.1000896978384703E7
2385;5609;3;1.1000895005569411E7
2386;5610;1;1.1000895005569411E7
2387;5612;2;1.1000895005569411E7
2388;5614;2;1.1000895005569411E7
2389;5615;1;1.1000895005569411E7
2390;5617;2;1.1000895005569411E7
2391;5619;2;1.1000895005569411E7
2392;5620;1;1.1000895005569411E7
2393;5622;2;1.1000895005569411E7
2394;5623;1;1.1000895005569411E7
2395;5624;1;1.1000895005569411E7
2396;5626;2;1.1000895005569411E7
2397;5628;2;1.1000895005569411E7
2398;5629;1;1.1000895005569411E7
2399;5634;5;1.1000895005569411E7
2400;5637;3;1.1000895005569411E7
2401;5640;3;1.1000895005569411E7
2402;5641;1;1.1000895005569411E7
2403;5643;2;1.1000895005569411E7
2404;5649;6;1.1000895005569411E7
2405;5650;1;1.1000895005569411E7
2406;5650;0;1.1000895005569411E7
2407;5653;3;1.1000895005569411E7
2408;5654;1;1.1000895005569411E7
2409;5656;2;1.1000895005569411E7
2410;5659;3;1.1000895005569411E7
2411;5659;0;1.1000895005569411E7
2412;5662;3;1.1000865819195136E7
2413;5663;1;1.1000865819195136E7
2414;5665;2;1.1000865819195136E7
2415;5667;2;1.1000865819195136E7
2416;5669;2;1.1000865819195136E7
2417;5672;3;1.1000865819195136E7
2418;5675;3;1.1000865819195136E7
2419;5679;4;1.1000865819195136E7
2420;5681;2;1.1000865819195136E7
2421;5682;1;1.1000865819195136E7
2422;5684;2;1.1000865819195136E7
2423;5685;1;1.1000865819195136E7
2424;5687;2;1.1000865819195136E7
2425;5689;2;1.1000865819195136E7
2426;5689;0;1.1000865819195136E7
2427;5692;3;1.1000865819195136E7
2428;5694;2;1.1000865819195136E7
2429;5696;2;1.1000865819195136E7
2430;5697;1;1.1000865819195136E7
2431;5698;1;1.1000865819195136E7
2432;5699;1;1.1000865819195136E7
2433;5700;1;1.1000865819195136E7
2434;5701;1;1.1000865819195136E7
2435;5704;3;1.1000865819195136E7
2436;5704;0;1.1000865819195136E7
2437;5706;2;1.1000865819195136E7
2438;5707;1;1.1000865819195136E7
2439;5709;2;1.1000865819195136E7
2440;5710;1;1.1000865819195136E7
2441;5712;2;1.1000865819195136E7
2442;5713;1;1.1000865819195136E7
2443;5714;1;1.1000865819195136E7
2444;5715;1;1.1000865819195136E7
2445;5716;1;1.1000865819195136E7
2446;5718;2;1.1000865819195136E7
2447;5719;1;1.1000865819195136E7
2448;5722;3;1.1000865819195136E7
2449;5723;1;1.1000865819195136E7
2450;5726;3;1.1000865819195136E7
2451;5727;1;1.1000865819195136E7
2452;5729;2;1.1000865819195136E7
2453;5731;2;1.1000865819195136E7
2454;5733;2;1.1000865819195136E7
2455;5734;1;1.1000865819195136E7
2456;5737;3;1.1000865819195136E7
2457;5739;2;1.1000865819195136E7
2458;5741;2;1.1000865819195136E7
2459;5742;1;1.1000865819195136E7
2460;5744;2;1.1000865819195136E7
2461;5747;3;1.1000865819195136E7
2462;5749;2;1.1000865819195136E7
2463;5750;1;1.1000865819195136E7
2464;5752;2;1.1000865819195136E7
2465;5754;2;1.1000865819195136E7
2466;5755;1;1.1000865819195136E7
2467;5757;2;1.1000865819195136E7
2468;5758;1;1.1000865819195136E7
2469;5759;1;1.1000865819195136E7
2470;5761;2;1.1000865819195136E7
2471;5764;3;1.1000865819195136E7
2472;5766;2;1.1000865819195136E7
2473;5768;2;1.1000865819195136E7
2474;5770;2;1.1000865819195136E7
2475;5772;2;1.1000865819195136E7
2476;5773;1;1.0000829697888324E7
2477;5775;2;1.0000829697888324E7
2478;5775;0;1.0000829697888324E7
2479;5777;2;1.0000829697888324E7
2480;5779;2;1.0000829697888324E7
2481;5779;0;1.0000829697888324E7
2482;5782;3;1.0000828936866943E7
2483;5784;2;1.0000828936866943E7
2484;5784;0;1.0000828936866943E7
2485;5786;2;1.0000828936866943E7
2486;5788;2;1.0000828936866943E7
2487;5789;1;1.0000828936866943E7
2488;5791;2;1.0000828936866943E7
2489;5792;1;1.0000828936866943E7
2490;5792;0;1.0000828936866943E7
2491;5794;2;1.0000828936866943E7
2492;5796;2;1.0000828936866943E7
2493;5798;2;1.0000828936866943E7
2494;5799;1;1.0000828936866943E7
2495;5802;3;1.0000828936866943E7
2496;5804;2;1.0000828936866943E7
2497;5807;3;1.0000828936866943E7
2498;5811;4;1.0000828936866943E7
2499;5813;2;1.0000828936866943E7
2500;5814;1;1.0000828936866943E7
2501;5817;3;1.0000828936866943E7
2502;5819;2;1.0000828936866943E7
2503;5821;2;1.0000828936866943E7
2504;5823;2;1.0000828936866943E7
2505;5826;3;1.0000828936866943E7
2506;5828;2;1.0000828936866943E7
2507;5830;2;1.0000828936866943E7
2508;5832;2;1.0000828936866943E7
2509;5834;2;1.0000828936866943E7
2510;5835;1;1.0000828936866943E7
2511;5837;2;1.0000828936866943E7
2512;5839;2;1.0000828936866943E7
2513;5841;2;1.0000828936866943E7
2514;5844;3;1.0000828936866943E7
2515;5846;2;1.0000828936866943E7
2516;5848;2;1.0000828936866943E7
2517;5849;1;1.0000828936866943E7
2518;5852;3;1.0000828936866943E7
2519;5853;1;1.0000828936866943E7
2520;5856;3;1.0000828936866943E7
2521;5858;2;1.0000828936866943E7
2522;5859;1;1.0000828936866943E7
2523;5860;1;1.0000828936866943E7
2524;5861;1;1.0000828936866943E7
2525;5863;2;1.0000828936866943E7
2526;5864;1;1.0000828936866943E7
2527;5865;1;1.0000828936866943E7
2528;5868;3;1.0000828936866943E7
2529;5870;2;1.0000828936866943E7
2530;5872;2;1.0000828936866943E7
2531;5874;2;1.0000828936866943E7
2532;5875;1;1.0000828936866943E7
2533;5878;3;1.0000828936866943E7
2534;5879;1;1.0000828936866943E7
2535;5880;1;1.0000828936866943E7
2536;5881;1;1.0000828936866943E7
2537;5883;2;1.0000828936866943E7
2538;5885;2;1.0000828936866943E7
2539;5886;1;1.0000828936866943E7
2540;5888;2;1.0000828936866943E7
2541;5889;1;1.0000828936866943E7
2542;5890;1;1.0000828936866943E7
2543;5890;0;1.0000828936866943E7
2544;5892;2;1.0000828936866943E7
2545;5894;2;1.0000828936866943E7
2546;5895;1;1.0000828936866943E7
2547;5897;2;1.0000828936866943E7
2548;5897;0;1.0000828936866943E7
2549;5899;2;1.0000828936866943E7
2550;5901;2;1.0000828936866943E7
2551;5903;2;1.0000828936866943E7
2552;5903;0;1.0000828936866943E7
2553;5904;1;1.0000828936866943E7
2554;5904;0;1.0000828936866943E7
2555;5906;2;1.0000828936866943E7
2556;5908;2;1.0000828936866943E7
2557;5910;2;1.0000828936866943E7
2558;5912;2;1.0000828936866943E7
2559;5913;1;1.0000828936866943E7
2560;5916;3;1.0000828936866943E7
2561;5916;0;1.0000828936866943E7
2562;5919;3;1.0000828936866943E7
2563;5920;1;1.0000828936866943E7
2564;5922;2;1.0000828936866943E7
2565;5925;3;1.0000828936866943E7
2566;5926;1;1.0000828936866943E7
2567;5927;1;1.0000828936866943E7
2568;5929;2;1.0000828936866943E7
2569;5931;2;1.0000828936866943E7
2570;5933;2;1.0000828936866943E7
2571;5935;2;1.0000828936866943E7
2572;5936;1;1.0000828936866943E7
2573;5938;2;1.0000828936866943E7
2574;5939;1;1.0000828936866943E7
2575;5942;3;1.0000828936866943E7
2576;5943;1;1.0000828936866943E7
2577;5947;4;1.0000828936866943E7
2578;5948;1;1.0000828936866943E7
2579;5950;2;1.0000828936866943E7
2580;5950;0;1.0000828936866943E7
2581;5952;2;1.0000828936866943E7
2582;5953;1;1.0000828936866943E7
2583;5955;2;1.0000828936866943E7
2584;5957;2;1.0000828936866943E7
2585;5958;1;1.0000828936866943E7
2586;5960;2;1.0000828936866943E7
2587;5962;2;1.0000828936866943E7
2588;5964;2;1.0000828936866943E7
2589;5965;1;1.0000828936866943E7
2590;5967;2;1.0000828936866943E7
2591;5969;2;1.0000828936866943E7
2592;5970;1;1.0000828936866943E7
2593;5973;3;1.0000828936866943E7
2594;5974;1;1.0000828936866943E7
2595;5975;1;1.0000828936866943E7
2596;5977;2;1.0000828936866943E7
2597;5978;1;1.0000828936866943E7
2598;5981;3;1.0000828936866943E7
2599;5983;2;1.0000828936866943E7
2600;5984;1;1.0000828936866943E7
2601;5985;1;1.0000828936866943E7
2602;5986;1;1.0000828936866943E7
2603;5987;1;1.0000828936866943E7
2604;5988;1;1.0000828936866943E7
2605;5990;2;1.0000828936866943E7
2606;5991;1;1.0000828936866943E7
2607;5993;2;1.0000828936866943E7
2608;5995;2;1.0000828936866943E7
2609;5996;1;1.0000828936866943E7
2610;5997;1;1.0000828936866943E7
2611;5998;1;1.0000828936866943E7
2612;5999;1;1.0000828936866943E7
2613;6002;3;1.0000828936866943E7
2614;6003;1;1.0000828936866943E7
2615;6004;1;1.0000828936866943E7
2616;6005;1;1.0000828936866943E7
2617;6006;1;1.0000828936866943E7
2618;6008;2;1.0000828936866943E7
2619;6011;3;1.0000828936866943E7
2620;6013;2;1.0000828936866943E7
2621;6015;2;1.0000828936866943E7
2622;6017;2;1.0000828936866943E7
2623;6020;3;1.0000828936866943E7
2624;6021;1;1.0000828936866943E7
2625;6022;1;1.0000828936866943E7
2626;6025;3;1.0000828936866943E7
2627;6025;0;1.0000828936866943E7
2628;6027;2;1.0000828936866943E7
2629;6028;1;1.0000828936866943E7
2630;6030;2;1.0000828936866943E7
2631;6031;1;1.0000828936866943E7
2632;6033;2;1.0000828936866943E7
2633;6034;1;1.0000828936866943E7
2634;6035;1;1.0000828936866943E7
2635;6037;2;1.0000828936866943E7
2636;6038;1;1.0000828936866943E7
2637;6040;2;1.0000828936866943E7
2638;6040;0;1.0000828936866943E7
2639;6042;2;1.0000828936866943E7
2640;6043;1;1.0000828936866943E7
2641;6045;2;1.0000828936866943E7
2642;6046;1;1.0000828936866943E7
2643;6048;2;1.0000828936866943E7
2644;6051;3;1.0000828936866943E7
2645;6052;1;1.0000828936866943E7
2646;6056;4;1.0000828936866943E7
2647;6058;2;1.0000828936866943E7
2648;6058;0;1.0000828936866943E7
2649;6060;2;1.0000828936866943E7
2650;6062;2;1.0000828936866943E7
2651;6063;1;1.0000828936866943E7
2652;6064;1;1.0000828936866943E7
2653;6066;2;1.0000828936866943E7
2654;6067;1;1.0000828936866943E7
2655;6068;1;1.0000828936866943E7
2656;6070;2;1.0000828936866943E7
2657;6071;1;1.0000828936866943E7
2658;6073;2;1.0000828936866943E7
2659;6075;2;1.0000828936866943E7
2660;6077;2;1.0000828936866943E7
2661;6078;1;1.0000828936866943E7
2662;6079;1;1.0000828936866943E7
2663;6081;2;1.0000828936866943E7
2664;6082;1;1.0000828936866943E7
2665;6085;3;1.0000828936866943E7
2666;6086;1;1.0000828936866943E7
2667;6089;3;1.0000828936866943E7
2668;6091;2;1.0000828936866943E7
2669;6092;1;1.0000828936866943E7
2670;6095;3;1.0000828936866943E7
2671;6096;1;1.0000828936866943E7
2672;6097;1;1.0000828936866943E7
2673;6099;2;1.0000828936866943E7
2674;6101;2;1.0000828936866943E7
2675;6103;2;1.0000828936866943E7
2676;6105;2;1.0000828936866943E7
2677;6106;1;1.0000828936866943E7
2678;6108;2;1.0000828936866943E7
2679;6110;2;1.0000828936866943E7
2680;6112;2;1.0000828936866943E7
2681;6114;2;1.0000828936866943E7
2682;6116;2;1.0000828936866943E7
2683;6117;1;1.0000828936866943E7
2684;6119;2;1.0000828936866943E7
2685;6121;2;1.0000828936866943E7
2686;6122;1;1.0000828936866943E7
2687;6123;1;1.0000828936866943E7
2688;6125;2;1.0000828936866943E7
2689;6127;2;1.0000828936866943E7
2690;6129;2;1.0000828936866943E7
2691;6130;1;1.0000828936866943E7
2692;6131;1;1.0000828936866943E7
2693;6134;3;1.0000828936866943E7
2694;6137;3;1.0000828936866943E7
2695;6140;3;1.0000828936866943E7
2696;6141;1;1.0000828936866943E7
2697;6144;3;1.0000828936866943E7
2698;6146;2;1.0000828936866943E7
2699;6147;1;1.0000828936866943E7
2700;6149;2;1.0000828936866943E7
2701;6149;0;1.0000828936866943E7
2702;6152;3;1.0000828936866943E7
2703;6154;2;1.0000828936866943E7
2704;6155;1;1.0000828936866943E7
2705;6157;2;1.0000828936866943E7
2706;6158;1;1.0000828936866943E7
2707;6160;2;1.0000828936866943E7
2708;6161;1;1.0000828936866943E7
2709;6162;1;1.0000828936866943E7
2710;6164;2;1.0000828936866943E7
2711;6164;0;1.0000828936866943E7
2712;6166;2;1.0000828936866943E7
2713;6167;1;1.0000828936866943E7
2714;6170;3;1.0000828936866943E7
2715;6171;1;1.0000828936866943E7
2716;6174;3;1.0000828936866943E7
2717;6175;1;1.0000828936866943E7
2718;6176;1;1.0000828936866943E7
2719;6178;2;1.0000828936866943E7
2720;6179;1;1.0000828936866943E7
2721;6180;1;1.0000828936866943E7
2722;6182;2;1.0000828936866943E7
2723;6184;2;1.0000828936866943E7
2724;6187;3;1.0000828936866943E7
2725;6190;3;1.0000828936866943E7
2726;6192;2;1.0000828936866943E7
2727;6193;1;1.0000828936866943E7
2728;6195;2;1.0000828936866943E7
2729;6197;2;1.0000828936866943E7
2730;6198;1;1.0000828936866943E7
2731;6199;1;1.0000828936866943E7
2732;6200;1;1.0000828936866943E7
2733;6200;0;1.0000828936866943E7
2734;6202;2;1.0000828936866943E7
2735;6202;0;1.0000828936866943E7
2736;6203;1;1.0000828936866943E7
2737;6205;2;1.0000828936866943E7
2738;6207;2;1.0000828936866943E7
2739;6208;1;1.0000828936866943E7
2740;6211;3;1.0000828936866943E7
2741;6212;1;1.0000828936866943E7
2742;6214;2;1.0000828936866943E7
2743;6216;2;1.0000828936866943E7
2744;6217;1;1.0000828936866943E7
2745;6219;2;1.0000828936866943E7
2746;6220;1;1.0000828936866943E7
2747;6223;3;1.0000828936866943E7
2748;6225;2;1.0000828936866943E7
2749;6227;2;1.0000828936866943E7
2750;6229;2;1.0000828936866943E7
2751;6231;2;1.0000828936866943E7
2752;6232;1;1.0000828936866943E7
2753;6234;2;1.0000828936866943E7
2754;6235;1;1.0000828936866943E7
2755;6239;4;1.0000828936866943E7
2756;6242;3;1.0000828936866943E7
2757;6244;2;1.0000828936866943E7
2758;6246;2;1.0000828936866943E7
2759;6250;4;1.0000828936866943E7
2760;6252;2;1.0000828936866943E7
2761;6254;2;1.0000828936866943E7
2762;6259;5;1.0000828936866943E7
2763;6259;0;1.0000828936866943E7
2764;6262;3;1.0000828936866943E7
2765;6263;1;1.0000828936866943E7
2766;6264;1;1.0000828936866943E7
2767;6266;2;1.0000828936866943E7
2768;6267;1;1.0000828936866943E7
2769;6269;2;1.0000828936866943E7
2770;6269;0;1.0000828936866943E7
2771;6271;2;1.0000828936866943E7
2772;6273;2;1.0000828936866943E7
2773;6275;2;1.0000828936866943E7
2774;6277;2;1.0000828936866943E7
2775;6278;1;1.0000828936866943E7
2776;6280;2;1.0000828936866943E7
2777;6281;1;1.0000828936866943E7
2778;6283;2;1.0000828936866943E7
2779;6285;2;1.0000828936866943E7
2780;6286;1;1.0000828936866943E7
2781;6288;2;1.0000828936866943E7
2782;6291;3;1.0000828936866943E7
2783;6292;1;1.0000828936866943E7
2784;6293;1;1.0000828936866943E7
2785;6295;2;1.0000828936866943E7
2786;6297;2;1.0000828936866943E7
2787;6298;1;1.0000828936866943E7
2788;6300;2;1.0000828936866943E7
2789;6300;0;1.0000828936866943E7
2790;6302;2;1.0000828936866943E7
2791;6302;0;1.0000828936866943E7
2792;6304;2;1.0000828936866943E7
2793;6306;2;1.0000828936866943E7
2794;6306;0;1.0000828936866943E7
2795;6308;2;1.0000828936866943E7
2796;6309;1;1.0000828936866943E7
2797;6311;2;1.0000828936866943E7
2798;6312;1;1.0000828936866943E7
2799;6313;1;1.0000828936866943E7
2800;6315;2;1.0000828936866943E7
2801;6317;2;1.0000828936866943E7
2802;6320;3;1.0000828936866943E7
2803;6322;2;1.0000828936866943E7
2804;6323;1;1.0000828936866943E7
2805;6325;2;1.0000828936866943E7
2806;6327;2;1.0000828936866943E7
2807;6328;1;1.0000828936866943E7
2808;6330;2;1.0000828936866943E7
2809;6332;2;1.0000828936866943E7
2810;6333;1;1.0000828936866943E7
2811;6336;3;1.0000828936866943E7
2812;6337;1;1.0000828936866943E7
2813;6338;1;1.0000828936866943E7
2814;6340;2;1.0000828936866943E7
2815;6342;2;1.0000828936866943E7
2816;6343;1;1.0000828936866943E7
2817;6344;1;1.0000828936866943E7
2818;6346;2;1.0000828936866943E7
2819;6348;2;1.0000828936866943E7
2820;6350;2;1.0000828936866943E7
2821;6351;1;1.0000828936866943E7
2822;6352;1;1.0000828936866943E7
2823;6353;1;1.0000828936866943E7
2824;6355;2;1.0000828936866943E7
2825;6355;0;1.0000828936866943E7
2826;6356;1;1.0000828936866943E7
2827;6357;1;1.0000828936866943E7
2828;6360;3;1.0000828936866943E7
2829;6361;1;1.0000828936866943E7
2830;6362;1;1.0000828936866943E7
2831;6364;2;1.0000828936866943E7
2832;6365;1;1.0000828936866943E7
2833;6367;2;1.0000828936866943E7
2834;6368;1;1.0000828936866943E7
2835;6370;2;1.0000828936866943E7
2836;6371;1;1.0000828936866943E7
2837;6372;1;1.0000828936866943E7
2838;6374;2;1.0000828936866943E7
2839;6375;1;1.0000828936866943E7
2840;6377;2;1.0000828936866943E7
2841;6380;3;1.0000828936866943E7
2842;6382;2;1.0000828936866943E7
2843;6382;0;1.0000828936866943E7
2844;6384;2;1.0000828936866943E7
2845;6386;2;1.0000828936866943E7
2846;6387;1;1.0000828936866943E7
2847;6388;1;1.0000828936866943E7
2848;6389;1;1.0000828936866943E7
2849;6391;2;1.0000828936866943E7
2850;6394;3;1.0000828936866943E7
2851;6395;1;1.0000828936866943E7
2852;6397;2;1.0000828936866943E7
2853;6399;2;1.0000828936866943E7
2854;6401;2;1.0000828936866943E7
2855;6403;2;1.0000828936866943E7
2856;6403;0;1.0000828936866943E7
2857;6406;3;1.0000828936866943E7
2858;6409;3;1.0000828936866943E7
2859;6411;2;1.0000828936866943E7
2860;6412;1;1.0000828936866943E7
2861;6413;1;1.0000828936866943E7
2862;6414;1;1.0000828936866943E7
2863;6415;1;1.0000828936866943E7
2864;6416;1;1.0000828936866943E7
2865;6418;2;1.0000828936866943E7
2866;6419;1;1.0000828936866943E7
2867;6421;2;1.0000828936866943E7
2868;6423;2;1.0000828936866943E7
2869;6424;1;1.0000828936866943E7
2870;6426;2;1.0000828936866943E7
2871;6429;3;1.0000828936866943E7
2872;6430;1;1.0000828936866943E7
2873;6433;3;1.0000828936866943E7
2874;6435;2;1.0000828936866943E7
2875;6436;1;1.0000828936866943E7
2876;6438;2;1.0000828936866943E7
2877;6440;2;1.0000828936866943E7
2878;6444;4;1.0000828936866943E7
2879;6446;2;1.0000828936866943E7
2880;6447;1;1.0000828936866943E7
2881;6449;2;1.0000828936866943E7
2882;6449;0;1.0000828936866943E7
2883;6451;2;1.0000828936866943E7
2884;6453;2;1.0000828936866943E7
2885;6454;1;1.0000828936866943E7
2886;6456;2;1.0000828936866943E7
2887;6458;2;1.0000828936866943E7
2888;6460;2;1.0000828936866943E7
2889;6460;0;1.0000828936866943E7
2890;6462;2;1.0000828936866943E7
2891;6462;0;1.0000828936866943E7
2892;6463;1;1.0000828936866943E7
2893;6464;1;1.0000828936866943E7
2894;6466;2;1.0000828936866943E7
2895;6466;0;1.0000828936866943E7
2896;6469;3;1.0000828936866943E7
2897;6471;2;1.0000828936866943E7
2898;6472;1;1.0000828936866943E7
2899;6473;1;1.0000828936866943E7
2900;6475;2;1.0000828936866943E7
2901;6476;1;1.0000828936866943E7
2902;6478;2;1.0000828936866943E7
2903;6480;2;1.0000828936866943E7
2904;6481;1;1.0000828936866943E7
2905;6481;0;1.0000828936866943E7
2906;6483;2;1.0000828936866943E7
2907;6484;1;1.0000828936866943E7
2908;6486;2;1.0000828936866943E7
2909;6487;1;1.0000828936866943E7
2910;6488;1;1.0000828936866943E7
2911;6490;2;1.0000828936866943E7
2912;6492;2;1.0000828936866943E7
2913;6492;0;1.0000828936866943E7
2914;6494;2;1.0000828936866943E7
2915;6496;2;1.0000828936866943E7
2916;6497;1;1.0000828936866943E7
2917;6499;2;1.0000828936866943E7
2918;6501;2;1.0000828936866943E7
2919;6502;1;1.0000828936866943E7
2920;6502;0;1.0000828936866943E7
2921;6504;2;1.0000828936866943E7
2922;6506;2;1.0000828936866943E7
2923;6508;2;1.0000828936866943E7
2924;6509;1;1.0000828936866943E7
2925;6510;1;1.0000828936866943E7
2926;6512;2;1.0000828936866943E7
2927;6512;0;1.0000828936866943E7
2928;6513;1;1.0000828936866943E7
2929;6513;0;1.0000828936866943E7
2930;6515;2;1.0000828936866943E7
2931;6517;2;1.0000828936866943E7
2932;6518;1;1.0000828936866943E7
2933;6520;2;1.0000828936866943E7
2934;6521;1;1.0000828936866943E7
2935;6523;2;1.0000828936866943E7
2936;6524;1;1.0000828936866943E7
2937;6526;2;1.0000828936866943E7
2938;6528;2;1.0000828936866943E7
2939;6529;1;1.0000828936866943E7
2940;6530;1;1.0000828936866943E7
2941;6531;1;1.0000828936866943E7
2942;6533;2;1.0000828936866943E7
2943;6533;0;1.0000828936866943E7
2944;6535;2;1.0000828936866943E7
2945;6538;3;1.0000828936866943E7
2946;6538;0;1.0000828936866943E7
2947;6539;1;1.0000828936866943E7
2948;6541;2;1.0000828936866943E7
2949;6543;2;1.0000828936866943E7
2950;6544;1;1.0000828936866943E7
2951;6546;2;1.0000828936866943E7
2952;6548;2;1.0000828936866943E7
2953;6550;2;1.0000828936866943E7
2954;6554;4;1.0000828936866943E7
2955;6557;3;1.0000828936866943E7
2956;6559;2;1.0000828936866943E7
2957;6559;0;1.0000828936866943E7
2958;6561;2;1.0000828936866943E7
2959;6563;2;1.0000828936866943E7
2960;6565;2;1.0000828936866943E7
2961;6566;1;1.0000828936866943E7
2962;6568;2;1.0000828936866943E7
2963;6569;1;1.0000828936866943E7
2964;6570;1;1.0000828936866943E7
2965;6571;1;1.0000828936866943E7
2966;6573;2;1.0000828936866943E7
2967;6574;1;1.0000828936866943E7
2968;6575;1;1.0000828936866943E7
2969;6577;2;1.0000828936866943E7
2970;6578;1;1.0000828936866943E7
2971;6579;1;1.0000828936866943E7
2972;6581;2;1.0000828936866943E7
2973;6582;1;1.0000828936866943E7
2974;6583;1;1.0000828936866943E7
2975;6585;2;1.0000828936866943E7
2976;6586;1;1.0000828936866943E7
2977;6589;3;1.0000828936866943E7
2978;6590;1;1.0000828936866943E7
2979;6592;2;1.0000828936866943E7
2980;6594;2;1.0000828936866943E7
2981;6595;1;1.0000828936866943E7
2982;6597;2;1.0000828936866943E7
2983;6599;2;1.0000828936866943E7
2984;6600;1;1.0000828936866943E7
2985;6603;3;1.0000828936866943E7
2986;6604;1;1.0000828936866943E7
2987;6606;2;1.0000828936866943E7
2988;6608;2;1.0000828936866943E7
2989;6610;2;1.0000828936866943E7
2990;6612;2;1.0000828936866943E7
2991;6613;1;1.0000828936866943E7
2992;6615;2;1.0000828936866943E7
2993;6616;1;1.0000828936866943E7
2994;6617;1;1.0000828936866943E7
2995;6619;2;1.0000828936866943E7
2996;6620;1;1.0000828936866943E7
2997;6621;1;1.0000828936866943E7
2998;6623;2;1.0000828936866943E7
2999;6625;2;1.0000828936866943E7
