Index;Time point [ms];Iteration length [ms];Cost
0;7;7;1.500310191310886E7
1;11;4;1.400298004012549E7
2;15;4;1.4002351984498138E7
3;16;1;1.4002351984498138E7
4;21;5;1.4002351984498138E7
5;24;3;1.4002200347209584E7
6;25;1;1.4002188624166697E7
7;28;3;1.300240179661797E7
8;30;2;1.300240179661797E7
9;31;1;1.300240179661797E7
10;33;2;1.300240179661797E7
11;36;3;1.300240179661797E7
12;37;1;1.300240179661797E7
13;40;3;1.300240179661797E7
14;43;3;1.300240179661797E7
15;46;3;1.300240179661797E7
16;49;3;1.300240179661797E7
17;52;3;1.300240179661797E7
18;54;2;1.300240179661797E7
19;57;3;1.300240179661797E7
20;60;3;1.300240179661797E7
21;62;2;1.3001844207859997E7
22;65;3;1.3001844207859997E7
23;68;3;1.3001674901348786E7
24;69;1;1.3001674901348786E7
25;71;2;1.3001674901348786E7
26;74;3;1.3001674901348786E7
27;76;2;1.3001674901348786E7
28;79;3;1.3001674901348786E7
29;82;3;1.3001674901348786E7
30;84;2;1.3001674901348786E7
31;88;4;1.3001674901348786E7
32;91;3;1.3001674901348786E7
33;94;3;1.3001674901348786E7
34;96;2;1.3001674901348786E7
35;99;3;1.3001674901348786E7
36;103;4;1.3001674901348786E7
37;106;3;1.3001674901348786E7
38;108;2;1.3001674901348786E7
39;110;2;1.3001674901348786E7
40;114;4;1.3001674901348786E7
41;117;3;1.3001674901348786E7
42;120;3;1.3001674901348786E7
43;123;3;1.3001674901348786E7
44;125;2;1.3001674901348786E7
45;129;4;1.3001674901348786E7
46;131;2;1.3001674901348786E7
47;135;4;1.3001674901348786E7
48;137;2;1.3001674901348786E7
49;137;0;1.3001674901348786E7
50;138;1;1.3001674901348786E7
51;140;2;1.3001674901348786E7
52;144;4;1.3001674901348786E7
53;144;0;1.3001674901348786E7
54;146;2;1.3001674901348786E7
55;148;2;1.3001674901348786E7
56;152;4;1.3001674901348786E7
57;156;4;1.3001630608777586E7
58;160;4;1.3001630608777586E7
59;164;4;1.2001672202084005E7
60;170;6;1.2001672202084005E7
61;174;4;1.2001672202084005E7
62;179;5;1.2001137141121637E7
63;183;4;1.2001137141121637E7
64;187;4;1.2001137141121637E7
65;189;2;1.2001137141121637E7
66;190;1;1.2001137141121637E7
67;195;5;1.2001137141121637E7
68;199;4;1.2001137141121637E7
69;202;3;1.2001137141121637E7
70;204;2;1.2001137141121637E7
71;206;2;1.2001137141121637E7
72;209;3;1.2001137141121637E7
73;210;1;1.2001137141121637E7
74;211;1;1.2001137141121637E7
75;213;2;1.2001137141121637E7
76;216;3;1.2001137141121637E7
77;217;1;1.2001137141121637E7
78;220;3;1.2001137141121637E7
79;223;3;1.2001137141121637E7
80;227;4;1.2001137141121637E7
81;229;2;1.2001137141121637E7
82;233;4;1.2001137141121637E7
83;236;3;1.2001137141121637E7
84;239;3;1.2001137141121637E7
85;241;2;1.2001137141121637E7
86;242;1;1.2001137141121637E7
87;244;2;1.2001137141121637E7
88;246;2;1.2001137141121637E7
89;248;2;1.2001137141121637E7
90;249;1;1.2001137141121637E7
91;251;2;1.2001137141121637E7
92;255;4;1.2001137141121637E7
93;259;4;1.2001137141121637E7
94;262;3;1.2001137141121637E7
95;264;2;1.2001137141121637E7
96;266;2;1.2001137141121637E7
97;270;4;1.2001137141121637E7
98;273;3;1.2001137141121637E7
99;276;3;1.2001137141121637E7
100;279;3;1.2001137141121637E7
101;281;2;1.2001137141121637E7
102;283;2;1.2001137141121637E7
103;286;3;1.2001137141121637E7
104;288;2;1.2001137141121637E7
105;292;4;1.2001137141121637E7
106;294;2;1.2001137141121637E7
107;298;4;1.2001137141121637E7
108;300;2;1.2001137141121637E7
109;302;2;1.2001137141121637E7
110;305;3;1.2001137141121637E7
111;306;1;1.2001137141121637E7
112;307;1;1.2001137141121637E7
113;309;2;1.2001137141121637E7
114;309;0;1.2001137141121637E7
115;311;2;1.2001137141121637E7
116;314;3;1.2001137141121637E7
117;317;3;1.2001137141121637E7
118;321;4;1.2001137141121637E7
119;324;3;1.2001137141121637E7
120;326;2;1.2001137141121637E7
121;329;3;1.2001137141121637E7
122;329;0;1.2001137141121637E7
123;332;3;1.2001137141121637E7
124;335;3;1.2001137141121637E7
125;335;0;1.2001137141121637E7
126;338;3;1.2001137141121637E7
127;341;3;1.2001137141121637E7
128;342;1;1.2001137141121637E7
129;345;3;1.2001137141121637E7
130;347;2;1.2001137141121637E7
131;350;3;1.2001137141121637E7
132;353;3;1.2001137141121637E7
133;354;1;1.2001137141121637E7
134;359;5;1.2001137141121637E7
135;363;4;1.2001137141121637E7
136;365;2;1.2001137141121637E7
137;367;2;1.2001137141121637E7
138;370;3;1.2001137141121637E7
139;370;0;1.2001137141121637E7
140;373;3;1.2001137141121637E7
141;375;2;1.2001137141121637E7
142;378;3;1.2001137141121637E7
143;379;1;1.2001137141121637E7
144;382;3;1.2001137141121637E7
145;382;0;1.2001137141121637E7
146;385;3;1.2001137141121637E7
147;386;1;1.2001137141121637E7
148;387;1;1.2001137141121637E7
149;389;2;1.2001137141121637E7
150;392;3;1.2001137141121637E7
151;395;3;1.2001137141121637E7
152;397;2;1.2001137141121637E7
153;400;3;1.2001137141121637E7
154;403;3;1.2001137141121637E7
155;403;0;1.2001137141121637E7
156;406;3;1.2001137141121637E7
157;409;3;1.2001137141121637E7
158;412;3;1.2001137141121637E7
159;414;2;1.2001137141121637E7
160;416;2;1.2001137141121637E7
161;419;3;1.2001137141121637E7
162;422;3;1.2001137141121637E7
163;424;2;1.2001137141121637E7
164;425;1;1.2001137141121637E7
165;427;2;1.2001137141121637E7
166;430;3;1.2001137141121637E7
167;433;3;1.2001137141121637E7
168;435;2;1.2001137141121637E7
169;437;2;1.2001137141121637E7
170;440;3;1.2001137141121637E7
171;443;3;1.2001137141121637E7
172;445;2;1.2001137141121637E7
173;448;3;1.2001137141121637E7
174;449;1;1.2001137141121637E7
175;450;1;1.2001137141121637E7
176;454;4;1.2001137141121637E7
177;456;2;1.2001137141121637E7
178;457;1;1.2001137141121637E7
179;461;4;1.2001137141121637E7
180;464;3;1.2001137141121637E7
181;464;0;1.2001137141121637E7
182;466;2;1.2001137141121637E7
183;467;1;1.2001137141121637E7
184;467;0;1.2001137141121637E7
185;468;1;1.2001137141121637E7
186;470;2;1.2001137141121637E7
187;472;2;1.2001137141121637E7
188;474;2;1.2001137141121637E7
189;475;1;1.2001137141121637E7
190;475;0;1.2001137141121637E7
191;478;3;1.2001137141121637E7
192;480;2;1.2001137141121637E7
193;483;3;1.2001137141121637E7
194;486;3;1.2001137141121637E7
195;488;2;1.2001137141121637E7
196;490;2;1.2001137141121637E7
197;493;3;1.2001137141121637E7
198;495;2;1.2001137141121637E7
199;495;0;1.2001137141121637E7
200;498;3;1.2001137141121637E7
201;499;1;1.2001137141121637E7
202;503;4;1.2001137141121637E7
203;505;2;1.2001137141121637E7
204;508;3;1.2001137141121637E7
205;509;1;1.2001137141121637E7
206;512;3;1.2001137141121637E7
207;515;3;1.2001137141121637E7
208;517;2;1.2001137141121637E7
209;520;3;1.2001137141121637E7
210;521;1;1.2001137141121637E7
211;524;3;1.2001137141121637E7
212;525;1;1.2001137141121637E7
213;529;4;1.2001137141121637E7
214;532;3;1.2001137141121637E7
215;536;4;1.2001137141121637E7
216;537;1;1.2001137141121637E7
217;539;2;1.2001137141121637E7
218;542;3;1.2001137141121637E7
219;546;4;1.2001137141121637E7
220;548;2;1.2001137141121637E7
221;550;2;1.2001137141121637E7
222;551;1;1.2001137141121637E7
223;554;3;1.2001137141121637E7
224;558;4;1.2001137141121637E7
225;561;3;1.2001137141121637E7
226;565;4;1.2001137141121637E7
227;568;3;1.2001137141121637E7
228;570;2;1.2001137141121637E7
229;573;3;1.2001137141121637E7
230;575;2;1.2001137141121637E7
231;577;2;1.2001137141121637E7
232;579;2;1.2001137141121637E7
233;582;3;1.2001137141121637E7
234;582;0;1.2001137141121637E7
235;585;3;1.2001137141121637E7
236;587;2;1.2001137141121637E7
237;591;4;1.2001137141121637E7
238;594;3;1.2001137141121637E7
239;595;1;1.2001137141121637E7
240;597;2;1.2001137141121637E7
241;600;3;1.2001137141121637E7
242;603;3;1.2001137141121637E7
243;606;3;1.2001137141121637E7
244;609;3;1.2001137141121637E7
245;613;4;1.2001137141121637E7
246;615;2;1.2001137141121637E7
247;621;6;1.2001137141121637E7
248;626;5;1.2001137141121637E7
249;629;3;1.2001137141121637E7
250;632;3;1.2001137141121637E7
251;635;3;1.2001137141121637E7
252;639;4;1.2001137141121637E7
253;641;2;1.2001137141121637E7
254;642;1;1.2001137141121637E7
255;643;1;1.2001137141121637E7
256;644;1;1.2001137141121637E7
257;644;0;1.2001137141121637E7
258;647;3;1.2001137141121637E7
259;650;3;1.2001137141121637E7
260;652;2;1.2001137141121637E7
261;654;2;1.2001137141121637E7
262;654;0;1.2001137141121637E7
263;657;3;1.2001137141121637E7
264;661;4;1.2001137141121637E7
265;663;2;1.2001137141121637E7
266;666;3;1.2001137141121637E7
267;667;1;1.2001137141121637E7
268;670;3;1.2001137141121637E7
269;672;2;1.2001137141121637E7
270;675;3;1.2001137141121637E7
271;676;1;1.2001137141121637E7
272;677;1;1.2001137141121637E7
273;678;1;1.2001137141121637E7
274;680;2;1.2001137141121637E7
275;680;0;1.2001137141121637E7
276;684;4;1.2001137141121637E7
277;685;1;1.2001137141121637E7
278;690;5;1.2001137141121637E7
279;692;2;1.2001137141121637E7
280;693;1;1.2001137141121637E7
281;695;2;1.2001137141121637E7
282;699;4;1.2001137141121637E7
283;702;3;1.2001137141121637E7
284;704;2;1.2001137141121637E7
285;707;3;1.2001137141121637E7
286;709;2;1.2001137141121637E7
287;712;3;1.2001137141121637E7
288;715;3;1.2001137141121637E7
289;716;1;1.2001137141121637E7
290;716;0;1.2001137141121637E7
291;719;3;1.2001137141121637E7
292;721;2;1.2001137141121637E7
293;724;3;1.2001137141121637E7
294;725;1;1.2001137141121637E7
295;727;2;1.2001137141121637E7
296;730;3;1.2001137141121637E7
297;732;2;1.2001137141121637E7
298;735;3;1.2001137141121637E7
299;735;0;1.2001137141121637E7
300;738;3;1.2001137141121637E7
301;741;3;1.2001137141121637E7
302;744;3;1.2001137141121637E7
303;747;3;1.2001137141121637E7
304;748;1;1.2001137141121637E7
305;749;1;1.2001137141121637E7
306;749;0;1.2001137141121637E7
307;752;3;1.2001137141121637E7
308;755;3;1.2001137141121637E7
309;757;2;1.2001137141121637E7
310;759;2;1.2001137141121637E7
311;761;2;1.2001137141121637E7
312;764;3;1.2001137141121637E7
313;766;2;1.2001137141121637E7
314;767;1;1.2001137141121637E7
315;770;3;1.2001137141121637E7
316;772;2;1.2001137141121637E7
317;774;2;1.2001137141121637E7
318;777;3;1.2001137141121637E7
319;780;3;1.2001137141121637E7
320;783;3;1.2001137141121637E7
321;786;3;1.2001137141121637E7
322;788;2;1.2001137141121637E7
323;791;3;1.2001137141121637E7
324;793;2;1.2001137141121637E7
325;797;4;1.2001137141121637E7
326;800;3;1.2001137141121637E7
327;804;4;1.2001137141121637E7
328;807;3;1.2001137141121637E7
329;809;2;1.2001137141121637E7
330;813;4;1.2001137141121637E7
331;815;2;1.2001137141121637E7
332;818;3;1.2001137141121637E7
333;818;0;1.2001137141121637E7
334;820;2;1.2001137141121637E7
335;822;2;1.2001137141121637E7
336;824;2;1.2001137141121637E7
337;827;3;1.2001137141121637E7
338;829;2;1.2001137141121637E7
339;831;2;1.2001137141121637E7
340;834;3;1.2001137141121637E7
341;837;3;1.2001137141121637E7
342;838;1;1.2001137141121637E7
343;840;2;1.2001137141121637E7
344;843;3;1.2001137141121637E7
345;843;0;1.2001137141121637E7
346;846;3;1.2001137141121637E7
347;848;2;1.2001137141121637E7
348;850;2;1.2001137141121637E7
349;853;3;1.2001137141121637E7
350;855;2;1.2001137141121637E7
351;856;1;1.2001137141121637E7
352;858;2;1.2001137141121637E7
353;861;3;1.2001137141121637E7
354;862;1;1.2001137141121637E7
355;864;2;1.2001137141121637E7
356;867;3;1.2001137141121637E7
357;869;2;1.2001137141121637E7
358;872;3;1.2001137141121637E7
359;873;1;1.2001137141121637E7
360;875;2;1.2001137141121637E7
361;877;2;1.2001137141121637E7
362;880;3;1.2001137141121637E7
363;881;1;1.2001137141121637E7
364;883;2;1.2001137141121637E7
365;886;3;1.2001137141121637E7
366;888;2;1.2001137141121637E7
367;890;2;1.2001137141121637E7
368;895;5;1.2001137141121637E7
369;898;3;1.2001137141121637E7
370;900;2;1.2001137141121637E7
371;902;2;1.2001137141121637E7
372;904;2;1.2001137141121637E7
373;907;3;1.2001137141121637E7
374;911;4;1.2001137141121637E7
375;912;1;1.2001137141121637E7
376;914;2;1.2001137141121637E7
377;918;4;1.2001137141121637E7
378;923;5;1.2001137141121637E7
379;927;4;1.2001137141121637E7
380;928;1;1.2001137141121637E7
381;931;3;1.2001137141121637E7
382;933;2;1.2001137141121637E7
383;935;2;1.2001137141121637E7
384;937;2;1.2001137141121637E7
385;938;1;1.2001137141121637E7
386;939;1;1.2001137141121637E7
387;940;1;1.2001137141121637E7
388;942;2;1.2001137141121637E7
389;944;2;1.2001137141121637E7
390;945;1;1.2001137141121637E7
391;948;3;1.2001137141121637E7
392;950;2;1.2001137141121637E7
393;952;2;1.2001137141121637E7
394;955;3;1.2001137141121637E7
395;955;0;1.2001137141121637E7
396;957;2;1.2001137141121637E7
397;960;3;1.2001137141121637E7
398;963;3;1.2001137141121637E7
399;965;2;1.2001137141121637E7
400;966;1;1.2001137141121637E7
401;969;3;1.2001137141121637E7
402;969;0;1.2001137141121637E7
403;972;3;1.2001137141121637E7
404;974;2;1.2001137141121637E7
405;974;0;1.2001137141121637E7
406;975;1;1.2001137141121637E7
407;977;2;1.2001137141121637E7
408;981;4;1.2001137141121637E7
409;981;0;1.2001137141121637E7
410;982;1;1.2001137141121637E7
411;983;1;1.2001137141121637E7
412;984;1;1.2001137141121637E7
413;986;2;1.2001137141121637E7
414;989;3;1.2001137141121637E7
415;991;2;1.2001137141121637E7
416;992;1;1.2001137141121637E7
417;996;4;1.2001137141121637E7
418;998;2;1.2001137141121637E7
419;1001;3;1.2001137141121637E7
420;1003;2;1.2001137141121637E7
421;1005;2;1.2001137141121637E7
422;1006;1;1.2001137141121637E7
423;1010;4;1.2001137141121637E7
424;1013;3;1.2001137141121637E7
425;1016;3;1.2001137141121637E7
426;1019;3;1.2001137141121637E7
427;1021;2;1.2001137141121637E7
428;1023;2;1.2001137141121637E7
429;1028;5;1.2001137141121637E7
430;1030;2;1.2001137141121637E7
431;1033;3;1.2001137141121637E7
432;1036;3;1.2001137141121637E7
433;1037;1;1.2001137141121637E7
434;1042;5;1.2001137141121637E7
435;1047;5;1.2001137141121637E7
436;1050;3;1.2001137141121637E7
437;1056;6;1.2001137141121637E7
438;1062;6;1.2001137141121637E7
439;1067;5;1.2001137141121637E7
440;1069;2;1.2001137141121637E7
441;1071;2;1.2001137141121637E7
442;1074;3;1.2001137141121637E7
443;1077;3;1.2001137141121637E7
444;1078;1;1.2001137141121637E7
445;1079;1;1.2001137141121637E7
446;1080;1;1.2001137141121637E7
447;1082;2;1.2001137141121637E7
448;1085;3;1.2001137141121637E7
449;1086;1;1.2001137141121637E7
450;1087;1;1.2001137141121637E7
451;1090;3;1.2001137141121637E7
452;1094;4;1.2001137141121637E7
453;1094;0;1.2001137141121637E7
454;1097;3;1.2001137141121637E7
455;1100;3;1.2001137141121637E7
456;1102;2;1.2001137141121637E7
457;1104;2;1.2001137141121637E7
458;1107;3;1.2001137141121637E7
459;1109;2;1.2001137141121637E7
460;1112;3;1.2001137141121637E7
461;1112;0;1.2001137141121637E7
462;1115;3;1.2001137141121637E7
463;1117;2;1.2001137141121637E7
464;1119;2;1.2001137141121637E7
465;1121;2;1.2001137141121637E7
466;1123;2;1.2001137141121637E7
467;1126;3;1.2001137141121637E7
468;1128;2;1.2001137141121637E7
469;1130;2;1.2001137141121637E7
470;1133;3;1.2001137141121637E7
471;1134;1;1.2001137141121637E7
472;1136;2;1.2001137141121637E7
473;1138;2;1.2001137141121637E7
474;1141;3;1.2001137141121637E7
475;1141;0;1.2001137141121637E7
476;1144;3;1.2001137141121637E7
477;1146;2;1.2001137141121637E7
478;1147;1;1.2001137141121637E7
479;1150;3;1.2001137141121637E7
480;1152;2;1.2001137141121637E7
481;1154;2;1.2001137141121637E7
482;1157;3;1.2001137141121637E7
483;1160;3;1.2001137141121637E7
484;1162;2;1.2001137141121637E7
485;1164;2;1.2001137141121637E7
486;1166;2;1.2001137141121637E7
487;1169;3;1.2001137141121637E7
488;1171;2;1.2001137141121637E7
489;1174;3;1.2001137141121637E7
490;1177;3;1.2001137141121637E7
491;1180;3;1.2001137141121637E7
492;1180;0;1.2001137141121637E7
493;1183;3;1.2001137141121637E7
494;1185;2;1.2001137141121637E7
495;1187;2;1.2001137141121637E7
496;1189;2;1.2001137141121637E7
497;1192;3;1.2001137141121637E7
498;1195;3;1.2001137141121637E7
499;1198;3;1.2001137141121637E7
500;1199;1;1.2001137141121637E7
501;1201;2;1.2001137141121637E7
502;1202;1;1.2001137141121637E7
503;1204;2;1.2001137141121637E7
504;1206;2;1.2001137141121637E7
505;1209;3;1.2001137141121637E7
506;1211;2;1.2001137141121637E7
507;1213;2;1.2001137141121637E7
508;1214;1;1.2001137141121637E7
509;1214;0;1.2001137141121637E7
510;1217;3;1.2001137141121637E7
511;1220;3;1.2001137141121637E7
512;1221;1;1.2001137141121637E7
513;1223;2;1.2001137141121637E7
514;1226;3;1.2001137141121637E7
515;1229;3;1.2001137141121637E7
516;1232;3;1.2001137141121637E7
517;1235;3;1.200112052403247E7
518;1237;2;1.2001112797016388E7
519;1240;3;1.2001093750404084E7
520;1242;2;1.2001093750404084E7
521;1245;3;1.1001068019557409E7
522;1247;2;1.1001068019557409E7
523;1250;3;1.1001068019557409E7
524;1252;2;1.1001068019557409E7
525;1254;2;1.1001065994950786E7
526;1255;1;1.1001065994950786E7
527;1257;2;1.1001065994950786E7
528;1260;3;1.1001065994950786E7
529;1263;3;1.1001065994950786E7
530;1266;3;1.1001026930007577E7
531;1268;2;1.1001026930007577E7
532;1269;1;1.1001026930007577E7
533;1272;3;1.1001026930007577E7
534;1274;2;1.1001026930007577E7
535;1276;2;1.1001026930007577E7
536;1278;2;1.1001026930007577E7
537;1279;1;1.1001026930007577E7
538;1281;2;1.1001026930007577E7
539;1282;1;1.1001026930007577E7
540;1284;2;1.1001026930007577E7
541;1287;3;1.1001026930007577E7
542;1288;1;1.1001026930007577E7
543;1290;2;1.1001026930007577E7
544;1293;3;1.1001026930007577E7
545;1296;3;1.1001026930007577E7
546;1299;3;1.1001026930007577E7
547;1301;2;1.1001026930007577E7
548;1307;6;1.1001026930007577E7
549;1308;1;1.1001026930007577E7
550;1309;1;1.1001026930007577E7
551;1312;3;1.1001026930007577E7
552;1316;4;1.1001026930007577E7
553;1318;2;1.1001026930007577E7
554;1320;2;1.1001026930007577E7
555;1322;2;1.1001026930007577E7
556;1323;1;1.1001026930007577E7
557;1325;2;1.1001026930007577E7
558;1327;2;1.1001026930007577E7
559;1331;4;1.1001026930007577E7
560;1334;3;1.1001026930007577E7
561;1337;3;1.1001026930007577E7
562;1339;2;1.1001026930007577E7
563;1339;0;1.1001026930007577E7
564;1340;1;1.1001026930007577E7
565;1344;4;1.1001026930007577E7
566;1347;3;1.1001026930007577E7
567;1350;3;1.1001026930007577E7
568;1352;2;1.1001026930007577E7
569;1354;2;1.1001026930007577E7
570;1355;1;1.1001026930007577E7
571;1358;3;1.1001026930007577E7
572;1359;1;1.1001026930007577E7
573;1363;4;1.1001026930007577E7
574;1367;4;1.1001026930007577E7
575;1369;2;1.1001026930007577E7
576;1371;2;1.1001026930007577E7
577;1374;3;1.1001026930007577E7
578;1376;2;1.1001026930007577E7
579;1379;3;1.1001026930007577E7
580;1383;4;1.1001026930007577E7
581;1385;2;1.1001026930007577E7
582;1390;5;1.1001026930007577E7
583;1392;2;1.1001026930007577E7
584;1393;1;1.1001026930007577E7
585;1396;3;1.1001026930007577E7
586;1400;4;1.1001026930007577E7
587;1403;3;1.1001026930007577E7
588;1406;3;1.1001026930007577E7
589;1408;2;1.1001026930007577E7
590;1410;2;1.1001026930007577E7
591;1415;5;1.1001026930007577E7
592;1418;3;1.1001026930007577E7
593;1420;2;1.1001026930007577E7
594;1421;1;1.1001026930007577E7
595;1423;2;1.1001026930007577E7
596;1427;4;1.1001026930007577E7
597;1431;4;1.1001026930007577E7
598;1435;4;1.1001026930007577E7
599;1437;2;1.1001026930007577E7
600;1438;1;1.1001026930007577E7
601;1441;3;1.1001026930007577E7
602;1443;2;1.1001026930007577E7
603;1447;4;1.1001026930007577E7
604;1450;3;1.1001026930007577E7
605;1453;3;1.1001026930007577E7
606;1456;3;1.1001026930007577E7
607;1458;2;1.1001026930007577E7
608;1460;2;1.1001026930007577E7
609;1464;4;1.1001026930007577E7
610;1465;1;1.1001026930007577E7
611;1468;3;1.1001026930007577E7
612;1471;3;1.1001026930007577E7
613;1475;4;1.1001026930007577E7
614;1477;2;1.1001026930007577E7
615;1481;4;1.1001026930007577E7
616;1484;3;1.1001026930007577E7
617;1485;1;1.1001026930007577E7
618;1487;2;1.1001026930007577E7
619;1488;1;1.1001026930007577E7
620;1490;2;1.1001026930007577E7
621;1493;3;1.1001026930007577E7
622;1498;5;1.1001026930007577E7
623;1500;2;1.1001026930007577E7
624;1502;2;1.1001026930007577E7
625;1505;3;1.1001026930007577E7
626;1508;3;1.1001026930007577E7
627;1512;4;1.1001026930007577E7
628;1516;4;1.1001026930007577E7
629;1519;3;1.1001026930007577E7
630;1525;6;1.1001026930007577E7
631;1526;1;1.1001026930007577E7
632;1526;0;1.1001026930007577E7
633;1528;2;1.1001026930007577E7
634;1533;5;1.1001026930007577E7
635;1536;3;1.1001026930007577E7
636;1536;0;1.1001026930007577E7
637;1538;2;1.1001026930007577E7
638;1540;2;1.1001026930007577E7
639;1542;2;1.1001026930007577E7
640;1545;3;1.1001026930007577E7
641;1549;4;1.1001026930007577E7
642;1551;2;1.1001026930007577E7
643;1554;3;1.1001026930007577E7
644;1556;2;1.1001026930007577E7
645;1558;2;1.1001026930007577E7
646;1560;2;1.1001026930007577E7
647;1561;1;1.1001026930007577E7
648;1562;1;1.1001026930007577E7
649;1563;1;1.1001026930007577E7
650;1566;3;1.1001026930007577E7
651;1569;3;1.1001026930007577E7
652;1571;2;1.1001026930007577E7
653;1574;3;1.1001026930007577E7
654;1576;2;1.1001026930007577E7
655;1578;2;1.1001026930007577E7
656;1580;2;1.1001026930007577E7
657;1582;2;1.1001026930007577E7
658;1583;1;1.1001026930007577E7
659;1584;1;1.1001026930007577E7
660;1587;3;1.1001026930007577E7
661;1591;4;1.1001026930007577E7
662;1592;1;1.1001026930007577E7
663;1595;3;1.1001026930007577E7
664;1596;1;1.1001026930007577E7
665;1599;3;1.1001026930007577E7
666;1602;3;1.1001026930007577E7
667;1604;2;1.1001026930007577E7
668;1606;2;1.1001026930007577E7
669;1609;3;1.1001026930007577E7
670;1615;6;1.1001026930007577E7
671;1620;5;1.1001026930007577E7
672;1624;4;1.1001026930007577E7
673;1627;3;1.1001026930007577E7
674;1631;4;1.1001026930007577E7
675;1634;3;1.1001026930007577E7
676;1635;1;1.1001026930007577E7
677;1637;2;1.1001026930007577E7
678;1640;3;1.1001026930007577E7
679;1643;3;1.1001026930007577E7
680;1645;2;1.1001026930007577E7
681;1649;4;1.1001026930007577E7
682;1651;2;1.1001026930007577E7
683;1653;2;1.1001026930007577E7
684;1655;2;1.1001026930007577E7
685;1657;2;1.1001026930007577E7
686;1659;2;1.1001026930007577E7
687;1662;3;1.1001026930007577E7
688;1663;1;1.1001026930007577E7
689;1666;3;1.1001026930007577E7
690;1668;2;1.1001026930007577E7
691;1671;3;1.1001026930007577E7
692;1675;4;1.1001026930007577E7
693;1677;2;1.1001026930007577E7
694;1679;2;1.1001026930007577E7
695;1681;2;1.1001026930007577E7
696;1681;0;1.1001026930007577E7
697;1683;2;1.1001026930007577E7
698;1686;3;1.1001026930007577E7
699;1690;4;1.1001026930007577E7
700;1692;2;1.1001026930007577E7
701;1696;4;1.1001026930007577E7
702;1698;2;1.1001026930007577E7
703;1700;2;1.1001026930007577E7
704;1703;3;1.1001026930007577E7
705;1703;0;1.1001026930007577E7
706;1704;1;1.1001026930007577E7
707;1704;0;1.1001026930007577E7
708;1705;1;1.1001026930007577E7
709;1707;2;1.1001026930007577E7
710;1713;6;1.1001026930007577E7
711;1715;2;1.1001026930007577E7
712;1716;1;1.1001026930007577E7
713;1720;4;1.1001026930007577E7
714;1722;2;1.1001026930007577E7
715;1724;2;1.1001026930007577E7
716;1727;3;1.1001026930007577E7
717;1730;3;1.1001026930007577E7
718;1733;3;1.1001026930007577E7
719;1735;2;1.1001026930007577E7
720;1737;2;1.1001026930007577E7
721;1739;2;1.1001026930007577E7
722;1739;0;1.1001026930007577E7
723;1741;2;1.1001026930007577E7
724;1743;2;1.1001026930007577E7
725;1745;2;1.1001026930007577E7
726;1749;4;1.1001026930007577E7
727;1750;1;1.1001026930007577E7
728;1751;1;1.1001026930007577E7
729;1754;3;1.1001026930007577E7
730;1755;1;1.1001026930007577E7
731;1758;3;1.1001026930007577E7
732;1760;2;1.1001026930007577E7
733;1762;2;1.1001026930007577E7
734;1764;2;1.1001026930007577E7
735;1767;3;1.1001026930007577E7
736;1770;3;1.1001026930007577E7
737;1772;2;1.1001026930007577E7
738;1775;3;1.1001026930007577E7
739;1777;2;1.1001026930007577E7
740;1778;1;1.1001026930007577E7
741;1781;3;1.1001026930007577E7
742;1782;1;1.1001026930007577E7
743;1786;4;1.1001026930007577E7
744;1787;1;1.1001026930007577E7
745;1788;1;1.1001026930007577E7
746;1789;1;1.1001026930007577E7
747;1791;2;1.1001026930007577E7
748;1792;1;1.1001026930007577E7
749;1794;2;1.1001026930007577E7
750;1797;3;1.1001026930007577E7
751;1799;2;1.1001026930007577E7
752;1801;2;1.1001026930007577E7
753;1805;4;1.1001026930007577E7
754;1808;3;1.1001026930007577E7
755;1811;3;1.1001026930007577E7
756;1814;3;1.1001026930007577E7
757;1816;2;1.1001026930007577E7
758;1818;2;1.1001026930007577E7
759;1819;1;1.1001026930007577E7
760;1820;1;1.1001026930007577E7
761;1821;1;1.1001026930007577E7
762;1824;3;1.1001026930007577E7
763;1827;3;1.1001026930007577E7
764;1829;2;1.1001026930007577E7
765;1830;1;1.1001026930007577E7
766;1831;1;1.1001026930007577E7
767;1832;1;1.1001026930007577E7
768;1834;2;1.1001026930007577E7
769;1836;2;1.1001026930007577E7
770;1838;2;1.1001026930007577E7
771;1841;3;1.1001026930007577E7
772;1844;3;1.1001026930007577E7
773;1846;2;1.1001026930007577E7
774;1848;2;1.1001026930007577E7
775;1850;2;1.1001026930007577E7
776;1852;2;1.1001026930007577E7
777;1852;0;1.1001026930007577E7
778;1855;3;1.1001026930007577E7
779;1858;3;1.1001026930007577E7
780;1861;3;1.1001026930007577E7
781;1863;2;1.1001026930007577E7
782;1865;2;1.1001026930007577E7
783;1868;3;1.1001026930007577E7
784;1870;2;1.1001026930007577E7
785;1872;2;1.1001026930007577E7
786;1875;3;1.1001026930007577E7
787;1878;3;1.1001026930007577E7
788;1879;1;1.1001026930007577E7
789;1881;2;1.1001026930007577E7
790;1882;1;1.1001026930007577E7
791;1885;3;1.1001026930007577E7
792;1886;1;1.1001026930007577E7
793;1887;1;1.1001026930007577E7
794;1888;1;1.1001026930007577E7
795;1890;2;1.1001026930007577E7
796;1893;3;1.1001026930007577E7
797;1896;3;1.1001026930007577E7
798;1898;2;1.1001026930007577E7
799;1900;2;1.1001026930007577E7
800;1902;2;1.1001026930007577E7
801;1904;2;1.1001026930007577E7
802;1906;2;1.1001026930007577E7
803;1909;3;1.1001026930007577E7
804;1911;2;1.1001026930007577E7
805;1912;1;1.1001026930007577E7
806;1914;2;1.1001026930007577E7
807;1916;2;1.1001026930007577E7
808;1918;2;1.1001026930007577E7
809;1918;0;1.1001026930007577E7
810;1919;1;1.1001026930007577E7
811;1922;3;1.1001026930007577E7
812;1924;2;1.1001026930007577E7
813;1928;4;1.1001026930007577E7
814;1932;4;1.1001026930007577E7
815;1934;2;1.1001026930007577E7
816;1934;0;1.1001026930007577E7
817;1937;3;1.1001026930007577E7
818;1938;1;1.1001026930007577E7
819;1941;3;1.1001026930007577E7
820;1942;1;1.1001026930007577E7
821;1943;1;1.1001026930007577E7
822;1944;1;1.1001026930007577E7
823;1947;3;1.1001026930007577E7
824;1950;3;1.1001026930007577E7
825;1953;3;1.1001026930007577E7
826;1954;1;1.1001026930007577E7
827;1956;2;1.1001026930007577E7
828;1959;3;1.1001026930007577E7
829;1961;2;1.1001026930007577E7
830;1964;3;1.1001026930007577E7
831;1966;2;1.1001026930007577E7
832;1968;2;1.1001026930007577E7
833;1970;2;1.1001026930007577E7
834;1973;3;1.1001026930007577E7
835;1973;0;1.1001026930007577E7
836;1976;3;1.1001026930007577E7
837;1979;3;1.1001026930007577E7
838;1980;1;1.1001026930007577E7
839;1981;1;1.1001026930007577E7
840;1981;0;1.1001026930007577E7
841;1982;1;1.1001026930007577E7
842;1982;0;1.1001026930007577E7
843;1983;1;1.1001026930007577E7
844;1985;2;1.1001026930007577E7
845;1987;2;1.1001026930007577E7
846;1989;2;1.1001026930007577E7
847;1992;3;1.1001026930007577E7
848;1993;1;1.1001026930007577E7
849;1997;4;1.1001026930007577E7
850;2000;3;1.1001026930007577E7
851;2002;2;1.1001026930007577E7
852;2005;3;1.1001026930007577E7
853;2007;2;1.1001026930007577E7
854;2008;1;1.1001026930007577E7
855;2011;3;1.1001026930007577E7
856;2013;2;1.1001026930007577E7
857;2014;1;1.1001026930007577E7
858;2016;2;1.1001026930007577E7
859;2018;2;1.1001026930007577E7
860;2019;1;1.1001026930007577E7
861;2020;1;1.1001026930007577E7
862;2022;2;1.1001026930007577E7
863;2025;3;1.1001026930007577E7
864;2026;1;1.1001026930007577E7
865;2030;4;1.1001026930007577E7
866;2032;2;1.1001026930007577E7
867;2033;1;1.1001026930007577E7
868;2035;2;1.1001026930007577E7
869;2037;2;1.1001026930007577E7
870;2040;3;1.1001026930007577E7
871;2042;2;1.1001026930007577E7
872;2044;2;1.1001026930007577E7
873;2045;1;1.1001026930007577E7
874;2049;4;1.1001026930007577E7
875;2050;1;1.1001026930007577E7
876;2052;2;1.1001026930007577E7
877;2053;1;1.1001026930007577E7
878;2055;2;1.1001026930007577E7
879;2059;4;1.1001026930007577E7
880;2060;1;1.1001026930007577E7
881;2062;2;1.1001026930007577E7
882;2064;2;1.1001026930007577E7
883;2067;3;1.1001026930007577E7
884;2070;3;1.1001026930007577E7
885;2070;0;1.1001026930007577E7
886;2071;1;1.1001026930007577E7
887;2074;3;1.1001026930007577E7
888;2074;0;1.1001026930007577E7
889;2075;1;1.1001026930007577E7
890;2077;2;1.1001026930007577E7
891;2079;2;1.1001026930007577E7
892;2081;2;1.1001026930007577E7
893;2083;2;1.1001026930007577E7
894;2084;1;1.1001026930007577E7
895;2085;1;1.1001026930007577E7
896;2088;3;1.1001026930007577E7
897;2091;3;1.1001026930007577E7
898;2092;1;1.1001026930007577E7
899;2094;2;1.1001026930007577E7
900;2094;0;1.1001026930007577E7
901;2097;3;1.1001026930007577E7
902;2100;3;1.1001026930007577E7
903;2103;3;1.1001026930007577E7
904;2106;3;1.1001026930007577E7
905;2107;1;1.1001026930007577E7
906;2108;1;1.1001026930007577E7
907;2111;3;1.1001026930007577E7
908;2113;2;1.1001026930007577E7
909;2116;3;1.1001026930007577E7
910;2119;3;1.1001026930007577E7
911;2121;2;1.1001026930007577E7
912;2123;2;1.1001026930007577E7
913;2125;2;1.1001026930007577E7
914;2127;2;1.1001026930007577E7
915;2129;2;1.1001026930007577E7
916;2132;3;1.1001026930007577E7
917;2135;3;1.1001026930007577E7
918;2135;0;1.1001026930007577E7
919;2136;1;1.1001026930007577E7
920;2138;2;1.1001026930007577E7
921;2142;4;1.1001026930007577E7
922;2145;3;1.1001026930007577E7
923;2145;0;1.1001026930007577E7
924;2147;2;1.1001026930007577E7
925;2148;1;1.1001026930007577E7
926;2150;2;1.1001026930007577E7
927;2153;3;1.1001026930007577E7
928;2156;3;1.1001026930007577E7
929;2158;2;1.1001026930007577E7
930;2159;1;1.1001026930007577E7
931;2162;3;1.1001026930007577E7
932;2164;2;1.1001026930007577E7
933;2166;2;1.1001026930007577E7
934;2168;2;1.1001026930007577E7
935;2171;3;1.1001026930007577E7
936;2173;2;1.1001026930007577E7
937;2176;3;1.1001026930007577E7
938;2178;2;1.1001026930007577E7
939;2180;2;1.1001026930007577E7
940;2182;2;1.1001026930007577E7
941;2182;0;1.1001026930007577E7
942;2185;3;1.1001026930007577E7
943;2187;2;1.1001026930007577E7
944;2189;2;1.1001026930007577E7
945;2190;1;1.1001026930007577E7
946;2191;1;1.1001026930007577E7
947;2194;3;1.1001026930007577E7
948;2196;2;1.1001026930007577E7
949;2199;3;1.1001026930007577E7
950;2200;1;1.1001026930007577E7
951;2201;1;1.1001026930007577E7
952;2203;2;1.1001026930007577E7
953;2206;3;1.1001026930007577E7
954;2208;2;1.1001026930007577E7
955;2211;3;1.1001026930007577E7
956;2213;2;1.1001026930007577E7
957;2215;2;1.1001026930007577E7
958;2218;3;1.1001026930007577E7
959;2219;1;1.1001026930007577E7
960;2220;1;1.1001026930007577E7
961;2222;2;1.1001026930007577E7
962;2223;1;1.1001026930007577E7
963;2226;3;1.1001026930007577E7
964;2228;2;1.1001026930007577E7
965;2230;2;1.1001026930007577E7
966;2233;3;1.1001026930007577E7
967;2235;2;1.1001026930007577E7
968;2237;2;1.1001026930007577E7
969;2239;2;1.1001026930007577E7
970;2240;1;1.1001026930007577E7
971;2240;0;1.1001026930007577E7
972;2241;1;1.1001026930007577E7
973;2242;1;1.1001026930007577E7
974;2243;1;1.1001026930007577E7
975;2246;3;1.1001026930007577E7
976;2247;1;1.1001026930007577E7
977;2250;3;1.1001026930007577E7
978;2254;4;1.1001026930007577E7
979;2254;0;1.1001026930007577E7
980;2257;3;1.1001026930007577E7
981;2258;1;1.1001026930007577E7
982;2260;2;1.1001026930007577E7
983;2262;2;1.1001026930007577E7
984;2265;3;1.1001026930007577E7
985;2269;4;1.1001026930007577E7
986;2271;2;1.1001026930007577E7
987;2274;3;1.1001026930007577E7
988;2277;3;1.1001026930007577E7
989;2280;3;1.1001026930007577E7
990;2281;1;1.1001026930007577E7
991;2283;2;1.1001026930007577E7
992;2285;2;1.1001026930007577E7
993;2287;2;1.1001026930007577E7
994;2288;1;1.1001026930007577E7
995;2291;3;1.1001026930007577E7
996;2292;1;1.1001026930007577E7
997;2293;1;1.1001026930007577E7
998;2295;2;1.1001026930007577E7
999;2297;2;1.1001026930007577E7
1000;2299;2;1.1001026930007577E7
1001;2300;1;1.1001026930007577E7
1002;2302;2;1.1001026930007577E7
1003;2304;2;1.1001026930007577E7
1004;2307;3;1.1001026930007577E7
1005;2307;0;1.1001026930007577E7
1006;2310;3;1.1001026930007577E7
1007;2313;3;1.1001026930007577E7
1008;2315;2;1.1001026930007577E7
1009;2318;3;1.1001026930007577E7
1010;2319;1;1.1001026930007577E7
1011;2322;3;1.1001026930007577E7
1012;2324;2;1.1001026930007577E7
1013;2324;0;1.1001026930007577E7
1014;2326;2;1.1001026930007577E7
1015;2328;2;1.1001026930007577E7
1016;2330;2;1.1001026930007577E7
1017;2332;2;1.1001026930007577E7
1018;2333;1;1.1001026930007577E7
1019;2335;2;1.1001026930007577E7
1020;2337;2;1.1001026930007577E7
1021;2339;2;1.1001026930007577E7
1022;2342;3;1.1001026930007577E7
1023;2345;3;1.1001026930007577E7
1024;2347;2;1.1001026930007577E7
1025;2349;2;1.1001026930007577E7
1026;2350;1;1.1001026930007577E7
1027;2354;4;1.1001026930007577E7
1028;2354;0;1.1001026930007577E7
1029;2355;1;1.1001026930007577E7
1030;2356;1;1.1001026930007577E7
1031;2357;1;1.1001026930007577E7
1032;2360;3;1.1001026930007577E7
1033;2362;2;1.1001026930007577E7
1034;2365;3;1.1001026930007577E7
1035;2367;2;1.1001026930007577E7
1036;2369;2;1.1001026930007577E7
1037;2371;2;1.1001026930007577E7
1038;2371;0;1.1001026930007577E7
1039;2374;3;1.1001026930007577E7
1040;2375;1;1.1001026930007577E7
1041;2378;3;1.1001026930007577E7
1042;2380;2;1.1001026930007577E7
1043;2381;1;1.1001026930007577E7
1044;2383;2;1.1001026930007577E7
1045;2386;3;1.1001026930007577E7
1046;2388;2;1.1001026930007577E7
1047;2390;2;1.1001026930007577E7
1048;2392;2;1.1001026930007577E7
1049;2394;2;1.1001026930007577E7
1050;2397;3;1.1001026930007577E7
1051;2398;1;1.1001026930007577E7
1052;2399;1;1.1001026930007577E7
1053;2402;3;1.1001026930007577E7
1054;2402;0;1.1001026930007577E7
1055;2404;2;1.1001026930007577E7
1056;2405;1;1.1001026930007577E7
1057;2406;1;1.1001026930007577E7
1058;2409;3;1.1001026930007577E7
1059;2409;0;1.1001026930007577E7
1060;2411;2;1.1001026930007577E7
1061;2414;3;1.1001026930007577E7
1062;2417;3;1.1001026930007577E7
1063;2419;2;1.1001026930007577E7
1064;2424;5;1.1001026930007577E7
1065;2427;3;1.1001026930007577E7
1066;2429;2;1.1001026930007577E7
1067;2431;2;1.1001026930007577E7
1068;2434;3;1.1001026930007577E7
1069;2437;3;1.1001026930007577E7
1070;2440;3;1.1001026930007577E7
1071;2443;3;1.1001026930007577E7
1072;2445;2;1.1001026930007577E7
1073;2447;2;1.1001026930007577E7
1074;2450;3;1.1001026930007577E7
1075;2451;1;1.1001026930007577E7
1076;2454;3;1.1001026930007577E7
1077;2454;0;1.1001026930007577E7
1078;2455;1;1.1001026930007577E7
1079;2458;3;1.1001026930007577E7
1080;2459;1;1.1001026930007577E7
1081;2463;4;1.1001026930007577E7
1082;2465;2;1.1001026930007577E7
1083;2467;2;1.1001026930007577E7
1084;2468;1;1.1001026930007577E7
1085;2470;2;1.1001026930007577E7
1086;2472;2;1.1001026930007577E7
1087;2474;2;1.1001026930007577E7
1088;2478;4;1.1001026930007577E7
1089;2480;2;1.1001026930007577E7
1090;2482;2;1.1001026930007577E7
1091;2485;3;1.1001026930007577E7
1092;2487;2;1.1001026930007577E7
1093;2489;2;1.1001026930007577E7
1094;2492;3;1.1001026930007577E7
1095;2494;2;1.1001026930007577E7
1096;2496;2;1.1001026930007577E7
1097;2496;0;1.1001026930007577E7
1098;2499;3;1.1001026930007577E7
1099;2500;1;1.1001026930007577E7
1100;2503;3;1.1001026930007577E7
1101;2505;2;1.1001026930007577E7
1102;2507;2;1.1001026930007577E7
1103;2510;3;1.1001026930007577E7
1104;2512;2;1.1001026930007577E7
1105;2514;2;1.1001026930007577E7
1106;2515;1;1.1001026930007577E7
1107;2518;3;1.1001026930007577E7
1108;2521;3;1.1001026930007577E7
1109;2524;3;1.1001026930007577E7
1110;2526;2;1.1001026930007577E7
1111;2528;2;1.1001026930007577E7
1112;2530;2;1.1001026930007577E7
1113;2532;2;1.1001026930007577E7
1114;2534;2;1.1001026930007577E7
1115;2536;2;1.1001026930007577E7
1116;2538;2;1.1001026930007577E7
1117;2540;2;1.1001026930007577E7
1118;2542;2;1.1001026930007577E7
1119;2544;2;1.1001026930007577E7
1120;2546;2;1.1001026930007577E7
1121;2547;1;1.1001026930007577E7
1122;2548;1;1.1001026930007577E7
1123;2549;1;1.1001026930007577E7
1124;2550;1;1.1001026930007577E7
1125;2553;3;1.1001026930007577E7
1126;2554;1;1.1001026930007577E7
1127;2556;2;1.1001026930007577E7
1128;2559;3;1.1001026930007577E7
1129;2559;0;1.1001026930007577E7
1130;2561;2;1.1001026930007577E7
1131;2565;4;1.1001026930007577E7
1132;2568;3;1.1001026930007577E7
1133;2570;2;1.1001026930007577E7
1134;2573;3;1.1001026930007577E7
1135;2573;0;1.1001026930007577E7
1136;2575;2;1.1001026930007577E7
1137;2577;2;1.1001026930007577E7
1138;2580;3;1.1001026930007577E7
1139;2584;4;1.1001026930007577E7
1140;2587;3;1.1001026930007577E7
1141;2589;2;1.1001026930007577E7
1142;2590;1;1.1001026930007577E7
1143;2593;3;1.1001026930007577E7
1144;2594;1;1.1001026930007577E7
1145;2595;1;1.1001026930007577E7
1146;2597;2;1.1001026930007577E7
1147;2597;0;1.1001026930007577E7
1148;2600;3;1.1001026930007577E7
1149;2603;3;1.1001026930007577E7
1150;2605;2;1.1001026930007577E7
1151;2606;1;1.1001026930007577E7
1152;2608;2;1.1001026930007577E7
1153;2611;3;1.1001026930007577E7
1154;2616;5;1.1001026930007577E7
1155;2619;3;1.1001026930007577E7
1156;2620;1;1.1001026930007577E7
1157;2622;2;1.1001026930007577E7
1158;2625;3;1.1001026930007577E7
1159;2628;3;1.1001026930007577E7
1160;2630;2;1.1001026930007577E7
1161;2632;2;1.1001026930007577E7
1162;2634;2;1.1001026930007577E7
1163;2636;2;1.1001026930007577E7
1164;2637;1;1.1001026930007577E7
1165;2641;4;1.1001026930007577E7
1166;2643;2;1.1001026930007577E7
1167;2645;2;1.1001026930007577E7
1168;2646;1;1.1001026930007577E7
1169;2649;3;1.1001026930007577E7
1170;2652;3;1.1001026930007577E7
1171;2652;0;1.1001026930007577E7
1172;2655;3;1.1001026930007577E7
1173;2658;3;1.1001026930007577E7
1174;2661;3;1.1001026930007577E7
1175;2662;1;1.1001026930007577E7
1176;2664;2;1.1001026930007577E7
1177;2667;3;1.1001026930007577E7
1178;2669;2;1.1001026930007577E7
1179;2669;0;1.1001026930007577E7
1180;2671;2;1.1001026930007577E7
1181;2674;3;1.1001026930007577E7
1182;2677;3;1.1001026930007577E7
1183;2678;1;1.1001026930007577E7
1184;2681;3;1.1001026930007577E7
1185;2682;1;1.1001026930007577E7
1186;2684;2;1.1001026930007577E7
1187;2686;2;1.1001026930007577E7
1188;2689;3;1.1001026930007577E7
1189;2691;2;1.1001026930007577E7
1190;2693;2;1.1001026930007577E7
1191;2696;3;1.1001026930007577E7
1192;2698;2;1.1001026930007577E7
1193;2701;3;1.1001026930007577E7
1194;2702;1;1.1001026930007577E7
1195;2704;2;1.1001026930007577E7
1196;2705;1;1.1001026930007577E7
1197;2706;1;1.1001026930007577E7
1198;2708;2;1.1001026930007577E7
1199;2711;3;1.1001026930007577E7
1200;2713;2;1.1001026930007577E7
1201;2717;4;1.1001026930007577E7
1202;2720;3;1.1001026930007577E7
1203;2723;3;1.1001026930007577E7
1204;2725;2;1.1001026930007577E7
1205;2725;0;1.1001026930007577E7
1206;2728;3;1.1001026930007577E7
1207;2730;2;1.1001026930007577E7
1208;2731;1;1.1001026930007577E7
1209;2732;1;1.1001026930007577E7
1210;2734;2;1.1001026930007577E7
1211;2736;2;1.1001026930007577E7
1212;2737;1;1.1001026930007577E7
1213;2737;0;1.1001026930007577E7
1214;2740;3;1.1001026930007577E7
1215;2742;2;1.1001026930007577E7
1216;2744;2;1.1001026930007577E7
1217;2747;3;1.1001026930007577E7
1218;2751;4;1.1001026930007577E7
1219;2754;3;1.1001026930007577E7
1220;2757;3;1.1001026930007577E7
1221;2761;4;1.1001026930007577E7
1222;2763;2;1.1001026930007577E7
1223;2765;2;1.1001026930007577E7
1224;2768;3;1.1001026930007577E7
1225;2770;2;1.1001026930007577E7
1226;2772;2;1.1001026930007577E7
1227;2773;1;1.1001026930007577E7
1228;2776;3;1.1001026930007577E7
1229;2777;1;1.1001026930007577E7
1230;2777;0;1.1001026930007577E7
1231;2780;3;1.1001026930007577E7
1232;2780;0;1.1001026930007577E7
1233;2783;3;1.1001026930007577E7
1234;2783;0;1.1001026930007577E7
1235;2786;3;1.1001026930007577E7
1236;2788;2;1.1001026930007577E7
1237;2790;2;1.1001026930007577E7
1238;2792;2;1.1001026930007577E7
1239;2793;1;1.1001026930007577E7
1240;2795;2;1.1001026930007577E7
1241;2795;0;1.1001026930007577E7
1242;2799;4;1.1001026930007577E7
1243;2800;1;1.1001026930007577E7
1244;2801;1;1.1001026930007577E7
1245;2804;3;1.1001026930007577E7
1246;2807;3;1.1001026930007577E7
1247;2810;3;1.1001026930007577E7
1248;2810;0;1.1001026930007577E7
1249;2813;3;1.1001026930007577E7
1250;2814;1;1.1001026930007577E7
1251;2817;3;1.1001026930007577E7
1252;2818;1;1.1001026930007577E7
1253;2820;2;1.1001026930007577E7
1254;2821;1;1.1001026930007577E7
1255;2825;4;1.1001026930007577E7
1256;2828;3;1.1001026930007577E7
1257;2831;3;1.1001026930007577E7
1258;2833;2;1.1001026930007577E7
1259;2835;2;1.1001026930007577E7
1260;2837;2;1.1001026930007577E7
1261;2839;2;1.1001026930007577E7
1262;2842;3;1.1001026930007577E7
1263;2844;2;1.1001026930007577E7
1264;2847;3;1.1001026930007577E7
1265;2849;2;1.1001026930007577E7
1266;2850;1;1.1001026930007577E7
1267;2852;2;1.1001026930007577E7
1268;2853;1;1.1001026930007577E7
1269;2855;2;1.1001026930007577E7
1270;2857;2;1.1001026930007577E7
1271;2860;3;1.1001026930007577E7
1272;2862;2;1.1001026930007577E7
1273;2864;2;1.1001026930007577E7
1274;2866;2;1.1001026930007577E7
1275;2867;1;1.1001026930007577E7
1276;2870;3;1.1001026930007577E7
1277;2871;1;1.1001026930007577E7
1278;2873;2;1.1001026930007577E7
1279;2875;2;1.1001026930007577E7
1280;2878;3;1.1001026930007577E7
1281;2879;1;1.1001026930007577E7
1282;2881;2;1.1001026930007577E7
1283;2882;1;1.1001026930007577E7
1284;2883;1;1.1001026930007577E7
1285;2885;2;1.1001026930007577E7
1286;2887;2;1.1001026930007577E7
1287;2889;2;1.1001026930007577E7
1288;2892;3;1.1001026930007577E7
1289;2892;0;1.1001026930007577E7
1290;2894;2;1.1001026930007577E7
1291;2896;2;1.1001026930007577E7
1292;2897;1;1.1001026930007577E7
1293;2898;1;1.1001026930007577E7
1294;2899;1;1.1001026930007577E7
1295;2901;2;1.1001026930007577E7
1296;2903;2;1.1001026930007577E7
1297;2905;2;1.1001026930007577E7
1298;2905;0;1.1001026930007577E7
1299;2907;2;1.1001026930007577E7
1300;2909;2;1.1001026930007577E7
1301;2911;2;1.1001026930007577E7
1302;2913;2;1.1001026930007577E7
1303;2914;1;1.1001026930007577E7
1304;2916;2;1.1001026930007577E7
1305;2919;3;1.1001026930007577E7
1306;2920;1;1.1001026930007577E7
1307;2922;2;1.1001026930007577E7
1308;2924;2;1.1001026930007577E7
1309;2925;1;1.1001026930007577E7
1310;2926;1;1.1001026930007577E7
1311;2929;3;1.1001026930007577E7
1312;2932;3;1.1001026930007577E7
1313;2932;0;1.1001026930007577E7
1314;2934;2;1.1001026930007577E7
1315;2935;1;1.1001026930007577E7
1316;2937;2;1.1001026930007577E7
1317;2938;1;1.1001026930007577E7
1318;2942;4;1.1001026930007577E7
1319;2944;2;1.1001026930007577E7
1320;2946;2;1.1001026930007577E7
1321;2948;2;1.1001026930007577E7
1322;2951;3;1.1001026930007577E7
1323;2954;3;1.1001026930007577E7
1324;2956;2;1.1001026930007577E7
1325;2958;2;1.1001026930007577E7
1326;2960;2;1.1001026930007577E7
1327;2963;3;1.1001026930007577E7
1328;2966;3;1.1001026930007577E7
1329;2966;0;1.1001026930007577E7
1330;2968;2;1.1001026930007577E7
1331;2969;1;1.1001026930007577E7
1332;2970;1;1.1001026930007577E7
1333;2972;2;1.1001026930007577E7
1334;2975;3;1.1001026930007577E7
1335;2977;2;1.1001026930007577E7
1336;2977;0;1.1001026930007577E7
1337;2978;1;1.1001026930007577E7
1338;2979;1;1.1001026930007577E7
1339;2980;1;1.1001026930007577E7
1340;2982;2;1.1001026930007577E7
1341;2984;2;1.1001026930007577E7
1342;2986;2;1.1001026930007577E7
1343;2987;1;1.1001026930007577E7
1344;2990;3;1.1001026930007577E7
1345;2992;2;1.1001026930007577E7
1346;2993;1;1.1001026930007577E7
1347;2995;2;1.1001026930007577E7
1348;2998;3;1.1001026930007577E7
1349;2998;0;1.1001026930007577E7
1350;3002;4;1.1001026930007577E7
1351;3003;1;1.1001026930007577E7
1352;3003;0;1.1001026930007577E7
1353;3005;2;1.1001026930007577E7
1354;3007;2;1.1001026930007577E7
1355;3007;0;1.1001026930007577E7
1356;3010;3;1.1001026930007577E7
1357;3011;1;1.1001026930007577E7
1358;3013;2;1.1001026930007577E7
1359;3013;0;1.1001026930007577E7
1360;3015;2;1.1001026930007577E7
1361;3016;1;1.1001026930007577E7
1362;3017;1;1.1001026930007577E7
1363;3018;1;1.1001026930007577E7
1364;3020;2;1.1001026930007577E7
1365;3021;1;1.1001026930007577E7
1366;3022;1;1.1001026930007577E7
1367;3024;2;1.1001026930007577E7
1368;3026;2;1.1001026930007577E7
1369;3028;2;1.1001026930007577E7
1370;3030;2;1.1001026930007577E7
1371;3033;3;1.1001026930007577E7
1372;3034;1;1.1001026930007577E7
1373;3037;3;1.1001026930007577E7
1374;3039;2;1.1001026930007577E7
1375;3043;4;1.1001026930007577E7
1376;3043;0;1.1001026930007577E7
1377;3044;1;1.1001026930007577E7
1378;3046;2;1.1001026930007577E7
1379;3047;1;1.1001026930007577E7
1380;3050;3;1.1001026930007577E7
1381;3053;3;1.1001026930007577E7
1382;3055;2;1.1001026930007577E7
1383;3056;1;1.1001026930007577E7
1384;3058;2;1.1001026930007577E7
1385;3061;3;1.1001026930007577E7
1386;3064;3;1.1001026930007577E7
1387;3066;2;1.1001026930007577E7
1388;3069;3;1.1001026930007577E7
1389;3069;0;1.1001026930007577E7
1390;3071;2;1.1001026930007577E7
1391;3074;3;1.1001026930007577E7
1392;3076;2;1.1001026930007577E7
1393;3078;2;1.1001026930007577E7
1394;3079;1;1.1001026930007577E7
1395;3081;2;1.1001026930007577E7
1396;3083;2;1.1001026930007577E7
1397;3085;2;1.1001026930007577E7
1398;3087;2;1.1001026930007577E7
1399;3089;2;1.1001026930007577E7
1400;3089;0;1.1001026930007577E7
1401;3092;3;1.1001026930007577E7
1402;3093;1;1.1001026930007577E7
1403;3095;2;1.1001026930007577E7
1404;3098;3;1.1001026930007577E7
1405;3100;2;1.1001026930007577E7
1406;3102;2;1.1001026930007577E7
1407;3104;2;1.1001026930007577E7
1408;3105;1;1.1001026930007577E7
1409;3107;2;1.1001026930007577E7
1410;3109;2;1.1001026930007577E7
1411;3112;3;1.1001026930007577E7
1412;3114;2;1.1001026930007577E7
1413;3117;3;1.1001026930007577E7
1414;3118;1;1.1001026930007577E7
1415;3120;2;1.1001026930007577E7
1416;3122;2;1.1001026930007577E7
1417;3125;3;1.1001026930007577E7
1418;3127;2;1.1001026930007577E7
1419;3130;3;1.1001026930007577E7
1420;3130;0;1.1001026930007577E7
1421;3133;3;1.1001026930007577E7
1422;3135;2;1.1001026930007577E7
1423;3136;1;1.1001026930007577E7
1424;3138;2;1.1001026930007577E7
1425;3139;1;1.1001026930007577E7
1426;3142;3;1.1001026930007577E7
1427;3145;3;1.1001026930007577E7
1428;3146;1;1.1001026930007577E7
1429;3148;2;1.1001026930007577E7
1430;3149;1;1.1001026930007577E7
1431;3151;2;1.1001026930007577E7
1432;3153;2;1.1001026930007577E7
1433;3154;1;1.1001026930007577E7
1434;3156;2;1.1001023238769397E7
1435;3159;3;1.1001023238769397E7
1436;3160;1;1.1001023238769397E7
1437;3161;1;1.1001023238769397E7
1438;3164;3;1.1001023238769397E7
1439;3165;1;1.1001023238769397E7
1440;3166;1;1.1001023238769397E7
1441;3168;2;1.1001023238769397E7
1442;3171;3;1.1001023238769397E7
1443;3174;3;1.1001023238769397E7
1444;3178;4;1.1001023238769397E7
1445;3179;1;1.1001023238769397E7
1446;3181;2;1.1001023238769397E7
1447;3183;2;1.1001023238769397E7
1448;3184;1;1.1001023238769397E7
1449;3186;2;1.1001023238769397E7
1450;3188;2;1.1001023238769397E7
1451;3188;0;1.1001023238769397E7
1452;3192;4;1.1001023238769397E7
1453;3193;1;1.1001023238769397E7
1454;3194;1;1.1001023238769397E7
1455;3196;2;1.1001023238769397E7
1456;3197;1;1.1001023238769397E7
1457;3198;1;1.1001023238769397E7
1458;3200;2;1.1001023238769397E7
1459;3202;2;1.1001023238769397E7
1460;3205;3;1.1001023238769397E7
1461;3205;0;1.1001023238769397E7
1462;3208;3;1.1001023238769397E7
1463;3210;2;1.1001023238769397E7
1464;3210;0;1.1001023238769397E7
1465;3212;2;1.1001023238769397E7
1466;3214;2;1.1001023238769397E7
1467;3216;2;1.1001023238769397E7
1468;3217;1;1.1001023238769397E7
1469;3219;2;1.1001023238769397E7
1470;3222;3;1.1001023238769397E7
1471;3224;2;1.1001023238769397E7
1472;3224;0;1.1001023238769397E7
1473;3226;2;1.1001023238769397E7
1474;3228;2;1.1001023238769397E7
1475;3229;1;1.1001023238769397E7
1476;3231;2;1.1001023238769397E7
1477;3233;2;1.1001023238769397E7
1478;3234;1;1.1001023238769397E7
1479;3236;2;1.1001023238769397E7
1480;3236;0;1.1001023238769397E7
1481;3238;2;1.1001023238769397E7
1482;3240;2;1.1001023238769397E7
1483;3241;1;1.1001023238769397E7
1484;3243;2;1.1001023238769397E7
1485;3246;3;1.1001023238769397E7
1486;3247;1;1.1001023238769397E7
1487;3249;2;1.1001023238769397E7
1488;3252;3;1.1001023238769397E7
1489;3256;4;1.1001023238769397E7
1490;3258;2;1.1001023238769397E7
1491;3260;2;1.1001023238769397E7
1492;3262;2;1.1001023238769397E7
1493;3263;1;1.1001023238769397E7
1494;3265;2;1.1001023238769397E7
1495;3269;4;1.1001023238769397E7
1496;3272;3;1.1001023238769397E7
1497;3274;2;1.1001023238769397E7
1498;3276;2;1.1001023238769397E7
1499;3278;2;1.1001023238769397E7
1500;3280;2;1.1001023238769397E7
1501;3282;2;1.1001023238769397E7
1502;3284;2;1.1001023238769397E7
1503;3285;1;1.1001023238769397E7
1504;3288;3;1.1001023238769397E7
1505;3290;2;1.1001023238769397E7
1506;3293;3;1.1001023238769397E7
1507;3295;2;1.1001023238769397E7
1508;3297;2;1.1001023238769397E7
1509;3297;0;1.1001023238769397E7
1510;3300;3;1.1001023238769397E7
1511;3300;0;1.1001023238769397E7
1512;3302;2;1.1001023238769397E7
1513;3303;1;1.1001023238769397E7
1514;3305;2;1.1001023238769397E7
1515;3307;2;1.1001023238769397E7
1516;3309;2;1.1001023238769397E7
1517;3311;2;1.1001023238769397E7
1518;3314;3;1.1001023238769397E7
1519;3317;3;1.1001023238769397E7
1520;3320;3;1.1001023238769397E7
1521;3322;2;1.1001023238769397E7
1522;3324;2;1.1001023238769397E7
1523;3327;3;1.1001023238769397E7
1524;3329;2;1.1001023238769397E7
1525;3332;3;1.1001023238769397E7
1526;3336;4;1.1001023238769397E7
1527;3338;2;1.1001023238769397E7
1528;3339;1;1.1001023238769397E7
1529;3341;2;1.1001023238769397E7
1530;3345;4;1.1001023238769397E7
1531;3347;2;1.1001023238769397E7
1532;3349;2;1.1001023238769397E7
1533;3350;1;1.1001023238769397E7
1534;3353;3;1.1001023238769397E7
1535;3356;3;1.1001023238769397E7
1536;3358;2;1.1001023238769397E7
1537;3361;3;1.1001023238769397E7
1538;3363;2;1.1001023238769397E7
1539;3366;3;1.1001023238769397E7
1540;3367;1;1.1001023238769397E7
1541;3371;4;1.1001023238769397E7
1542;3371;0;1.1001023238769397E7
1543;3373;2;1.1001023238769397E7
1544;3377;4;1.1001023238769397E7
1545;3378;1;1.1001023238769397E7
1546;3381;3;1.1001023238769397E7
1547;3385;4;1.1001023238769397E7
1548;3386;1;1.1001023238769397E7
1549;3389;3;1.1001023238769397E7
1550;3392;3;1.1001023238769397E7
1551;3393;1;1.1001023238769397E7
1552;3396;3;1.1001023238769397E7
1553;3401;5;1.1001023238769397E7
1554;3402;1;1.1001023238769397E7
1555;3403;1;1.1001023238769397E7
1556;3405;2;1.1001023238769397E7
1557;3407;2;1.1001023238769397E7
1558;3409;2;1.1001023238769397E7
1559;3410;1;1.1001023238769397E7
1560;3412;2;1.1001023238769397E7
1561;3418;6;1.1001023238769397E7
1562;3420;2;1.1001023238769397E7
1563;3422;2;1.1001023238769397E7
1564;3423;1;1.1001023238769397E7
1565;3425;2;1.1001023238769397E7
1566;3428;3;1.1001023238769397E7
1567;3428;0;1.1001023238769397E7
1568;3432;4;1.1001023238769397E7
1569;3435;3;1.1001023238769397E7
1570;3437;2;1.1001023238769397E7
1571;3440;3;1.1001023238769397E7
1572;3441;1;1.1001023238769397E7
1573;3442;1;1.1001023238769397E7
1574;3447;5;1.1001023238769397E7
1575;3450;3;1.1001023238769397E7
1576;3452;2;1.1001023238769397E7
1577;3454;2;1.1001023238769397E7
1578;3457;3;1.1001023238769397E7
1579;3459;2;1.1001023238769397E7
1580;3461;2;1.1001023238769397E7
1581;3463;2;1.1001023238769397E7
1582;3463;0;1.1001023238769397E7
1583;3466;3;1.1001023238769397E7
1584;3467;1;1.1001023238769397E7
1585;3469;2;1.1001023238769397E7
1586;3471;2;1.1001023238769397E7
1587;3472;1;1.1001023238769397E7
1588;3474;2;1.1001023238769397E7
1589;3477;3;1.1001023238769397E7
1590;3478;1;1.1001023238769397E7
1591;3480;2;1.1001023238769397E7
1592;3482;2;1.1001023238769397E7
1593;3483;1;1.1001023238769397E7
1594;3485;2;1.1001023238769397E7
1595;3487;2;1.1001023238769397E7
1596;3490;3;1.1001023238769397E7
1597;3491;1;1.1001023238769397E7
1598;3494;3;1.1001023238769397E7
1599;3496;2;1.1001023238769397E7
1600;3498;2;1.1001023238769397E7
1601;3501;3;1.1001023238769397E7
1602;3503;2;1.1001023238769397E7
1603;3505;2;1.1001023238769397E7
1604;3506;1;1.1001023238769397E7
1605;3508;2;1.1001023238769397E7
1606;3509;1;1.1001023238769397E7
1607;3512;3;1.1001023238769397E7
1608;3514;2;1.1001023238769397E7
1609;3517;3;1.1001023238769397E7
1610;3519;2;1.1001023238769397E7
1611;3521;2;1.1001023238769397E7
1612;3522;1;1.1001023238769397E7
1613;3525;3;1.1001023238769397E7
1614;3526;1;1.1001023238769397E7
1615;3529;3;1.1001023238769397E7
1616;3530;1;1.1001023238769397E7
1617;3530;0;1.1001023238769397E7
1618;3532;2;1.1001023238769397E7
1619;3533;1;1.1001023238769397E7
1620;3536;3;1.1001023238769397E7
1621;3538;2;1.1001023238769397E7
1622;3539;1;1.1001023238769397E7
1623;3542;3;1.1001023238769397E7
1624;3542;0;1.1001023238769397E7
1625;3544;2;1.1001023238769397E7
1626;3546;2;1.1001023238769397E7
1627;3547;1;1.1001023238769397E7
1628;3548;1;1.1001023238769397E7
1629;3551;3;1.1001023238769397E7
1630;3554;3;1.1001023238769397E7
1631;3557;3;1.1001023238769397E7
1632;3559;2;1.1001023238769397E7
1633;3561;2;1.1001023238769397E7
1634;3564;3;1.1001023238769397E7
1635;3566;2;1.1001023238769397E7
1636;3569;3;1.1001023238769397E7
1637;3571;2;1.1001023238769397E7
1638;3573;2;1.1001023238769397E7
1639;3576;3;1.1001023238769397E7
1640;3578;2;1.1001023238769397E7
1641;3580;2;1.1001023238769397E7
1642;3581;1;1.1001023238769397E7
1643;3582;1;1.1001023238769397E7
1644;3584;2;1.1001023238769397E7
1645;3586;2;1.1001023238769397E7
1646;3588;2;1.1001023238769397E7
1647;3590;2;1.1001023238769397E7
1648;3591;1;1.1001023238769397E7
1649;3594;3;1.1001023238769397E7
1650;3594;0;1.1001023238769397E7
1651;3595;1;1.1001023238769397E7
1652;3596;1;1.1001023238769397E7
1653;3597;1;1.1001023238769397E7
1654;3599;2;1.1001023238769397E7
1655;3601;2;1.1001023238769397E7
1656;3603;2;1.1001023238769397E7
1657;3606;3;1.1001023238769397E7
1658;3607;1;1.1001023238769397E7
1659;3610;3;1.1001023238769397E7
1660;3611;1;1.1001023238769397E7
1661;3617;6;1.1001023238769397E7
1662;3620;3;1.1001023238769397E7
1663;3622;2;1.1001023238769397E7
1664;3626;4;1.1001023238769397E7
1665;3629;3;1.1001023238769397E7
1666;3633;4;1.1001023238769397E7
1667;3635;2;1.1001023238769397E7
1668;3638;3;1.1001023238769397E7
1669;3641;3;1.1001023238769397E7
1670;3644;3;1.1001023238769397E7
1671;3646;2;1.1001023238769397E7
1672;3649;3;1.1001023238769397E7
1673;3650;1;1.1001023238769397E7
1674;3653;3;1.1001023238769397E7
1675;3655;2;1.1001023238769397E7
1676;3657;2;1.1001023238769397E7
1677;3659;2;1.1001023238769397E7
1678;3662;3;1.1001023238769397E7
1679;3662;0;1.1001023238769397E7
1680;3664;2;1.1001023238769397E7
1681;3666;2;1.1001023238769397E7
1682;3668;2;1.1001023238769397E7
1683;3670;2;1.1001023238769397E7
1684;3672;2;1.1001023238769397E7
1685;3674;2;1.1001023238769397E7
1686;3675;1;1.1001023238769397E7
1687;3678;3;1.1001023238769397E7
1688;3679;1;1.1001023238769397E7
1689;3682;3;1.1001023238769397E7
1690;3684;2;1.1001023238769397E7
1691;3686;2;1.1001023238769397E7
1692;3688;2;1.1001023238769397E7
1693;3690;2;1.1001023238769397E7
1694;3693;3;1.1001023238769397E7
1695;3693;0;1.1001023238769397E7
1696;3695;2;1.1001023238769397E7
1697;3696;1;1.1001023238769397E7
1698;3698;2;1.1001023238769397E7
1699;3700;2;1.1001023238769397E7
1700;3702;2;1.1001023238769397E7
1701;3703;1;1.1001023238769397E7
1702;3706;3;1.1001023238769397E7
1703;3708;2;1.1001023238769397E7
1704;3710;2;1.1001023238769397E7
1705;3712;2;1.1001023238769397E7
1706;3714;2;1.1001023238769397E7
1707;3716;2;1.1001023238769397E7
1708;3718;2;1.1001023238769397E7
1709;3718;0;1.1001023238769397E7
1710;3721;3;1.1001023238769397E7
1711;3723;2;1.1001023238769397E7
1712;3726;3;1.1001023238769397E7
1713;3727;1;1.1001023238769397E7
1714;3730;3;1.1001023238769397E7
1715;3732;2;1.1001023238769397E7
1716;3735;3;1.1001023238769397E7
1717;3736;1;1.1001023238769397E7
1718;3739;3;1.1001023238769397E7
1719;3741;2;1.1001023238769397E7
1720;3742;1;1.1001023238769397E7
1721;3743;1;1.1001023238769397E7
1722;3746;3;1.1001023238769397E7
1723;3747;1;1.1001023238769397E7
1724;3748;1;1.1001023238769397E7
1725;3750;2;1.1001023238769397E7
1726;3752;2;1.1001023238769397E7
1727;3753;1;1.1001023238769397E7
1728;3756;3;1.1001023238769397E7
1729;3760;4;1.1001023238769397E7
1730;3762;2;1.1001023238769397E7
1731;3765;3;1.1001023238769397E7
1732;3766;1;1.1001023238769397E7
1733;3767;1;1.1001023238769397E7
1734;3770;3;1.1001023238769397E7
1735;3774;4;1.1001023238769397E7
1736;3777;3;1.1001023238769397E7
1737;3778;1;1.1001023238769397E7
1738;3780;2;1.1001023238769397E7
1739;3782;2;1.1001023238769397E7
1740;3784;2;1.1001023238769397E7
1741;3785;1;1.1001023238769397E7
1742;3787;2;1.1001023238769397E7
1743;3788;1;1.1001023238769397E7
1744;3791;3;1.1001023238769397E7
1745;3793;2;1.1001023238769397E7
1746;3794;1;1.1001023238769397E7
1747;3797;3;1.1001023238769397E7
1748;3799;2;1.1001023238769397E7
1749;3801;2;1.1001023238769397E7
1750;3804;3;1.1001023238769397E7
1751;3805;1;1.1001023238769397E7
1752;3808;3;1.1001023238769397E7
1753;3811;3;1.1001023238769397E7
1754;3812;1;1.1001023238769397E7
1755;3814;2;1.1001023238769397E7
1756;3816;2;1.1001023238769397E7
1757;3818;2;1.1001023238769397E7
1758;3821;3;1.1001023238769397E7
1759;3822;1;1.1001023238769397E7
1760;3823;1;1.1001023238769397E7
1761;3824;1;1.1001023238769397E7
1762;3826;2;1.1001023238769397E7
1763;3828;2;1.1001023238769397E7
1764;3833;5;1.1001023238769397E7
1765;3833;0;1.1001023238769397E7
1766;3836;3;1.1001023238769397E7
1767;3839;3;1.1001023238769397E7
1768;3840;1;1.1001023238769397E7
1769;3842;2;1.1001023238769397E7
1770;3843;1;1.1001023238769397E7
1771;3845;2;1.1001023238769397E7
1772;3847;2;1.1001023238769397E7
1773;3850;3;1.1001023238769397E7
1774;3851;1;1.1001023238769397E7
1775;3853;2;1.1001023238769397E7
1776;3855;2;1.1001023238769397E7
1777;3857;2;1.1001023238769397E7
1778;3860;3;1.1001023238769397E7
1779;3860;0;1.1001023238769397E7
1780;3863;3;1.1001023238769397E7
1781;3865;2;1.1001023238769397E7
1782;3867;2;1.1001023238769397E7
1783;3869;2;1.1001023238769397E7
1784;3871;2;1.1001023238769397E7
1785;3872;1;1.1001023238769397E7
1786;3874;2;1.1001023238769397E7
1787;3875;1;1.1001023238769397E7
1788;3876;1;1.1001023238769397E7
1789;3879;3;1.1001023238769397E7
1790;3881;2;1.1001023238769397E7
1791;3884;3;1.1001023238769397E7
1792;3886;2;1.1001023238769397E7
1793;3886;0;1.1001023238769397E7
1794;3889;3;1.1001023238769397E7
1795;3890;1;1.1001023238769397E7
1796;3891;1;1.1001023238769397E7
1797;3893;2;1.1001023238769397E7
1798;3895;2;1.1001023238769397E7
1799;3896;1;1.1001023238769397E7
1800;3897;1;1.1001023238769397E7
1801;3900;3;1.1001023238769397E7
1802;3903;3;1.1001023238769397E7
1803;3906;3;1.1001023238769397E7
1804;3906;0;1.1001023238769397E7
1805;3909;3;1.1001023238769397E7
1806;3911;2;1.1001023238769397E7
1807;3912;1;1.1001023238769397E7
1808;3914;2;1.1001023238769397E7
1809;3916;2;1.1001023238769397E7
1810;3917;1;1.1001023238769397E7
1811;3919;2;1.1001023238769397E7
1812;3919;0;1.1001023238769397E7
1813;3921;2;1.1001023238769397E7
1814;3923;2;1.1001023238769397E7
1815;3924;1;1.1001023238769397E7
1816;3926;2;1.1001023238769397E7
1817;3930;4;1.1001023238769397E7
1818;3931;1;1.1001023238769397E7
1819;3934;3;1.1001023238769397E7
1820;3937;3;1.1001023238769397E7
1821;3938;1;1.1001023238769397E7
1822;3938;0;1.1001023238769397E7
1823;3942;4;1.1001023238769397E7
1824;3944;2;1.1001023238769397E7
1825;3946;2;1.1001023238769397E7
1826;3947;1;1.1001023238769397E7
1827;3949;2;1.1001023238769397E7
1828;3951;2;1.1001023238769397E7
1829;3954;3;1.1001023238769397E7
1830;3955;1;1.1001023238769397E7
1831;3956;1;1.1001023238769397E7
1832;3959;3;1.1001023238769397E7
1833;3961;2;1.1001023238769397E7
1834;3963;2;1.1001023238769397E7
1835;3963;0;1.1001023238769397E7
1836;3964;1;1.1001023238769397E7
1837;3965;1;1.1001023238769397E7
1838;3967;2;1.1001023238769397E7
1839;3968;1;1.1001023238769397E7
1840;3969;1;1.1001023238769397E7
1841;3971;2;1.1001023238769397E7
1842;3973;2;1.1001023238769397E7
1843;3973;0;1.1001023238769397E7
1844;3975;2;1.1001023238769397E7
1845;3978;3;1.1001023238769397E7
1846;3980;2;1.1001023238769397E7
1847;3983;3;1.1001023238769397E7
1848;3985;2;1.1001023238769397E7
1849;3987;2;1.1001023238769397E7
1850;3988;1;1.1001023238769397E7
1851;3990;2;1.1001023238769397E7
1852;3990;0;1.1001023238769397E7
1853;3991;1;1.1001023238769397E7
1854;3992;1;1.1001023238769397E7
1855;3996;4;1.1001023238769397E7
1856;3998;2;1.1001023238769397E7
1857;4000;2;1.1001023238769397E7
1858;4002;2;1.1001023238769397E7
1859;4002;0;1.1001023238769397E7
1860;4003;1;1.1001023238769397E7
1861;4004;1;1.1001023238769397E7
1862;4007;3;1.1001023238769397E7
1863;4009;2;1.1001023238769397E7
1864;4011;2;1.1001023238769397E7
1865;4012;1;1.1001023238769397E7
1866;4014;2;1.1001023238769397E7
1867;4015;1;1.1001023238769397E7
1868;4015;0;1.1001023238769397E7
1869;4017;2;1.1001023238769397E7
1870;4019;2;1.1001023238769397E7
1871;4021;2;1.1001023238769397E7
1872;4023;2;1.1001023238769397E7
1873;4024;1;1.1001023238769397E7
1874;4027;3;1.1001023238769397E7
1875;4029;2;1.1001023238769397E7
1876;4031;2;1.1001023238769397E7
1877;4033;2;1.1001023238769397E7
1878;4034;1;1.1001023238769397E7
1879;4037;3;1.1001023238769397E7
1880;4039;2;1.1001023238769397E7
1881;4040;1;1.1001023238769397E7
1882;4042;2;1.1001023238769397E7
1883;4043;1;1.1001023238769397E7
1884;4046;3;1.1001023238769397E7
1885;4046;0;1.1001023238769397E7
1886;4047;1;1.1001023238769397E7
1887;4049;2;1.1000993983298264E7
1888;4053;4;1.1000993983298264E7
1889;4055;2;1.100099181425016E7
1890;4056;1;1.100099181425016E7
1891;4058;2;1.100099181425016E7
1892;4059;1;1.1000990818080883E7
1893;4060;1;1.1000990818080883E7
1894;4063;3;1.1000990818080883E7
1895;4064;1;1.1000990818080883E7
1896;4066;2;1.1000990818080883E7
1897;4068;2;1.1000990818080883E7
1898;4069;1;1.1000990818080883E7
1899;4070;1;1.1000990818080883E7
1900;4070;0;1.1000990818080883E7
1901;4072;2;1.1000990818080883E7
1902;4073;1;1.1000990818080883E7
1903;4075;2;1.1000990818080883E7
1904;4078;3;1.1000990818080883E7
1905;4079;1;1.1000990818080883E7
1906;4080;1;1.1000990818080883E7
1907;4081;1;1.1000990818080883E7
1908;4082;1;1.1000990818080883E7
1909;4083;1;1.1000990818080883E7
1910;4085;2;1.1000990818080883E7
1911;4087;2;1.1000990818080883E7
1912;4089;2;1.1000990818080883E7
1913;4090;1;1.1000990818080883E7
1914;4091;1;1.1000990818080883E7
1915;4093;2;1.1000990818080883E7
1916;4094;1;1.1000990818080883E7
1917;4095;1;1.1000990818080883E7
1918;4097;2;1.1000990818080883E7
1919;4098;1;1.1000990818080883E7
1920;4100;2;1.1000990818080883E7
1921;4102;2;1.1000990818080883E7
1922;4104;2;1.1000990818080883E7
1923;4106;2;1.1000990818080883E7
1924;4106;0;1.1000990818080883E7
1925;4107;1;1.1000990818080883E7
1926;4108;1;1.1000990818080883E7
1927;4111;3;1.1000990818080883E7
1928;4114;3;1.1000990818080883E7
1929;4115;1;1.1000990818080883E7
1930;4117;2;1.1000990818080883E7
1931;4119;2;1.1000990818080883E7
1932;4120;1;1.1000990818080883E7
1933;4121;1;1.1000990818080883E7
1934;4122;1;1.1000990818080883E7
1935;4125;3;1.1000990818080883E7
1936;4128;3;1.1000990818080883E7
1937;4132;4;1.1000990818080883E7
1938;4133;1;1.1000990818080883E7
1939;4135;2;1.1000990818080883E7
1940;4137;2;1.1000990818080883E7
1941;4138;1;1.1000990818080883E7
1942;4138;0;1.1000990818080883E7
1943;4139;1;1.1000990818080883E7
1944;4141;2;1.1000990818080883E7
1945;4142;1;1.1000990818080883E7
1946;4143;1;1.1000990818080883E7
1947;4144;1;1.1000990818080883E7
1948;4146;2;1.1000990818080883E7
1949;4150;4;1.1000990818080883E7
1950;4150;0;1.1000990818080883E7
1951;4151;1;1.1000990818080883E7
1952;4152;1;1.1000990818080883E7
1953;4154;2;1.1000990818080883E7
1954;4157;3;1.1000990818080883E7
1955;4159;2;1.1000990818080883E7
1956;4163;4;1.1000990818080883E7
1957;4165;2;1.1000990818080883E7
1958;4168;3;1.1000990818080883E7
1959;4170;2;1.1000990818080883E7
1960;4172;2;1.1000990818080883E7
1961;4174;2;1.1000990818080883E7
1962;4175;1;1.1000990818080883E7
1963;4177;2;1.1000990818080883E7
1964;4180;3;1.1000990818080883E7
1965;4182;2;1.1000990818080883E7
1966;4183;1;1.1000990818080883E7
1967;4185;2;1.1000990818080883E7
1968;4186;1;1.1000990818080883E7
1969;4188;2;1.1000990818080883E7
1970;4189;1;1.1000990818080883E7
1971;4190;1;1.1000990818080883E7
1972;4190;0;1.1000990818080883E7
1973;4193;3;1.1000990818080883E7
1974;4195;2;1.1000990818080883E7
1975;4200;5;1.1000990818080883E7
1976;4203;3;1.1000990818080883E7
1977;4205;2;1.1000990818080883E7
1978;4207;2;1.1000990818080883E7
1979;4208;1;1.1000990818080883E7
1980;4210;2;1.1000990818080883E7
1981;4215;5;1.1000990818080883E7
1982;4218;3;1.1000990818080883E7
1983;4221;3;1.1000990818080883E7
1984;4222;1;1.1000990818080883E7
1985;4224;2;1.1000990818080883E7
1986;4225;1;1.1000990818080883E7
1987;4227;2;1.1000990818080883E7
1988;4230;3;1.1000990818080883E7
1989;4230;0;1.1000990818080883E7
1990;4231;1;1.1000990818080883E7
1991;4231;0;1.1000990818080883E7
1992;4233;2;1.1000990818080883E7
1993;4235;2;1.1000990818080883E7
1994;4237;2;1.1000990818080883E7
1995;4239;2;1.1000990818080883E7
1996;4240;1;1.1000990818080883E7
1997;4243;3;1.1000990818080883E7
1998;4245;2;1.1000990818080883E7
1999;4247;2;1.1000990818080883E7
2000;4249;2;1.1000990818080883E7
2001;4250;1;1.1000990818080883E7
2002;4252;2;1.1000990818080883E7
2003;4252;0;1.1000990818080883E7
2004;4255;3;1.1000990818080883E7
2005;4258;3;1.1000990818080883E7
2006;4260;2;1.1000990818080883E7
2007;4261;1;1.1000990818080883E7
2008;4261;0;1.1000990818080883E7
2009;4263;2;1.1000990818080883E7
2010;4264;1;1.1000990818080883E7
2011;4266;2;1.1000990818080883E7
2012;4268;2;1.1000990818080883E7
2013;4269;1;1.1000990818080883E7
2014;4270;1;1.1000990818080883E7
2015;4272;2;1.1000990818080883E7
2016;4274;2;1.1000990818080883E7
2017;4276;2;1.1000990818080883E7
2018;4278;2;1.1000990818080883E7
2019;4279;1;1.1000990818080883E7
2020;4282;3;1.1000990818080883E7
2021;4284;2;1.1000990818080883E7
2022;4287;3;1.1000990818080883E7
2023;4289;2;1.1000990818080883E7
2024;4290;1;1.1000990818080883E7
2025;4292;2;1.1000990818080883E7
2026;4294;2;1.1000990818080883E7
2027;4295;1;1.1000990818080883E7
2028;4298;3;1.1000990818080883E7
2029;4301;3;1.1000990818080883E7
2030;4305;4;1.1000990818080883E7
2031;4306;1;1.1000990818080883E7
2032;4309;3;1.1000990818080883E7
2033;4310;1;1.1000990818080883E7
2034;4312;2;1.1000990818080883E7
2035;4313;1;1.1000990818080883E7
2036;4316;3;1.1000990818080883E7
2037;4317;1;1.1000990818080883E7
2038;4320;3;1.1000990818080883E7
2039;4320;0;1.1000990818080883E7
2040;4321;1;1.1000990818080883E7
2041;4323;2;1.1000990818080883E7
2042;4324;1;1.1000990818080883E7
2043;4325;1;1.1000990818080883E7
2044;4327;2;1.1000990818080883E7
2045;4330;3;1.1000990818080883E7
2046;4331;1;1.1000990818080883E7
2047;4333;2;1.1000990818080883E7
2048;4337;4;1.1000990818080883E7
2049;4339;2;1.1000990818080883E7
2050;4340;1;1.1000990818080883E7
2051;4341;1;1.1000990818080883E7
2052;4341;0;1.1000990818080883E7
2053;4343;2;1.1000990818080883E7
2054;4344;1;1.1000990818080883E7
2055;4345;1;1.1000990818080883E7
2056;4346;1;1.1000990818080883E7
2057;4348;2;1.1000990818080883E7
2058;4350;2;1.1000990818080883E7
2059;4352;2;1.1000990818080883E7
2060;4354;2;1.1000990818080883E7
2061;4356;2;1.1000990818080883E7
2062;4359;3;1.1000990818080883E7
2063;4361;2;1.1000990818080883E7
2064;4363;2;1.1000990818080883E7
2065;4366;3;1.1000990818080883E7
2066;4367;1;1.1000990818080883E7
2067;4369;2;1.1000990818080883E7
2068;4373;4;1.1000990818080883E7
2069;4376;3;1.1000990818080883E7
2070;4381;5;1.1000990818080883E7
2071;4385;4;1.1000990818080883E7
2072;4391;6;1.1000990818080883E7
2073;4393;2;1.1000990818080883E7
2074;4395;2;1.1000990818080883E7
2075;4397;2;1.1000990818080883E7
2076;4398;1;1.1000990818080883E7
2077;4400;2;1.1000990818080883E7
2078;4402;2;1.1000990818080883E7
2079;4404;2;1.1000990818080883E7
2080;4407;3;1.1000990818080883E7
2081;4409;2;1.1000990818080883E7
2082;4411;2;1.1000990818080883E7
2083;4413;2;1.1000990818080883E7
2084;4415;2;1.1000990818080883E7
2085;4417;2;1.1000990818080883E7
2086;4419;2;1.1000990818080883E7
2087;4420;1;1.1000990818080883E7
2088;4421;1;1.1000990818080883E7
2089;4423;2;1.1000990818080883E7
2090;4425;2;1.1000990818080883E7
2091;4427;2;1.1000990818080883E7
2092;4429;2;1.1000990818080883E7
2093;4431;2;1.1000990818080883E7
2094;4433;2;1.1000990818080883E7
2095;4435;2;1.1000990818080883E7
2096;4437;2;1.1000916171372486E7
2097;4440;3;1.1000915984118102E7
2098;4442;2;1.1000915984118102E7
2099;4442;0;1.1000915984118102E7
2100;4445;3;1.1000915984118102E7
2101;4447;2;1.1000915984118102E7
2102;4450;3;1.1000915984118102E7
2103;4452;2;1.1000915984118102E7
2104;4453;1;1.1000915984118102E7
2105;4456;3;1.1000915984118102E7
2106;4459;3;1.1000915984118102E7
2107;4463;4;1.1000915984118102E7
2108;4465;2;1.1000915984118102E7
2109;4467;2;1.1000915984118102E7
2110;4469;2;1.1000915984118102E7
2111;4472;3;1.1000915984118102E7
2112;4475;3;1.1000915984118102E7
2113;4476;1;1.1000915984118102E7
2114;4477;1;1.1000915984118102E7
2115;4479;2;1.1000915984118102E7
2116;4481;2;1.1000915984118102E7
2117;4483;2;1.1000915984118102E7
2118;4485;2;1.1000915984118102E7
2119;4487;2;1.1000915984118102E7
2120;4489;2;1.1000915984118102E7
2121;4489;0;1.1000915984118102E7
2122;4490;1;1.1000915984118102E7
2123;4490;0;1.1000915984118102E7
2124;4492;2;1.1000915984118102E7
2125;4492;0;1.1000915984118102E7
2126;4493;1;1.1000915984118102E7
2127;4494;1;1.1000915984118102E7
2128;4496;2;1.1000915984118102E7
2129;4498;2;1.1000915984118102E7
2130;4498;0;1.1000915984118102E7
2131;4501;3;1.1000915984118102E7
2132;4503;2;1.1000915984118102E7
2133;4505;2;1.1000915984118102E7
2134;4506;1;1.1000915984118102E7
2135;4508;2;1.1000915984118102E7
2136;4510;2;1.1000915984118102E7
2137;4512;2;1.1000915984118102E7
2138;4514;2;1.1000915984118102E7
2139;4516;2;1.1000915984118102E7
2140;4517;1;1.1000915984118102E7
2141;4518;1;1.1000915984118102E7
2142;4519;1;1.1000915984118102E7
2143;4520;1;1.1000915984118102E7
2144;4520;0;1.1000915984118102E7
2145;4521;1;1.1000915984118102E7
2146;4521;0;1.1000915984118102E7
2147;4524;3;1.1000915984118102E7
2148;4525;1;1.1000915984118102E7
2149;4527;2;1.1000915984118102E7
2150;4528;1;1.1000915984118102E7
2151;4529;1;1.1000915984118102E7
2152;4530;1;1.1000915984118102E7
2153;4532;2;1.1000915984118102E7
2154;4534;2;1.1000915984118102E7
2155;4535;1;1.1000915984118102E7
2156;4536;1;1.1000915984118102E7
2157;4538;2;1.1000915984118102E7
2158;4538;0;1.1000915984118102E7
2159;4541;3;1.1000915984118102E7
2160;4543;2;1.1000915984118102E7
2161;4545;2;1.1000915984118102E7
2162;4547;2;1.1000915984118102E7
2163;4549;2;1.1000915984118102E7
2164;4551;2;1.1000915984118102E7
2165;4553;2;1.1000915984118102E7
2166;4555;2;1.1000915984118102E7
2167;4557;2;1.1000915984118102E7
2168;4560;3;1.1000915984118102E7
2169;4562;2;1.1000915984118102E7
2170;4564;2;1.1000915984118102E7
2171;4566;2;1.1000915984118102E7
2172;4569;3;1.1000915984118102E7
2173;4572;3;1.1000915984118102E7
2174;4572;0;1.1000915984118102E7
2175;4573;1;1.1000915984118102E7
2176;4574;1;1.1000915984118102E7
2177;4577;3;1.1000915984118102E7
2178;4579;2;1.1000915984118102E7
2179;4581;2;1.1000915984118102E7
2180;4582;1;1.1000915984118102E7
2181;4584;2;1.1000915984118102E7
2182;4586;2;1.1000915984118102E7
2183;4589;3;1.1000915984118102E7
2184;4591;2;1.1000915984118102E7
2185;4591;0;1.1000915984118102E7
2186;4593;2;1.1000915984118102E7
2187;4595;2;1.1000915984118102E7
2188;4597;2;1.1000915984118102E7
2189;4598;1;1.1000915984118102E7
2190;4599;1;1.1000915984118102E7
2191;4600;1;1.1000915984118102E7
2192;4602;2;1.1000915984118102E7
2193;4603;1;1.1000915984118102E7
2194;4604;1;1.1000915984118102E7
2195;4605;1;1.1000915984118102E7
2196;4606;1;1.1000915984118102E7
2197;4607;1;1.1000915984118102E7
2198;4611;4;1.1000915984118102E7
2199;4614;3;1.1000915984118102E7
2200;4616;2;1.1000915984118102E7
2201;4617;1;1.1000915984118102E7
2202;4618;1;1.1000915984118102E7
2203;4620;2;1.1000915984118102E7
2204;4622;2;1.1000915984118102E7
2205;4624;2;1.1000915984118102E7
2206;4626;2;1.1000915984118102E7
2207;4628;2;1.1000915984118102E7
2208;4630;2;1.1000915984118102E7
2209;4632;2;1.1000915984118102E7
2210;4634;2;1.1000915984118102E7
2211;4635;1;1.1000915984118102E7
2212;4638;3;1.1000915984118102E7
2213;4642;4;1.1000915984118102E7
2214;4643;1;1.1000915984118102E7
2215;4643;0;1.1000915984118102E7
2216;4646;3;1.1000915984118102E7
2217;4648;2;1.1000915984118102E7
2218;4650;2;1.1000915984118102E7
2219;4653;3;1.1000915984118102E7
2220;4654;1;1.1000915984118102E7
2221;4656;2;1.1000915984118102E7
2222;4658;2;1.1000915984118102E7
2223;4660;2;1.1000915984118102E7
2224;4661;1;1.1000915984118102E7
2225;4663;2;1.1000915984118102E7
2226;4665;2;1.1000915984118102E7
2227;4667;2;1.1000915984118102E7
2228;4668;1;1.1000915984118102E7
2229;4670;2;1.1000915984118102E7
2230;4671;1;1.1000915984118102E7
2231;4672;1;1.1000915984118102E7
2232;4675;3;1.1000915984118102E7
2233;4677;2;1.1000915984118102E7
2234;4680;3;1.1000915984118102E7
2235;4682;2;1.1000915984118102E7
2236;4685;3;1.1000915984118102E7
2237;4687;2;1.1000915984118102E7
2238;4689;2;1.1000915984118102E7
2239;4690;1;1.1000915984118102E7
2240;4692;2;1.1000915984118102E7
2241;4695;3;1.1000915984118102E7
2242;4696;1;1.1000915984118102E7
2243;4698;2;1.1000915984118102E7
2244;4700;2;1.1000915984118102E7
2245;4702;2;1.1000915984118102E7
2246;4704;2;1.1000915984118102E7
2247;4705;1;1.1000915984118102E7
2248;4706;1;1.1000915984118102E7
2249;4708;2;1.1000915984118102E7
2250;4711;3;1.1000915984118102E7
2251;4712;1;1.1000915984118102E7
2252;4713;1;1.1000915984118102E7
2253;4716;3;1.1000915984118102E7
2254;4716;0;1.1000915984118102E7
2255;4719;3;1.1000915984118102E7
2256;4720;1;1.1000915984118102E7
2257;4721;1;1.1000915984118102E7
2258;4723;2;1.1000915984118102E7
2259;4725;2;1.1000915984118102E7
2260;4725;0;1.1000915984118102E7
2261;4727;2;1.1000915984118102E7
2262;4730;3;1.1000915984118102E7
2263;4732;2;1.1000915984118102E7
2264;4733;1;1.1000915984118102E7
2265;4734;1;1.1000915984118102E7
2266;4736;2;1.1000915984118102E7
2267;4736;0;1.1000915984118102E7
2268;4739;3;1.1000915984118102E7
2269;4741;2;1.1000915984118102E7
2270;4743;2;1.1000915984118102E7
2271;4745;2;1.1000915984118102E7
2272;4746;1;1.1000915984118102E7
2273;4747;1;1.1000915984118102E7
2274;4747;0;1.1000915984118102E7
2275;4750;3;1.1000915984118102E7
2276;4752;2;1.1000915984118102E7
2277;4754;2;1.1000915984118102E7
2278;4755;1;1.1000915984118102E7
2279;4757;2;1.1000915984118102E7
2280;4759;2;1.1000915984118102E7
2281;4761;2;1.1000915984118102E7
2282;4763;2;1.1000915984118102E7
2283;4764;1;1.1000915984118102E7
2284;4765;1;1.1000915984118102E7
2285;4766;1;1.1000915984118102E7
2286;4767;1;1.1000915984118102E7
2287;4770;3;1.1000915984118102E7
2288;4773;3;1.1000915984118102E7
2289;4775;2;1.1000915984118102E7
2290;4776;1;1.1000915984118102E7
2291;4779;3;1.1000915984118102E7
2292;4781;2;1.1000915984118102E7
2293;4782;1;1.1000915984118102E7
2294;4784;2;1.1000915984118102E7
2295;4785;1;1.1000915984118102E7
2296;4788;3;1.1000915984118102E7
2297;4789;1;1.1000915984118102E7
2298;4791;2;1.1000915984118102E7
2299;4793;2;1.1000915984118102E7
2300;4795;2;1.1000915984118102E7
2301;4795;0;1.1000915984118102E7
2302;4798;3;1.1000915984118102E7
2303;4799;1;1.1000915984118102E7
2304;4801;2;1.1000915984118102E7
2305;4802;1;1.1000915984118102E7
2306;4804;2;1.1000915984118102E7
2307;4807;3;1.1000915984118102E7
2308;4809;2;1.1000915984118102E7
2309;4811;2;1.1000915984118102E7
2310;4812;1;1.1000915984118102E7
2311;4813;1;1.1000915984118102E7
2312;4815;2;1.1000915984118102E7
2313;4818;3;1.1000915984118102E7
2314;4820;2;1.1000915984118102E7
2315;4821;1;1.1000915984118102E7
2316;4822;1;1.1000915984118102E7
2317;4824;2;1.1000915984118102E7
2318;4826;2;1.1000915984118102E7
2319;4826;0;1.1000915984118102E7
2320;4828;2;1.1000915984118102E7
2321;4831;3;1.1000915984118102E7
2322;4834;3;1.1000915984118102E7
2323;4837;3;1.1000915984118102E7
2324;4838;1;1.1000915984118102E7
2325;4840;2;1.1000915984118102E7
2326;4841;1;1.1000915984118102E7
2327;4842;1;1.1000915984118102E7
2328;4843;1;1.1000915984118102E7
2329;4845;2;1.1000915984118102E7
2330;4847;2;1.1000915984118102E7
2331;4848;1;1.1000915984118102E7
2332;4850;2;1.1000915984118102E7
2333;4852;2;1.1000915984118102E7
2334;4854;2;1.1000915984118102E7
2335;4855;1;1.1000915984118102E7
2336;4856;1;1.1000915984118102E7
2337;4856;0;1.1000915984118102E7
2338;4858;2;1.1000915984118102E7
2339;4860;2;1.1000915984118102E7
2340;4861;1;1.1000915984118102E7
2341;4862;1;1.1000915984118102E7
2342;4865;3;1.1000915984118102E7
2343;4868;3;1.1000915984118102E7
2344;4869;1;1.1000915984118102E7
2345;4871;2;1.1000915984118102E7
2346;4873;2;1.1000915984118102E7
2347;4874;1;1.1000915984118102E7
2348;4876;2;1.1000915984118102E7
2349;4877;1;1.1000915984118102E7
2350;4879;2;1.1000915984118102E7
2351;4880;1;1.1000915984118102E7
2352;4882;2;1.1000915984118102E7
2353;4885;3;1.1000915984118102E7
2354;4886;1;1.1000915984118102E7
2355;4886;0;1.1000915984118102E7
2356;4888;2;1.1000914318129195E7
2357;4889;1;1.1000914318129195E7
2358;4892;3;1.1000914318129195E7
2359;4895;3;1.1000914318129195E7
2360;4897;2;1.1000914318129195E7
2361;4900;3;1.1000914318129195E7
2362;4902;2;1.1000914318129195E7
2363;4904;2;1.1000914318129195E7
2364;4907;3;1.1000914318129195E7
2365;4907;0;1.1000914318129195E7
2366;4909;2;1.1000914318129195E7
2367;4909;0;1.1000914318129195E7
2368;4912;3;1.1000914318129195E7
2369;4914;2;1.1000914318129195E7
2370;4916;2;1.1000914318129195E7
2371;4918;2;1.1000893966435514E7
2372;4920;2;1.1000893966435514E7
2373;4922;2;1.1000893966435514E7
2374;4924;2;1.1000893966435514E7
2375;4925;1;1.1000893966435514E7
2376;4927;2;1.1000893966435514E7
2377;4930;3;1.1000893966435514E7
2378;4932;2;1.1000893966435514E7
2379;4934;2;1.1000893966435514E7
2380;4935;1;1.1000893966435514E7
2381;4937;2;1.1000893966435514E7
2382;4939;2;1.1000893966435514E7
2383;4941;2;1.1000893966435514E7
2384;4941;0;1.1000893966435514E7
2385;4943;2;1.1000893966435514E7
2386;4945;2;1.000086255512008E7
2387;4947;2;1.000086255512008E7
2388;4949;2;1.000086255512008E7
2389;4950;1;1.000086255512008E7
2390;4952;2;1.000086255512008E7
2391;4953;1;1.000086255512008E7
2392;4955;2;1.000086255512008E7
2393;4957;2;1.000086255512008E7
2394;4959;2;1.000086255512008E7
2395;4961;2;1.000086255512008E7
2396;4964;3;1.000086255512008E7
2397;4966;2;1.000086255512008E7
2398;4967;1;1.000086255512008E7
2399;4969;2;1.000086255512008E7
2400;4969;0;1.000086255512008E7
2401;4970;1;1.000086255512008E7
2402;4972;2;1.000086255512008E7
2403;4972;0;1.000086255512008E7
2404;4975;3;1.000086255512008E7
2405;4976;1;1.000086255512008E7
2406;4977;1;1.000086255512008E7
2407;4979;2;1.000086255512008E7
2408;4980;1;1.000086255512008E7
2409;4981;1;1.000086255512008E7
2410;4983;2;1.000086255512008E7
2411;4984;1;1.000086255512008E7
2412;4985;1;1.000086255512008E7
2413;4987;2;1.000086255512008E7
2414;4989;2;1.000086255512008E7
2415;4991;2;1.000086255512008E7
2416;4994;3;1.000086255512008E7
2417;4996;2;1.000086255512008E7
2418;4996;0;1.000086255512008E7
2419;4998;2;1.000086255512008E7
2420;5000;2;1.000086255512008E7
2421;5002;2;1.000086255512008E7
2422;5004;2;1.000086255512008E7
2423;5006;2;1.000086255512008E7
2424;5008;2;1.000086255512008E7
2425;5010;2;1.000086255512008E7
2426;5013;3;1.000086255512008E7
2427;5015;2;1.000086255512008E7
2428;5017;2;1.000086255512008E7
2429;5018;1;1.000086255512008E7
2430;5020;2;1.000086255512008E7
2431;5020;0;1.000086255512008E7
2432;5023;3;1.000086255512008E7
2433;5025;2;1.000086255512008E7
2434;5028;3;1.000086255512008E7
2435;5030;2;1.000086255512008E7
2436;5031;1;1.000086255512008E7
2437;5033;2;1.000086255512008E7
2438;5035;2;1.000086255512008E7
2439;5036;1;1.000086255512008E7
2440;5039;3;1.000086255512008E7
2441;5040;1;1.000086255512008E7
2442;5042;2;1.000086255512008E7
2443;5043;1;1.000086255512008E7
2444;5044;1;1.000086255512008E7
2445;5045;1;1.000086255512008E7
2446;5047;2;1.000086255512008E7
2447;5049;2;1.000086255512008E7
2448;5051;2;1.000086255512008E7
2449;5054;3;1.000086255512008E7
2450;5056;2;1.000086255512008E7
2451;5059;3;1.000086255512008E7
2452;5061;2;1.000086255512008E7
2453;5063;2;1.000086255512008E7
2454;5065;2;1.000086255512008E7
2455;5067;2;1.000086255512008E7
2456;5068;1;1.000086255512008E7
2457;5070;2;1.000086255512008E7
2458;5071;1;1.000086255512008E7
2459;5073;2;1.000086255512008E7
2460;5075;2;1.000086255512008E7
2461;5077;2;1.000086255512008E7
2462;5078;1;1.000086255512008E7
2463;5080;2;1.000086255512008E7
2464;5082;2;1.000086255512008E7
2465;5085;3;1.000086255512008E7
2466;5087;2;1.000086255512008E7
2467;5089;2;1.000086255512008E7
2468;5090;1;1.000086255512008E7
2469;5092;2;1.000086255512008E7
2470;5094;2;1.000086255512008E7
2471;5096;2;1.000086255512008E7
2472;5099;3;1.000086255512008E7
2473;5100;1;1.000086255512008E7
2474;5102;2;1.000086255512008E7
2475;5105;3;1.000086255512008E7
2476;5106;1;1.000086255512008E7
2477;5109;3;1.000086255512008E7
2478;5111;2;1.000086255512008E7
2479;5113;2;1.000086255512008E7
2480;5115;2;1.000086255512008E7
2481;5116;1;1.000086255512008E7
2482;5120;4;1.000086255512008E7
2483;5122;2;1.000086255512008E7
2484;5124;2;1.000086255512008E7
2485;5125;1;1.000086255512008E7
2486;5128;3;1.000086255512008E7
2487;5130;2;1.000086255512008E7
2488;5132;2;1.000086255512008E7
2489;5133;1;1.000086255512008E7
2490;5134;1;1.000086255512008E7
2491;5136;2;1.000086255512008E7
2492;5138;2;1.000086255512008E7
2493;5140;2;1.000086255512008E7
2494;5143;3;1.000086255512008E7
2495;5143;0;1.000086255512008E7
2496;5145;2;1.000086255512008E7
2497;5149;4;1.0000828936866943E7
2498;5151;2;1.0000828936866943E7
2499;5151;0;1.0000828936866943E7
2500;5153;2;1.0000828936866943E7
2501;5155;2;1.0000828936866943E7
2502;5157;2;1.0000828936866943E7
2503;5159;2;1.0000828936866943E7
2504;5160;1;1.0000828936866943E7
2505;5163;3;1.0000828936866943E7
2506;5163;0;1.0000828936866943E7
2507;5166;3;1.0000828936866943E7
2508;5168;2;1.0000828936866943E7
2509;5171;3;1.0000828936866943E7
2510;5173;2;1.0000828936866943E7
2511;5175;2;1.0000828936866943E7
2512;5176;1;1.0000828936866943E7
2513;5177;1;1.0000828936866943E7
2514;5179;2;1.0000828936866943E7
2515;5181;2;1.0000828936866943E7
2516;5182;1;1.0000828936866943E7
2517;5184;2;1.0000828936866943E7
2518;5186;2;1.0000828936866943E7
2519;5187;1;1.0000828936866943E7
2520;5188;1;1.0000828936866943E7
2521;5190;2;1.0000828936866943E7
2522;5192;2;1.0000828936866943E7
2523;5193;1;1.0000828936866943E7
2524;5195;2;1.0000828936866943E7
2525;5197;2;1.0000828936866943E7
2526;5199;2;1.0000828936866943E7
2527;5200;1;1.0000828936866943E7
2528;5203;3;1.0000828936866943E7
2529;5204;1;1.0000828936866943E7
2530;5205;1;1.0000828936866943E7
2531;5207;2;1.0000828936866943E7
2532;5209;2;1.0000828936866943E7
2533;5210;1;1.0000828936866943E7
2534;5212;2;1.0000828936866943E7
2535;5213;1;1.0000828936866943E7
2536;5214;1;1.0000828936866943E7
2537;5217;3;1.0000828936866943E7
2538;5218;1;1.0000828936866943E7
2539;5222;4;1.0000828936866943E7
2540;5224;2;1.0000828936866943E7
2541;5227;3;1.0000828936866943E7
2542;5228;1;1.0000828936866943E7
2543;5230;2;1.0000828936866943E7
2544;5231;1;1.0000828936866943E7
2545;5233;2;1.0000828936866943E7
2546;5235;2;1.0000828936866943E7
2547;5238;3;1.0000828936866943E7
2548;5241;3;1.0000828936866943E7
2549;5243;2;1.0000828936866943E7
2550;5244;1;1.0000828936866943E7
2551;5245;1;1.0000828936866943E7
2552;5248;3;1.0000828936866943E7
2553;5249;1;1.0000828936866943E7
2554;5249;0;1.0000828936866943E7
2555;5250;1;1.0000828936866943E7
2556;5252;2;1.0000828936866943E7
2557;5254;2;1.0000828936866943E7
2558;5256;2;1.0000828936866943E7
2559;5258;2;1.0000828936866943E7
2560;5260;2;1.0000828936866943E7
2561;5262;2;1.0000828936866943E7
2562;5264;2;1.0000828936866943E7
2563;5265;1;1.0000828936866943E7
2564;5267;2;1.0000828936866943E7
2565;5269;2;1.0000828936866943E7
2566;5270;1;1.0000828936866943E7
2567;5271;1;1.0000828936866943E7
2568;5273;2;1.0000828936866943E7
2569;5275;2;1.0000828936866943E7
2570;5277;2;1.0000828936866943E7
2571;5279;2;1.0000828936866943E7
2572;5279;0;1.0000828936866943E7
2573;5281;2;1.0000828936866943E7
2574;5283;2;1.0000828936866943E7
2575;5286;3;1.0000828936866943E7
2576;5288;2;1.0000828936866943E7
2577;5289;1;1.0000828936866943E7
2578;5291;2;1.0000828936866943E7
2579;5292;1;1.0000828936866943E7
2580;5294;2;1.0000828936866943E7
2581;5295;1;1.0000828936866943E7
2582;5297;2;1.0000828936866943E7
2583;5298;1;1.0000828936866943E7
2584;5299;1;1.0000828936866943E7
2585;5301;2;1.0000828936866943E7
2586;5303;2;1.0000828936866943E7
2587;5305;2;1.0000828936866943E7
2588;5306;1;1.0000828936866943E7
2589;5307;1;1.0000828936866943E7
2590;5308;1;1.0000828936866943E7
2591;5309;1;1.0000828936866943E7
2592;5311;2;1.0000828936866943E7
2593;5313;2;1.0000828936866943E7
2594;5314;1;1.0000828936866943E7
2595;5316;2;1.0000828936866943E7
2596;5317;1;1.0000828936866943E7
2597;5318;1;1.0000828936866943E7
2598;5320;2;1.0000828936866943E7
2599;5321;1;1.0000828936866943E7
2600;5322;1;1.0000828936866943E7
2601;5324;2;1.0000828936866943E7
2602;5325;1;1.0000828936866943E7
2603;5327;2;1.0000828936866943E7
2604;5327;0;1.0000828936866943E7
2605;5328;1;1.0000828936866943E7
2606;5330;2;1.0000828936866943E7
2607;5335;5;1.0000828936866943E7
2608;5337;2;1.0000828936866943E7
2609;5339;2;1.0000828936866943E7
2610;5340;1;1.0000828936866943E7
2611;5341;1;1.0000828936866943E7
2612;5342;1;1.0000828936866943E7
2613;5345;3;1.0000828936866943E7
2614;5347;2;1.0000828936866943E7
2615;5349;2;1.0000828936866943E7
2616;5352;3;1.0000828936866943E7
2617;5353;1;1.0000828936866943E7
2618;5355;2;1.0000828936866943E7
2619;5356;1;1.0000828936866943E7
2620;5358;2;1.0000828936866943E7
2621;5359;1;1.0000828936866943E7
2622;5361;2;1.0000828936866943E7
2623;5363;2;1.0000828936866943E7
2624;5364;1;1.0000828936866943E7
2625;5365;1;1.0000828936866943E7
2626;5366;1;1.0000828936866943E7
2627;5369;3;1.0000828936866943E7
2628;5372;3;1.0000828936866943E7
2629;5373;1;1.0000828936866943E7
2630;5374;1;1.0000828936866943E7
2631;5377;3;1.0000828936866943E7
2632;5379;2;1.0000828936866943E7
2633;5381;2;1.0000828936866943E7
2634;5383;2;1.0000828936866943E7
2635;5385;2;1.0000828936866943E7
2636;5388;3;1.0000828936866943E7
2637;5390;2;1.0000828936866943E7
2638;5392;2;1.0000828936866943E7
2639;5394;2;1.0000828936866943E7
2640;5395;1;1.0000828936866943E7
2641;5397;2;1.0000828936866943E7
2642;5397;0;1.0000828936866943E7
2643;5398;1;1.0000828936866943E7
2644;5398;0;1.0000828936866943E7
2645;5399;1;1.0000828936866943E7
2646;5401;2;1.0000828936866943E7
2647;5404;3;1.0000828936866943E7
2648;5406;2;1.0000828936866943E7
2649;5408;2;1.0000828936866943E7
2650;5409;1;1.0000828936866943E7
2651;5410;1;1.0000828936866943E7
2652;5413;3;1.0000828936866943E7
2653;5414;1;1.0000828936866943E7
2654;5414;0;1.0000828936866943E7
2655;5416;2;1.0000828936866943E7
2656;5416;0;1.0000828936866943E7
2657;5419;3;1.0000828936866943E7
2658;5420;1;1.0000828936866943E7
2659;5420;0;1.0000828936866943E7
2660;5422;2;1.0000828936866943E7
2661;5423;1;1.0000828936866943E7
2662;5424;1;1.0000828936866943E7
2663;5426;2;1.0000828936866943E7
2664;5427;1;1.0000828936866943E7
2665;5430;3;1.0000828936866943E7
2666;5434;4;1.0000828936866943E7
2667;5437;3;1.0000828936866943E7
2668;5440;3;1.0000828936866943E7
2669;5443;3;1.0000828936866943E7
2670;5445;2;1.0000828936866943E7
2671;5446;1;1.0000828936866943E7
2672;5446;0;1.0000828936866943E7
2673;5447;1;1.0000828936866943E7
2674;5449;2;1.0000828936866943E7
2675;5451;2;1.0000828936866943E7
2676;5452;1;1.0000828936866943E7
2677;5453;1;1.0000828936866943E7
2678;5455;2;1.0000828936866943E7
2679;5457;2;1.0000828936866943E7
2680;5458;1;1.0000828936866943E7
2681;5459;1;1.0000828936866943E7
2682;5460;1;1.0000828936866943E7
2683;5461;1;1.0000828936866943E7
2684;5463;2;1.0000828936866943E7
2685;5466;3;1.0000828936866943E7
2686;5467;1;1.0000828936866943E7
2687;5468;1;1.0000828936866943E7
2688;5470;2;1.0000828936866943E7
2689;5471;1;1.0000828936866943E7
2690;5474;3;1.0000828936866943E7
2691;5477;3;1.0000828936866943E7
2692;5481;4;1.0000828936866943E7
2693;5482;1;1.0000828936866943E7
2694;5483;1;1.0000828936866943E7
2695;5485;2;1.0000828936866943E7
2696;5487;2;1.0000828936866943E7
2697;5488;1;1.0000828936866943E7
2698;5489;1;1.0000828936866943E7
2699;5491;2;1.0000828936866943E7
2700;5493;2;1.0000828936866943E7
2701;5494;1;1.0000828936866943E7
2702;5496;2;1.0000828936866943E7
2703;5498;2;1.0000828936866943E7
2704;5499;1;1.0000828936866943E7
2705;5501;2;1.0000828936866943E7
2706;5503;2;1.0000828936866943E7
2707;5504;1;1.0000828936866943E7
2708;5506;2;1.0000828936866943E7
2709;5508;2;1.0000828936866943E7
2710;5510;2;1.0000828936866943E7
2711;5511;1;1.0000828936866943E7
2712;5512;1;1.0000828936866943E7
2713;5514;2;1.0000828936866943E7
2714;5516;2;1.0000828936866943E7
2715;5517;1;1.0000828936866943E7
2716;5520;3;1.0000828936866943E7
2717;5523;3;1.0000828936866943E7
2718;5525;2;1.0000828936866943E7
2719;5527;2;1.0000828936866943E7
2720;5529;2;1.0000828936866943E7
2721;5529;0;1.0000828936866943E7
2722;5532;3;1.0000828936866943E7
2723;5532;0;1.0000828936866943E7
2724;5535;3;1.0000828936866943E7
2725;5538;3;1.0000828936866943E7
2726;5539;1;1.0000828936866943E7
2727;5541;2;1.0000828936866943E7
2728;5543;2;1.0000828936866943E7
2729;5545;2;1.0000828936866943E7
2730;5548;3;1.0000828936866943E7
2731;5550;2;1.0000828936866943E7
2732;5552;2;1.0000828936866943E7
2733;5553;1;1.0000828936866943E7
2734;5556;3;1.0000828936866943E7
2735;5558;2;1.0000828936866943E7
2736;5560;2;1.0000828936866943E7
2737;5562;2;1.0000828936866943E7
2738;5563;1;1.0000828936866943E7
2739;5565;2;1.0000828936866943E7
2740;5567;2;1.0000828936866943E7
2741;5568;1;1.0000828936866943E7
2742;5570;2;1.0000828936866943E7
2743;5572;2;1.0000828936866943E7
2744;5574;2;1.0000828936866943E7
2745;5575;1;1.0000828936866943E7
2746;5576;1;1.0000828936866943E7
2747;5578;2;1.0000828936866943E7
2748;5579;1;1.0000828936866943E7
2749;5580;1;1.0000828936866943E7
2750;5582;2;1.0000828936866943E7
2751;5585;3;1.0000828936866943E7
2752;5586;1;1.0000828936866943E7
2753;5587;1;1.0000828936866943E7
2754;5588;1;1.0000828936866943E7
2755;5590;2;1.0000828936866943E7
2756;5592;2;1.0000828936866943E7
2757;5595;3;1.0000828936866943E7
2758;5596;1;1.0000828936866943E7
2759;5598;2;1.0000828936866943E7
2760;5600;2;1.0000828936866943E7
2761;5601;1;1.0000828936866943E7
2762;5604;3;1.0000828936866943E7
2763;5607;3;1.0000828936866943E7
2764;5609;2;1.0000828936866943E7
2765;5612;3;1.0000828936866943E7
2766;5613;1;1.0000828936866943E7
2767;5616;3;1.0000828936866943E7
2768;5621;5;1.0000828936866943E7
2769;5623;2;1.0000828936866943E7
2770;5625;2;1.0000828936866943E7
2771;5627;2;1.0000828936866943E7
2772;5628;1;1.0000828936866943E7
2773;5630;2;1.0000828936866943E7
2774;5631;1;1.0000828936866943E7
2775;5632;1;1.0000828936866943E7
2776;5635;3;1.0000828936866943E7
2777;5635;0;1.0000828936866943E7
2778;5638;3;1.0000828936866943E7
2779;5638;0;1.0000828936866943E7
2780;5641;3;1.0000828936866943E7
2781;5643;2;1.0000828936866943E7
2782;5644;1;1.0000828936866943E7
2783;5646;2;1.0000828936866943E7
2784;5647;1;1.0000828936866943E7
2785;5649;2;1.0000828936866943E7
2786;5650;1;1.0000828936866943E7
2787;5651;1;1.0000828936866943E7
2788;5654;3;1.0000828936866943E7
2789;5654;0;1.0000828936866943E7
2790;5655;1;1.0000828936866943E7
2791;5656;1;1.0000828936866943E7
2792;5656;0;1.0000828936866943E7
2793;5659;3;1.0000828936866943E7
2794;5661;2;1.0000828936866943E7
2795;5662;1;1.0000828936866943E7
2796;5664;2;1.0000828936866943E7
2797;5665;1;1.0000828936866943E7
2798;5668;3;1.0000828936866943E7
2799;5670;2;1.0000828936866943E7
2800;5671;1;1.0000828936866943E7
2801;5673;2;1.0000828936866943E7
2802;5674;1;1.0000828936866943E7
2803;5675;1;1.0000828936866943E7
2804;5676;1;1.0000828936866943E7
2805;5678;2;1.0000828936866943E7
2806;5680;2;1.0000828936866943E7
2807;5682;2;1.0000828936866943E7
2808;5684;2;1.0000828936866943E7
2809;5685;1;1.0000828936866943E7
2810;5686;1;1.0000828936866943E7
2811;5689;3;1.0000828936866943E7
2812;5690;1;1.0000828936866943E7
2813;5692;2;1.0000828936866943E7
2814;5694;2;1.0000828936866943E7
2815;5696;2;1.0000828936866943E7
2816;5696;0;1.0000828936866943E7
2817;5698;2;1.0000828936866943E7
2818;5701;3;1.0000828936866943E7
2819;5703;2;1.0000828936866943E7
2820;5704;1;1.0000828936866943E7
2821;5706;2;1.0000828936866943E7
2822;5708;2;1.0000828936866943E7
2823;5710;2;1.0000828936866943E7
2824;5712;2;1.0000828936866943E7
2825;5715;3;1.0000828936866943E7
2826;5718;3;1.0000828936866943E7
2827;5721;3;1.0000828936866943E7
2828;5723;2;1.0000828936866943E7
2829;5724;1;1.0000828936866943E7
2830;5726;2;1.0000828936866943E7
2831;5727;1;1.0000828936866943E7
2832;5729;2;1.0000828936866943E7
2833;5730;1;1.0000828936866943E7
2834;5731;1;1.0000828936866943E7
2835;5732;1;1.0000828936866943E7
2836;5734;2;1.0000828936866943E7
2837;5735;1;1.0000828936866943E7
2838;5735;0;1.0000828936866943E7
2839;5737;2;1.0000828936866943E7
2840;5739;2;1.0000828936866943E7
2841;5741;2;1.0000828936866943E7
2842;5741;0;1.0000828936866943E7
2843;5743;2;1.0000828936866943E7
2844;5745;2;1.0000828936866943E7
2845;5746;1;1.0000828936866943E7
2846;5748;2;1.0000828936866943E7
2847;5749;1;1.0000828936866943E7
2848;5752;3;1.0000828936866943E7
2849;5753;1;1.0000828936866943E7
2850;5754;1;1.0000828936866943E7
2851;5756;2;1.0000828936866943E7
2852;5757;1;1.0000828936866943E7
2853;5759;2;1.0000828936866943E7
2854;5760;1;1.0000828936866943E7
2855;5762;2;1.0000828936866943E7
2856;5764;2;1.0000828936866943E7
2857;5765;1;1.0000828936866943E7
2858;5766;1;1.0000828936866943E7
2859;5768;2;1.0000828936866943E7
2860;5772;4;1.0000828936866943E7
2861;5774;2;1.0000828936866943E7
2862;5777;3;1.0000828936866943E7
2863;5778;1;1.0000828936866943E7
2864;5778;0;1.0000828936866943E7
2865;5780;2;1.0000828936866943E7
2866;5781;1;1.0000828936866943E7
2867;5783;2;1.0000828936866943E7
2868;5784;1;1.0000828936866943E7
2869;5786;2;1.0000828936866943E7
2870;5789;3;1.0000828936866943E7
2871;5790;1;1.0000828936866943E7
2872;5792;2;1.0000828936866943E7
2873;5793;1;1.0000828936866943E7
2874;5795;2;1.0000828936866943E7
2875;5796;1;1.0000828936866943E7
2876;5798;2;1.0000828936866943E7
2877;5798;0;1.0000828936866943E7
2878;5801;3;1.0000828936866943E7
2879;5801;0;1.0000828936866943E7
2880;5803;2;1.0000828936866943E7
2881;5804;1;1.0000828936866943E7
2882;5806;2;1.0000828936866943E7
2883;5808;2;1.0000828936866943E7
2884;5809;1;1.0000828936866943E7
2885;5809;0;1.0000828936866943E7
2886;5811;2;1.0000828936866943E7
2887;5813;2;1.0000828936866943E7
2888;5817;4;1.0000828936866943E7
2889;5821;4;1.0000828936866943E7
2890;5822;1;1.0000828936866943E7
2891;5825;3;1.0000828936866943E7
2892;5828;3;1.0000828936866943E7
2893;5829;1;1.0000828936866943E7
2894;5830;1;1.0000828936866943E7
2895;5831;1;1.0000828936866943E7
2896;5832;1;1.0000828936866943E7
2897;5836;4;1.0000828936866943E7
2898;5838;2;1.0000828936866943E7
2899;5839;1;1.0000828936866943E7
2900;5841;2;1.0000828936866943E7
2901;5842;1;1.0000828936866943E7
2902;5844;2;1.0000828936866943E7
2903;5845;1;1.0000828936866943E7
2904;5847;2;1.0000828936866943E7
2905;5852;5;1.0000828936866943E7
2906;5855;3;1.0000828936866943E7
2907;5856;1;1.0000828936866943E7
2908;5858;2;1.0000828936866943E7
2909;5860;2;1.0000828936866943E7
2910;5861;1;1.0000828936866943E7
2911;5863;2;1.0000828936866943E7
2912;5865;2;1.0000828936866943E7
2913;5869;4;1.0000828936866943E7
2914;5872;3;1.0000828936866943E7
2915;5874;2;1.0000828936866943E7
2916;5875;1;1.0000828936866943E7
2917;5877;2;1.0000828936866943E7
2918;5880;3;1.0000828936866943E7
2919;5883;3;1.0000828936866943E7
2920;5886;3;1.0000828936866943E7
2921;5887;1;1.0000828936866943E7
2922;5889;2;1.0000828936866943E7
2923;5891;2;1.0000828936866943E7
2924;5893;2;1.0000828936866943E7
2925;5895;2;1.0000828936866943E7
2926;5897;2;1.0000828936866943E7
2927;5899;2;1.0000828936866943E7
2928;5903;4;1.0000828936866943E7
2929;5904;1;1.0000828936866943E7
2930;5906;2;1.0000828936866943E7
2931;5907;1;1.0000828936866943E7
2932;5909;2;1.0000828936866943E7
2933;5909;0;1.0000828936866943E7
2934;5911;2;1.0000828936866943E7
2935;5913;2;1.0000828936866943E7
2936;5914;1;1.0000828936866943E7
2937;5920;6;1.0000828936866943E7
2938;5922;2;1.0000828936866943E7
2939;5924;2;1.0000828936866943E7
2940;5926;2;1.0000828936866943E7
2941;5928;2;1.0000828936866943E7
2942;5930;2;1.0000828936866943E7
2943;5933;3;1.0000828936866943E7
2944;5938;5;1.0000828936866943E7
2945;5939;1;1.0000828936866943E7
2946;5942;3;1.0000828936866943E7
2947;5944;2;1.0000828936866943E7
2948;5945;1;1.0000828936866943E7
2949;5947;2;1.0000828936866943E7
2950;5951;4;1.0000828936866943E7
2951;5954;3;1.0000828936866943E7
2952;5955;1;1.0000828936866943E7
2953;5956;1;1.0000828936866943E7
2954;5957;1;1.0000828936866943E7
2955;5958;1;1.0000828936866943E7
2956;5958;0;1.0000828936866943E7
2957;5959;1;1.0000828936866943E7
2958;5962;3;1.0000828936866943E7
2959;5964;2;1.0000828936866943E7
2960;5965;1;1.0000828936866943E7
2961;5966;1;1.0000828936866943E7
2962;5968;2;1.0000828936866943E7
2963;5970;2;1.0000828936866943E7
2964;5972;2;1.0000828936866943E7
2965;5974;2;1.0000828936866943E7
2966;5975;1;1.0000828936866943E7
2967;5976;1;1.0000828936866943E7
2968;5977;1;1.0000828936866943E7
2969;5980;3;1.0000828936866943E7
2970;5982;2;1.0000828936866943E7
2971;5983;1;1.0000828936866943E7
2972;5985;2;1.0000828936866943E7
2973;5987;2;1.0000828936866943E7
2974;5988;1;1.0000828936866943E7
2975;5991;3;1.0000828936866943E7
2976;5992;1;1.0000828936866943E7
2977;5994;2;1.0000828936866943E7
2978;5994;0;1.0000828936866943E7
2979;5995;1;1.0000828936866943E7
2980;5998;3;1.0000828936866943E7
2981;5999;1;1.0000828936866943E7
2982;5999;0;1.0000828936866943E7
2983;6001;2;1.0000828936866943E7
2984;6003;2;1.0000828936866943E7
2985;6005;2;1.0000828936866943E7
2986;6007;2;1.0000828936866943E7
2987;6009;2;1.0000828936866943E7
2988;6011;2;1.0000828936866943E7
2989;6014;3;1.0000828936866943E7
2990;6017;3;1.0000828936866943E7
2991;6020;3;1.0000828936866943E7
2992;6022;2;1.0000828936866943E7
2993;6025;3;1.0000828936866943E7
2994;6030;5;1.0000828936866943E7
2995;6034;4;1.0000828936866943E7
2996;6035;1;1.0000828936866943E7
2997;6038;3;1.0000828936866943E7
2998;6041;3;1.0000828936866943E7
2999;6045;4;1.0000828936866943E7
