Index;Time point [ms];Iteration length [ms];Cost
0;9;9;4002174.1036451273
1;13;4;4002174.1036451273
2;20;7;4001900.707653924
3;20;0;4001898.068547992
4;25;5;4001898.068547992
5;26;1;4001898.068547992
6;32;6;4001898.068547992
7;32;0;4001898.068547992
8;38;6;4001831.8922134126
9;42;4;4001720.7899028175
10;49;7;4001720.7899028175
11;56;7;4001720.7899028175
12;63;7;4001720.7899028175
13;66;3;4001720.7899028175
14;69;3;4001720.7899028175
15;72;3;4001720.7899028175
16;78;6;4001720.7899028175
17;84;6;4001720.7899028175
18;89;5;4001720.7899028175
19;93;4;4001720.7899028175
20;97;4;4001720.7899028175
21;104;7;4001720.7899028175
22;107;3;4001720.7899028175
23;112;5;4001720.7899028175
24;116;4;4001720.7899028175
25;121;5;4001720.7899028175
26;127;6;4001720.7899028175
27;131;4;4001720.7899028175
28;132;1;4001720.7899028175
29;133;1;4001720.7899028175
30;137;4;4001578.982825758
31;141;4;4001564.4720136505
32;148;7;4001527.0327728665
33;152;4;4001527.0327728665
34;157;5;4001515.5816747337
35;164;7;4001515.5816747337
36;167;3;4001515.5816747337
37;173;6;4001515.5816747337
38;176;3;4001515.5816747337
39;179;3;4001515.5816747337
40;183;4;4001515.5816747337
41;184;1;4001515.5816747337
42;190;6;4001515.5816747337
43;197;7;4001413.230692714
44;205;8;4001413.230692714
45;211;6;4001413.230692714
46;217;6;4001413.230692714
47;224;7;4001413.230692714
48;225;1;4001413.230692714
49;230;5;4001413.230692714
50;240;10;4001413.230692714
51;240;0;4001413.230692714
52;243;3;4001413.230692714
53;248;5;4001413.230692714
54;253;5;4001413.230692714
55;260;7;4001413.230692714
56;266;6;4001413.230692714
57;273;7;4001413.230692714
58;273;0;4001413.230692714
59;279;6;4001413.230692714
60;283;4;4001413.230692714
61;287;4;4001413.230692714
62;292;5;4001413.230692714
63;298;6;4001413.230692714
64;298;0;4001413.230692714
65;302;4;4001413.230692714
66;306;4;4001413.230692714
67;310;4;4001365.622541916
68;316;6;4001317.847136325
69;322;6;4001317.847136325
70;328;6;4001317.847136325
71;333;5;4001317.847136325
72;333;0;4001317.847136325
73;339;6;4001317.847136325
74;339;0;4001317.847136325
75;344;5;4001317.847136325
76;349;5;4001317.847136325
77;354;5;4001317.847136325
78;356;2;4001317.847136325
79;360;4;4001317.847136325
80;364;4;4001317.847136325
81;369;5;4001317.847136325
82;370;1;4001317.847136325
83;372;2;4001317.847136325
84;372;0;4001317.847136325
85;376;4;4001317.847136325
86;382;6;4001317.847136325
87;388;6;4001317.847136325
88;393;5;4001317.847136325
89;399;6;4001317.847136325
90;405;6;4001317.847136325
91;409;4;4001317.847136325
92;413;4;4001317.847136325
93;420;7;4001317.847136325
94;423;3;4001317.847136325
95;428;5;4001317.847136325
96;433;5;4001317.847136325
97;434;1;4001317.847136325
98;438;4;4001317.847136325
99;441;3;4001317.847136325
100;447;6;4001317.847136325
101;452;5;4001253.0948499693
102;457;5;4001183.9601458786
103;463;6;4001183.9601458786
104;470;7;4001183.9601458786
105;473;3;4001183.9601458786
106;479;6;4001183.9601458786
107;483;4;4001183.9601458786
108;487;4;4001183.9601458786
109;492;5;4001183.9601458786
110;498;6;4001183.9601458786
111;499;1;4001183.9601458786
112;506;7;4001183.9601458786
113;510;4;4001183.9601458786
114;513;3;4001183.9601458786
115;516;3;4001183.9601458786
116;521;5;4001183.9601458786
117;529;8;4001183.9601458786
118;537;8;4001183.9601458786
119;544;7;4001183.9601458786
120;550;6;4001183.9601458786
121;554;4;4001183.9601458786
122;561;7;4001183.9601458786
123;566;5;4001183.9601458786
124;572;6;4001183.9601458786
125;576;4;4001183.9601458786
126;580;4;4001183.9601458786
127;587;7;4001183.9601458786
128;594;7;4001183.9601458786
129;594;0;4001183.9601458786
130;598;4;4001183.9601458786
131;604;6;4001183.9601458786
132;611;7;4001183.9601458786
133;617;6;4001183.9601458786
134;624;7;4001183.9601458786
135;631;7;4001183.9601458786
136;634;3;4001183.9601458786
137;639;5;4001183.9601458786
138;646;7;4001183.9601458786
139;651;5;4001183.9601458786
140;657;6;4001183.9601458786
141;658;1;4001183.9601458786
142;660;2;4001183.9601458786
143;665;5;4001183.9601458786
144;669;4;4001183.9601458786
145;670;1;4001183.9601458786
146;676;6;4001183.9601458786
147;681;5;4001183.9601458786
148;685;4;4001183.9601458786
149;691;6;4001183.9601458786
150;696;5;4001183.9601458786
151;702;6;4001183.9601458786
152;708;6;4001183.9601458786
153;714;6;4001183.9601458786
154;717;3;4001183.9601458786
155;726;9;4001183.9601458786
156;731;5;4001183.9601458786
157;735;4;4001183.9601458786
158;740;5;4001183.9601458786
159;746;6;4001183.9601458786
160;751;5;4001183.9601458786
161;756;5;4001183.9601458786
162;760;4;4001183.9601458786
163;766;6;4001183.9601458786
164;773;7;4001183.9601458786
165;778;5;4001183.9601458786
166;784;6;4001183.9601458786
167;785;1;4001183.9601458786
168;789;4;4001183.9601458786
169;794;5;4001183.9601458786
170;794;0;4001183.9601458786
171;801;7;4001183.9601458786
172;804;3;4001183.9601458786
173;808;4;4001183.9601458786
174;810;2;4001183.9601458786
175;814;4;4001183.9601458786
176;819;5;4001183.9601458786
177;824;5;4001183.9601458786
178;830;6;4001183.9601458786
179;831;1;4001183.9601458786
180;836;5;4001183.9601458786
181;841;5;4001183.9601458786
182;843;2;4001183.9601458786
183;847;4;4001183.9601458786
184;850;3;4001183.9601458786
185;854;4;4001183.9601458786
186;860;6;4001183.9601458786
187;865;5;4001183.9601458786
188;865;0;4001183.9601458786
189;871;6;4001183.9601458786
190;875;4;4001183.9601458786
191;878;3;4001183.9601458786
192;880;2;4001183.9601458786
193;886;6;4001183.9601458786
194;891;5;4001183.9601458786
195;894;3;4001183.9601458786
196;899;5;4001183.9601458786
197;905;6;4001183.9601458786
198;910;5;4001183.9601458786
199;915;5;4001183.9601458786
200;921;6;4001183.9601458786
201;925;4;4001183.9601458786
202;929;4;4001183.9601458786
203;935;6;4001183.9601458786
204;938;3;4001183.9601458786
205;943;5;4001183.9601458786
206;947;4;4001183.9601458786
207;948;1;4001183.9601458786
208;952;4;4001183.9601458786
209;957;5;4001183.9601458786
210;963;6;4001183.9601458786
211;968;5;4001183.9601458786
212;974;6;4001183.9601458786
213;979;5;4001183.9601458786
214;980;1;4001183.9601458786
215;984;4;4001183.9601458786
216;988;4;4001183.9601458786
217;993;5;4001183.9601458786
218;993;0;4001183.9601458786
219;1000;7;4001183.9601458786
220;1001;1;4001183.9601458786
221;1006;5;4001183.9601458786
222;1012;6;4001183.9601458786
223;1017;5;4001183.9601458786
224;1024;7;4001183.9601458786
225;1030;6;4001183.9601458786
226;1035;5;4001183.9601458786
227;1037;2;4001183.9601458786
228;1039;2;4001183.9601458786
229;1043;4;4001183.9601458786
230;1049;6;4001183.9601458786
231;1053;4;4001183.9601458786
232;1059;6;4001183.9601458786
233;1063;4;4001183.9601458786
234;1064;1;4001183.9601458786
235;1069;5;4001183.9601458786
236;1077;8;4001183.9601458786
237;1085;8;4001183.9601458786
238;1091;6;4001183.9601458786
239;1100;9;4001183.9601458786
240;1104;4;4001183.9601458786
241;1110;6;4001183.9601458786
242;1111;1;4001183.9601458786
243;1117;6;4001183.9601458786
244;1123;6;4001183.9601458786
245;1130;7;4001183.9601458786
246;1134;4;4001183.9601458786
247;1140;6;4001183.9601458786
248;1141;1;4001183.9601458786
249;1141;0;4001183.9601458786
250;1148;7;4001183.9601458786
251;1154;6;4001183.9601458786
252;1160;6;4001183.9601458786
253;1166;6;4001183.9601458786
254;1167;1;4001183.9601458786
255;1174;7;4001183.9601458786
256;1178;4;4001183.9601458786
257;1183;5;4001183.9601458786
258;1187;4;4001183.9601458786
259;1192;5;4001183.9601458786
260;1198;6;4001183.9601458786
261;1204;6;4001183.9601458786
262;1211;7;4001183.9601458786
263;1216;5;4001183.9601458786
264;1223;7;4001183.9601458786
265;1224;1;4001183.9601458786
266;1230;6;4001183.9601458786
267;1234;4;4001183.9601458786
268;1239;5;4001183.9601458786
269;1244;5;4001183.9601458786
270;1250;6;4001183.9601458786
271;1254;4;4001183.9601458786
272;1260;6;4001183.9601458786
273;1262;2;4001183.9601458786
274;1268;6;4001183.9601458786
275;1268;0;4001183.9601458786
276;1274;6;4001183.9601458786
277;1280;6;4001183.9601458786
278;1286;6;4001183.9601458786
279;1288;2;4001183.9601458786
280;1290;2;4001183.9601458786
281;1292;2;4001183.9601458786
282;1296;4;4001183.9601458786
283;1297;1;4001183.9601458786
284;1302;5;4001183.9601458786
285;1307;5;4001183.9601458786
286;1309;2;4001183.9601458786
287;1314;5;4001183.9601458786
288;1316;2;4001183.9601458786
289;1318;2;4001183.9601458786
290;1325;7;4001183.9601458786
291;1331;6;4001183.9601458786
292;1337;6;4001183.9601458786
293;1342;5;4001183.9601458786
294;1345;3;4001183.9601458786
295;1349;4;4001183.9601458786
296;1354;5;4001183.9601458786
297;1360;6;4001183.9601458786
298;1363;3;4001183.9601458786
299;1368;5;4001183.9601458786
300;1369;1;4001183.9601458786
301;1375;6;4001183.9601458786
302;1380;5;4001183.9601458786
303;1381;1;4001183.9601458786
304;1387;6;4001183.9601458786
305;1393;6;4001183.9601458786
306;1398;5;4001183.9601458786
307;1403;5;4001183.9601458786
308;1408;5;4001183.9601458786
309;1415;7;4001183.9601458786
310;1421;6;4001183.9601458786
311;1425;4;4001183.9601458786
312;1433;8;4001183.9601458786
313;1437;4;4001183.9601458786
314;1442;5;4001183.9601458786
315;1448;6;4001183.9601458786
316;1451;3;4001183.9601458786
317;1456;5;4001183.9601458786
318;1458;2;4001183.9601458786
319;1459;1;4001183.9601458786
320;1463;4;4001183.9601458786
321;1464;1;4001183.9601458786
322;1468;4;4001183.9601458786
323;1474;6;4001183.9601458786
324;1481;7;4001183.9601458786
325;1492;11;4001183.9601458786
326;1497;5;4001183.9601458786
327;1504;7;4001183.9601458786
328;1510;6;4001183.9601458786
329;1514;4;4001183.9601458786
330;1520;6;4001183.9601458786
331;1525;5;4001183.9601458786
332;1530;5;4001183.9601458786
333;1535;5;4001183.9601458786
334;1542;7;4001183.9601458786
335;1543;1;4001183.9601458786
336;1547;4;4001183.9601458786
337;1549;2;4001183.9601458786
338;1554;5;4001183.9601458786
339;1560;6;4001183.9601458786
340;1564;4;4001183.9601458786
341;1567;3;4001183.9601458786
342;1574;7;4001183.9601458786
343;1577;3;4001183.9601458786
344;1583;6;4001183.9601458786
345;1584;1;4001183.9601458786
346;1589;5;4001183.9601458786
347;1594;5;4001183.9601458786
348;1598;4;4001183.9601458786
349;1601;3;4001183.9601458786
350;1607;6;4001183.9601458786
351;1613;6;4001183.9601458786
352;1617;4;4001183.9601458786
353;1624;7;4001183.9601458786
354;1629;5;4001183.9601458786
355;1633;4;4001183.9601458786
356;1638;5;4001183.9601458786
357;1643;5;4001183.9601458786
358;1648;5;4001183.9601458786
359;1652;4;4001183.9601458786
360;1655;3;4001183.9601458786
361;1661;6;4001183.9601458786
362;1667;6;4001183.9601458786
363;1668;1;4001183.9601458786
364;1672;4;4001183.9601458786
365;1682;10;4001183.9601458786
366;1689;7;4001183.9601458786
367;1697;8;4001183.9601458786
368;1703;6;4001183.9601458786
369;1707;4;4001183.9601458786
370;1710;3;4001183.9601458786
371;1715;5;4001183.9601458786
372;1716;1;4001183.9601458786
373;1721;5;4001183.9601458786
374;1726;5;4001183.9601458786
375;1733;7;4001183.9601458786
376;1738;5;4001183.9601458786
377;1739;1;4001183.9601458786
378;1740;1;4001183.9601458786
379;1746;6;4001183.9601458786
380;1754;8;4001183.9601458786
381;1759;5;4001183.9601458786
382;1766;7;4001183.9601458786
383;1771;5;4001183.9601458786
384;1774;3;4001183.9601458786
385;1776;2;4001183.9601458786
386;1780;4;4001183.9601458786
387;1781;1;4001183.9601458786
388;1785;4;4001183.9601458786
389;1792;7;4001183.9601458786
390;1796;4;4001183.9601458786
391;1799;3;4001183.9601458786
392;1804;5;4001183.9601458786
393;1805;1;4001183.9601458786
394;1811;6;4001183.9601458786
395;1813;2;4001183.9601458786
396;1819;6;4001183.9601458786
397;1821;2;4001183.9601458786
398;1825;4;4001183.9601458786
399;1831;6;4001183.9601458786
400;1834;3;4001183.9601458786
401;1834;0;4001183.9601458786
402;1837;3;4001183.9601458786
403;1841;4;4001183.9601458786
404;1846;5;4001183.9601458786
405;1850;4;4001183.9601458786
406;1857;7;4001183.9601458786
407;1863;6;4001183.9601458786
408;1866;3;4001183.9601458786
409;1871;5;4001183.9601458786
410;1877;6;4001183.9601458786
411;1880;3;4001183.9601458786
412;1884;4;4001183.9601458786
413;1887;3;4001183.9601458786
414;1888;1;4001183.9601458786
415;1895;7;4001183.9601458786
416;1902;7;4001183.9601458786
417;1902;0;4001183.9601458786
418;1906;4;4001183.9601458786
419;1912;6;4001183.9601458786
420;1919;7;4001183.9601458786
421;1923;4;4001183.9601458786
422;1923;0;4001183.9601458786
423;1926;3;4001183.9601458786
424;1933;7;4001183.9601458786
425;1937;4;4001183.9601458786
426;1941;4;4001183.9601458786
427;1944;3;4001183.9601458786
428;1952;8;4001183.9601458786
429;1954;2;4001183.9601458786
430;1957;3;4001183.9601458786
431;1959;2;4001183.9601458786
432;1960;1;4001183.9601458786
433;1963;3;4001183.9601458786
434;1968;5;4001183.9601458786
435;1972;4;4001183.9601458786
436;1980;8;4001183.9601458786
437;1985;5;4001183.9601458786
438;1988;3;4001183.9601458786
439;1992;4;4001183.9601458786
440;1993;1;4001183.9601458786
441;1999;6;4001183.9601458786
442;2004;5;4001183.9601458786
443;2009;5;4001183.9601458786
444;2014;5;4001183.9601458786
445;2017;3;4001183.9601458786
446;2022;5;4001183.9601458786
447;2027;5;4001183.9601458786
448;2035;8;4001183.9601458786
449;2037;2;4001183.9601458786
450;2043;6;4001183.9601458786
451;2048;5;4001183.9601458786
452;2053;5;4001183.9601458786
453;2056;3;4001183.9601458786
454;2062;6;4001183.9601458786
455;2068;6;4001183.9601458786
456;2068;0;4001183.9601458786
457;2069;1;4001183.9601458786
458;2072;3;4001183.9601458786
459;2076;4;4001183.9601458786
460;2080;4;4001183.9601458786
461;2086;6;4001183.9601458786
462;2092;6;4001183.9601458786
463;2099;7;4001183.9601458786
464;2104;5;4001183.9601458786
465;2110;6;4001183.9601458786
466;2114;4;4001183.9601458786
467;2116;2;4001183.9601458786
468;2120;4;4001183.9601458786
469;2123;3;4001183.9601458786
470;2128;5;4001183.9601458786
471;2134;6;4001183.9601458786
472;2138;4;4001183.9601458786
473;2144;6;4001183.9601458786
474;2148;4;4001183.9601458786
475;2153;5;4001183.9601458786
476;2157;4;4001183.9601458786
477;2157;0;4001183.9601458786
478;2163;6;4001183.9601458786
479;2166;3;4001183.9601458786
480;2171;5;4001183.9601458786
481;2172;1;4001183.9601458786
482;2176;4;4001183.9601458786
483;2176;0;4001183.9601458786
484;2177;1;4001183.9601458786
485;2179;2;4001183.9601458786
486;2186;7;4001183.9601458786
487;2190;4;4001183.9601458786
488;2193;3;4001183.9601458786
489;2197;4;4001183.9601458786
490;2199;2;4001183.9601458786
491;2205;6;4001183.9601458786
492;2210;5;4001183.9601458786
493;2216;6;4001183.9601458786
494;2220;4;4001183.9601458786
495;2223;3;4001183.9601458786
496;2229;6;4001183.9601458786
497;2235;6;4001183.9601458786
498;2238;3;4001183.9601458786
499;2245;7;4001183.9601458786
500;2250;5;4001183.9601458786
501;2255;5;4001183.9601458786
502;2259;4;4001183.9601458786
503;2264;5;4001183.9601458786
504;2274;10;4001183.9601458786
505;2279;5;4001183.9601458786
506;2284;5;4001183.9601458786
507;2290;6;4001183.9601458786
508;2296;6;4001183.9601458786
509;2302;6;4001183.9601458786
510;2303;1;4001183.9601458786
511;2307;4;4001183.9601458786
512;2313;6;4001183.9601458786
513;2316;3;4001183.9601458786
514;2323;7;4001183.9601458786
515;2327;4;4001183.9601458786
516;2333;6;4001183.9601458786
517;2334;1;4001183.9601458786
518;2335;1;4001183.9601458786
519;2339;4;4001183.9601458786
520;2344;5;4001183.9601458786
521;2351;7;4001183.9601458786
522;2356;5;4001183.9601458786
523;2359;3;4001183.9601458786
524;2360;1;4001183.9601458786
525;2367;7;4001183.9601458786
526;2370;3;4001183.9601458786
527;2375;5;4001183.9601458786
528;2380;5;4001183.9601458786
529;2387;7;4001183.9601458786
530;2392;5;4001183.9601458786
531;2393;1;4001183.9601458786
532;2393;0;4001183.9601458786
533;2397;4;4001183.9601458786
534;2401;4;4001183.9601458786
535;2406;5;4001183.9601458786
536;2413;7;4001183.9601458786
537;2418;5;4001183.9601458786
538;2423;5;4001125.580129803
539;2429;6;4001099.7984253913
540;2436;7;4001099.7984253913
541;2441;5;4001099.7984253913
542;2447;6;4001099.7984253913
543;2447;0;4001099.7984253913
544;2450;3;4001099.7984253913
545;2455;5;4001099.7984253913
546;2456;1;4001099.7984253913
547;2462;6;4001099.7984253913
548;2462;0;4001099.7984253913
549;2468;6;4001099.7984253913
550;2475;7;4001099.7984253913
551;2478;3;4001099.7984253913
552;2483;5;4001099.7984253913
553;2487;4;4001099.7984253913
554;2493;6;4001099.7984253913
555;2496;3;4001099.7984253913
556;2504;8;4001099.7984253913
557;2507;3;4001099.7984253913
558;2513;6;4001099.7984253913
559;2519;6;4001099.7984253913
560;2525;6;4001099.7984253913
561;2526;1;4001099.7984253913
562;2529;3;4001099.7984253913
563;2531;2;4001099.7984253913
564;2537;6;4001099.7984253913
565;2542;5;4001099.7984253913
566;2549;7;4001099.7984253913
567;2554;5;4001099.7984253913
568;2561;7;4001099.7984253913
569;2565;4;4001099.7984253913
570;2565;0;4001099.7984253913
571;2569;4;4001099.7984253913
572;2570;1;4001099.7984253913
573;2575;5;4001099.7984253913
574;2579;4;4001099.7984253913
575;2583;4;4001099.7984253913
576;2591;8;4001099.7984253913
577;2596;5;4001099.7984253913
578;2597;1;4001099.7984253913
579;2603;6;4001099.7984253913
580;2604;1;4001099.7984253913
581;2611;7;4001099.7984253913
582;2618;7;4001099.7984253913
583;2623;5;4001099.7984253913
584;2630;7;4001099.7984253913
585;2635;5;4001099.7984253913
586;2640;5;4001099.7984253913
587;2643;3;4001099.7984253913
588;2649;6;4001099.7984253913
589;2654;5;4001099.7984253913
590;2657;3;4001099.7984253913
591;2658;1;4001099.7984253913
592;2663;5;4001099.7984253913
593;2668;5;4001099.7984253913
594;2672;4;4001099.7984253913
595;2677;5;4001099.7984253913
596;2680;3;4001099.7984253913
597;2684;4;4001099.7984253913
598;2691;7;4001099.7984253913
599;2698;7;4001099.7984253913
600;2699;1;4001099.7984253913
601;2706;7;4001099.7984253913
602;2706;0;4001099.7984253913
603;2712;6;3001307.2139898236
604;2715;3;3001307.2139898236
605;2722;7;3001307.2139898236
606;2726;4;3001307.2139898236
607;2732;6;3001307.2139898236
608;2736;4;3001307.2139898236
609;2740;4;3001307.2139898236
610;2745;5;3001307.2139898236
611;2749;4;3001307.2139898236
612;2753;4;3001307.2139898236
613;2756;3;3001307.2139898236
614;2760;4;3001307.2139898236
615;2765;5;3001307.2139898236
616;2769;4;3001307.2139898236
617;2774;5;3001307.2139898236
618;2782;8;3001307.2139898236
619;2783;1;3001307.2139898236
620;2786;3;3001307.2139898236
621;2793;7;3001307.2139898236
622;2799;6;3001307.2139898236
623;2801;2;3001307.2139898236
624;2805;4;3001307.2139898236
625;2809;4;3001307.2139898236
626;2813;4;3001307.2139898236
627;2819;6;3001307.2139898236
628;2825;6;3001307.2139898236
629;2829;4;3001307.2139898236
630;2830;1;3001307.2139898236
631;2833;3;3001307.2139898236
632;2840;7;3001307.2139898236
633;2844;4;3001307.2139898236
634;2850;6;3001307.2139898236
635;2854;4;3001307.2139898236
636;2859;5;3001307.2139898236
637;2864;5;3001307.2139898236
638;2867;3;3001307.2139898236
639;2872;5;3001307.2139898236
640;2876;4;3001307.2139898236
641;2879;3;3001307.2139898236
642;2882;3;3001307.2139898236
643;2888;6;3001307.2139898236
644;2893;5;3001307.2139898236
645;2894;1;3001307.2139898236
646;2898;4;3001307.2139898236
647;2902;4;3001307.2139898236
648;2904;2;3001307.2139898236
649;2911;7;3001307.2139898236
650;2917;6;3001307.2139898236
651;2923;6;3001307.2139898236
652;2924;1;3001307.2139898236
653;2929;5;3001307.2139898236
654;2930;1;3001307.2139898236
655;2936;6;3001307.2139898236
656;2940;4;3001307.2139898236
657;2943;3;3001307.2139898236
658;2948;5;3001307.2139898236
659;2952;4;3001307.2139898236
660;2957;5;3001307.2139898236
661;2963;6;3001307.2139898236
662;2965;2;3001307.2139898236
663;2970;5;3001307.2139898236
664;2970;0;3001307.2139898236
665;2975;5;3001307.2139898236
666;2975;0;3001307.2139898236
667;2980;5;3001307.2139898236
668;2985;5;3001307.2139898236
669;2989;4;3001307.2139898236
670;2993;4;3001307.2139898236
671;3001;8;3001307.2139898236
672;3004;3;3001307.2139898236
673;3010;6;3001307.2139898236
674;3015;5;3001307.2139898236
675;3019;4;3001307.2139898236
676;3019;0;3001307.2139898236
677;3023;4;3001275.753595028
678;3031;8;3001275.753595028
679;3036;5;3001275.753595028
680;3038;2;3001243.4057448353
681;3043;5;3001243.4057448353
682;3049;6;3001243.4057448353
683;3056;7;3001243.4057448353
684;3062;6;3001243.4057448353
685;3067;5;3001243.4057448353
686;3073;6;3001243.4057448353
687;3078;5;3001243.4057448353
688;3084;6;3001243.4057448353
689;3084;0;3001243.4057448353
690;3088;4;3001243.4057448353
691;3088;0;3001243.4057448353
692;3089;1;3001243.4057448353
693;3092;3;3001243.4057448353
694;3098;6;3001243.4057448353
695;3102;4;3001243.4057448353
696;3107;5;3001243.4057448353
697;3113;6;3001243.4057448353
698;3117;4;3001243.4057448353
699;3121;4;3001243.4057448353
700;3124;3;3001243.4057448353
701;3130;6;3001243.4057448353
702;3136;6;3001243.4057448353
703;3144;8;3001243.4057448353
704;3145;1;3001243.4057448353
705;3151;6;3001243.4057448353
706;3157;6;3001243.4057448353
707;3161;4;3001243.4057448353
708;3162;1;3001243.4057448353
709;3167;5;3001243.4057448353
710;3171;4;3001243.4057448353
711;3175;4;3001243.4057448353
712;3180;5;3001243.4057448353
713;3180;0;3001243.4057448353
714;3188;8;3001243.4057448353
715;3192;4;3001243.4057448353
716;3197;5;3001243.4057448353
717;3204;7;3001243.4057448353
718;3206;2;3001243.4057448353
719;3211;5;3001243.4057448353
720;3216;5;3001243.4057448353
721;3221;5;3001243.4057448353
722;3229;8;3001243.4057448353
723;3236;7;3001243.4057448353
724;3241;5;3001243.4057448353
725;3244;3;3001243.4057448353
726;3248;4;3001243.4057448353
727;3254;6;3001243.4057448353
728;3258;4;3001243.4057448353
729;3263;5;3001243.4057448353
730;3268;5;3001243.4057448353
731;3277;9;3001243.4057448353
732;3283;6;3001243.4057448353
733;3289;6;3001243.4057448353
734;3294;5;3001243.4057448353
735;3299;5;3001243.4057448353
736;3306;7;3001243.4057448353
737;3312;6;3001243.4057448353
738;3319;7;3001243.4057448353
739;3324;5;3001243.4057448353
740;3330;6;3001243.4057448353
741;3336;6;3001243.4057448353
742;3341;5;3001243.4057448353
743;3347;6;3001243.4057448353
744;3354;7;3001243.4057448353
745;3358;4;3001243.4057448353
746;3360;2;3001243.4057448353
747;3366;6;3001243.4057448353
748;3370;4;3001243.4057448353
749;3378;8;3001243.4057448353
750;3382;4;3001243.4057448353
751;3386;4;3001243.4057448353
752;3387;1;3001243.4057448353
753;3393;6;3001243.4057448353
754;3396;3;3001243.4057448353
755;3397;1;3001243.4057448353
756;3400;3;3001243.4057448353
757;3407;7;3001243.4057448353
758;3409;2;3001243.4057448353
759;3415;6;3001243.4057448353
760;3422;7;3001243.4057448353
761;3427;5;3001243.4057448353
762;3427;0;3001243.4057448353
763;3431;4;3001243.4057448353
764;3436;5;3001228.198583246
765;3442;6;3001228.198583246
766;3445;3;3001213.089391023
767;3451;6;3001213.089391023
768;3457;6;3001213.089391023
769;3466;9;3001213.089391023
770;3473;7;3001213.089391023
771;3479;6;3001213.089391023
772;3481;2;3001172.2362917885
773;3486;5;3001095.3997588884
774;3491;5;3001095.3997588884
775;3495;4;3001095.3997588884
776;3502;7;3001095.3997588884
777;3507;5;3001095.3997588884
778;3513;6;3001095.3997588884
779;3514;1;3001095.3997588884
780;3519;5;3001095.3997588884
781;3526;7;3001095.3997588884
782;3532;6;3001095.3997588884
783;3536;4;3001095.3997588884
784;3544;8;3001095.3997588884
785;3550;6;3001095.3997588884
786;3553;3;3001095.3997588884
787;3557;4;3001095.3997588884
788;3562;5;3001095.3997588884
789;3567;5;3001095.3997588884
790;3571;4;3001095.3997588884
791;3572;1;3001095.3997588884
792;3576;4;3001095.3997588884
793;3580;4;3001095.3997588884
794;3585;5;3001095.3997588884
795;3590;5;3001095.3997588884
796;3593;3;3001095.3997588884
797;3598;5;3001095.3997588884
798;3603;5;3001095.3997588884
799;3610;7;3001095.3997588884
800;3617;7;3001095.3997588884
801;3622;5;3001095.3997588884
802;3623;1;3001095.3997588884
803;3628;5;3001095.3997588884
804;3631;3;3001095.3997588884
805;3638;7;3001095.3997588884
806;3644;6;3001095.3997588884
807;3651;7;3001095.3997588884
808;3657;6;3001095.3997588884
809;3661;4;3001095.3997588884
810;3667;6;3001095.3997588884
811;3668;1;3001095.3997588884
812;3676;8;3001095.3997588884
813;3680;4;3001095.3997588884
814;3684;4;3001095.3997588884
815;3691;7;3001095.3997588884
816;3696;5;3001095.3997588884
817;3702;6;3001095.3997588884
818;3707;5;3001095.3997588884
819;3711;4;3001095.3997588884
820;3718;7;3001095.3997588884
821;3721;3;3001095.3997588884
822;3722;1;3001095.3997588884
823;3728;6;3001095.3997588884
824;3734;6;3001095.3997588884
825;3738;4;3001095.3997588884
826;3743;5;3001095.3997588884
827;3744;1;3001095.3997588884
828;3751;7;3001095.3997588884
829;3756;5;3001095.3997588884
830;3761;5;3001095.3997588884
831;3764;3;3001095.3997588884
832;3768;4;3001095.3997588884
833;3773;5;3001095.3997588884
834;3781;8;3001095.3997588884
835;3787;6;3001095.3997588884
836;3793;6;3001095.3997588884
837;3797;4;3001095.3997588884
838;3804;7;3001095.3997588884
839;3809;5;3001095.3997588884
840;3814;5;3001095.3997588884
841;3817;3;3001095.3997588884
842;3819;2;3001095.3997588884
843;3820;1;3001095.3997588884
844;3827;7;3001095.3997588884
845;3832;5;3001095.3997588884
846;3838;6;3001095.3997588884
847;3841;3;3001095.3997588884
848;3845;4;3001095.3997588884
849;3852;7;3001095.3997588884
850;3855;3;3001095.3997588884
851;3859;4;3001095.3997588884
852;3859;0;3001095.3997588884
853;3865;6;3001095.3997588884
854;3869;4;3001095.3997588884
855;3874;5;3001095.3997588884
856;3879;5;3001095.3997588884
857;3882;3;3001095.3997588884
858;3888;6;3001095.3997588884
859;3893;5;3001095.3997588884
860;3897;4;3001095.3997588884
861;3902;5;3001095.3997588884
862;3907;5;3001095.3997588884
863;3914;7;3001095.3997588884
864;3918;4;3001095.3997588884
865;3919;1;3001095.3997588884
866;3922;3;3001095.3997588884
867;3930;8;3001095.3997588884
868;3937;7;3001095.3997588884
869;3937;0;3001095.3997588884
870;3941;4;3001095.3997588884
871;3945;4;3001095.3997588884
872;3950;5;3001095.3997588884
873;3956;6;3001095.3997588884
874;3957;1;3001095.3997588884
875;3962;5;3001095.3997588884
876;3965;3;3001095.3997588884
877;3970;5;3001095.3997588884
878;3974;4;3001095.3997588884
879;3981;7;3001095.3997588884
880;3986;5;3001095.3997588884
881;3992;6;3001095.3997588884
882;3997;5;3001095.3997588884
883;4003;6;3001095.3997588884
884;4010;7;3001095.3997588884
885;4013;3;3001095.3997588884
886;4017;4;3001095.3997588884
887;4020;3;3001095.3997588884
888;4025;5;3001095.3997588884
889;4029;4;3001095.3997588884
890;4030;1;3001095.3997588884
891;4032;2;3001095.3997588884
892;4033;1;3001095.3997588884
893;4036;3;3001095.3997588884
894;4037;1;3001095.3997588884
895;4042;5;3001095.3997588884
896;4048;6;3001095.3997588884
897;4048;0;3001095.3997588884
898;4055;7;3001095.3997588884
899;4060;5;3001095.3997588884
900;4065;5;3001095.3997588884
901;4066;1;3001095.3997588884
902;4067;1;3001095.3997588884
903;4072;5;3001095.3997588884
904;4077;5;3001095.3997588884
905;4084;7;3001095.3997588884
906;4088;4;3001095.3997588884
907;4094;6;3001095.3997588884
908;4099;5;3001095.3997588884
909;4102;3;3001095.3997588884
910;4105;3;3001095.3997588884
911;4106;1;3001095.3997588884
912;4110;4;3001095.3997588884
913;4117;7;3001095.3997588884
914;4121;4;3001095.3997588884
915;4126;5;3001095.3997588884
916;4130;4;3001095.3997588884
917;4134;4;3001095.3997588884
918;4141;7;3001095.3997588884
919;4146;5;3001095.3997588884
920;4149;3;3001095.3997588884
921;4150;1;3001095.3997588884
922;4155;5;3001095.3997588884
923;4159;4;3001095.3997588884
924;4163;4;3001095.3997588884
925;4170;7;3001095.3997588884
926;4173;3;3001095.3997588884
927;4177;4;3001095.3997588884
928;4182;5;3001095.3997588884
929;4187;5;3001095.3997588884
930;4189;2;3001095.3997588884
931;4193;4;3001095.3997588884
932;4199;6;3001095.3997588884
933;4204;5;3001095.3997588884
934;4211;7;3001095.3997588884
935;4215;4;3001095.3997588884
936;4216;1;3001095.3997588884
937;4222;6;3001095.3997588884
938;4227;5;3001095.3997588884
939;4231;4;3001095.3997588884
940;4236;5;3001095.3997588884
941;4239;3;3001095.3997588884
942;4242;3;3001095.3997588884
943;4247;5;3001095.3997588884
944;4248;1;3001095.3997588884
945;4253;5;3001095.3997588884
946;4258;5;3001095.3997588884
947;4259;1;3001095.3997588884
948;4266;7;3001095.3997588884
949;4270;4;3001095.3997588884
950;4275;5;3001095.3997588884
951;4280;5;3001095.3997588884
952;4286;6;3001095.3997588884
953;4290;4;3001095.3997588884
954;4295;5;3001095.3997588884
955;4299;4;3001095.3997588884
956;4301;2;3001095.3997588884
957;4305;4;3001095.3997588884
958;4308;3;3001095.3997588884
959;4312;4;3001095.3997588884
960;4316;4;3001095.3997588884
961;4322;6;3001095.3997588884
962;4326;4;3001095.3997588884
963;4330;4;3001095.3997588884
964;4334;4;3001095.3997588884
965;4338;4;3001095.3997588884
966;4344;6;3001095.3997588884
967;4346;2;3001095.3997588884
968;4348;2;3001095.3997588884
969;4354;6;3001095.3997588884
970;4359;5;3001095.3997588884
971;4363;4;3001095.3997588884
972;4364;1;3001095.3997588884
973;4369;5;3001095.3997588884
974;4370;1;3001095.3997588884
975;4375;5;3001095.3997588884
976;4377;2;3001095.3997588884
977;4377;0;3001095.3997588884
978;4381;4;3001095.3997588884
979;4386;5;3001095.3997588884
980;4394;8;3001095.3997588884
981;4394;0;3001095.3997588884
982;4398;4;3001095.3997588884
983;4402;4;3001095.3997588884
984;4407;5;3001095.3997588884
985;4407;0;3001095.3997588884
986;4413;6;3001095.3997588884
987;4416;3;3001095.3997588884
988;4421;5;3001095.3997588884
989;4426;5;3001095.3997588884
990;4433;7;3001095.3997588884
991;4436;3;3001095.3997588884
992;4444;8;3001095.3997588884
993;4450;6;3001095.3997588884
994;4453;3;3001095.3997588884
995;4458;5;3001095.3997588884
996;4464;6;3001095.3997588884
997;4470;6;3001095.3997588884
998;4475;5;3001095.3997588884
999;4480;5;3001095.3997588884
1000;4483;3;3001095.3997588884
1001;4486;3;3001095.3997588884
1002;4490;4;3001095.3997588884
1003;4496;6;3001095.3997588884
1004;4502;6;3001095.3997588884
1005;4506;4;3001095.3997588884
1006;4511;5;3001095.3997588884
1007;4515;4;3001095.3997588884
1008;4522;7;3001095.3997588884
1009;4527;5;3001095.3997588884
1010;4534;7;3001095.3997588884
1011;4541;7;3001095.3997588884
1012;4545;4;3001095.3997588884
1013;4552;7;3001095.3997588884
1014;4556;4;3001095.3997588884
1015;4560;4;3001095.3997588884
1016;4567;7;3001095.3997588884
1017;4573;6;3001095.3997588884
1018;4578;5;3001095.3997588884
1019;4582;4;3001095.3997588884
1020;4586;4;3001095.3997588884
1021;4591;5;3001095.3997588884
1022;4594;3;3001095.3997588884
1023;4599;5;3001095.3997588884
1024;4603;4;3001095.3997588884
1025;4607;4;3001095.3997588884
1026;4615;8;3001095.3997588884
1027;4627;12;3001095.3997588884
1028;4627;0;3001095.3997588884
1029;4628;1;3001095.3997588884
1030;4634;6;3001095.3997588884
1031;4642;8;3001095.3997588884
1032;4643;1;3001095.3997588884
1033;4649;6;3001095.3997588884
1034;4651;2;3001095.3997588884
1035;4657;6;3001095.3997588884
1036;4662;5;3001095.3997588884
1037;4668;6;3001095.3997588884
1038;4671;3;3001095.3997588884
1039;4674;3;3001095.3997588884
1040;4680;6;3001095.3997588884
1041;4684;4;3001095.3997588884
1042;4693;9;3001095.3997588884
1043;4697;4;3001095.3997588884
1044;4707;10;3001095.3997588884
1045;4713;6;3001095.3997588884
1046;4720;7;3001095.3997588884
1047;4728;8;3001095.3997588884
1048;4729;1;3001095.3997588884
1049;4735;6;3001095.3997588884
1050;4739;4;3001095.3997588884
1051;4748;9;3001095.3997588884
1052;4754;6;3001095.3997588884
1053;4764;10;3001095.3997588884
1054;4771;7;3001095.3997588884
1055;4780;9;3001095.3997588884
1056;4784;4;3001095.3997588884
1057;4793;9;3001095.3997588884
1058;4803;10;3001095.3997588884
1059;4805;2;3001095.3997588884
1060;4806;1;3001095.3997588884
1061;4816;10;3001095.3997588884
1062;4826;10;3001095.3997588884
1063;4827;1;3001095.3997588884
1064;4833;6;3001095.3997588884
1065;4836;3;3001095.3997588884
1066;4841;5;3001095.3997588884
1067;4847;6;3001095.3997588884
1068;4851;4;3001095.3997588884
1069;4857;6;3001095.3997588884
1070;4865;8;3001095.3997588884
1071;4874;9;3001095.3997588884
1072;4883;9;3001095.3997588884
1073;4891;8;3001095.3997588884
1074;4902;11;3001095.3997588884
1075;4909;7;3001095.3997588884
1076;4919;10;3001095.3997588884
1077;4928;9;3001095.3997588884
1078;4929;1;3001095.3997588884
1079;4938;9;3001095.3997588884
1080;4946;8;3001095.3997588884
1081;4952;6;3001095.3997588884
1082;4958;6;3001095.3997588884
1083;4959;1;3001095.3997588884
1084;4964;5;3001095.3997588884
1085;4971;7;3001095.3997588884
1086;4975;4;3001095.3997588884
1087;4981;6;3001095.3997588884
1088;4990;9;3001095.3997588884
1089;5001;11;3001095.3997588884
1090;5010;9;3001095.3997588884
1091;5014;4;3001095.3997588884
1092;5018;4;3001095.3997588884
1093;5020;2;3001095.3997588884
1094;5026;6;3001095.3997588884
1095;5034;8;3001095.3997588884
1096;5039;5;3001095.3997588884
1097;5045;6;3001095.3997588884
1098;5048;3;3001095.3997588884
1099;5049;1;3001095.3997588884
1100;5054;5;3001095.3997588884
1101;5057;3;3001095.3997588884
1102;5064;7;3001095.3997588884
1103;5070;6;3001095.3997588884
1104;5080;10;3001095.3997588884
1105;5092;12;3001095.3997588884
1106;5094;2;3001095.3997588884
1107;5095;1;3001095.3997588884
1108;5100;5;3001095.3997588884
1109;5103;3;3001095.3997588884
1110;5113;10;3001095.3997588884
1111;5117;4;3001095.3997588884
1112;5125;8;3001095.3997588884
1113;5129;4;3001095.3997588884
1114;5130;1;3001095.3997588884
1115;5138;8;3001095.3997588884
1116;5144;6;3001095.3997588884
1117;5148;4;3001095.3997588884
1118;5148;0;3001095.3997588884
1119;5153;5;3001095.3997588884
1120;5157;4;3001095.3997588884
1121;5157;0;3001095.3997588884
1122;5160;3;3001095.3997588884
1123;5164;4;3001095.3997588884
1124;5169;5;3001095.3997588884
1125;5175;6;3001095.3997588884
1126;5183;8;3001095.3997588884
1127;5189;6;3001095.3997588884
1128;5192;3;3001095.3997588884
1129;5199;7;3001095.3997588884
1130;5203;4;3001095.3997588884
1131;5208;5;3001095.3997588884
1132;5211;3;3001095.3997588884
1133;5212;1;3001095.3997588884
1134;5216;4;3001095.3997588884
1135;5222;6;3001095.3997588884
1136;5228;6;3001095.3997588884
1137;5234;6;3001095.3997588884
1138;5237;3;3001095.3997588884
1139;5243;6;3001095.3997588884
1140;5251;8;3001095.3997588884
1141;5252;1;3001095.3997588884
1142;5258;6;3001095.3997588884
1143;5265;7;3001095.3997588884
1144;5266;1;3001095.3997588884
1145;5271;5;3001095.3997588884
1146;5275;4;3001095.3997588884
1147;5281;6;3001095.3997588884
1148;5285;4;3001095.3997588884
1149;5291;6;3001095.3997588884
1150;5296;5;3001095.3997588884
1151;5302;6;3001095.3997588884
1152;5307;5;3001095.3997588884
1153;5311;4;3001095.3997588884
1154;5315;4;3001095.3997588884
1155;5318;3;3001095.3997588884
1156;5324;6;3001095.3997588884
1157;5329;5;3001095.3997588884
1158;5332;3;3001095.3997588884
1159;5338;6;3001095.3997588884
1160;5342;4;3001095.3997588884
1161;5345;3;3001095.3997588884
1162;5350;5;3001095.3997588884
1163;5358;8;3001095.3997588884
1164;5363;5;3001095.3997588884
1165;5364;1;3001095.3997588884
1166;5371;7;3001095.3997588884
1167;5375;4;3001095.3997588884
1168;5376;1;3001095.3997588884
1169;5378;2;3001095.3997588884
1170;5382;4;3001095.3997588884
1171;5392;10;3001095.3997588884
1172;5395;3;3001095.3997588884
1173;5401;6;3001095.3997588884
1174;5408;7;3001095.3997588884
1175;5413;5;3001095.3997588884
1176;5420;7;3001095.3997588884
1177;5423;3;3001095.3997588884
1178;5430;7;3001095.3997588884
1179;5434;4;3001095.3997588884
1180;5440;6;3001095.3997588884
1181;5441;1;3001095.3997588884
1182;5445;4;3001095.3997588884
1183;5456;11;3001095.3997588884
1184;5457;1;3001095.3997588884
1185;5466;9;3001095.3997588884
1186;5477;11;3001095.3997588884
1187;5478;1;3001095.3997588884
1188;5488;10;3001095.3997588884
1189;5495;7;3001095.3997588884
1190;5503;8;3001095.3997588884
1191;5516;13;3001095.3997588884
1192;5530;14;3001095.3997588884
1193;5531;1;3001095.3997588884
1194;5532;1;3001095.3997588884
1195;5541;9;3001095.3997588884
1196;5556;15;3001095.3997588884
1197;5557;1;3001095.3997588884
1198;5568;11;3001095.3997588884
1199;5577;9;3001095.3997588884
1200;5590;13;3001095.3997588884
1201;5597;7;3001095.3997588884
1202;5598;1;3001095.3997588884
1203;5605;7;3001095.3997588884
1204;5615;10;3001095.3997588884
1205;5623;8;3001095.3997588884
1206;5625;2;3001095.3997588884
1207;5633;8;3001095.3997588884
1208;5641;8;3001095.3997588884
1209;5646;5;3001095.3997588884
1210;5649;3;3001095.3997588884
1211;5658;9;3001095.3997588884
1212;5662;4;3001095.3997588884
1213;5669;7;3001095.3997588884
1214;5677;8;3001095.3997588884
1215;5686;9;3001095.3997588884
1216;5688;2;3001095.3997588884
1217;5697;9;3001095.3997588884
1218;5702;5;3001095.3997588884
1219;5703;1;3001095.3997588884
1220;5713;10;3001095.3997588884
1221;5722;9;3001095.3997588884
1222;5725;3;3001095.3997588884
1223;5731;6;3001095.3997588884
1224;5739;8;3001095.3997588884
1225;5749;10;3001095.3997588884
1226;5749;0;3001095.3997588884
1227;5750;1;3001095.3997588884
1228;5757;7;3001095.3997588884
1229;5761;4;3001095.3997588884
1230;5772;11;3001095.3997588884
1231;5781;9;3001095.3997588884
1232;5782;1;3001095.3997588884
1233;5791;9;3001095.3997588884
1234;5803;12;3001095.3997588884
1235;5804;1;3001095.3997588884
1236;5810;6;3001095.3997588884
1237;5815;5;3001095.3997588884
1238;5820;5;3001095.3997588884
1239;5830;10;3001095.3997588884
1240;5840;10;3001095.3997588884
1241;5843;3;3001095.3997588884
1242;5850;7;3001095.3997588884
1243;5855;5;3001095.3997588884
1244;5860;5;3001095.3997588884
1245;5864;4;3001095.3997588884
1246;5868;4;3001095.3997588884
1247;5868;0;3001095.3997588884
1248;5874;6;3001095.3997588884
1249;5876;2;3001095.3997588884
1250;5882;6;3001095.3997588884
1251;5891;9;3001095.3997588884
1252;5896;5;3001095.3997588884
1253;5906;10;3001095.3997588884
1254;5912;6;3001095.3997588884
1255;5917;5;3001095.3997588884
1256;5922;5;3001095.3997588884
1257;5927;5;3001095.3997588884
1258;5934;7;3001095.3997588884
1259;5937;3;3001095.3997588884
1260;5937;0;3001095.3997588884
1261;5945;8;3001095.3997588884
1262;5946;1;3001095.3997588884
1263;5952;6;3001095.3997588884
1264;5959;7;3001095.3997588884
1265;5962;3;3001095.3997588884
1266;5967;5;3001095.3997588884
1267;5975;8;3001095.3997588884
1268;5980;5;3001095.3997588884
1269;5985;5;3001095.3997588884
1270;5989;4;3001095.3997588884
1271;5992;3;3001095.3997588884
1272;5994;2;3001095.3997588884
1273;6000;6;3001095.3997588884
1274;6002;2;3001095.3997588884
1275;6006;4;3001095.3997588884
1276;6009;3;3001095.3997588884
1277;6015;6;3001095.3997588884
1278;6018;3;3001095.3997588884
1279;6021;3;3001095.3997588884
1280;6024;3;3001095.3997588884
1281;6028;4;3001095.3997588884
1282;6033;5;3001095.3997588884
1283;6036;3;3001095.3997588884
1284;6041;5;3001095.3997588884
1285;6041;0;3001095.3997588884
1286;6047;6;3001095.3997588884
1287;6047;0;3001095.3997588884
1288;6051;4;3001095.3997588884
1289;6052;1;3001095.3997588884
1290;6056;4;3001095.3997588884
1291;6059;3;3001095.3997588884
1292;6062;3;3001095.3997588884
1293;6063;1;3001095.3997588884
1294;6064;1;3001095.3997588884
1295;6067;3;3001095.3997588884
1296;6073;6;3001095.3997588884
1297;6082;9;3001095.3997588884
1298;6085;3;3001095.3997588884
1299;6087;2;3001095.3997588884
1300;6087;0;3001095.3997588884
1301;6091;4;3001095.3997588884
1302;6092;1;3001095.3997588884
1303;6099;7;3001095.3997588884
1304;6100;1;3001095.3997588884
1305;6107;7;3001095.3997588884
1306;6112;5;3001095.3997588884
1307;6118;6;3001095.3997588884
1308;6125;7;3001095.3997588884
1309;6136;11;3001095.3997588884
1310;6143;7;3001095.3997588884
1311;6149;6;3001095.3997588884
1312;6157;8;3001095.3997588884
1313;6161;4;3001095.3997588884
1314;6169;8;3001095.3997588884
1315;6179;10;3001095.3997588884
1316;6184;5;3001095.3997588884
1317;6193;9;3001095.3997588884
1318;6201;8;3001095.3997588884
1319;6202;1;3001095.3997588884
1320;6209;7;3001095.3997588884
1321;6217;8;3001095.3997588884
1322;6226;9;3001095.3997588884
1323;6230;4;3001095.3997588884
1324;6234;4;3001095.3997588884
1325;6243;9;3001095.3997588884
1326;6248;5;3001095.3997588884
1327;6252;4;3001095.3997588884
1328;6260;8;3001095.3997588884
1329;6261;1;3001095.3997588884
1330;6279;18;3001095.3997588884
1331;6291;12;3001095.3997588884
1332;6302;11;3001095.3997588884
1333;6310;8;3001095.3997588884
1334;6323;13;3001095.3997588884
1335;6330;7;3001095.3997588884
1336;6333;3;3001095.3997588884
1337;6339;6;3001095.3997588884
1338;6343;4;3001095.3997588884
1339;6348;5;3001095.3997588884
1340;6355;7;3001095.3997588884
1341;6361;6;3001095.3997588884
1342;6370;9;3001095.3997588884
1343;6376;6;3001095.3997588884
1344;6384;8;3001095.3997588884
1345;6394;10;3001095.3997588884
1346;6401;7;3001095.3997588884
1347;6403;2;3001095.3997588884
1348;6404;1;3001095.3997588884
1349;6414;10;3001095.3997588884
1350;6415;1;3001095.3997588884
1351;6420;5;3001095.3997588884
1352;6426;6;3001095.3997588884
1353;6433;7;3001095.3997588884
1354;6440;7;3001095.3997588884
1355;6445;5;3001095.3997588884
1356;6451;6;3001095.3997588884
1357;6456;5;3001095.3997588884
1358;6460;4;3001095.3997588884
1359;6466;6;3001095.3997588884
1360;6470;4;3001095.3997588884
1361;6476;6;3001095.3997588884
1362;6480;4;3001095.3997588884
1363;6489;9;3001095.3997588884
1364;6494;5;3001095.3997588884
1365;6501;7;3001095.3997588884
1366;6505;4;3001095.3997588884
1367;6506;1;3001095.3997588884
1368;6511;5;3001095.3997588884
1369;6519;8;3001095.3997588884
1370;6532;13;3001095.3997588884
1371;6544;12;3001095.3997588884
1372;6552;8;3001095.3997588884
1373;6559;7;3001095.3997588884
1374;6565;6;3001095.3997588884
1375;6575;10;3001095.3997588884
1376;6580;5;3001095.3997588884
1377;6589;9;3001095.3997588884
1378;6599;10;3001095.3997588884
1379;6601;2;3001095.3997588884
1380;6610;9;3001095.3997588884
1381;6617;7;3001095.3997588884
1382;6624;7;3001095.3997588884
1383;6631;7;3001095.3997588884
1384;6644;13;3001095.3997588884
1385;6652;8;3001095.3997588884
1386;6654;2;3001095.3997588884
1387;6660;6;3001095.3997588884
1388;6671;11;3001095.3997588884
1389;6672;1;3001095.3997588884
1390;6673;1;3001095.3997588884
1391;6684;11;3001095.3997588884
1392;6693;9;3001095.3997588884
1393;6705;12;3001095.3997588884
1394;6713;8;3001095.3997588884
1395;6720;7;3001095.3997588884
1396;6729;9;3001095.3997588884
1397;6740;11;3001095.3997588884
1398;6751;11;3001095.3997588884
1399;6760;9;3001095.3997588884
1400;6767;7;3001095.3997588884
1401;6772;5;3001095.3997588884
1402;6773;1;3001095.3997588884
1403;6781;8;3001095.3997588884
1404;6782;1;3001095.3997588884
1405;6788;6;3001095.3997588884
1406;6795;7;3001095.3997588884
1407;6796;1;3001095.3997588884
1408;6802;6;3001095.3997588884
1409;6809;7;3001095.3997588884
1410;6816;7;3001095.3997588884
1411;6817;1;3001095.3997588884
1412;6819;2;3001095.3997588884
1413;6827;8;3001095.3997588884
1414;6833;6;3001095.3997588884
1415;6834;1;3001095.3997588884
1416;6841;7;3001095.3997588884
1417;6846;5;3001095.3997588884
1418;6848;2;3001095.3997588884
1419;6856;8;3001095.3997588884
1420;6861;5;3001095.3997588884
1421;6868;7;3001095.3997588884
1422;6874;6;3001095.3997588884
1423;6882;8;3001095.3997588884
1424;6888;6;3001095.3997588884
1425;6899;11;3001095.3997588884
1426;6907;8;3001095.3997588884
1427;6912;5;3001095.3997588884
1428;6912;0;3001095.3997588884
1429;6919;7;3001095.3997588884
1430;6926;7;3001095.3997588884
1431;6933;7;3001095.3997588884
1432;6938;5;3001095.3997588884
1433;6943;5;3001095.3997588884
1434;6950;7;3001095.3997588884
1435;6957;7;3001095.3997588884
1436;6963;6;3001095.3997588884
1437;6968;5;3001095.3997588884
1438;6971;3;3001095.3997588884
1439;6977;6;3001095.3997588884
1440;6984;7;3001095.3997588884
1441;6990;6;3001095.3997588884
1442;6998;8;3001095.3997588884
1443;7009;11;3001095.3997588884
1444;7010;1;3001095.3997588884
1445;7017;7;3001095.3997588884
1446;7023;6;3001095.3997588884
1447;7036;13;3001095.3997588884
1448;7043;7;3001095.3997588884
1449;7053;10;3001095.3997588884
1450;7054;1;3001095.3997588884
1451;7062;8;3001095.3997588884
1452;7068;6;3001095.3997588884
1453;7070;2;3001095.3997588884
1454;7084;14;3001095.3997588884
1455;7087;3;3001095.3997588884
1456;7090;3;3001095.3997588884
1457;7095;5;3001095.3997588884
1458;7106;11;3001095.3997588884
1459;7112;6;3001095.3997588884
1460;7117;5;3001095.3997588884
1461;7121;4;3001095.3997588884
1462;7129;8;3001095.3997588884
1463;7133;4;3001095.3997588884
1464;7140;7;3001095.3997588884
1465;7149;9;3001095.3997588884
1466;7153;4;3001095.3997588884
1467;7158;5;3001095.3997588884
1468;7162;4;3001095.3997588884
1469;7163;1;3001095.3997588884
1470;7170;7;3001095.3997588884
1471;7171;1;3001095.3997588884
1472;7176;5;3001095.3997588884
1473;7188;12;3001095.3997588884
1474;7200;12;3001095.3997588884
1475;7210;10;3001095.3997588884
1476;7216;6;3001095.3997588884
1477;7220;4;3001095.3997588884
1478;7228;8;3001095.3997588884
1479;7230;2;3001095.3997588884
1480;7240;10;3001095.3997588884
1481;7247;7;3001095.3997588884
1482;7252;5;3001095.3997588884
1483;7256;4;3001095.3997588884
1484;7263;7;3001095.3997588884
1485;7272;9;3001095.3997588884
1486;7286;14;3001095.3997588884
1487;7295;9;3001095.3997588884
1488;7296;1;3001095.3997588884
1489;7298;2;3001095.3997588884
1490;7309;11;3001095.3997588884
1491;7311;2;3001095.3997588884
1492;7320;9;3001095.3997588884
1493;7325;5;3001095.3997588884
1494;7331;6;3001095.3997588884
1495;7334;3;3001095.3997588884
1496;7355;21;3001095.3997588884
1497;7376;21;3001095.3997588884
1498;7382;6;3001095.3997588884
1499;7404;22;3001095.3997588884
1500;7405;1;3001095.3997588884
1501;7439;34;3001095.3997588884
1502;7458;19;3001095.3997588884
1503;7465;7;3001095.3997588884
1504;7471;6;3001095.3997588884
1505;7472;1;3001095.3997588884
1506;7473;1;3001095.3997588884
1507;7482;9;3001095.3997588884
1508;7492;10;3001095.3997588884
1509;7498;6;3001095.3997588884
1510;7502;4;3001095.3997588884
1511;7514;12;3001095.3997588884
1512;7516;2;3001095.3997588884
1513;7521;5;3001095.3997588884
1514;7523;2;3001095.3997588884
1515;7529;6;3001095.3997588884
1516;7534;5;3001095.3997588884
1517;7544;10;3001095.3997588884
1518;7554;10;3001095.3997588884
1519;7567;13;3001095.3997588884
1520;7575;8;3001095.3997588884
1521;7577;2;3001095.3997588884
1522;7596;19;3001095.3997588884
1523;7604;8;3001095.3997588884
1524;7607;3;3001095.3997588884
1525;7615;8;3001095.3997588884
1526;7617;2;3001095.3997588884
1527;7624;7;3001095.3997588884
1528;7627;3;3001095.3997588884
1529;7632;5;3001095.3997588884
1530;7639;7;3001095.3997588884
1531;7647;8;3001095.3997588884
1532;7652;5;3001095.3997588884
1533;7659;7;3001095.3997588884
1534;7664;5;3001095.3997588884
1535;7676;12;3001095.3997588884
1536;7679;3;3001095.3997588884
1537;7687;8;3001095.3997588884
1538;7696;9;3001095.3997588884
1539;7703;7;3001095.3997588884
1540;7713;10;3001095.3997588884
1541;7725;12;3001095.3997588884
1542;7733;8;3001095.3997588884
1543;7734;1;3001095.3997588884
1544;7742;8;3001095.3997588884
1545;7749;7;3001095.3997588884
1546;7754;5;3001095.3997588884
1547;7763;9;3001095.3997588884
1548;7772;9;3001095.3997588884
1549;7784;12;3001095.3997588884
1550;7795;11;3001095.3997588884
1551;7796;1;3001095.3997588884
1552;7809;13;3001095.3997588884
1553;7810;1;3001095.3997588884
1554;7811;1;3001095.3997588884
1555;7823;12;3001095.3997588884
1556;7832;9;3001095.3997588884
1557;7841;9;3001095.3997588884
1558;7848;7;3001095.3997588884
1559;7855;7;3001095.3997588884
1560;7864;9;3001095.3997588884
1561;7870;6;3001095.3997588884
1562;7884;14;3001095.3997588884
1563;7884;0;3001095.3997588884
1564;7892;8;3001095.3997588884
1565;7902;10;3001095.3997588884
1566;7910;8;3001095.3997588884
1567;7919;9;3001095.3997588884
1568;7931;12;3001095.3997588884
1569;7940;9;3001095.3997588884
1570;7948;8;3001095.3997588884
1571;7953;5;3001095.3997588884
1572;7966;13;3001095.3997588884
1573;7973;7;3001095.3997588884
1574;7979;6;3001095.3997588884
1575;7984;5;3001095.3997588884
1576;7996;12;3001095.3997588884
1577;8005;9;3001095.3997588884
1578;8007;2;3001095.3997588884
1579;8014;7;3001095.3997588884
1580;8019;5;3001095.3997588884
1581;8026;7;3001095.3997588884
1582;8035;9;3001095.3997588884
1583;8043;8;3001095.3997588884
1584;8044;1;3001095.3997588884
1585;8050;6;3001095.3997588884
1586;8052;2;3001095.3997588884
1587;8057;5;3001095.3997588884
1588;8063;6;3001095.3997588884
1589;8067;4;3001095.3997588884
1590;8072;5;3001095.3997588884
1591;8074;2;3001095.3997588884
1592;8080;6;3001095.3997588884
1593;8081;1;3001095.3997588884
1594;8086;5;3001095.3997588884
1595;8094;8;3001095.3997588884
1596;8100;6;3001095.3997588884
1597;8105;5;3001095.3997588884
1598;8106;1;3001095.3997588884
1599;8107;1;3001095.3997588884
1600;8115;8;3001095.3997588884
1601;8115;0;3001095.3997588884
1602;8119;4;3001095.3997588884
1603;8126;7;3001095.3997588884
1604;8127;1;3001095.3997588884
1605;8133;6;3001095.3997588884
1606;8140;7;3001095.3997588884
1607;8142;2;3001095.3997588884
1608;8147;5;3001095.3997588884
1609;8149;2;3001095.3997588884
1610;8150;1;3001095.3997588884
1611;8155;5;3001095.3997588884
1612;8157;2;3001095.3997588884
1613;8164;7;3001095.3997588884
1614;8168;4;3001095.3997588884
1615;8174;6;3001095.3997588884
1616;8180;6;3001095.3997588884
1617;8186;6;3001095.3997588884
1618;8191;5;3001095.3997588884
1619;8192;1;3001095.3997588884
1620;8199;7;3001095.3997588884
1621;8203;4;3001095.3997588884
1622;8210;7;3001095.3997588884
1623;8213;3;3001095.3997588884
1624;8216;3;3001095.3997588884
1625;8221;5;3001095.3997588884
1626;8225;4;3001095.3997588884
1627;8229;4;3001095.3997588884
1628;8234;5;3001095.3997588884
1629;8239;5;3001095.3997588884
1630;8240;1;3001095.3997588884
1631;8243;3;3001095.3997588884
1632;8249;6;3001095.3997588884
1633;8253;4;3001095.3997588884
1634;8258;5;3001095.3997588884
1635;8259;1;3001095.3997588884
1636;8264;5;3001095.3997588884
1637;8269;5;3001095.3997588884
1638;8273;4;3001095.3997588884
1639;8278;5;3001095.3997588884
1640;8282;4;3001095.3997588884
1641;8287;5;3001095.3997588884
1642;8291;4;3001095.3997588884
1643;8296;5;3001095.3997588884
1644;8301;5;3001095.3997588884
1645;8306;5;3001095.3997588884
1646;8311;5;3001095.3997588884
1647;8315;4;3001095.3997588884
1648;8322;7;3001095.3997588884
1649;8327;5;3001095.3997588884
1650;8329;2;3001095.3997588884
1651;8335;6;3001095.3997588884
1652;8337;2;3001095.3997588884
1653;8341;4;3001095.3997588884
1654;8346;5;3001095.3997588884
1655;8349;3;3001095.3997588884
1656;8355;6;3001095.3997588884
1657;8358;3;3001095.3997588884
1658;8363;5;3001095.3997588884
1659;8364;1;3001095.3997588884
1660;8364;0;3001095.3997588884
1661;8366;2;3001095.3997588884
1662;8370;4;3001095.3997588884
1663;8375;5;3001095.3997588884
1664;8378;3;3001095.3997588884
1665;8383;5;3001095.3997588884
1666;8384;1;3001095.3997588884
1667;8385;1;3001095.3997588884
1668;8389;4;3001095.3997588884
1669;8394;5;3001095.3997588884
1670;8400;6;3001095.3997588884
1671;8403;3;3001095.3997588884
1672;8408;5;3001095.3997588884
1673;8408;0;3001095.3997588884
1674;8411;3;3001095.3997588884
1675;8413;2;3001087.110763137
1676;8417;4;3001087.110763137
1677;8422;5;3001087.110763137
1678;8429;7;3001087.110763137
1679;8434;5;3001087.110763137
1680;8439;5;3001087.110763137
1681;8444;5;3001087.110763137
1682;8447;3;3001087.110763137
1683;8450;3;3001087.110763137
1684;8455;5;3001087.110763137
1685;8459;4;3001087.110763137
1686;8463;4;3001087.110763137
1687;8465;2;3001087.110763137
1688;8470;5;3001087.110763137
1689;8475;5;3001087.110763137
1690;8478;3;3001087.110763137
1691;8484;6;3001087.110763137
1692;8487;3;3001087.110763137
1693;8491;4;3001087.110763137
1694;8495;4;3001087.110763137
1695;8501;6;3001087.110763137
1696;8503;2;3001087.110763137
1697;8506;3;3001087.110763137
1698;8510;4;3001087.110763137
1699;8517;7;3001087.110763137
1700;8521;4;3001087.110763137
1701;8522;1;3001087.110763137
1702;8531;9;3001087.110763137
1703;8536;5;3001087.110763137
1704;8541;5;3001087.110763137
1705;8545;4;3001087.110763137
1706;8548;3;3001087.110763137
1707;8554;6;3001087.110763137
1708;8557;3;3001087.110763137
1709;8564;7;3001087.110763137
1710;8568;4;3001087.110763137
1711;8572;4;3001087.110763137
1712;8580;8;3001087.110763137
1713;8583;3;3001087.110763137
1714;8586;3;3001087.110763137
1715;8589;3;3001087.110763137
1716;8596;7;3001087.110763137
1717;8601;5;3001087.110763137
1718;8605;4;3001087.110763137
1719;8608;3;3001087.110763137
1720;8610;2;3001087.110763137
1721;8614;4;3001087.110763137
1722;8619;5;3001087.110763137
1723;8622;3;3001087.110763137
1724;8622;0;3001087.110763137
1725;8624;2;3001087.110763137
1726;8629;5;3001087.110763137
1727;8632;3;3001087.110763137
1728;8633;1;3001087.110763137
1729;8638;5;3001087.110763137
1730;8643;5;3001087.110763137
1731;8644;1;3001087.110763137
1732;8647;3;3001087.110763137
1733;8653;6;3001087.110763137
1734;8657;4;3001087.110763137
1735;8661;4;3001087.110763137
1736;8667;6;3001087.110763137
1737;8673;6;3001087.110763137
1738;8679;6;3001087.110763137
1739;8686;7;3001087.110763137
1740;8691;5;3001087.110763137
1741;8694;3;3001087.110763137
1742;8697;3;3001087.110763137
1743;8702;5;3001087.110763137
1744;8704;2;3001087.110763137
1745;8708;4;3001087.110763137
1746;8709;1;3001087.110763137
1747;8714;5;3001087.110763137
1748;8716;2;3001087.110763137
1749;8721;5;3001087.110763137
1750;8726;5;3001087.110763137
1751;8731;5;3001087.110763137
1752;8738;7;3001087.110763137
1753;8744;6;3001087.110763137
1754;8745;1;3001087.110763137
1755;8749;4;3001087.110763137
1756;8754;5;3001087.110763137
1757;8762;8;3001087.110763137
1758;8763;1;3001087.110763137
1759;8766;3;3001087.110763137
1760;8772;6;3001087.110763137
1761;8779;7;3001087.110763137
1762;8785;6;3001087.110763137
1763;8791;6;3001087.110763137
1764;8794;3;3001087.110763137
1765;8799;5;3001087.110763137
1766;8805;6;3001087.110763137
1767;8806;1;3001087.110763137
1768;8810;4;3001087.110763137
1769;8815;5;3001087.110763137
1770;8818;3;3001087.110763137
1771;8819;1;3001087.110763137
1772;8823;4;3001087.110763137
1773;8827;4;3001087.110763137
1774;8832;5;3001087.110763137
1775;8835;3;3001087.110763137
1776;8836;1;3001087.110763137
1777;8844;8;3001087.110763137
1778;8849;5;3001087.110763137
1779;8855;6;3001087.110763137
1780;8856;1;3001087.110763137
1781;8863;7;3001087.110763137
1782;8869;6;3001087.110763137
1783;8873;4;3001087.110763137
1784;8874;1;3001087.110763137
1785;8878;4;3001087.110763137
1786;8883;5;3001087.110763137
1787;8889;6;3001087.110763137
1788;8893;4;3001087.110763137
1789;8897;4;3001087.110763137
1790;8898;1;3001087.110763137
1791;8902;4;3001087.110763137
1792;8906;4;3001087.110763137
1793;8910;4;3001087.110763137
1794;8915;5;3001087.110763137
1795;8918;3;3001087.110763137
1796;8923;5;3001087.110763137
1797;8927;4;3001087.110763137
1798;8927;0;3001087.110763137
1799;8932;5;3001087.110763137
1800;8936;4;3001087.110763137
1801;8940;4;3001087.110763137
1802;8945;5;3001087.110763137
1803;8951;6;3001087.110763137
1804;8956;5;3001087.110763137
1805;8956;0;3001087.110763137
1806;8959;3;3001087.110763137
1807;8960;1;3001087.110763137
1808;8966;6;3001087.110763137
1809;8971;5;3001087.110763137
1810;8973;2;3001087.110763137
1811;8979;6;3001087.110763137
1812;8980;1;3001087.110763137
1813;8985;5;3001087.110763137
1814;8989;4;3001087.110763137
1815;8994;5;3001087.110763137
1816;9000;6;3001087.110763137
1817;9004;4;3001087.110763137
1818;9009;5;3001087.110763137
1819;9015;6;3001087.110763137
1820;9018;3;3001087.110763137
1821;9024;6;3001087.110763137
1822;9031;7;3001087.110763137
1823;9035;4;3001087.110763137
1824;9040;5;3001087.110763137
1825;9043;3;3001087.110763137
1826;9046;3;3001087.110763137
1827;9051;5;3001087.110763137
1828;9052;1;3001087.110763137
1829;9058;6;3001087.110763137
1830;9061;3;3001087.110763137
1831;9065;4;3001087.110763137
1832;9069;4;3001087.110763137
1833;9074;5;3001087.110763137
1834;9079;5;3001087.110763137
1835;9081;2;3001087.110763137
1836;9084;3;3001087.110763137
1837;9085;1;3001087.110763137
1838;9089;4;3001087.110763137
1839;9094;5;3001087.110763137
1840;9097;3;3001087.110763137
1841;9102;5;3001087.110763137
1842;9103;1;3001087.110763137
1843;9107;4;3001087.110763137
1844;9112;5;3001087.110763137
1845;9115;3;3001087.110763137
1846;9118;3;3001087.110763137
1847;9122;4;3001087.110763137
1848;9127;5;3001087.110763137
1849;9134;7;3001087.110763137
1850;9138;4;3001087.110763137
1851;9139;1;3001087.110763137
1852;9144;5;3001087.110763137
1853;9147;3;3001087.110763137
1854;9148;1;3001087.110763137
1855;9152;4;3001087.110763137
1856;9159;7;3001087.110763137
1857;9163;4;3001087.110763137
1858;9170;7;3001087.110763137
1859;9176;6;3001087.110763137
1860;9183;7;3001087.110763137
1861;9184;1;3001087.110763137
1862;9189;5;3001087.110763137
1863;9190;1;3001087.110763137
1864;9194;4;3001087.110763137
1865;9199;5;3001087.110763137
1866;9200;1;3001087.110763137
1867;9200;0;3001087.110763137
1868;9207;7;3001087.110763137
1869;9212;5;3001087.110763137
1870;9216;4;3001087.110763137
1871;9220;4;3001087.110763137
1872;9222;2;3001087.110763137
1873;9228;6;3001087.110763137
1874;9234;6;3001087.110763137
1875;9237;3;3001087.110763137
1876;9241;4;3001087.110763137
1877;9244;3;3001087.110763137
1878;9245;1;3001087.110763137
1879;9250;5;3001087.110763137
1880;9251;1;3001087.110763137
1881;9255;4;3001087.110763137
1882;9261;6;3001087.110763137
1883;9265;4;3001087.110763137
1884;9268;3;3001087.110763137
1885;9274;6;3001087.110763137
1886;9281;7;3001087.110763137
1887;9286;5;3001087.110763137
1888;9294;8;3001087.110763137
1889;9298;4;3001087.110763137
1890;9299;1;3001087.110763137
1891;9304;5;3001087.110763137
1892;9307;3;3001087.110763137
1893;9310;3;3001087.110763137
1894;9311;1;3001087.110763137
1895;9317;6;3001087.110763137
1896;9320;3;3001087.110763137
1897;9324;4;3001087.110763137
1898;9325;1;3001087.110763137
1899;9328;3;3001087.110763137
1900;9334;6;3001087.110763137
1901;9335;1;3001087.110763137
1902;9338;3;3001087.110763137
1903;9344;6;3001087.110763137
1904;9347;3;3001087.110763137
1905;9351;4;3001087.110763137
1906;9355;4;3001087.110763137
1907;9361;6;3001087.110763137
1908;9363;2;3001087.110763137
1909;9366;3;3001087.110763137
1910;9369;3;3001087.110763137
1911;9374;5;3001087.110763137
1912;9378;4;3001087.110763137
1913;9382;4;3001087.110763137
1914;9387;5;3001087.110763137
1915;9391;4;3001087.110763137
1916;9394;3;3001087.110763137
1917;9395;1;3001087.110763137
1918;9399;4;3001087.110763137
1919;9399;0;3001087.110763137
1920;9401;2;3001087.110763137
1921;9407;6;3001087.110763137
1922;9412;5;3001087.110763137
1923;9415;3;3001087.110763137
1924;9421;6;3001087.110763137
1925;9426;5;3001087.110763137
1926;9432;6;3001087.110763137
1927;9436;4;3001087.110763137
1928;9441;5;3001087.110763137
1929;9446;5;3001087.110763137
1930;9451;5;3001087.110763137
1931;9452;1;3001087.110763137
1932;9458;6;3001087.110763137
1933;9460;2;3001087.110763137
1934;9463;3;3001087.110763137
1935;9468;5;3001087.110763137
1936;9472;4;3001087.110763137
1937;9477;5;3001087.110763137
1938;9485;8;3001087.110763137
1939;9486;1;3001087.110763137
1940;9494;8;3001087.110763137
1941;9494;0;3001087.110763137
1942;9495;1;3001087.110763137
1943;9497;2;3001087.110763137
1944;9498;1;3001087.110763137
1945;9501;3;3001087.110763137
1946;9505;4;3001076.9835534287
1947;9513;8;3001076.9835534287
1948;9514;1;3001076.9277290376
1949;9517;3;3001076.9277290376
1950;9520;3;3001043.8221924747
1951;9526;6;3001043.8221924747
1952;9526;0;3001043.8221924747
1953;9531;5;3001043.8221924747
1954;9534;3;3001043.8221924747
1955;9542;8;3001043.8221924747
1956;9545;3;3001030.444614641
1957;9546;1;3001030.444614641
1958;9551;5;3001030.444614641
1959;9552;1;3001030.444614641
1960;9553;1;3001030.444614641
1961;9561;8;3001030.444614641
1962;9562;1;3001030.444614641
1963;9570;8;3001030.444614641
1964;9575;5;3001030.444614641
1965;9580;5;3001030.444614641
1966;9584;4;3001030.444614641
1967;9589;5;3001030.444614641
1968;9596;7;3001030.444614641
1969;9596;0;3001030.444614641
1970;9599;3;3001030.444614641
1971;9601;2;3001030.444614641
1972;9607;6;3001030.444614641
1973;9614;7;3001030.444614641
1974;9618;4;3001030.444614641
1975;9623;5;3001030.444614641
1976;9627;4;3001030.444614641
1977;9632;5;3001030.444614641
1978;9637;5;3001030.444614641
1979;9638;1;3001030.444614641
1980;9642;4;3001030.444614641
1981;9647;5;3001030.444614641
1982;9647;0;3001030.444614641
1983;9651;4;3001030.444614641
1984;9656;5;3001030.444614641
1985;9661;5;3001030.444614641
1986;9666;5;3001030.444614641
1987;9670;4;3001030.444614641
1988;9674;4;3001030.444614641
1989;9678;4;3001030.444614641
1990;9680;2;3001030.444614641
1991;9685;5;3001030.444614641
1992;9692;7;3001030.444614641
1993;9698;6;3001030.444614641
1994;9702;4;3001030.444614641
1995;9705;3;3001030.444614641
1996;9710;5;3001030.444614641
1997;9715;5;3001030.444614641
1998;9721;6;3001030.444614641
1999;9726;5;3001030.444614641
2000;9734;8;3001030.444614641
2001;9739;5;3001030.444614641
2002;9743;4;3001030.444614641
2003;9747;4;3001030.444614641
2004;9748;1;3001030.444614641
2005;9751;3;3001030.444614641
2006;9756;5;3001030.444614641
2007;9757;1;3001030.444614641
2008;9769;12;3001030.444614641
2009;9771;2;3001030.444614641
2010;9772;1;3001030.444614641
2011;9774;2;3001030.444614641
2012;9781;7;3001030.444614641
2013;9785;4;3001030.444614641
2014;9792;7;3001030.444614641
2015;9797;5;3001030.444614641
2016;9803;6;3001030.444614641
2017;9814;11;3001030.444614641
2018;9815;1;3001030.444614641
2019;9819;4;3001030.444614641
2020;9824;5;3001030.444614641
2021;9828;4;3001030.444614641
2022;9834;6;3001030.444614641
2023;9838;4;3001030.444614641
2024;9841;3;3001030.444614641
2025;9846;5;3001030.444614641
2026;9850;4;3001030.444614641
2027;9857;7;3001030.444614641
2028;9862;5;3001030.444614641
2029;9864;2;3001030.444614641
2030;9865;1;3001030.444614641
2031;9870;5;3001030.444614641
2032;9874;4;3001030.444614641
2033;9878;4;3001030.444614641
2034;9878;0;3001030.444614641
2035;9882;4;3001030.444614641
2036;9888;6;3001030.444614641
2037;9892;4;3001030.444614641
2038;9896;4;3001030.444614641
2039;9896;0;3001030.444614641
2040;9899;3;3001030.444614641
2041;9906;7;3001030.444614641
2042;9912;6;3001030.444614641
2043;9918;6;3001030.444614641
2044;9919;1;3001030.444614641
2045;9925;6;3001030.444614641
2046;9925;0;3001030.444614641
2047;9930;5;3001030.444614641
2048;9935;5;3001030.444614641
2049;9939;4;3001030.444614641
2050;9943;4;3001030.444614641
2051;9945;2;3001030.444614641
2052;9949;4;3001030.444614641
2053;9957;8;3001030.444614641
2054;9960;3;3001030.444614641
2055;9965;5;3001030.444614641
2056;9971;6;3001030.444614641
2057;9973;2;3001030.444614641
2058;9979;6;3001030.444614641
2059;9984;5;3001030.444614641
2060;9992;8;3001030.444614641
2061;9996;4;3001030.444614641
2062;10003;7;3001030.444614641
2063;10008;5;3001030.444614641
2064;10014;6;3001030.444614641
2065;10015;1;3001030.444614641
2066;10016;1;3001030.444614641
2067;10019;3;3001030.444614641
2068;10020;1;3001030.444614641
2069;10023;3;3001030.444614641
2070;10028;5;3001030.444614641
2071;10029;1;3001030.444614641
2072;10031;2;3001030.444614641
2073;10037;6;3001030.444614641
2074;10041;4;3001030.444614641
2075;10046;5;3001030.444614641
2076;10052;6;3001030.444614641
2077;10056;4;3001030.444614641
2078;10057;1;3001030.444614641
2079;10061;4;3001030.444614641
2080;10065;4;3001030.444614641
2081;10069;4;3001030.444614641
2082;10074;5;3001010.4306187984
2083;10080;6;3001010.4306187984
2084;10086;6;3001010.4306187984
2085;10091;5;3001010.4306187984
2086;10094;3;3001010.4306187984
2087;10096;2;3001010.4306187984
2088;10098;2;3001010.4306187984
2089;10103;5;3001010.4306187984
2090;10104;1;3001010.4306187984
2091;10104;0;3001010.4306187984
2092;10109;5;3001010.4306187984
2093;10114;5;3001010.4306187984
2094;10115;1;3001010.4306187984
2095;10120;5;3001010.4306187984
2096;10125;5;3001010.4306187984
2097;10131;6;3001010.4306187984
2098;10133;2;3001010.4306187984
2099;10138;5;3001010.4306187984
2100;10138;0;3001010.4306187984
2101;10142;4;3001010.4306187984
2102;10146;4;3001010.4306187984
2103;10151;5;3001010.4306187984
2104;10156;5;3001010.4306187984
2105;10159;3;3001010.4306187984
2106;10163;4;3001010.4306187984
2107;10170;7;3001010.4306187984
2108;10171;1;3001010.4306187984
2109;10173;2;3001010.4306187984
2110;10176;3;3001010.4306187984
2111;10177;1;3001010.4306187984
2112;10182;5;3001010.4306187984
2113;10187;5;3001010.4306187984
2114;10192;5;3001010.4306187984
2115;10194;2;3001010.4306187984
2116;10197;3;3001010.4306187984
2117;10200;3;3001010.4306187984
2118;10203;3;3001010.4306187984
2119;10207;4;3001010.4306187984
2120;10211;4;3001010.4306187984
2121;10217;6;3001010.4306187984
2122;10218;1;3001010.4306187984
2123;10222;4;3001010.4306187984
2124;10227;5;3001010.4306187984
2125;10231;4;3001010.4306187984
2126;10236;5;3001010.4306187984
2127;10241;5;3001010.4306187984
2128;10245;4;3001010.4306187984
2129;10250;5;3001010.4306187984
2130;10253;3;3001010.4306187984
2131;10254;1;3001010.4306187984
2132;10259;5;3001010.4306187984
2133;10262;3;3001010.4306187984
2134;10267;5;3001010.4306187984
2135;10268;1;3001010.4306187984
2136;10270;2;3001010.4306187984
2137;10271;1;3001010.4306187984
2138;10274;3;3001010.4306187984
2139;10276;2;3001010.4306187984
2140;10279;3;3001010.4306187984
2141;10289;10;3001010.4306187984
2142;10297;8;3001010.4306187984
2143;10306;9;3001010.4306187984
2144;10315;9;3001010.4306187984
2145;10323;8;3001010.4306187984
2146;10334;11;3001010.4306187984
2147;10337;3;3001010.4306187984
2148;10342;5;3001010.4306187984
2149;10349;7;3000997.893147095
2150;10351;2;3000984.275712721
2151;10359;8;3000984.275712721
2152;10365;6;3000984.275712721
2153;10374;9;3000984.275712721
2154;10384;10;3000984.275712721
2155;10391;7;3000984.275712721
2156;10395;4;3000984.275712721
2157;10404;9;3000984.275712721
2158;10413;9;3000984.275712721
2159;10420;7;3000984.275712721
2160;10428;8;3000979.274559261
2161;10437;9;3000979.274559261
2162;10445;8;3000979.274559261
2163;10447;2;3000974.092725149
2164;10451;4;3000974.092725149
2165;10464;13;3000974.092725149
2166;10471;7;3000974.092725149
2167;10478;7;3000974.092725149
2168;10483;5;3000974.092725149
2169;10488;5;3000974.092725149
2170;10495;7;3000974.092725149
2171;10508;13;3000974.092725149
2172;10518;10;3000974.092725149
2173;10530;12;3000974.092725149
2174;10537;7;3000974.092725149
2175;10546;9;3000974.092725149
2176;10552;6;3000974.092725149
2177;10560;8;3000974.092725149
2178;10566;6;3000974.092725149
2179;10575;9;3000974.092725149
2180;10583;8;3000974.092725149
2181;10589;6;3000974.092725149
2182;10593;4;3000974.092725149
2183;10604;11;3000974.092725149
2184;10609;5;3000974.092725149
2185;10614;5;3000974.092725149
2186;10615;1;3000974.092725149
2187;10623;8;3000974.092725149
2188;10627;4;3000974.092725149
2189;10632;5;3000974.092725149
2190;10641;9;3000974.092725149
2191;10650;9;3000974.092725149
2192;10656;6;3000974.092725149
2193;10658;2;3000974.092725149
2194;10659;1;3000974.092725149
2195;10667;8;3000974.092725149
2196;10676;9;3000974.092725149
2197;10684;8;3000974.092725149
2198;10690;6;3000974.092725149
2199;10696;6;3000974.092725149
2200;10706;10;3000974.092725149
2201;10715;9;3000974.092725149
2202;10721;6;3000974.092725149
2203;10733;12;3000974.092725149
2204;10734;1;3000974.092725149
2205;10744;10;3000974.092725149
2206;10750;6;3000974.092725149
2207;10759;9;3000974.092725149
2208;10765;6;3000974.092725149
2209;10766;1;3000974.092725149
2210;10772;6;3000974.092725149
2211;10774;2;3000974.092725149
2212;10779;5;3000974.092725149
2213;10787;8;3000974.092725149
2214;10795;8;3000974.092725149
2215;10799;4;3000974.092725149
2216;10806;7;3000974.092725149
2217;10810;4;3000974.092725149
2218;10818;8;3000974.092725149
2219;10824;6;3000974.092725149
2220;10825;1;3000974.092725149
2221;10826;1;3000974.092725149
2222;10834;8;3000974.092725149
2223;10842;8;3000974.092725149
2224;10850;8;3000974.092725149
2225;10858;8;3000974.092725149
2226;10865;7;3000974.092725149
2227;10874;9;3000974.092725149
2228;10880;6;3000974.092725149
2229;10885;5;3000974.092725149
2230;10890;5;3000974.092725149
2231;10897;7;3000974.092725149
2232;10903;6;3000974.092725149
2233;10908;5;3000974.092725149
2234;10911;3;3000974.092725149
2235;10917;6;3000974.092725149
2236;10922;5;3000974.092725149
2237;10927;5;3000951.0234639337
2238;10929;2;3000951.0234639337
2239;10934;5;3000951.0234639337
2240;10937;3;3000951.0234639337
2241;10941;4;3000951.0234639337
2242;10942;1;3000951.0234639337
2243;10947;5;3000951.0234639337
2244;10953;6;3000951.0234639337
2245;10958;5;3000951.0234639337
2246;10960;2;3000951.0234639337
2247;10965;5;3000951.0234639337
2248;10972;7;3000951.0234639337
2249;10976;4;3000951.0234639337
2250;10981;5;3000951.0234639337
2251;10981;0;3000944.912741877
2252;10984;3;3000944.912741877
2253;10989;5;3000944.912741877
2254;10994;5;3000944.912741877
2255;10998;4;3000944.912741877
2256;11003;5;3000933.4062315123
2257;11008;5;3000933.4062315123
2258;11009;1;3000933.4062315123
2259;11009;0;3000933.4062315123
2260;11015;6;3000933.4062315123
2261;11023;8;3000933.4062315123
2262;11028;5;3000933.4062315123
2263;11035;7;3000933.4062315123
2264;11039;4;3000933.4062315123
2265;11042;3;3000933.4062315123
2266;11046;4;3000933.4062315123
2267;11052;6;3000933.4062315123
2268;11056;4;3000933.4062315123
2269;11060;4;3000933.4062315123
2270;11063;3;3000933.4062315123
2271;11067;4;3000933.4062315123
2272;11072;5;3000933.4062315123
2273;11077;5;3000933.4062315123
2274;11081;4;3000933.4062315123
2275;11086;5;3000929.8163118493
2276;11092;6;3000929.8163118493
2277;11097;5;3000929.8163118493
2278;11099;2;3000919.872984718
2279;11103;4;3000919.872984718
2280;11107;4;3000919.872984718
2281;11111;4;3000917.1026551034
2282;11116;5;3000917.1026551034
2283;11121;5;3000917.1026551034
2284;11126;5;3000917.1026551034
2285;11132;6;3000917.1026551034
2286;11133;1;3000917.1026551034
2287;11134;1;3000913.3011615137
2288;11139;5;3000913.3011615137
2289;11142;3;3000911.7477911
2290;11149;7;3000911.7477911
2291;11153;4;3000911.7477911
2292;11156;3;3000911.7477911
2293;11162;6;3000911.7477911
2294;11168;6;3000911.7477911
2295;11173;5;3000911.7477911
2296;11178;5;3000911.7477911
2297;11184;6;3000911.7477911
2298;11190;6;3000911.7477911
2299;11194;4;3000911.7477911
2300;11197;3;3000911.7477911
2301;11199;2;3000911.7477911
2302;11204;5;3000911.7477911
2303;11212;8;3000911.7477911
2304;11217;5;3000901.687536439
2305;11219;2;3000901.687536439
2306;11225;6;3000901.687536439
2307;11230;5;3000901.687536439
2308;11234;4;3000901.687536439
2309;11237;3;3000901.687536439
2310;11241;4;3000901.687536439
2311;11243;2;3000901.687536439
2312;11247;4;3000901.687536439
2313;11251;4;3000901.687536439
2314;11258;7;3000901.687536439
2315;11263;5;3000901.687536439
2316;11267;4;3000901.687536439
2317;11270;3;3000901.687536439
2318;11275;5;3000901.687536439
2319;11279;4;3000901.687536439
2320;11279;0;3000901.687536439
2321;11285;6;3000901.2885129484
2322;11288;3;3000901.2885129484
2323;11294;6;3000897.2350537004
2324;11297;3;3000897.2350537004
2325;11300;3;3000897.2350537004
2326;11305;5;3000897.2350537004
2327;11307;2;3000897.2350537004
2328;11315;8;3000897.2350537004
2329;11319;4;3000897.2350537004
2330;11321;2;3000897.2350537004
2331;11329;8;3000897.2350537004
2332;11333;4;3000894.2518404694
2333;11336;3;3000894.2518404694
2334;11345;9;3000894.2518404694
2335;11348;3;3000894.2518404694
2336;11351;3;3000894.2518404694
2337;11357;6;3000894.2518404694
2338;11361;4;3000894.2518404694
2339;11365;4;3000894.2518404694
2340;11368;3;3000894.2518404694
2341;11373;5;3000894.2518404694
2342;11374;1;3000894.2518404694
2343;11377;3;3000894.2518404694
2344;11380;3;3000894.2518404694
2345;11385;5;3000894.2518404694
2346;11385;0;3000894.2518404694
2347;11386;1;3000894.2518404694
2348;11390;4;3000894.2518404694
2349;11391;1;3000894.2518404694
2350;11396;5;3000894.2518404694
2351;11401;5;3000894.2518404694
2352;11407;6;3000894.2518404694
2353;11410;3;3000894.2518404694
2354;11415;5;3000894.2518404694
2355;11419;4;3000894.2518404694
2356;11422;3;3000894.2518404694
2357;11426;4;3000894.2518404694
2358;11428;2;3000894.2518404694
2359;11432;4;3000894.2518404694
2360;11436;4;3000894.2518404694
2361;11441;5;3000894.2518404694
2362;11446;5;3000894.2518404694
2363;11452;6;3000894.2518404694
2364;11457;5;3000894.2518404694
2365;11467;10;3000894.2518404694
2366;11472;5;3000894.2518404694
2367;11472;0;3000894.2518404694
2368;11478;6;3000894.2518404694
2369;11482;4;3000894.2518404694
2370;11487;5;3000894.2518404694
2371;11495;8;3000894.2518404694
2372;11497;2;3000887.7197419098
2373;11502;5;3000887.7197419098
2374;11507;5;3000887.7197419098
2375;11513;6;3000887.7197419098
2376;11518;5;3000887.7197419098
2377;11521;3;3000887.7197419098
2378;11525;4;3000887.7197419098
2379;11529;4;3000887.7197419098
2380;11537;8;3000887.7197419098
2381;11542;5;3000887.7197419098
2382;11549;7;3000887.7197419098
2383;11552;3;3000887.7197419098
2384;11553;1;3000887.7197419098
2385;11554;1;3000887.7197419098
2386;11559;5;3000887.7197419098
2387;11564;5;3000887.7197419098
2388;11567;3;3000887.7197419098
2389;11568;1;3000887.7197419098
2390;11574;6;3000887.7197419098
2391;11580;6;3000887.7197419098
2392;11582;2;3000887.7197419098
2393;11583;1;3000887.7197419098
2394;11584;1;3000887.7197419098
2395;11585;1;3000887.7197419098
2396;11594;9;3000887.7197419098
2397;11601;7;3000887.7197419098
2398;11606;5;3000887.7197419098
2399;11610;4;3000887.7197419098
2400;11611;1;3000887.7197419098
2401;11615;4;3000887.7197419098
2402;11616;1;3000887.7197419098
2403;11624;8;3000887.7197419098
2404;11629;5;3000887.7197419098
2405;11633;4;3000887.7197419098
2406;11636;3;3000887.7197419098
2407;11640;4;3000887.7197419098
2408;11647;7;3000887.7197419098
2409;11652;5;3000887.7197419098
2410;11656;4;3000887.7197419098
2411;11659;3;3000887.7197419098
2412;11666;7;3000887.7197419098
2413;11670;4;3000887.7197419098
2414;11675;5;3000887.7197419098
2415;11679;4;3000887.7197419098
2416;11684;5;3000887.7197419098
2417;11684;0;3000887.7197419098
2418;11685;1;3000887.7197419098
2419;11689;4;3000887.7197419098
2420;11695;6;3000887.7197419098
2421;11700;5;3000887.7197419098
2422;11706;6;3000887.7197419098
2423;11711;5;3000887.7197419098
2424;11715;4;3000887.7197419098
2425;11718;3;3000887.7197419098
2426;11722;4;3000887.7197419098
2427;11727;5;3000887.7197419098
2428;11729;2;3000887.7197419098
2429;11734;5;3000887.7197419098
2430;11740;6;3000887.7197419098
2431;11746;6;3000879.2479522717
2432;11751;5;3000879.2479522717
2433;11752;1;3000879.2479522717
2434;11759;7;3000879.2479522717
2435;11763;4;3000879.2479522717
2436;11766;3;3000878.5262191
2437;11770;4;3000878.5262191
2438;11779;9;3000878.5262191
2439;11780;1;3000878.5262191
2440;11787;7;3000878.5262191
2441;11791;4;3000878.5262191
2442;11793;2;3000878.5262191
2443;11797;4;3000878.5262191
2444;11801;4;3000878.5262191
2445;11806;5;3000878.5262191
2446;11809;3;3000878.5262191
2447;11813;4;3000878.5262191
2448;11814;1;3000878.5262191
2449;11821;7;3000878.5262191
2450;11828;7;3000878.5262191
2451;11832;4;3000878.5262191
2452;11837;5;3000878.5262191
2453;11840;3;3000878.5262191
2454;11842;2;3000878.5262191
2455;11845;3;3000878.5262191
2456;11849;4;3000878.5262191
2457;11849;0;3000878.5262191
2458;11853;4;3000878.5262191
2459;11855;2;3000878.5262191
2460;11859;4;3000878.5262191
2461;11859;0;3000878.5262191
2462;11865;6;3000878.5262191
2463;11869;4;3000878.5262191
2464;11874;5;3000878.5262191
2465;11879;5;3000878.5262191
2466;11884;5;3000878.5262191
2467;11888;4;3000878.5262191
2468;11889;1;3000878.5262191
2469;11894;5;3000878.5262191
2470;11895;1;3000878.5262191
2471;11896;1;3000878.5262191
2472;11903;7;3000878.5262191
2473;11906;3;3000878.5262191
2474;11910;4;3000878.5262191
2475;11917;7;3000878.5262191
2476;11921;4;3000878.5262191
2477;11926;5;3000878.5262191
2478;11932;6;3000878.5262191
2479;11934;2;3000878.5262191
2480;11939;5;3000878.5262191
2481;11943;4;3000878.5262191
2482;11949;6;3000878.5262191
2483;11954;5;3000878.5262191
2484;11959;5;3000878.5262191
2485;11964;5;3000878.5262191
2486;11969;5;3000878.5262191
2487;11970;1;3000878.5262191
2488;11971;1;3000878.5262191
2489;11972;1;3000878.5262191
2490;11977;5;3000878.5262191
2491;11981;4;3000878.5262191
2492;11986;5;3000878.5262191
2493;11992;6;3000878.5262191
2494;11996;4;3000878.5262191
2495;11999;3;3000878.5262191
2496;12002;3;3000878.5262191
2497;12006;4;3000878.5262191
2498;12010;4;3000878.5262191
2499;12014;4;3000878.5262191
2500;12017;3;3000878.5262191
2501;12019;2;3000878.5262191
2502;12026;7;3000878.5262191
2503;12033;7;3000878.5262191
2504;12035;2;3000878.5262191
2505;12036;1;3000878.5262191
2506;12038;2;3000878.5262191
2507;12043;5;3000878.5262191
2508;12049;6;3000878.5262191
2509;12052;3;3000878.5262191
2510;12058;6;3000878.5262191
2511;12059;1;3000878.5262191
2512;12063;4;3000878.5262191
2513;12066;3;3000878.5262191
2514;12071;5;3000878.5262191
2515;12072;1;3000878.5262191
2516;12076;4;3000878.5262191
2517;12081;5;3000878.5262191
2518;12086;5;3000878.5262191
2519;12090;4;3000878.5262191
2520;12094;4;3000878.5262191
2521;12100;6;3000878.5262191
2522;12105;5;3000878.5262191
2523;12110;5;3000878.5262191
2524;12113;3;3000878.5262191
2525;12119;6;3000878.5262191
2526;12122;3;3000878.5262191
2527;12125;3;3000878.5262191
2528;12128;3;3000878.5262191
2529;12129;1;3000878.5262191
2530;12132;3;3000878.5262191
2531;12136;4;3000878.5262191
2532;12141;5;3000878.5262191
2533;12147;6;3000878.5262191
2534;12151;4;3000878.5262191
2535;12156;5;3000878.5262191
2536;12161;5;3000878.5262191
2537;12165;4;3000878.5262191
2538;12166;1;3000878.5262191
2539;12171;5;3000878.5262191
2540;12174;3;3000878.5262191
2541;12178;4;3000878.5262191
2542;12182;4;3000878.5262191
2543;12186;4;3000878.5262191
2544;12188;2;3000878.5262191
2545;12193;5;3000878.5262191
2546;12194;1;3000878.5262191
2547;12198;4;3000878.5262191
2548;12201;3;3000878.5262191
2549;12201;0;3000878.5262191
2550;12205;4;3000878.5262191
2551;12210;5;3000878.5262191
2552;12215;5;3000878.5262191
2553;12215;0;3000878.5262191
2554;12222;7;3000878.5262191
2555;12228;6;3000878.5262191
2556;12234;6;3000878.5262191
2557;12238;4;3000878.5262191
2558;12243;5;3000878.5262191
2559;12244;1;3000878.5262191
2560;12248;4;3000878.5262191
2561;12252;4;3000878.5262191
2562;12259;7;3000878.5262191
2563;12265;6;3000878.5262191
2564;12269;4;3000878.5262191
2565;12270;1;3000878.5262191
2566;12276;6;3000878.5262191
2567;12281;5;3000878.5262191
2568;12285;4;3000878.5262191
2569;12289;4;3000878.5262191
2570;12293;4;3000878.5262191
2571;12297;4;3000878.5262191
2572;12301;4;3000878.5262191
2573;12305;4;3000878.5262191
2574;12305;0;3000878.5262191
2575;12311;6;3000878.5262191
2576;12314;3;3000878.5262191
2577;12318;4;3000878.5262191
2578;12324;6;3000878.5262191
2579;12328;4;3000878.5262191
2580;12330;2;3000878.5262191
2581;12337;7;3000878.5262191
2582;12340;3;3000878.5262191
2583;12344;4;3000878.5262191
2584;12348;4;3000878.5262191
2585;12353;5;3000878.5262191
2586;12355;2;3000878.5262191
2587;12357;2;3000878.5262191
2588;12358;1;3000878.5262191
2589;12363;5;3000878.5262191
2590;12368;5;3000878.5262191
2591;12369;1;3000878.5262191
2592;12369;0;3000878.5262191
2593;12372;3;3000878.5262191
2594;12375;3;3000878.5262191
2595;12381;6;3000878.5262191
2596;12382;1;3000878.5262191
2597;12387;5;3000878.5262191
2598;12393;6;3000878.5262191
2599;12394;1;3000878.5262191
2600;12397;3;3000878.5262191
2601;12401;4;3000878.5262191
2602;12406;5;3000878.5262191
2603;12411;5;3000878.5262191
2604;12419;8;3000878.5262191
2605;12424;5;3000878.5262191
2606;12429;5;3000878.5262191
2607;12434;5;3000878.5262191
2608;12435;1;3000878.5262191
2609;12440;5;3000878.5262191
2610;12443;3;3000878.5262191
2611;12448;5;3000878.5262191
2612;12454;6;3000878.5262191
2613;12458;4;3000878.5262191
2614;12463;5;3000878.5262191
2615;12464;1;3000878.5262191
2616;12469;5;3000878.5262191
2617;12474;5;3000878.5262191
2618;12478;4;3000878.5262191
2619;12483;5;3000878.5262191
2620;12489;6;3000878.5262191
2621;12494;5;3000878.5262191
2622;12495;1;3000878.5262191
2623;12500;5;3000878.5262191
2624;12506;6;3000878.5262191
2625;12511;5;3000878.5262191
2626;12515;4;3000878.5262191
2627;12520;5;3000878.5262191
2628;12525;5;3000878.5262191
2629;12529;4;3000878.5262191
2630;12539;10;3000878.5262191
2631;12548;9;3000878.5262191
2632;12555;7;3000878.5262191
2633;12562;7;3000878.5262191
2634;12566;4;3000878.5262191
2635;12569;3;3000878.5262191
2636;12571;2;3000878.5262191
2637;12575;4;3000878.5262191
2638;12577;2;3000878.5262191
2639;12580;3;3000878.5262191
2640;12586;6;3000878.5262191
2641;12591;5;3000878.5262191
2642;12597;6;3000878.5262191
2643;12601;4;3000878.5262191
2644;12604;3;3000878.5262191
2645;12606;2;3000878.5262191
2646;12611;5;3000878.5262191
2647;12615;4;3000878.5262191
2648;12622;7;3000878.5262191
2649;12627;5;3000878.5262191
2650;12630;3;3000878.5262191
2651;12634;4;3000878.5262191
2652;12639;5;3000878.5262191
2653;12645;6;3000878.5262191
2654;12650;5;3000878.5262191
2655;12655;5;3000878.5262191
2656;12660;5;3000878.5262191
2657;12661;1;3000878.5262191
2658;12664;3;3000878.5262191
2659;12668;4;3000878.5262191
2660;12673;5;3000878.5262191
2661;12677;4;3000878.5262191
2662;12682;5;3000878.5262191
2663;12686;4;3000878.5262191
2664;12689;3;3000878.5262191
2665;12694;5;3000878.5262191
2666;12695;1;3000878.5262191
2667;12700;5;3000878.5262191
2668;12706;6;3000878.5262191
2669;12712;6;3000878.5262191
2670;12718;6;3000878.5262191
2671;12721;3;3000878.5262191
2672;12730;9;3000878.5262191
2673;12733;3;3000878.5262191
2674;12740;7;3000878.5262191
2675;12745;5;3000878.5262191
2676;12750;5;3000878.5262191
2677;12753;3;3000878.5262191
2678;12757;4;3000878.5262191
2679;12763;6;3000878.5262191
2680;12768;5;3000878.5262191
2681;12773;5;3000878.5262191
2682;12776;3;3000878.5262191
2683;12779;3;3000878.5262191
2684;12786;7;3000878.5262191
2685;12791;5;3000878.5262191
2686;12795;4;3000878.5262191
2687;12800;5;3000878.5262191
2688;12801;1;3000878.5262191
2689;12807;6;3000878.5262191
2690;12810;3;3000878.5262191
2691;12814;4;3000878.5262191
2692;12817;3;3000878.5262191
2693;12823;6;3000878.5262191
2694;12824;1;3000878.5262191
2695;12824;0;3000878.5262191
2696;12829;5;3000878.5262191
2697;12833;4;3000878.5262191
2698;12837;4;3000878.5262191
2699;12838;1;3000878.5262191
2700;12838;0;3000878.5262191
2701;12841;3;3000878.5262191
2702;12844;3;3000878.5262191
2703;12844;0;3000878.5262191
2704;12847;3;3000878.5262191
2705;12851;4;3000878.5262191
2706;12855;4;3000878.5262191
2707;12856;1;3000878.5262191
2708;12857;1;3000878.5262191
2709;12867;10;3000878.5262191
2710;12874;7;3000878.5262191
2711;12878;4;3000878.5262191
2712;12884;6;3000878.5262191
2713;12889;5;3000878.5262191
2714;12891;2;3000878.5262191
2715;12895;4;3000878.5262191
2716;12898;3;3000878.5262191
2717;12902;4;3000878.5262191
2718;12907;5;3000878.5262191
2719;12910;3;3000878.5262191
2720;12914;4;3000878.5262191
2721;12916;2;3000878.5262191
2722;12921;5;3000878.5262191
2723;12926;5;3000878.5262191
2724;12931;5;3000878.5262191
2725;12935;4;3000878.5262191
2726;12939;4;3000878.5262191
2727;12941;2;3000878.5262191
2728;12947;6;3000878.5262191
2729;12948;1;3000878.5262191
2730;12948;0;3000878.5262191
2731;12953;5;3000878.5262191
2732;12958;5;3000878.5262191
2733;12962;4;3000878.5262191
2734;12965;3;3000878.5262191
2735;12968;3;3000878.5262191
2736;12975;7;3000878.5262191
2737;12981;6;3000878.5262191
2738;12987;6;3000878.5262191
2739;12991;4;3000878.5262191
2740;12996;5;3000878.5262191
2741;13001;5;3000878.5262191
2742;13005;4;3000878.5262191
2743;13009;4;3000878.5262191
2744;13013;4;3000878.5262191
2745;13019;6;3000878.5262191
2746;13022;3;3000878.5262191
2747;13028;6;3000878.5262191
2748;13029;1;3000878.5262191
2749;13036;7;3000878.5262191
2750;13042;6;3000878.5262191
2751;13043;1;3000878.5262191
2752;13047;4;3000878.5262191
2753;13051;4;3000878.5262191
2754;13052;1;3000878.5262191
2755;13056;4;3000878.5262191
2756;13062;6;3000878.5262191
2757;13071;9;3000878.5262191
2758;13075;4;3000878.5262191
2759;13080;5;3000878.5262191
2760;13085;5;3000878.5262191
2761;13091;6;3000878.5262191
2762;13094;3;3000878.5262191
2763;13099;5;3000878.5262191
2764;13107;8;3000878.5262191
2765;13111;4;3000878.5262191
2766;13112;1;3000878.5262191
2767;13113;1;3000878.5262191
2768;13114;1;3000878.5262191
2769;13117;3;3000878.5262191
2770;13120;3;3000878.5262191
2771;13127;7;3000878.5262191
2772;13129;2;3000878.5262191
2773;13135;6;3000878.5262191
2774;13139;4;3000878.5262191
2775;13141;2;3000878.5262191
2776;13147;6;3000878.5262191
2777;13150;3;3000878.5262191
2778;13150;0;3000878.5262191
2779;13158;8;3000878.5262191
2780;13163;5;3000878.5262191
2781;13164;1;3000878.5262191
2782;13165;1;3000878.5262191
2783;13170;5;3000878.5262191
2784;13174;4;3000878.5262191
2785;13174;0;3000878.5262191
2786;13175;1;3000878.5262191
2787;13179;4;3000878.5262191
2788;13184;5;3000878.5262191
2789;13187;3;3000878.5262191
2790;13192;5;3000878.5262191
2791;13196;4;3000878.5262191
2792;13205;9;3000878.5262191
2793;13208;3;3000878.5262191
2794;13209;1;3000878.5262191
2795;13214;5;3000878.5262191
2796;13217;3;3000878.5262191
2797;13222;5;3000878.5262191
2798;13230;8;3000878.5262191
2799;13235;5;3000878.5262191
2800;13237;2;3000878.5262191
2801;13241;4;3000878.5262191
2802;13243;2;3000878.5262191
2803;13246;3;3000878.5262191
2804;13251;5;3000878.5262191
2805;13255;4;3000878.5262191
2806;13256;1;3000878.5262191
2807;13260;4;3000878.5262191
2808;13261;1;3000878.5262191
2809;13267;6;3000878.5262191
2810;13267;0;3000878.5262191
2811;13274;7;3000878.5262191
2812;13279;5;3000878.5262191
2813;13286;7;3000878.5262191
2814;13289;3;3000878.5262191
2815;13294;5;3000878.5262191
2816;13299;5;3000878.5262191
2817;13300;1;3000878.5262191
2818;13307;7;3000878.5262191
2819;13311;4;3000878.5262191
2820;13316;5;3000878.5262191
2821;13320;4;3000878.5262191
2822;13322;2;3000878.5262191
2823;13323;1;3000878.5262191
2824;13324;1;3000878.5262191
2825;13324;0;3000878.5262191
2826;13329;5;3000878.5262191
2827;13334;5;3000878.5262191
2828;13342;8;3000878.5262191
2829;13348;6;3000878.5262191
2830;13349;1;3000878.5262191
2831;13353;4;3000878.5262191
2832;13357;4;3000878.5262191
2833;13362;5;3000878.5262191
2834;13366;4;3000878.5262191
2835;13367;1;3000878.5262191
2836;13368;1;3000878.5262191
2837;13372;4;3000878.5262191
2838;13376;4;3000878.5262191
2839;13377;1;3000878.5262191
2840;13377;0;3000878.5262191
2841;13379;2;3000878.5262191
2842;13384;5;3000878.5262191
2843;13387;3;3000878.5262191
2844;13392;5;3000878.5262191
2845;13393;1;3000878.5262191
2846;13393;0;3000878.5262191
2847;13398;5;3000878.5262191
2848;13404;6;3000878.5262191
2849;13408;4;3000878.5262191
2850;13409;1;3000878.5262191
2851;13415;6;3000878.5262191
2852;13423;8;3000878.5262191
2853;13426;3;3000878.5262191
2854;13427;1;3000878.5262191
2855;13433;6;3000878.5262191
2856;13439;6;3000878.5262191
2857;13442;3;3000878.5262191
2858;13449;7;3000878.5262191
2859;13451;2;3000878.5262191
2860;13452;1;3000878.5262191
2861;13458;6;3000878.5262191
2862;13465;7;3000878.5262191
2863;13471;6;3000878.5262191
2864;13475;4;3000878.5262191
2865;13479;4;3000878.5262191
2866;13484;5;3000878.5262191
2867;13486;2;3000878.5262191
2868;13487;1;3000878.5262191
2869;13489;2;3000878.5262191
2870;13496;7;3000878.5262191
2871;13498;2;3000878.5262191
2872;13502;4;3000878.5262191
2873;13506;4;3000878.5262191
2874;13510;4;3000878.5262191
2875;13515;5;3000878.5262191
2876;13519;4;3000878.5262191
2877;13523;4;3000878.5262191
2878;13527;4;3000878.5262191
2879;13528;1;3000878.5262191
2880;13529;1;3000878.5262191
2881;13533;4;3000878.5262191
2882;13542;9;3000878.5262191
2883;13544;2;3000878.5262191
2884;13550;6;3000878.5262191
2885;13556;6;3000878.5262191
2886;13562;6;3000878.5262191
2887;13568;6;3000878.5262191
2888;13578;10;3000878.5262191
2889;13587;9;3000878.5262191
2890;13595;8;3000878.5262191
2891;13596;1;3000878.5262191
2892;13601;5;3000878.5262191
2893;13608;7;3000878.5262191
2894;13613;5;3000878.5262191
2895;13618;5;3000878.5262191
2896;13623;5;3000878.5262191
2897;13624;1;3000878.5262191
2898;13627;3;3000878.5262191
2899;13632;5;3000878.5262191
2900;13634;2;3000878.5262191
2901;13638;4;3000878.5262191
2902;13642;4;3000878.5262191
2903;13648;6;3000878.5262191
2904;13650;2;3000878.5262191
2905;13654;4;3000878.5262191
2906;13656;2;3000878.5262191
2907;13660;4;3000878.5262191
2908;13664;4;3000878.5262191
2909;13664;0;3000878.5262191
2910;13669;5;3000878.5262191
2911;13674;5;3000878.5262191
2912;13676;2;3000878.5262191
2913;13681;5;3000876.927549904
2914;13686;5;3000876.927549904
2915;13691;5;3000876.927549904
2916;13692;1;3000876.927549904
2917;13697;5;3000876.927549904
2918;13698;1;3000876.927549904
2919;13702;4;3000876.927549904
2920;13704;2;3000876.927549904
2921;13707;3;3000876.927549904
2922;13710;3;3000876.927549904
2923;13710;0;3000876.927549904
2924;13715;5;3000876.927549904
2925;13721;6;3000876.927549904
2926;13727;6;3000873.595153474
2927;13728;1;3000873.595153474
2928;13733;5;3000873.595153474
2929;13736;3;3000873.595153474
2930;13742;6;3000873.595153474
2931;13746;4;3000873.595153474
2932;13751;5;3000873.595153474
2933;13755;4;3000873.595153474
2934;13760;5;3000873.595153474
2935;13765;5;3000873.595153474
2936;13771;6;3000873.595153474
2937;13776;5;3000873.595153474
2938;13778;2;3000873.595153474
2939;13784;6;3000873.595153474
2940;13786;2;3000873.595153474
2941;13790;4;3000873.595153474
2942;13793;3;3000873.595153474
2943;13796;3;3000873.595153474
2944;13799;3;3000873.595153474
2945;13803;4;3000873.595153474
2946;13808;5;3000873.595153474
2947;13811;3;3000873.595153474
2948;13816;5;3000873.595153474
2949;13820;4;3000873.595153474
2950;13826;6;3000873.595153474
2951;13829;3;3000873.595153474
2952;13835;6;3000873.595153474
2953;13838;3;3000873.595153474
2954;13838;0;3000873.595153474
2955;13843;5;3000873.595153474
2956;13848;5;3000873.595153474
2957;13853;5;3000873.595153474
2958;13855;2;3000873.595153474
2959;13858;3;3000873.595153474
2960;13863;5;3000873.595153474
2961;13868;5;3000873.595153474
2962;13872;4;3000873.595153474
2963;13876;4;3000873.595153474
2964;13879;3;3000873.595153474
2965;13885;6;3000873.595153474
2966;13889;4;3000873.595153474
2967;13890;1;3000873.595153474
2968;13894;4;3000873.595153474
2969;13899;5;3000873.595153474
2970;13905;6;3000873.595153474
2971;13908;3;3000873.595153474
2972;13913;5;3000873.595153474
2973;13914;1;3000873.595153474
2974;13918;4;3000873.595153474
2975;13921;3;3000873.595153474
2976;13927;6;3000873.595153474
2977;13933;6;3000873.595153474
2978;13935;2;3000873.595153474
2979;13940;5;3000873.595153474
2980;13946;6;3000873.595153474
2981;13950;4;3000873.595153474
2982;13950;0;3000873.595153474
2983;13953;3;3000873.595153474
2984;13957;4;3000873.595153474
2985;13960;3;3000873.595153474
2986;13964;4;3000873.595153474
2987;13970;6;3000873.595153474
2988;13971;1;3000873.595153474
2989;13976;5;3000873.595153474
2990;13981;5;3000873.595153474
2991;13986;5;3000873.595153474
2992;13990;4;3000867.0594347483
2993;13995;5;3000867.0594347483
2994;14000;5;3000867.0594347483
2995;14002;2;3000867.0594347483
2996;14007;5;3000867.0594347483
2997;14013;6;3000867.0594347483
2998;14017;4;3000867.0594347483
2999;14022;5;3000867.0594347483
