Index;Time point [ms];Iteration length [ms];Cost
0;5;5;1.7001932879632477E7
1;7;2;1.6001889378223961E7
2;10;3;1.6001889378223961E7
3;10;0;1.6001889378223961E7
4;14;4;1.6001889378223961E7
5;17;3;1.6001889378223961E7
6;18;1;1.6001889378223961E7
7;21;3;1.6001675638652503E7
8;23;2;1.6001675638652503E7
9;25;2;1.6001667155953629E7
10;29;4;1.6001667155953629E7
11;32;3;1.6001667155953629E7
12;33;1;1.6001667155953629E7
13;36;3;1.6001667155953629E7
14;40;4;1.6001667155953629E7
15;44;4;1.6001647965577522E7
16;47;3;1.5001617730933998E7
17;50;3;1.5001527691375315E7
18;52;2;1.5001527691375315E7
19;53;1;1.5001527691375315E7
20;54;1;1.5001527691375315E7
21;57;3;1.5001527691375315E7
22;60;3;1.5001527691375315E7
23;61;1;1.5001527691375315E7
24;64;3;1.5001527691375315E7
25;68;4;1.5001527691375315E7
26;70;2;1.5001527691375315E7
27;71;1;1.5001527691375315E7
28;74;3;1.5001527691375315E7
29;77;3;1.5001527691375315E7
30;80;3;1.5001527691375315E7
31;83;3;1.5001527691375315E7
32;88;5;1.5001527691375315E7
33;91;3;1.5001527691375315E7
34;93;2;1.5001527691375315E7
35;93;0;1.5001527691375315E7
36;96;3;1.5001527691375315E7
37;99;3;1.5001527691375315E7
38;99;0;1.5001527691375315E7
39;102;3;1.5001527691375315E7
40;103;1;1.5001527691375315E7
41;107;4;1.5001527691375315E7
42;108;1;1.5001527691375315E7
43;111;3;1.5001527691375315E7
44;114;3;1.5001527691375315E7
45;118;4;1.5001527691375315E7
46;121;3;1.5001527691375315E7
47;124;3;1.5001527691375315E7
48;127;3;1.5001527691375315E7
49;129;2;1.5001527691375315E7
50;132;3;1.5001527691375315E7
51;138;6;1.5001527691375315E7
52;141;3;1.5001527691375315E7
53;144;3;1.5001527691375315E7
54;147;3;1.5001527691375315E7
55;147;0;1.5001527691375315E7
56;149;2;1.5001527691375315E7
57;151;2;1.5001527691375315E7
58;151;0;1.5001527691375315E7
59;155;4;1.5001527691375315E7
60;156;1;1.5001527691375315E7
61;159;3;1.5001527691375315E7
62;160;1;1.5001527691375315E7
63;164;4;1.5001527691375315E7
64;170;6;1.5001527691375315E7
65;174;4;1.5001527691375315E7
66;176;2;1.5001527691375315E7
67;179;3;1.5001527691375315E7
68;181;2;1.5001527691375315E7
69;185;4;1.5001527691375315E7
70;188;3;1.5001527691375315E7
71;191;3;1.5001527691375315E7
72;194;3;1.5001527691375315E7
73;197;3;1.5001527691375315E7
74;200;3;1.5001527691375315E7
75;203;3;1.5001527691375315E7
76;206;3;1.5001527691375315E7
77;206;0;1.5001527691375315E7
78;207;1;1.5001527691375315E7
79;207;0;1.5001527691375315E7
80;210;3;1.5001527691375315E7
81;211;1;1.5001527691375315E7
82;216;5;1.5001527691375315E7
83;219;3;1.5001527691375315E7
84;222;3;1.5001527691375315E7
85;224;2;1.5001527691375315E7
86;228;4;1.5001527691375315E7
87;231;3;1.5001527691375315E7
88;232;1;1.5001527691375315E7
89;236;4;1.5001527691375315E7
90;239;3;1.5001527691375315E7
91;239;0;1.5001527691375315E7
92;242;3;1.5001527691375315E7
93;245;3;1.5001527691375315E7
94;249;4;1.5001527691375315E7
95;251;2;1.5001527691375315E7
96;255;4;1.5001527691375315E7
97;257;2;1.5001527691375315E7
98;259;2;1.5001527691375315E7
99;263;4;1.5001527691375315E7
100;265;2;1.5001527691375315E7
101;266;1;1.5001527691375315E7
102;266;0;1.5001527691375315E7
103;269;3;1.5001527691375315E7
104;270;1;1.5001527691375315E7
105;272;2;1.5001527691375315E7
106;273;1;1.5001527691375315E7
107;276;3;1.5001527691375315E7
108;279;3;1.5001527691375315E7
109;280;1;1.5001527691375315E7
110;282;2;1.5001527691375315E7
111;286;4;1.5001527691375315E7
112;289;3;1.5001527691375315E7
113;292;3;1.5001527691375315E7
114;295;3;1.5001527691375315E7
115;299;4;1.5001527691375315E7
116;299;0;1.5001527691375315E7
117;302;3;1.5001527691375315E7
118;305;3;1.5001527691375315E7
119;308;3;1.5001527691375315E7
120;311;3;1.5001527691375315E7
121;313;2;1.5001527691375315E7
122;315;2;1.5001527691375315E7
123;318;3;1.5001527691375315E7
124;322;4;1.5001527691375315E7
125;325;3;1.5001527691375315E7
126;329;4;1.5001527691375315E7
127;330;1;1.5001527691375315E7
128;332;2;1.5001527691375315E7
129;333;1;1.5001527691375315E7
130;333;0;1.5001527691375315E7
131;336;3;1.5001527691375315E7
132;340;4;1.5001527691375315E7
133;342;2;1.5001527691375315E7
134;344;2;1.5001527691375315E7
135;347;3;1.5001527691375315E7
136;350;3;1.5001527691375315E7
137;351;1;1.5001527691375315E7
138;351;0;1.5001527691375315E7
139;355;4;1.5001527691375315E7
140;356;1;1.5001527691375315E7
141;357;1;1.5001527691375315E7
142;359;2;1.5001527691375315E7
143;361;2;1.5001527691375315E7
144;365;4;1.5001527691375315E7
145;365;0;1.5001527691375315E7
146;368;3;1.5001527691375315E7
147;371;3;1.5001527691375315E7
148;373;2;1.5001527691375315E7
149;375;2;1.5001527691375315E7
150;379;4;1.5001527691375315E7
151;379;0;1.5001527691375315E7
152;382;3;1.5001527691375315E7
153;386;4;1.5001527691375315E7
154;390;4;1.5001527691375315E7
155;392;2;1.5001527691375315E7
156;395;3;1.5001527691375315E7
157;395;0;1.5001527691375315E7
158;398;3;1.5001527691375315E7
159;401;3;1.5001527691375315E7
160;403;2;1.5001527691375315E7
161;407;4;1.5001527691375315E7
162;409;2;1.5001527691375315E7
163;412;3;1.5001522457803946E7
164;415;3;1.500150164907354E7
165;416;1;1.500150164907354E7
166;419;3;1.500150164907354E7
167;423;4;1.500150164907354E7
168;425;2;1.500150164907354E7
169;428;3;1.500150164907354E7
170;430;2;1.500150164907354E7
171;432;2;1.500150164907354E7
172;434;2;1.500150164907354E7
173;437;3;1.500150164907354E7
174;437;0;1.500150164907354E7
175;440;3;1.500150164907354E7
176;442;2;1.500150164907354E7
177;444;2;1.500150164907354E7
178;446;2;1.500150164907354E7
179;448;2;1.500150164907354E7
180;449;1;1.500150164907354E7
181;452;3;1.500150164907354E7
182;456;4;1.500150164907354E7
183;458;2;1.500150164907354E7
184;458;0;1.500150164907354E7
185;461;3;1.500150164907354E7
186;465;4;1.500150164907354E7
187;467;2;1.500150164907354E7
188;470;3;1.500150164907354E7
189;474;4;1.500150164907354E7
190;477;3;1.500150164907354E7
191;479;2;1.500150164907354E7
192;482;3;1.500150164907354E7
193;485;3;1.500150164907354E7
194;488;3;1.500150164907354E7
195;489;1;1.500150164907354E7
196;495;6;1.500150164907354E7
197;498;3;1.500150164907354E7
198;501;3;1.500150164907354E7
199;504;3;1.500150164907354E7
200;507;3;1.500150164907354E7
201;510;3;1.500150164907354E7
202;514;4;1.500150164907354E7
203;516;2;1.500150164907354E7
204;518;2;1.500150164907354E7
205;520;2;1.500150164907354E7
206;521;1;1.500150164907354E7
207;523;2;1.500150164907354E7
208;524;1;1.500150164907354E7
209;529;5;1.500150164907354E7
210;533;4;1.500150164907354E7
211;535;2;1.500150164907354E7
212;536;1;1.500150164907354E7
213;538;2;1.500150164907354E7
214;540;2;1.500150164907354E7
215;544;4;1.500150164907354E7
216;545;1;1.500150164907354E7
217;545;0;1.500150164907354E7
218;546;1;1.500150164907354E7
219;546;0;1.500150164907354E7
220;550;4;1.500150164907354E7
221;552;2;1.500150164907354E7
222;556;4;1.500150164907354E7
223;560;4;1.500150164907354E7
224;563;3;1.500150164907354E7
225;564;1;1.500150164907354E7
226;566;2;1.500150164907354E7
227;569;3;1.500150164907354E7
228;571;2;1.500150164907354E7
229;573;2;1.500150164907354E7
230;576;3;1.500150164907354E7
231;578;2;1.500150164907354E7
232;582;4;1.500150164907354E7
233;585;3;1.500150164907354E7
234;588;3;1.500150164907354E7
235;590;2;1.500150164907354E7
236;592;2;1.500150164907354E7
237;595;3;1.500150164907354E7
238;598;3;1.500150164907354E7
239;599;1;1.500150164907354E7
240;602;3;1.500150164907354E7
241;605;3;1.500150164907354E7
242;608;3;1.500150164907354E7
243;611;3;1.500150164907354E7
244;616;5;1.500150164907354E7
245;620;4;1.500150164907354E7
246;623;3;1.500150164907354E7
247;626;3;1.500150164907354E7
248;629;3;1.500150164907354E7
249;630;1;1.500150164907354E7
250;632;2;1.500150164907354E7
251;634;2;1.500150164907354E7
252;636;2;1.500150164907354E7
253;639;3;1.500150164907354E7
254;642;3;1.500150164907354E7
255;644;2;1.500150164907354E7
256;647;3;1.500150164907354E7
257;649;2;1.500150164907354E7
258;652;3;1.500150164907354E7
259;655;3;1.500150164907354E7
260;659;4;1.500150164907354E7
261;662;3;1.500150164907354E7
262;665;3;1.500150164907354E7
263;669;4;1.500150164907354E7
264;670;1;1.500150164907354E7
265;673;3;1.500150164907354E7
266;676;3;1.500150164907354E7
267;678;2;1.500150164907354E7
268;681;3;1.500150164907354E7
269;684;3;1.500150164907354E7
270;687;3;1.500150164907354E7
271;690;3;1.500150164907354E7
272;692;2;1.500150164907354E7
273;696;4;1.500150164907354E7
274;696;0;1.500150164907354E7
275;699;3;1.500150164907354E7
276;699;0;1.500150164907354E7
277;703;4;1.500150164907354E7
278;704;1;1.500150164907354E7
279;705;1;1.500150164907354E7
280;705;0;1.500150164907354E7
281;707;2;1.500150164907354E7
282;708;1;1.500150164907354E7
283;710;2;1.500150164907354E7
284;715;5;1.500150164907354E7
285;718;3;1.500150164907354E7
286;721;3;1.500150164907354E7
287;722;1;1.500150164907354E7
288;724;2;1.500150164907354E7
289;727;3;1.500150164907354E7
290;731;4;1.500150164907354E7
291;733;2;1.500150164907354E7
292;737;4;1.500150164907354E7
293;739;2;1.500150164907354E7
294;744;5;1.500150164907354E7
295;747;3;1.500150164907354E7
296;751;4;1.500150164907354E7
297;754;3;1.500150164907354E7
298;757;3;1.500150164907354E7
299;760;3;1.500150164907354E7
300;763;3;1.500150164907354E7
301;767;4;1.500150164907354E7
302;771;4;1.500150164907354E7
303;773;2;1.500150164907354E7
304;776;3;1.500150164907354E7
305;779;3;1.500150164907354E7
306;782;3;1.500150164907354E7
307;785;3;1.500150164907354E7
308;787;2;1.500150164907354E7
309;790;3;1.500150164907354E7
310;793;3;1.500150164907354E7
311;796;3;1.500150164907354E7
312;799;3;1.500150164907354E7
313;802;3;1.500150164907354E7
314;804;2;1.500150164907354E7
315;807;3;1.500150164907354E7
316;811;4;1.500150164907354E7
317;814;3;1.500150164907354E7
318;814;0;1.500150164907354E7
319;816;2;1.500150164907354E7
320;820;4;1.500150164907354E7
321;823;3;1.500150164907354E7
322;827;4;1.500150164907354E7
323;827;0;1.500150164907354E7
324;828;1;1.500150164907354E7
325;830;2;1.500150164907354E7
326;832;2;1.500150164907354E7
327;835;3;1.500150164907354E7
328;836;1;1.500150164907354E7
329;838;2;1.500150164907354E7
330;841;3;1.500150164907354E7
331;842;1;1.500150164907354E7
332;844;2;1.500150164907354E7
333;844;0;1.500150164907354E7
334;847;3;1.500150164907354E7
335;848;1;1.500150164907354E7
336;851;3;1.500150164907354E7
337;855;4;1.500150164907354E7
338;858;3;1.500150164907354E7
339;861;3;1.500150164907354E7
340;861;0;1.500150164907354E7
341;865;4;1.500150164907354E7
342;866;1;1.500150164907354E7
343;868;2;1.500150164907354E7
344;871;3;1.500150164907354E7
345;873;2;1.500150164907354E7
346;876;3;1.500150164907354E7
347;880;4;1.500150164907354E7
348;883;3;1.500150164907354E7
349;886;3;1.500150164907354E7
350;889;3;1.500150164907354E7
351;892;3;1.500150164907354E7
352;895;3;1.500150164907354E7
353;898;3;1.500150164907354E7
354;902;4;1.500150164907354E7
355;903;1;1.5001456007426023E7
356;909;6;1.5001456007426023E7
357;914;5;1.5001456007426023E7
358;917;3;1.5001456007426023E7
359;920;3;1.5001456007426023E7
360;922;2;1.5001456007426023E7
361;926;4;1.5001456007426023E7
362;929;3;1.5001456007426023E7
363;933;4;1.5001456007426023E7
364;937;4;1.5001456007426023E7
365;938;1;1.5001456007426023E7
366;940;2;1.5001456007426023E7
367;943;3;1.5001456007426023E7
368;946;3;1.5001456007426023E7
369;948;2;1.5001456007426023E7
370;950;2;1.5001456007426023E7
371;951;1;1.5001456007426023E7
372;955;4;1.5001456007426023E7
373;956;1;1.5001456007426023E7
374;957;1;1.5001456007426023E7
375;959;2;1.5001456007426023E7
376;960;1;1.5001456007426023E7
377;964;4;1.5001456007426023E7
378;967;3;1.5001456007426023E7
379;970;3;1.5001456007426023E7
380;973;3;1.5001456007426023E7
381;976;3;1.5001456007426023E7
382;978;2;1.5001456007426023E7
383;980;2;1.5001456007426023E7
384;983;3;1.5001456007426023E7
385;984;1;1.5001456007426023E7
386;986;2;1.5001456007426023E7
387;989;3;1.5001456007426023E7
388;991;2;1.5001456007426023E7
389;993;2;1.5001456007426023E7
390;996;3;1.5001456007426023E7
391;999;3;1.5001456007426023E7
392;1000;1;1.5001456007426023E7
393;1002;2;1.5001456007426023E7
394;1005;3;1.5001456007426023E7
395;1006;1;1.5001456007426023E7
396;1008;2;1.5001456007426023E7
397;1011;3;1.5001456007426023E7
398;1013;2;1.5001456007426023E7
399;1017;4;1.5001456007426023E7
400;1019;2;1.5001456007426023E7
401;1021;2;1.5001439591347536E7
402;1025;4;1.5001439591347536E7
403;1025;0;1.5001439591347536E7
404;1026;1;1.5001439591347536E7
405;1030;4;1.5001439591347536E7
406;1032;2;1.5001436858487086E7
407;1035;3;1.5001436858487086E7
408;1037;2;1.5001436858487086E7
409;1040;3;1.5001436858487086E7
410;1042;2;1.500142751537853E7
411;1042;0;1.500142751537853E7
412;1044;2;1.500142751537853E7
413;1045;1;1.5001419463352002E7
414;1047;2;1.5001419463352002E7
415;1047;0;1.5001419463352002E7
416;1049;2;1.5001365096289823E7
417;1052;3;1.5001365096289823E7
418;1055;3;1.5001365096289823E7
419;1057;2;1.5001365096289823E7
420;1059;2;1.5001365096289823E7
421;1061;2;1.5001365096289823E7
422;1062;1;1.5001365096289823E7
423;1065;3;1.5001365096289823E7
424;1067;2;1.5001365096289823E7
425;1069;2;1.5001365096289823E7
426;1071;2;1.5001365096289823E7
427;1073;2;1.5001365096289823E7
428;1074;1;1.5001365096289823E7
429;1076;2;1.4001586890513537E7
430;1077;1;1.4001586890513537E7
431;1079;2;1.4001586890513537E7
432;1080;1;1.4001586890513537E7
433;1080;0;1.4001586890513537E7
434;1082;2;1.4001586890513537E7
435;1085;3;1.4001586890513537E7
436;1087;2;1.4001586890513537E7
437;1089;2;1.4001586890513537E7
438;1093;4;1.4001586890513537E7
439;1093;0;1.4001586890513537E7
440;1096;3;1.4001586890513537E7
441;1098;2;1.4001586890513537E7
442;1101;3;1.4001586890513537E7
443;1103;2;1.4001586890513537E7
444;1105;2;1.4001429499206731E7
445;1111;6;1.4001429499206731E7
446;1113;2;1.4001429499206731E7
447;1115;2;1.4001429499206731E7
448;1119;4;1.4001429499206731E7
449;1122;3;1.4001429499206731E7
450;1124;2;1.4001429499206731E7
451;1127;3;1.4001429499206731E7
452;1129;2;1.4001429499206731E7
453;1132;3;1.4001429499206731E7
454;1135;3;1.4001429499206731E7
455;1138;3;1.4001429499206731E7
456;1140;2;1.4001429499206731E7
457;1142;2;1.4001429499206731E7
458;1145;3;1.4001429499206731E7
459;1147;2;1.4001429499206731E7
460;1148;1;1.4001429499206731E7
461;1151;3;1.4001429499206731E7
462;1155;4;1.4001429499206731E7
463;1158;3;1.4001429499206731E7
464;1161;3;1.4001429499206731E7
465;1164;3;1.4001429499206731E7
466;1167;3;1.4001429499206731E7
467;1168;1;1.4001429499206731E7
468;1172;4;1.4001429499206731E7
469;1177;5;1.4001429499206731E7
470;1180;3;1.4001429499206731E7
471;1183;3;1.4001429499206731E7
472;1186;3;1.4001429499206731E7
473;1190;4;1.4001429499206731E7
474;1193;3;1.4001429499206731E7
475;1193;0;1.4001429499206731E7
476;1194;1;1.4001429499206731E7
477;1197;3;1.4001429499206731E7
478;1199;2;1.4001429499206731E7
479;1202;3;1.4001429499206731E7
480;1203;1;1.4001429499206731E7
481;1205;2;1.4001429499206731E7
482;1207;2;1.4001429499206731E7
483;1210;3;1.4001429499206731E7
484;1212;2;1.4001429499206731E7
485;1215;3;1.4001429499206731E7
486;1217;2;1.4001429499206731E7
487;1219;2;1.4001429499206731E7
488;1222;3;1.4001429499206731E7
489;1225;3;1.4001429499206731E7
490;1228;3;1.4001429499206731E7
491;1231;3;1.4001429499206731E7
492;1233;2;1.4001429499206731E7
493;1235;2;1.4001429499206731E7
494;1238;3;1.4001429499206731E7
495;1240;2;1.4001429499206731E7
496;1242;2;1.4001429499206731E7
497;1244;2;1.4001429499206731E7
498;1247;3;1.4001429499206731E7
499;1250;3;1.4001429499206731E7
500;1253;3;1.4001429499206731E7
501;1255;2;1.4001429499206731E7
502;1259;4;1.4001429499206731E7
503;1260;1;1.4001429499206731E7
504;1261;1;1.4001429499206731E7
505;1263;2;1.4001429499206731E7
506;1265;2;1.4001429499206731E7
507;1268;3;1.4001429499206731E7
508;1271;3;1.4001429499206731E7
509;1273;2;1.4001429499206731E7
510;1276;3;1.4001429499206731E7
511;1279;3;1.4001429499206731E7
512;1281;2;1.4001429499206731E7
513;1283;2;1.4001429499206731E7
514;1285;2;1.4001429499206731E7
515;1287;2;1.4001429499206731E7
516;1291;4;1.4001429499206731E7
517;1293;2;1.4001429499206731E7
518;1296;3;1.4001429499206731E7
519;1297;1;1.4001429499206731E7
520;1299;2;1.4001429499206731E7
521;1302;3;1.4001429499206731E7
522;1304;2;1.4001429499206731E7
523;1307;3;1.4001429499206731E7
524;1309;2;1.4001429499206731E7
525;1313;4;1.4001429499206731E7
526;1314;1;1.4001429499206731E7
527;1316;2;1.4001429499206731E7
528;1317;1;1.4001429499206731E7
529;1318;1;1.4001429499206731E7
530;1320;2;1.4001429499206731E7
531;1324;4;1.4001429499206731E7
532;1327;3;1.4001429499206731E7
533;1330;3;1.4001429499206731E7
534;1333;3;1.4001429499206731E7
535;1335;2;1.4001429499206731E7
536;1336;1;1.4001429499206731E7
537;1336;0;1.4001429499206731E7
538;1339;3;1.4001429499206731E7
539;1342;3;1.4001429499206731E7
540;1346;4;1.4001429499206731E7
541;1349;3;1.4001429499206731E7
542;1352;3;1.4001429499206731E7
543;1354;2;1.4001429499206731E7
544;1358;4;1.4001429499206731E7
545;1361;3;1.4001429499206731E7
546;1362;1;1.4001429499206731E7
547;1363;1;1.4001429499206731E7
548;1366;3;1.4001429499206731E7
549;1368;2;1.4001429499206731E7
550;1369;1;1.4001429499206731E7
551;1373;4;1.4001429499206731E7
552;1375;2;1.4001429499206731E7
553;1379;4;1.4001429499206731E7
554;1380;1;1.4001429499206731E7
555;1382;2;1.4001429499206731E7
556;1385;3;1.4001429499206731E7
557;1386;1;1.4001429499206731E7
558;1387;1;1.4001429499206731E7
559;1388;1;1.4001429499206731E7
560;1391;3;1.4001429499206731E7
561;1393;2;1.4001429499206731E7
562;1395;2;1.4001429499206731E7
563;1398;3;1.4001429499206731E7
564;1401;3;1.4001429499206731E7
565;1403;2;1.4001429499206731E7
566;1406;3;1.4001429499206731E7
567;1408;2;1.4001429499206731E7
568;1410;2;1.4001429499206731E7
569;1413;3;1.4001429499206731E7
570;1413;0;1.4001429499206731E7
571;1418;5;1.4001429499206731E7
572;1421;3;1.4001429499206731E7
573;1423;2;1.4001429499206731E7
574;1427;4;1.4001429499206731E7
575;1429;2;1.4001429499206731E7
576;1432;3;1.4001429499206731E7
577;1432;0;1.4001429499206731E7
578;1435;3;1.4001429499206731E7
579;1435;0;1.4001429499206731E7
580;1437;2;1.4001429499206731E7
581;1439;2;1.4001429499206731E7
582;1441;2;1.4001429499206731E7
583;1444;3;1.4001429499206731E7
584;1447;3;1.4001429499206731E7
585;1450;3;1.4001429499206731E7
586;1452;2;1.4001429499206731E7
587;1454;2;1.4001429499206731E7
588;1457;3;1.4001429499206731E7
589;1461;4;1.4001429499206731E7
590;1464;3;1.4001429499206731E7
591;1465;1;1.4001429499206731E7
592;1469;4;1.4001429499206731E7
593;1471;2;1.4001429499206731E7
594;1473;2;1.4001429499206731E7
595;1476;3;1.4001429499206731E7
596;1479;3;1.4001429499206731E7
597;1480;1;1.4001429499206731E7
598;1482;2;1.4001429499206731E7
599;1484;2;1.4001429499206731E7
600;1486;2;1.4001429499206731E7
601;1487;1;1.4001429499206731E7
602;1490;3;1.4001429499206731E7
603;1494;4;1.4001429499206731E7
604;1495;1;1.4001429499206731E7
605;1498;3;1.4001429499206731E7
606;1498;0;1.4001429499206731E7
607;1501;3;1.4001429499206731E7
608;1501;0;1.4001429499206731E7
609;1504;3;1.4001429499206731E7
610;1506;2;1.4001429499206731E7
611;1510;4;1.4001429499206731E7
612;1514;4;1.4001429499206731E7
613;1514;0;1.4001429499206731E7
614;1518;4;1.4001429499206731E7
615;1519;1;1.4001398166445117E7
616;1522;3;1.4001398166445117E7
617;1524;2;1.4001398166445117E7
618;1526;2;1.4001398166445117E7
619;1530;4;1.4001398166445117E7
620;1532;2;1.4001398166445117E7
621;1534;2;1.4001398166445117E7
622;1538;4;1.4001398166445117E7
623;1540;2;1.4001398166445117E7
624;1542;2;1.4001398166445117E7
625;1543;1;1.4001398166445117E7
626;1546;3;1.4001398166445117E7
627;1547;1;1.4001398166445117E7
628;1548;1;1.4001398166445117E7
629;1551;3;1.4001398166445117E7
630;1552;1;1.4001398166445117E7
631;1555;3;1.4001398166445117E7
632;1557;2;1.4001398166445117E7
633;1563;6;1.4001398166445117E7
634;1567;4;1.4001398166445117E7
635;1570;3;1.4001398166445117E7
636;1572;2;1.4001398166445117E7
637;1574;2;1.4001398166445117E7
638;1578;4;1.4001398166445117E7
639;1581;3;1.4001398166445117E7
640;1583;2;1.4001398166445117E7
641;1585;2;1.4001398166445117E7
642;1587;2;1.4001398166445117E7
643;1589;2;1.4001398166445117E7
644;1591;2;1.4001398166445117E7
645;1593;2;1.4001398166445117E7
646;1596;3;1.4001398166445117E7
647;1599;3;1.4001398166445117E7
648;1603;4;1.4001398166445117E7
649;1606;3;1.4001398166445117E7
650;1607;1;1.4001398166445117E7
651;1609;2;1.4001398166445117E7
652;1610;1;1.4001398166445117E7
653;1613;3;1.4001398166445117E7
654;1614;1;1.4001398166445117E7
655;1615;1;1.4001398166445117E7
656;1618;3;1.4001398166445117E7
657;1619;1;1.4001398166445117E7
658;1622;3;1.4001398166445117E7
659;1624;2;1.4001398166445117E7
660;1627;3;1.4001398166445117E7
661;1630;3;1.4001398166445117E7
662;1633;3;1.4001398166445117E7
663;1634;1;1.4001398166445117E7
664;1636;2;1.4001398166445117E7
665;1639;3;1.4001398166445117E7
666;1640;1;1.4001398166445117E7
667;1643;3;1.4001398166445117E7
668;1645;2;1.4001398166445117E7
669;1649;4;1.4001398166445117E7
670;1651;2;1.4001398166445117E7
671;1655;4;1.4001398166445117E7
672;1658;3;1.4001398166445117E7
673;1661;3;1.4001398166445117E7
674;1663;2;1.4001398166445117E7
675;1666;3;1.4001398166445117E7
676;1668;2;1.4001398166445117E7
677;1670;2;1.4001398166445117E7
678;1671;1;1.4001398166445117E7
679;1676;5;1.4001398166445117E7
680;1677;1;1.4001398166445117E7
681;1677;0;1.4001398166445117E7
682;1680;3;1.4001398166445117E7
683;1682;2;1.4001398166445117E7
684;1686;4;1.4001398166445117E7
685;1688;2;1.4001398166445117E7
686;1692;4;1.4001398166445117E7
687;1694;2;1.4001398166445117E7
688;1697;3;1.4001398166445117E7
689;1699;2;1.4001398166445117E7
690;1699;0;1.4001398166445117E7
691;1703;4;1.4001398166445117E7
692;1705;2;1.4001398166445117E7
693;1709;4;1.4001398166445117E7
694;1712;3;1.4001398166445117E7
695;1714;2;1.4001398166445117E7
696;1717;3;1.4001398166445117E7
697;1721;4;1.4001398166445117E7
698;1726;5;1.4001398166445117E7
699;1729;3;1.4001398166445117E7
700;1733;4;1.4001398166445117E7
701;1733;0;1.4001398166445117E7
702;1736;3;1.4001398166445117E7
703;1738;2;1.4001398166445117E7
704;1741;3;1.4001398166445117E7
705;1743;2;1.4001398166445117E7
706;1746;3;1.4001398166445117E7
707;1747;1;1.4001398166445117E7
708;1749;2;1.4001398166445117E7
709;1751;2;1.4001398166445117E7
710;1754;3;1.4001398166445117E7
711;1756;2;1.4001398166445117E7
712;1759;3;1.4001398166445117E7
713;1762;3;1.4001398166445117E7
714;1765;3;1.4001398166445117E7
715;1768;3;1.4001398166445117E7
716;1771;3;1.4001398166445117E7
717;1772;1;1.4001398166445117E7
718;1774;2;1.4001398166445117E7
719;1775;1;1.4001398166445117E7
720;1778;3;1.4001398166445117E7
721;1780;2;1.4001398166445117E7
722;1781;1;1.4001398166445117E7
723;1782;1;1.4001398166445117E7
724;1786;4;1.4001398166445117E7
725;1788;2;1.4001398166445117E7
726;1791;3;1.4001398166445117E7
727;1794;3;1.4001398166445117E7
728;1797;3;1.4001398166445117E7
729;1801;4;1.4001398166445117E7
730;1804;3;1.4001398166445117E7
731;1807;3;1.4001398166445117E7
732;1810;3;1.4001398166445117E7
733;1813;3;1.4001398166445117E7
734;1815;2;1.4001398166445117E7
735;1816;1;1.4001398166445117E7
736;1819;3;1.4001398166445117E7
737;1822;3;1.4001398166445117E7
738;1825;3;1.4001398166445117E7
739;1827;2;1.4001398166445117E7
740;1829;2;1.4001398166445117E7
741;1831;2;1.4001398166445117E7
742;1835;4;1.4001398166445117E7
743;1838;3;1.4001398166445117E7
744;1842;4;1.4001398166445117E7
745;1845;3;1.4001398166445117E7
746;1848;3;1.4001398166445117E7
747;1850;2;1.4001398166445117E7
748;1851;1;1.4001398166445117E7
749;1854;3;1.4001398166445117E7
750;1856;2;1.4001398166445117E7
751;1859;3;1.4001398166445117E7
752;1861;2;1.4001398166445117E7
753;1867;6;1.4001398166445117E7
754;1868;1;1.4001398166445117E7
755;1869;1;1.4001398166445117E7
756;1874;5;1.4001398166445117E7
757;1876;2;1.4001398166445117E7
758;1880;4;1.4001398166445117E7
759;1885;5;1.4001398166445117E7
760;1891;6;1.4001398166445117E7
761;1896;5;1.4001398166445117E7
762;1899;3;1.4001398166445117E7
763;1901;2;1.4001398166445117E7
764;1905;4;1.4001398166445117E7
765;1908;3;1.4001398166445117E7
766;1910;2;1.4001398166445117E7
767;1912;2;1.4001398166445117E7
768;1916;4;1.4001398166445117E7
769;1917;1;1.4001398166445117E7
770;1919;2;1.4001398166445117E7
771;1921;2;1.4001398166445117E7
772;1925;4;1.4001398166445117E7
773;1928;3;1.4001398166445117E7
774;1931;3;1.4001398166445117E7
775;1934;3;1.4001398166445117E7
776;1937;3;1.4001398166445117E7
777;1940;3;1.4001398166445117E7
778;1944;4;1.4001398166445117E7
779;1946;2;1.4001398166445117E7
780;1948;2;1.4001398166445117E7
781;1951;3;1.4001398166445117E7
782;1955;4;1.4001398166445117E7
783;1956;1;1.4001398166445117E7
784;1960;4;1.4001398166445117E7
785;1963;3;1.4001398166445117E7
786;1967;4;1.4001398166445117E7
787;1970;3;1.4001398166445117E7
788;1974;4;1.4001398166445117E7
789;1978;4;1.4001398166445117E7
790;1981;3;1.4001398166445117E7
791;1985;4;1.4001398166445117E7
792;1986;1;1.4001398166445117E7
793;1990;4;1.4001398166445117E7
794;1993;3;1.4001398166445117E7
795;1997;4;1.4001398166445117E7
796;2000;3;1.4001398166445117E7
797;2004;4;1.4001398166445117E7
798;2009;5;1.4001398166445117E7
799;2012;3;1.4001398166445117E7
800;2016;4;1.4001398166445117E7
801;2019;3;1.4001398166445117E7
802;2043;24;1.4001398166445117E7
803;2045;2;1.4001398166445117E7
804;2050;5;1.4001398166445117E7
805;2051;1;1.4001398166445117E7
806;2062;11;1.4001398166445117E7
807;2064;2;1.4001398166445117E7
808;2070;6;1.4001398166445117E7
809;2072;2;1.4001398166445117E7
810;2081;9;1.4001398166445117E7
811;2086;5;1.4001398166445117E7
812;2088;2;1.4001398166445117E7
813;2094;6;1.4001398166445117E7
814;2098;4;1.4001398166445117E7
815;2101;3;1.4001398166445117E7
816;2103;2;1.4001398166445117E7
817;2108;5;1.4001398166445117E7
818;2109;1;1.4001398166445117E7
819;2111;2;1.4001398166445117E7
820;2116;5;1.4001398166445117E7
821;2118;2;1.4001398166445117E7
822;2121;3;1.4001398166445117E7
823;2122;1;1.4001398166445117E7
824;2126;4;1.4001398166445117E7
825;2132;6;1.4001398166445117E7
826;2133;1;1.4001398166445117E7
827;2134;1;1.4001398166445117E7
828;2136;2;1.4001398166445117E7
829;2137;1;1.4001398166445117E7
830;2140;3;1.4001398166445117E7
831;2142;2;1.4001398166445117E7
832;2144;2;1.4001398166445117E7
833;2146;2;1.4001398166445117E7
834;2149;3;1.4001398166445117E7
835;2151;2;1.4001398166445117E7
836;2154;3;1.4001398166445117E7
837;2157;3;1.4001398166445117E7
838;2159;2;1.4001398166445117E7
839;2161;2;1.4001398166445117E7
840;2164;3;1.4001398166445117E7
841;2166;2;1.4001398166445117E7
842;2169;3;1.4001398166445117E7
843;2173;4;1.4001398166445117E7
844;2178;5;1.4001398166445117E7
845;2182;4;1.4001398166445117E7
846;2186;4;1.4001398166445117E7
847;2187;1;1.4001398166445117E7
848;2191;4;1.4001398166445117E7
849;2196;5;1.4001398166445117E7
850;2200;4;1.4001398166445117E7
851;2204;4;1.4001398166445117E7
852;2213;9;1.4001398166445117E7
853;2217;4;1.4001398166445117E7
854;2220;3;1.4001398166445117E7
855;2224;4;1.4001398166445117E7
856;2228;4;1.4001398166445117E7
857;2232;4;1.4001398166445117E7
858;2235;3;1.4001398166445117E7
859;2237;2;1.4001398166445117E7
860;2240;3;1.4001398166445117E7
861;2242;2;1.4001398166445117E7
862;2245;3;1.4001398166445117E7
863;2245;0;1.4001398166445117E7
864;2249;4;1.4001398166445117E7
865;2251;2;1.4001398166445117E7
866;2254;3;1.4001398166445117E7
867;2257;3;1.4001398166445117E7
868;2260;3;1.4001398166445117E7
869;2262;2;1.4001398166445117E7
870;2264;2;1.4001398166445117E7
871;2268;4;1.4001398166445117E7
872;2272;4;1.4001398166445117E7
873;2275;3;1.4001398166445117E7
874;2279;4;1.4001398166445117E7
875;2283;4;1.4001398166445117E7
876;2288;5;1.4001398166445117E7
877;2291;3;1.4001398166445117E7
878;2295;4;1.4001398166445117E7
879;2308;13;1.4001398166445117E7
880;2313;5;1.4001398166445117E7
881;2320;7;1.4001398166445117E7
882;2322;2;1.4001398166445117E7
883;2324;2;1.4001398166445117E7
884;2324;0;1.4001398166445117E7
885;2325;1;1.4001398166445117E7
886;2325;0;1.4001398166445117E7
887;2329;4;1.4001398166445117E7
888;2334;5;1.4001398166445117E7
889;2338;4;1.4001398166445117E7
890;2342;4;1.4001398166445117E7
891;2346;4;1.4001398166445117E7
892;2349;3;1.4001398166445117E7
893;2351;2;1.4001398166445117E7
894;2353;2;1.4001398166445117E7
895;2357;4;1.4001398166445117E7
896;2360;3;1.4001398166445117E7
897;2362;2;1.4001398166445117E7
898;2365;3;1.4001398166445117E7
899;2368;3;1.4001398166445117E7
900;2372;4;1.4001398166445117E7
901;2372;0;1.4001398166445117E7
902;2373;1;1.4001398166445117E7
903;2376;3;1.4001398166445117E7
904;2376;0;1.4001398166445117E7
905;2379;3;1.4001398166445117E7
906;2383;4;1.4001398166445117E7
907;2386;3;1.4001398166445117E7
908;2388;2;1.4001398166445117E7
909;2390;2;1.4001398166445117E7
910;2391;1;1.4001398166445117E7
911;2394;3;1.4001398166445117E7
912;2396;2;1.4001398166445117E7
913;2399;3;1.4001398166445117E7
914;2402;3;1.4001398166445117E7
915;2403;1;1.4001398166445117E7
916;2406;3;1.4001398166445117E7
917;2407;1;1.4001398166445117E7
918;2409;2;1.4001398166445117E7
919;2412;3;1.4001398166445117E7
920;2414;2;1.4001398166445117E7
921;2417;3;1.4001398166445117E7
922;2419;2;1.4001398166445117E7
923;2421;2;1.4001398166445117E7
924;2425;4;1.4001398166445117E7
925;2427;2;1.4001398166445117E7
926;2429;2;1.4001398166445117E7
927;2432;3;1.4001398166445117E7
928;2435;3;1.4001398166445117E7
929;2438;3;1.4001398166445117E7
930;2440;2;1.4001398166445117E7
931;2443;3;1.4001398166445117E7
932;2446;3;1.4001398166445117E7
933;2447;1;1.4001398166445117E7
934;2449;2;1.4001398166445117E7
935;2451;2;1.4001398166445117E7
936;2454;3;1.4001398166445117E7
937;2454;0;1.4001398166445117E7
938;2457;3;1.4001398166445117E7
939;2458;1;1.4001398166445117E7
940;2460;2;1.4001398166445117E7
941;2461;1;1.4001398166445117E7
942;2464;3;1.4001398166445117E7
943;2467;3;1.4001398166445117E7
944;2469;2;1.4001398166445117E7
945;2471;2;1.4001398166445117E7
946;2474;3;1.4001398166445117E7
947;2479;5;1.4001398166445117E7
948;2484;5;1.4001398166445117E7
949;2486;2;1.4001398166445117E7
950;2489;3;1.4001398166445117E7
951;2501;12;1.4001398166445117E7
952;2504;3;1.4001398166445117E7
953;2508;4;1.4001398166445117E7
954;2514;6;1.4001398166445117E7
955;2517;3;1.4001398166445117E7
956;2521;4;1.4001398166445117E7
957;2525;4;1.4001398166445117E7
958;2525;0;1.4001398166445117E7
959;2526;1;1.4001398166445117E7
960;2532;6;1.4001398166445117E7
961;2536;4;1.4001398166445117E7
962;2537;1;1.4001398166445117E7
963;2540;3;1.4001398166445117E7
964;2543;3;1.4001398166445117E7
965;2550;7;1.4001398166445117E7
966;2554;4;1.4001398166445117E7
967;2558;4;1.4001398166445117E7
968;2566;8;1.4001398166445117E7
969;2570;4;1.4001398166445117E7
970;2573;3;1.4001398166445117E7
971;2575;2;1.4001398166445117E7
972;2579;4;1.4001398166445117E7
973;2581;2;1.4001398166445117E7
974;2582;1;1.4001398166445117E7
975;2585;3;1.4001398166445117E7
976;2586;1;1.4001398166445117E7
977;2588;2;1.4001398166445117E7
978;2589;1;1.4001398166445117E7
979;2591;2;1.4001398166445117E7
980;2594;3;1.4001398166445117E7
981;2598;4;1.4001398166445117E7
982;2598;0;1.4001398166445117E7
983;2601;3;1.4001398166445117E7
984;2602;1;1.4001398166445117E7
985;2604;2;1.4001398166445117E7
986;2607;3;1.4001398166445117E7
987;2608;1;1.4001398166445117E7
988;2610;2;1.4001398166445117E7
989;2612;2;1.4001398166445117E7
990;2614;2;1.4001398166445117E7
991;2615;1;1.4001398166445117E7
992;2618;3;1.4001398166445117E7
993;2618;0;1.4001398166445117E7
994;2621;3;1.4001398166445117E7
995;2623;2;1.4001398166445117E7
996;2626;3;1.4001398166445117E7
997;2627;1;1.4001398166445117E7
998;2629;2;1.4001398166445117E7
999;2631;2;1.4001398166445117E7
1000;2632;1;1.4001398166445117E7
1001;2635;3;1.4001398166445117E7
1002;2638;3;1.4001398166445117E7
1003;2639;1;1.4001398166445117E7
1004;2642;3;1.4001398166445117E7
1005;2649;7;1.4001398166445117E7
1006;2656;7;1.4001398166445117E7
1007;2662;6;1.4001398166445117E7
1008;2664;2;1.4001398166445117E7
1009;2667;3;1.4001398166445117E7
1010;2670;3;1.4001398166445117E7
1011;2672;2;1.4001398166445117E7
1012;2674;2;1.4001398166445117E7
1013;2676;2;1.4001398166445117E7
1014;2678;2;1.4001398166445117E7
1015;2680;2;1.4001398166445117E7
1016;2686;6;1.4001398166445117E7
1017;2691;5;1.4001398166445117E7
1018;2694;3;1.4001398166445117E7
1019;2699;5;1.4001398166445117E7
1020;2702;3;1.4001398166445117E7
1021;2706;4;1.4001398166445117E7
1022;2708;2;1.4001398166445117E7
1023;2710;2;1.4001398166445117E7
1024;2714;4;1.4001398166445117E7
1025;2716;2;1.4001398166445117E7
1026;2720;4;1.4001398166445117E7
1027;2725;5;1.4001398166445117E7
1028;2727;2;1.4001398166445117E7
1029;2731;4;1.4001398166445117E7
1030;2733;2;1.4001398166445117E7
1031;2735;2;1.4001398166445117E7
1032;2736;1;1.4001398166445117E7
1033;2739;3;1.4001398166445117E7
1034;2740;1;1.4001398166445117E7
1035;2743;3;1.4001398166445117E7
1036;2747;4;1.4001398166445117E7
1037;2748;1;1.4001398166445117E7
1038;2754;6;1.4001398166445117E7
1039;2756;2;1.4001398166445117E7
1040;2759;3;1.4001398166445117E7
1041;2764;5;1.4001398166445117E7
1042;2767;3;1.4001398166445117E7
1043;2771;4;1.4001398166445117E7
1044;2774;3;1.4001398166445117E7
1045;2775;1;1.4001398166445117E7
1046;2777;2;1.4001398166445117E7
1047;2782;5;1.4001398166445117E7
1048;2784;2;1.4001398166445117E7
1049;2786;2;1.4001398166445117E7
1050;2791;5;1.4001398166445117E7
1051;2794;3;1.4001398166445117E7
1052;2798;4;1.4001398166445117E7
1053;2801;3;1.4001398166445117E7
1054;2804;3;1.4001398166445117E7
1055;2809;5;1.4001398166445117E7
1056;2810;1;1.4001398166445117E7
1057;2811;1;1.4001398166445117E7
1058;2816;5;1.4001398166445117E7
1059;2820;4;1.4001398166445117E7
1060;2823;3;1.4001398166445117E7
1061;2826;3;1.4001398166445117E7
1062;2830;4;1.4001398166445117E7
1063;2833;3;1.4001398166445117E7
1064;2838;5;1.4001398166445117E7
1065;2841;3;1.4001398166445117E7
1066;2846;5;1.4001398166445117E7
1067;2846;0;1.4001398166445117E7
1068;2849;3;1.4001398166445117E7
1069;2853;4;1.4001398166445117E7
1070;2856;3;1.4001398166445117E7
1071;2858;2;1.4001398166445117E7
1072;2861;3;1.4001398166445117E7
1073;2863;2;1.4001398166445117E7
1074;2867;4;1.4001398166445117E7
1075;2871;4;1.4001398166445117E7
1076;2874;3;1.4001398166445117E7
1077;2878;4;1.4001398166445117E7
1078;2882;4;1.4001398166445117E7
1079;2883;1;1.4001398166445117E7
1080;2885;2;1.4001398166445117E7
1081;2888;3;1.4001398166445117E7
1082;2892;4;1.4001398166445117E7
1083;2895;3;1.4001398166445117E7
1084;2899;4;1.4001398166445117E7
1085;2900;1;1.4001398166445117E7
1086;2902;2;1.4001398166445117E7
1087;2905;3;1.4001398166445117E7
1088;2909;4;1.4001398166445117E7
1089;2911;2;1.4001398166445117E7
1090;2915;4;1.4001398166445117E7
1091;2918;3;1.4001398166445117E7
1092;2921;3;1.4001398166445117E7
1093;2927;6;1.4001398166445117E7
1094;2930;3;1.4001398166445117E7
1095;2934;4;1.4001398166445117E7
1096;2935;1;1.4001398166445117E7
1097;2939;4;1.4001398166445117E7
1098;2943;4;1.4001398166445117E7
1099;2944;1;1.4001398166445117E7
1100;2948;4;1.4001398166445117E7
1101;2951;3;1.4001398166445117E7
1102;2954;3;1.4001398166445117E7
1103;2957;3;1.4001398166445117E7
1104;2960;3;1.4001398166445117E7
1105;2962;2;1.4001398166445117E7
1106;2967;5;1.4001398166445117E7
1107;2972;5;1.4001398166445117E7
1108;2977;5;1.4001398166445117E7
1109;2983;6;1.4001398166445117E7
1110;2987;4;1.4001398166445117E7
1111;2989;2;1.4001398166445117E7
1112;2993;4;1.4001398166445117E7
1113;2999;6;1.4001398166445117E7
1114;3001;2;1.4001398166445117E7
1115;3006;5;1.4001398166445117E7
1116;3011;5;1.4001398166445117E7
1117;3012;1;1.4001398166445117E7
1118;3016;4;1.4001398166445117E7
1119;3019;3;1.4001398166445117E7
1120;3023;4;1.4001398166445117E7
1121;3028;5;1.4001398166445117E7
1122;3033;5;1.4001398166445117E7
1123;3034;1;1.4001398166445117E7
1124;3037;3;1.4001398166445117E7
1125;3043;6;1.4001398166445117E7
1126;3044;1;1.4001398166445117E7
1127;3046;2;1.4001398166445117E7
1128;3049;3;1.4001398166445117E7
1129;3052;3;1.4001398166445117E7
1130;3056;4;1.4001398166445117E7
1131;3057;1;1.4001398166445117E7
1132;3061;4;1.4001398166445117E7
1133;3064;3;1.4001398166445117E7
1134;3068;4;1.4001398166445117E7
1135;3073;5;1.4001398166445117E7
1136;3076;3;1.4001398166445117E7
1137;3078;2;1.4001398166445117E7
1138;3083;5;1.4001398166445117E7
1139;3086;3;1.4001398166445117E7
1140;3090;4;1.4001398166445117E7
1141;3093;3;1.4001398166445117E7
1142;3097;4;1.4001398166445117E7
1143;3102;5;1.4001398166445117E7
1144;3103;1;1.4001398166445117E7
1145;3107;4;1.4001398166445117E7
1146;3107;0;1.4001398166445117E7
1147;3111;4;1.4001398166445117E7
1148;3114;3;1.4001398166445117E7
1149;3117;3;1.4001398166445117E7
1150;3121;4;1.4001398166445117E7
1151;3123;2;1.4001398166445117E7
1152;3126;3;1.4001398166445117E7
1153;3131;5;1.4001398166445117E7
1154;3132;1;1.4001398166445117E7
1155;3136;4;1.4001398166445117E7
1156;3141;5;1.4001398166445117E7
1157;3142;1;1.4001398166445117E7
1158;3146;4;1.4001398166445117E7
1159;3154;8;1.4001398166445117E7
1160;3158;4;1.4001398166445117E7
1161;3162;4;1.4001398166445117E7
1162;3163;1;1.4001398166445117E7
1163;3165;2;1.4001398166445117E7
1164;3170;5;1.4001398166445117E7
1165;3174;4;1.4001398166445117E7
1166;3178;4;1.4001398166445117E7
1167;3180;2;1.4001398166445117E7
1168;3183;3;1.4001398166445117E7
1169;3187;4;1.4001398166445117E7
1170;3192;5;1.4001398166445117E7
1171;3193;1;1.4001398166445117E7
1172;3197;4;1.4001398166445117E7
1173;3198;1;1.4001398166445117E7
1174;3202;4;1.4001398166445117E7
1175;3207;5;1.4001398166445117E7
1176;3212;5;1.4001398166445117E7
1177;3217;5;1.4001398166445117E7
1178;3220;3;1.4001398166445117E7
1179;3224;4;1.4001398166445117E7
1180;3227;3;1.4001398166445117E7
1181;3230;3;1.4001398166445117E7
1182;3234;4;1.4001398166445117E7
1183;3240;6;1.4001398166445117E7
1184;3248;8;1.4001398166445117E7
1185;3255;7;1.4001398166445117E7
1186;3259;4;1.4001398166445117E7
1187;3262;3;1.4001398166445117E7
1188;3267;5;1.4001398166445117E7
1189;3272;5;1.4001398166445117E7
1190;3276;4;1.4001398166445117E7
1191;3280;4;1.4001398166445117E7
1192;3282;2;1.4001398166445117E7
1193;3283;1;1.4001398166445117E7
1194;3288;5;1.4001398166445117E7
1195;3292;4;1.4001398166445117E7
1196;3296;4;1.4001398166445117E7
1197;3300;4;1.4001398166445117E7
1198;3305;5;1.4001398166445117E7
1199;3309;4;1.4001398166445117E7
1200;3313;4;1.4001398166445117E7
1201;3318;5;1.4001398166445117E7
1202;3321;3;1.4001398166445117E7
1203;3325;4;1.4001398166445117E7
1204;3327;2;1.4001398166445117E7
1205;3334;7;1.4001398166445117E7
1206;3336;2;1.4001398166445117E7
1207;3341;5;1.4001398166445117E7
1208;3344;3;1.4001398166445117E7
1209;3350;6;1.4001398166445117E7
1210;3353;3;1.4001398166445117E7
1211;3357;4;1.4001398166445117E7
1212;3361;4;1.4001398166445117E7
1213;3365;4;1.4001398166445117E7
1214;3370;5;1.4001398166445117E7
1215;3372;2;1.4001398166445117E7
1216;3377;5;1.4001398166445117E7
1217;3381;4;1.4001398166445117E7
1218;3383;2;1.4001398166445117E7
1219;3389;6;1.4001398166445117E7
1220;3394;5;1.4001398166445117E7
1221;3400;6;1.4001398166445117E7
1222;3401;1;1.4001398166445117E7
1223;3405;4;1.4001398166445117E7
1224;3409;4;1.4001398166445117E7
1225;3415;6;1.4001398166445117E7
1226;3421;6;1.4001398166445117E7
1227;3423;2;1.4001398166445117E7
1228;3427;4;1.4001398166445117E7
1229;3430;3;1.4001398166445117E7
1230;3435;5;1.4001398166445117E7
1231;3440;5;1.4001398166445117E7
1232;3444;4;1.4001398166445117E7
1233;3445;1;1.4001398166445117E7
1234;3450;5;1.4001398166445117E7
1235;3454;4;1.4001398166445117E7
1236;3459;5;1.4001398166445117E7
1237;3464;5;1.4001398166445117E7
1238;3469;5;1.4001398166445117E7
1239;3473;4;1.4001398166445117E7
1240;3480;7;1.4001398166445117E7
1241;3484;4;1.4001398166445117E7
1242;3485;1;1.4001398166445117E7
1243;3490;5;1.4001398166445117E7
1244;3495;5;1.4001398166445117E7
1245;3500;5;1.4001398166445117E7
1246;3505;5;1.4001398166445117E7
1247;3510;5;1.4001398166445117E7
1248;3511;1;1.4001398166445117E7
1249;3514;3;1.4001398166445117E7
1250;3522;8;1.4001398166445117E7
1251;3527;5;1.4001398166445117E7
1252;3531;4;1.4001398166445117E7
1253;3540;9;1.4001398166445117E7
1254;3546;6;1.4001398166445117E7
1255;3551;5;1.4001398166445117E7
1256;3557;6;1.4001398166445117E7
1257;3562;5;1.4001398166445117E7
1258;3566;4;1.4001398166445117E7
1259;3572;6;1.4001398166445117E7
1260;3577;5;1.4001398166445117E7
1261;3578;1;1.4001398166445117E7
1262;3582;4;1.4001398166445117E7
1263;3586;4;1.4001398166445117E7
1264;3591;5;1.4001398166445117E7
1265;3592;1;1.4001398166445117E7
1266;3595;3;1.4001398166445117E7
1267;3600;5;1.4001398166445117E7
1268;3603;3;1.4001398166445117E7
1269;3607;4;1.4001398166445117E7
1270;3608;1;1.4001398166445117E7
1271;3613;5;1.4001398166445117E7
1272;3615;2;1.4001398166445117E7
1273;3620;5;1.4001398166445117E7
1274;3625;5;1.4001398166445117E7
1275;3629;4;1.4001398166445117E7
1276;3634;5;1.4001398166445117E7
1277;3638;4;1.4001398166445117E7
1278;3642;4;1.4001398166445117E7
1279;3643;1;1.4001398166445117E7
1280;3647;4;1.4001398166445117E7
1281;3651;4;1.4001398166445117E7
1282;3656;5;1.4001398166445117E7
1283;3659;3;1.4001398166445117E7
1284;3663;4;1.4001398166445117E7
1285;3664;1;1.4001398166445117E7
1286;3674;10;1.4001398166445117E7
1287;3681;7;1.4001398166445117E7
1288;3686;5;1.4001398166445117E7
1289;3689;3;1.400139280134618E7
1290;3698;9;1.400139280134618E7
1291;3699;1;1.400139280134618E7
1292;3702;3;1.400139280134618E7
1293;3707;5;1.4001389440460127E7
1294;3712;5;1.4001389440460127E7
1295;3716;4;1.4001389440460127E7
1296;3717;1;1.4001389440460127E7
1297;3721;4;1.4001388444450803E7
1298;3726;5;1.4001388444450803E7
1299;3729;3;1.4001388444450803E7
1300;3734;5;1.4001388444450803E7
1301;3739;5;1.4001372122585516E7
1302;3742;3;1.4001372122585516E7
1303;3745;3;1.4001372122585516E7
1304;3750;5;1.4001372122585516E7
1305;3751;1;1.4001372122585516E7
1306;3756;5;1.4001372122585516E7
1307;3757;1;1.4001372122585516E7
1308;3760;3;1.4001372122585516E7
1309;3763;3;1.4001372122585516E7
1310;3766;3;1.4001372122585516E7
1311;3771;5;1.4001372122585516E7
1312;3774;3;1.4001372122585516E7
1313;3775;1;1.4001372122585516E7
1314;3779;4;1.4001372122585516E7
1315;3782;3;1.4001372122585516E7
1316;3784;2;1.4001372122585516E7
1317;3788;4;1.4001372122585516E7
1318;3789;1;1.4001372122585516E7
1319;3792;3;1.4001372122585516E7
1320;3793;1;1.4001372122585516E7
1321;3797;4;1.4001372122585516E7
1322;3801;4;1.4001372122585516E7
1323;3805;4;1.4001372122585516E7
1324;3809;4;1.4001372122585516E7
1325;3813;4;1.4001372122585516E7
1326;3815;2;1.4001372122585516E7
1327;3819;4;1.4001372122585516E7
1328;3824;5;1.4001372122585516E7
1329;3829;5;1.4001372122585516E7
1330;3832;3;1.4001372122585516E7
1331;3837;5;1.4001372122585516E7
1332;3841;4;1.4001372122585516E7
1333;3842;1;1.4001372122585516E7
1334;3842;0;1.4001372122585516E7
1335;3847;5;1.4001372122585516E7
1336;3851;4;1.4001372122585516E7
1337;3852;1;1.4001372122585516E7
1338;3856;4;1.4001372122585516E7
1339;3859;3;1.4001372122585516E7
1340;3860;1;1.4001372122585516E7
1341;3861;1;1.4001372122585516E7
1342;3865;4;1.4001372122585516E7
1343;3868;3;1.4001372122585516E7
1344;3871;3;1.4001372122585516E7
1345;3874;3;1.4001372122585516E7
1346;3877;3;1.4001372122585516E7
1347;3878;1;1.4001372122585516E7
1348;3881;3;1.4001372122585516E7
1349;3882;1;1.4001372122585516E7
1350;3887;5;1.4001372122585516E7
1351;3889;2;1.4001372122585516E7
1352;3891;2;1.4001372122585516E7
1353;3893;2;1.4001372122585516E7
1354;3896;3;1.4001372122585516E7
1355;3898;2;1.4001372122585516E7
1356;3901;3;1.4001372122585516E7
1357;3903;2;1.4001372122585516E7
1358;3907;4;1.4001372122585516E7
1359;3910;3;1.4001372122585516E7
1360;3911;1;1.4001372122585516E7
1361;3913;2;1.4001372122585516E7
1362;3916;3;1.4001372122585516E7
1363;3918;2;1.4001372122585516E7
1364;3921;3;1.4001372122585516E7
1365;3924;3;1.4001372122585516E7
1366;3925;1;1.4001372122585516E7
1367;3927;2;1.4001372122585516E7
1368;3931;4;1.4001372122585516E7
1369;3932;1;1.4001372122585516E7
1370;3933;1;1.4001372122585516E7
1371;3935;2;1.4001372122585516E7
1372;3938;3;1.4001372122585516E7
1373;3940;2;1.4001372122585516E7
1374;3943;3;1.4001372122585516E7
1375;3946;3;1.4001372122585516E7
1376;3950;4;1.4001372122585516E7
1377;3953;3;1.4001372122585516E7
1378;3954;1;1.4001372122585516E7
1379;3958;4;1.4001372122585516E7
1380;3962;4;1.4001372122585516E7
1381;3963;1;1.4001372122585516E7
1382;3963;0;1.4001372122585516E7
1383;3964;1;1.4001372122585516E7
1384;3966;2;1.4001372122585516E7
1385;3970;4;1.4001372122585516E7
1386;3973;3;1.4001372122585516E7
1387;3974;1;1.4001372122585516E7
1388;3977;3;1.4001372122585516E7
1389;3980;3;1.4001372122585516E7
1390;3981;1;1.4001372122585516E7
1391;3985;4;1.4001372122585516E7
1392;3987;2;1.4001372122585516E7
1393;3990;3;1.4001372122585516E7
1394;3993;3;1.4001372122585516E7
1395;3994;1;1.4001372122585516E7
1396;3996;2;1.4001372122585516E7
1397;3999;3;1.4001372122585516E7
1398;4001;2;1.4001372122585516E7
1399;4002;1;1.4001372122585516E7
1400;4004;2;1.4001363668590242E7
1401;4007;3;1.400134277053285E7
1402;4009;2;1.4001340747051945E7
1403;4012;3;1.4001340747051945E7
1404;4012;0;1.4001340747051945E7
1405;4013;1;1.4001340747051945E7
1406;4014;1;1.4001340747051945E7
1407;4017;3;1.4001340747051945E7
1408;4020;3;1.4001340747051945E7
1409;4022;2;1.4001340747051945E7
1410;4025;3;1.4001340747051945E7
1411;4029;4;1.4001340747051945E7
1412;4030;1;1.4001340747051945E7
1413;4033;3;1.4001340747051945E7
1414;4035;2;1.4001340747051945E7
1415;4038;3;1.4001340747051945E7
1416;4041;3;1.4001340747051945E7
1417;4041;0;1.4001340747051945E7
1418;4043;2;1.4001340747051945E7
1419;4048;5;1.4001340747051945E7
1420;4050;2;1.4001340747051945E7
1421;4051;1;1.4001340747051945E7
1422;4051;0;1.4001340747051945E7
1423;4055;4;1.4001340747051945E7
1424;4057;2;1.4001340747051945E7
1425;4060;3;1.4001340747051945E7
1426;4061;1;1.4001340747051945E7
1427;4063;2;1.4001340747051945E7
1428;4063;0;1.4001340747051945E7
1429;4065;2;1.4001340747051945E7
1430;4067;2;1.4001340747051945E7
1431;4068;1;1.4001340747051945E7
1432;4070;2;1.4001340747051945E7
1433;4072;2;1.4001340747051945E7
1434;4074;2;1.4001340747051945E7
1435;4077;3;1.4001340747051945E7
1436;4079;2;1.4001340747051945E7
1437;4081;2;1.4001340747051945E7
1438;4082;1;1.4001340747051945E7
1439;4085;3;1.4001340747051945E7
1440;4087;2;1.4001340747051945E7
1441;4090;3;1.4001340747051945E7
1442;4091;1;1.4001340747051945E7
1443;4093;2;1.4001340747051945E7
1444;4096;3;1.4001340747051945E7
1445;4098;2;1.4001340747051945E7
1446;4100;2;1.4001340747051945E7
1447;4101;1;1.4001340747051945E7
1448;4102;1;1.4001340747051945E7
1449;4103;1;1.4001340747051945E7
1450;4106;3;1.4001340747051945E7
1451;4108;2;1.4001340747051945E7
1452;4109;1;1.4001340747051945E7
1453;4111;2;1.4001340747051945E7
1454;4114;3;1.4001340747051945E7
1455;4115;1;1.4001340747051945E7
1456;4118;3;1.4001340747051945E7
1457;4120;2;1.4001340747051945E7
1458;4121;1;1.4001340747051945E7
1459;4122;1;1.4001340747051945E7
1460;4124;2;1.4001340747051945E7
1461;4126;2;1.4001340747051945E7
1462;4127;1;1.4001340747051945E7
1463;4130;3;1.4001340747051945E7
1464;4133;3;1.4001340747051945E7
1465;4138;5;1.4001340747051945E7
1466;4140;2;1.4001340747051945E7
1467;4145;5;1.4001340747051945E7
1468;4150;5;1.4001340747051945E7
1469;4153;3;1.4001340747051945E7
1470;4157;4;1.4001340747051945E7
1471;4161;4;1.4001340747051945E7
1472;4164;3;1.4001340747051945E7
1473;4167;3;1.4001340747051945E7
1474;4170;3;1.4001340747051945E7
1475;4171;1;1.4001340747051945E7
1476;4172;1;1.4001340747051945E7
1477;4173;1;1.4001340747051945E7
1478;4175;2;1.4001340747051945E7
1479;4177;2;1.4001340747051945E7
1480;4179;2;1.4001340747051945E7
1481;4179;0;1.4001340747051945E7
1482;4181;2;1.4001340747051945E7
1483;4184;3;1.4001340747051945E7
1484;4186;2;1.4001340747051945E7
1485;4189;3;1.4001340747051945E7
1486;4190;1;1.4001340747051945E7
1487;4192;2;1.4001340747051945E7
1488;4193;1;1.4001340747051945E7
1489;4193;0;1.4001340747051945E7
1490;4196;3;1.4001340747051945E7
1491;4196;0;1.4001340747051945E7
1492;4198;2;1.4001340747051945E7
1493;4200;2;1.4001340747051945E7
1494;4201;1;1.4001340747051945E7
1495;4201;0;1.4001340747051945E7
1496;4203;2;1.4001340747051945E7
1497;4205;2;1.4001340747051945E7
1498;4208;3;1.4001340747051945E7
1499;4209;1;1.4001340747051945E7
1500;4212;3;1.4001340747051945E7
1501;4214;2;1.4001340747051945E7
1502;4214;0;1.4001340747051945E7
1503;4216;2;1.4001340747051945E7
1504;4217;1;1.4001340747051945E7
1505;4217;0;1.4001340747051945E7
1506;4219;2;1.4001340747051945E7
1507;4222;3;1.4001340747051945E7
1508;4226;4;1.4001340747051945E7
1509;4230;4;1.4001340747051945E7
1510;4232;2;1.4001340747051945E7
1511;4234;2;1.4001340747051945E7
1512;4237;3;1.4001340747051945E7
1513;4240;3;1.4001340747051945E7
1514;4243;3;1.4001340747051945E7
1515;4245;2;1.4001340747051945E7
1516;4247;2;1.4001340747051945E7
1517;4250;3;1.4001340747051945E7
1518;4253;3;1.4001340747051945E7
1519;4255;2;1.4001340747051945E7
1520;4256;1;1.4001340747051945E7
1521;4259;3;1.4001340747051945E7
1522;4261;2;1.4001340747051945E7
1523;4262;1;1.4001340747051945E7
1524;4264;2;1.4001340747051945E7
1525;4266;2;1.4001340747051945E7
1526;4267;1;1.4001340747051945E7
1527;4270;3;1.4001340747051945E7
1528;4271;1;1.4001340747051945E7
1529;4274;3;1.4001340747051945E7
1530;4277;3;1.4001340747051945E7
1531;4280;3;1.4001340747051945E7
1532;4283;3;1.4001340747051945E7
1533;4284;1;1.4001340747051945E7
1534;4285;1;1.4001340747051945E7
1535;4288;3;1.4001340747051945E7
1536;4292;4;1.4001340747051945E7
1537;4294;2;1.4001340747051945E7
1538;4296;2;1.4001340747051945E7
1539;4297;1;1.4001340747051945E7
1540;4298;1;1.4001340747051945E7
1541;4298;0;1.4001340747051945E7
1542;4301;3;1.4001340747051945E7
1543;4301;0;1.4001340747051945E7
1544;4304;3;1.4001340747051945E7
1545;4305;1;1.4001340747051945E7
1546;4308;3;1.4001340747051945E7
1547;4309;1;1.4001340747051945E7
1548;4309;0;1.4001340747051945E7
1549;4312;3;1.4001340747051945E7
1550;4313;1;1.4001340747051945E7
1551;4316;3;1.4001340747051945E7
1552;4317;1;1.4001340747051945E7
1553;4320;3;1.4001340747051945E7
1554;4322;2;1.4001340747051945E7
1555;4324;2;1.4001340747051945E7
1556;4324;0;1.4001340747051945E7
1557;4327;3;1.4001340747051945E7
1558;4329;2;1.4001340747051945E7
1559;4330;1;1.4001340747051945E7
1560;4333;3;1.4001340747051945E7
1561;4334;1;1.4001340747051945E7
1562;4334;0;1.4001340747051945E7
1563;4337;3;1.4001340747051945E7
1564;4341;4;1.4001340747051945E7
1565;4343;2;1.4001340747051945E7
1566;4345;2;1.4001340747051945E7
1567;4349;4;1.4001340747051945E7
1568;4351;2;1.4001340747051945E7
1569;4354;3;1.4001340747051945E7
1570;4356;2;1.4001340747051945E7
1571;4359;3;1.4001340747051945E7
1572;4361;2;1.4001340747051945E7
1573;4363;2;1.4001340747051945E7
1574;4367;4;1.4001340747051945E7
1575;4368;1;1.4001340747051945E7
1576;4368;0;1.4001340747051945E7
1577;4370;2;1.4001340747051945E7
1578;4374;4;1.4001340747051945E7
1579;4378;4;1.4001340747051945E7
1580;4380;2;1.4001340747051945E7
1581;4381;1;1.4001340747051945E7
1582;4388;7;1.4001340747051945E7
1583;4389;1;1.4001340747051945E7
1584;4392;3;1.4001340747051945E7
1585;4395;3;1.4001340747051945E7
1586;4396;1;1.4001340747051945E7
1587;4399;3;1.4001340747051945E7
1588;4401;2;1.4001340747051945E7
1589;4406;5;1.4001340747051945E7
1590;4410;4;1.4001340747051945E7
1591;4412;2;1.4001340747051945E7
1592;4416;4;1.4001340747051945E7
1593;4421;5;1.4001340747051945E7
1594;4424;3;1.4001340747051945E7
1595;4427;3;1.4001340747051945E7
1596;4431;4;1.4001340747051945E7
1597;4436;5;1.4001340747051945E7
1598;4438;2;1.4001340747051945E7
1599;4439;1;1.4001340747051945E7
1600;4441;2;1.4001340747051945E7
1601;4445;4;1.4001340747051945E7
1602;4450;5;1.4001340747051945E7
1603;4453;3;1.4001340747051945E7
1604;4456;3;1.4001340747051945E7
1605;4459;3;1.4001340747051945E7
1606;4463;4;1.4001340747051945E7
1607;4465;2;1.4001340747051945E7
1608;4469;4;1.4001340747051945E7
1609;4472;3;1.4001340747051945E7
1610;4474;2;1.4001340747051945E7
1611;4477;3;1.4001340747051945E7
1612;4480;3;1.4001340747051945E7
1613;4483;3;1.4001340747051945E7
1614;4486;3;1.4001340747051945E7
1615;4490;4;1.4001340747051945E7
1616;4491;1;1.4001340747051945E7
1617;4492;1;1.4001340747051945E7
1618;4495;3;1.4001340747051945E7
1619;4498;3;1.4001340747051945E7
1620;4501;3;1.4001340747051945E7
1621;4505;4;1.4001340747051945E7
1622;4508;3;1.4001340747051945E7
1623;4510;2;1.4001340747051945E7
1624;4514;4;1.4001340747051945E7
1625;4518;4;1.4001340747051945E7
1626;4519;1;1.4001340747051945E7
1627;4520;1;1.4001340747051945E7
1628;4525;5;1.4001340747051945E7
1629;4528;3;1.4001340747051945E7
1630;4531;3;1.4001340747051945E7
1631;4533;2;1.4001340747051945E7
1632;4534;1;1.4001340747051945E7
1633;4535;1;1.4001340747051945E7
1634;4539;4;1.4001340747051945E7
1635;4542;3;1.4001340747051945E7
1636;4550;8;1.4001340747051945E7
1637;4556;6;1.4001340747051945E7
1638;4559;3;1.4001340747051945E7
1639;4561;2;1.4001340747051945E7
1640;4564;3;1.4001340747051945E7
1641;4565;1;1.4001340747051945E7
1642;4569;4;1.4001340747051945E7
1643;4571;2;1.4001340747051945E7
1644;4575;4;1.4001340747051945E7
1645;4579;4;1.4001340747051945E7
1646;4583;4;1.4001340747051945E7
1647;4585;2;1.4001340747051945E7
1648;4588;3;1.4001340747051945E7
1649;4590;2;1.4001340747051945E7
1650;4592;2;1.4001340747051945E7
1651;4594;2;1.4001340747051945E7
1652;4596;2;1.4001340747051945E7
1653;4597;1;1.4001340747051945E7
1654;4601;4;1.4001340747051945E7
1655;4601;0;1.4001340747051945E7
1656;4603;2;1.4001340747051945E7
1657;4605;2;1.4001340747051945E7
1658;4607;2;1.4001340747051945E7
1659;4608;1;1.4001340747051945E7
1660;4609;1;1.4001340747051945E7
1661;4610;1;1.4001340747051945E7
1662;4612;2;1.4001340747051945E7
1663;4613;1;1.4001340747051945E7
1664;4615;2;1.4001340747051945E7
1665;4617;2;1.4001340747051945E7
1666;4620;3;1.4001340747051945E7
1667;4622;2;1.4001340747051945E7
1668;4625;3;1.4001340747051945E7
1669;4625;0;1.4001340747051945E7
1670;4629;4;1.4001340747051945E7
1671;4633;4;1.4001340747051945E7
1672;4637;4;1.4001340747051945E7
1673;4639;2;1.4001340747051945E7
1674;4639;0;1.4001340747051945E7
1675;4642;3;1.4001340747051945E7
1676;4647;5;1.4001340747051945E7
1677;4655;8;1.4001340747051945E7
1678;4658;3;1.4001340747051945E7
1679;4658;0;1.4001340747051945E7
1680;4661;3;1.4001340747051945E7
1681;4665;4;1.4001340747051945E7
1682;4669;4;1.4001340747051945E7
1683;4673;4;1.4001340747051945E7
1684;4673;0;1.4001340747051945E7
1685;4678;5;1.4001340747051945E7
1686;4683;5;1.4001340747051945E7
1687;4687;4;1.4001340747051945E7
1688;4690;3;1.4001340747051945E7
1689;4694;4;1.4001340747051945E7
1690;4698;4;1.4001340747051945E7
1691;4707;9;1.4001340747051945E7
1692;4710;3;1.4001340747051945E7
1693;4712;2;1.4001340747051945E7
1694;4714;2;1.4001340747051945E7
1695;4733;19;1.4001340747051945E7
1696;4741;8;1.4001340747051945E7
1697;4763;22;1.4001340747051945E7
1698;4764;1;1.4001340747051945E7
1699;4772;8;1.4001340747051945E7
1700;4780;8;1.4001340747051945E7
1701;4786;6;1.4001340747051945E7
1702;4791;5;1.4001340747051945E7
1703;4794;3;1.4001340747051945E7
1704;4798;4;1.4001340747051945E7
1705;4801;3;1.4001340747051945E7
1706;4803;2;1.4001340747051945E7
1707;4809;6;1.4001340747051945E7
1708;4814;5;1.4001340747051945E7
1709;4822;8;1.4001340747051945E7
1710;4824;2;1.4001340747051945E7
1711;4826;2;1.4001340747051945E7
1712;4831;5;1.4001340747051945E7
1713;4832;1;1.4001340747051945E7
1714;4834;2;1.4001340747051945E7
1715;4834;0;1.4001340747051945E7
1716;4840;6;1.4001340747051945E7
1717;4845;5;1.4001340747051945E7
1718;4848;3;1.4001340747051945E7
1719;4851;3;1.4001340747051945E7
1720;4857;6;1.4001340747051945E7
1721;4858;1;1.4001340747051945E7
1722;4863;5;1.4001340747051945E7
1723;4863;0;1.4001340747051945E7
1724;4874;11;1.4001340747051945E7
1725;4878;4;1.4001340747051945E7
1726;4879;1;1.4001340747051945E7
1727;4885;6;1.4001340747051945E7
1728;4890;5;1.4001340747051945E7
1729;4892;2;1.4001340747051945E7
1730;4897;5;1.4001340747051945E7
1731;4899;2;1.4001340747051945E7
1732;4902;3;1.4001340747051945E7
1733;4912;10;1.4001340747051945E7
1734;4915;3;1.4001340747051945E7
1735;4917;2;1.4001340747051945E7
1736;4919;2;1.4001340747051945E7
1737;4920;1;1.4001340747051945E7
1738;4923;3;1.4001340747051945E7
1739;4926;3;1.4001340747051945E7
1740;4928;2;1.4001340747051945E7
1741;4931;3;1.4001340747051945E7
1742;4934;3;1.4001340747051945E7
1743;4937;3;1.4001340747051945E7
1744;4939;2;1.4001340747051945E7
1745;4941;2;1.4001340747051945E7
1746;4942;1;1.4001340747051945E7
1747;4944;2;1.4001340747051945E7
1748;4947;3;1.4001340747051945E7
1749;4950;3;1.4001340747051945E7
1750;4952;2;1.4001340747051945E7
1751;4957;5;1.4001340747051945E7
1752;4963;6;1.4001340747051945E7
1753;4964;1;1.4001340747051945E7
1754;4967;3;1.4001340747051945E7
1755;4969;2;1.4001340747051945E7
1756;4971;2;1.4001340747051945E7
1757;4973;2;1.4001340747051945E7
1758;4976;3;1.4001340747051945E7
1759;4977;1;1.4001340747051945E7
1760;4979;2;1.4001340747051945E7
1761;4980;1;1.4001340747051945E7
1762;4982;2;1.4001340747051945E7
1763;4985;3;1.4001340747051945E7
1764;4990;5;1.4001340747051945E7
1765;4991;1;1.4001340747051945E7
1766;4991;0;1.4001340747051945E7
1767;4993;2;1.4001340747051945E7
1768;4996;3;1.4001340747051945E7
1769;5000;4;1.4001340747051945E7
1770;5002;2;1.4001340747051945E7
1771;5006;4;1.4001340747051945E7
1772;5007;1;1.4001340747051945E7
1773;5008;1;1.4001340747051945E7
1774;5010;2;1.4001340747051945E7
1775;5012;2;1.4001340747051945E7
1776;5015;3;1.4001340747051945E7
1777;5016;1;1.4001340747051945E7
1778;5019;3;1.4001340747051945E7
1779;5022;3;1.4001340747051945E7
1780;5024;2;1.4001340747051945E7
1781;5024;0;1.4001340747051945E7
1782;5029;5;1.4001340747051945E7
1783;5032;3;1.4001340747051945E7
1784;5034;2;1.4001340747051945E7
1785;5036;2;1.4001340747051945E7
1786;5038;2;1.4001340747051945E7
1787;5039;1;1.4001340747051945E7
1788;5041;2;1.4001340747051945E7
1789;5044;3;1.4001340747051945E7
1790;5046;2;1.4001340747051945E7
1791;5050;4;1.4001340747051945E7
1792;5051;1;1.4001340747051945E7
1793;5055;4;1.4001340747051945E7
1794;5055;0;1.4001340747051945E7
1795;5058;3;1.4001340747051945E7
1796;5061;3;1.4001340747051945E7
1797;5064;3;1.4001340747051945E7
1798;5064;0;1.4001340747051945E7
1799;5067;3;1.4001340747051945E7
1800;5070;3;1.4001340747051945E7
1801;5071;1;1.4001340747051945E7
1802;5072;1;1.4001340747051945E7
1803;5074;2;1.4001340747051945E7
1804;5077;3;1.4001340747051945E7
1805;5079;2;1.4001340747051945E7
1806;5081;2;1.4001340747051945E7
1807;5082;1;1.4001340747051945E7
1808;5085;3;1.4001340747051945E7
1809;5087;2;1.4001340747051945E7
1810;5090;3;1.4001340747051945E7
1811;5092;2;1.4001340747051945E7
1812;5095;3;1.4001340747051945E7
1813;5097;2;1.4001340747051945E7
1814;5099;2;1.4001340747051945E7
1815;5100;1;1.4001340747051945E7
1816;5104;4;1.4001340747051945E7
1817;5105;1;1.4001340747051945E7
1818;5106;1;1.4001340747051945E7
1819;5109;3;1.4001340747051945E7
1820;5111;2;1.4001340747051945E7
1821;5114;3;1.4001340747051945E7
1822;5117;3;1.4001340747051945E7
1823;5122;5;1.4001340747051945E7
1824;5123;1;1.4001340747051945E7
1825;5125;2;1.4001340747051945E7
1826;5127;2;1.4001340747051945E7
1827;5130;3;1.4001340747051945E7
1828;5132;2;1.4001340747051945E7
1829;5134;2;1.4001340747051945E7
1830;5137;3;1.4001340747051945E7
1831;5139;2;1.4001340747051945E7
1832;5142;3;1.4001340747051945E7
1833;5144;2;1.4001340747051945E7
1834;5146;2;1.4001340747051945E7
1835;5147;1;1.4001340747051945E7
1836;5148;1;1.4001340747051945E7
1837;5150;2;1.4001340747051945E7
1838;5152;2;1.4001340747051945E7
1839;5154;2;1.4001340747051945E7
1840;5157;3;1.4001340747051945E7
1841;5157;0;1.4001340747051945E7
1842;5160;3;1.4001340747051945E7
1843;5161;1;1.4001340747051945E7
1844;5164;3;1.4001340747051945E7
1845;5167;3;1.4001340747051945E7
1846;5168;1;1.4001340747051945E7
1847;5173;5;1.4001340747051945E7
1848;5174;1;1.4001340747051945E7
1849;5177;3;1.4001340747051945E7
1850;5179;2;1.4001340747051945E7
1851;5182;3;1.4001340747051945E7
1852;5184;2;1.4001340747051945E7
1853;5185;1;1.4001340747051945E7
1854;5186;1;1.4001340747051945E7
1855;5188;2;1.4001340747051945E7
1856;5190;2;1.4001340747051945E7
1857;5190;0;1.4001340747051945E7
1858;5192;2;1.4001340747051945E7
1859;5194;2;1.4001340747051945E7
1860;5197;3;1.4001340747051945E7
1861;5199;2;1.4001340747051945E7
1862;5201;2;1.4001340747051945E7
1863;5203;2;1.4001340747051945E7
1864;5205;2;1.4001340747051945E7
1865;5208;3;1.4001340747051945E7
1866;5208;0;1.4001340747051945E7
1867;5209;1;1.4001340747051945E7
1868;5210;1;1.4001340747051945E7
1869;5213;3;1.4001340747051945E7
1870;5215;2;1.4001340747051945E7
1871;5217;2;1.4001340747051945E7
1872;5219;2;1.4001340747051945E7
1873;5221;2;1.4001340747051945E7
1874;5221;0;1.4001340747051945E7
1875;5223;2;1.4001340747051945E7
1876;5225;2;1.4001340747051945E7
1877;5228;3;1.4001340747051945E7
1878;5230;2;1.4001340747051945E7
1879;5233;3;1.4001340747051945E7
1880;5234;1;1.4001340747051945E7
1881;5236;2;1.4001340747051945E7
1882;5239;3;1.4001340747051945E7
1883;5239;0;1.4001340747051945E7
1884;5241;2;1.4001340747051945E7
1885;5243;2;1.4001340747051945E7
1886;5246;3;1.4001340747051945E7
1887;5250;4;1.4001340747051945E7
1888;5253;3;1.4001340747051945E7
1889;5256;3;1.4001340747051945E7
1890;5258;2;1.4001340747051945E7
1891;5260;2;1.4001340747051945E7
1892;5262;2;1.4001340747051945E7
1893;5262;0;1.4001340747051945E7
1894;5264;2;1.4001340747051945E7
1895;5267;3;1.4001340747051945E7
1896;5269;2;1.4001340747051945E7
1897;5270;1;1.4001340747051945E7
1898;5272;2;1.4001340747051945E7
1899;5274;2;1.4001340747051945E7
1900;5276;2;1.4001340747051945E7
1901;5279;3;1.4001340747051945E7
1902;5280;1;1.4001340747051945E7
1903;5282;2;1.4001340747051945E7
1904;5284;2;1.4001340747051945E7
1905;5286;2;1.4001340747051945E7
1906;5286;0;1.4001340747051945E7
1907;5289;3;1.4001340747051945E7
1908;5290;1;1.4001340747051945E7
1909;5293;3;1.4001340747051945E7
1910;5294;1;1.4001340747051945E7
1911;5295;1;1.4001340747051945E7
1912;5297;2;1.4001340747051945E7
1913;5298;1;1.4001340747051945E7
1914;5300;2;1.4001340747051945E7
1915;5302;2;1.4001340747051945E7
1916;5303;1;1.4001340747051945E7
1917;5303;0;1.4001340747051945E7
1918;5306;3;1.4001340747051945E7
1919;5309;3;1.4001340747051945E7
1920;5310;1;1.4001340747051945E7
1921;5313;3;1.4001340747051945E7
1922;5315;2;1.4001340747051945E7
1923;5317;2;1.4001340747051945E7
1924;5320;3;1.4001340747051945E7
1925;5322;2;1.4001340747051945E7
1926;5325;3;1.4001340747051945E7
1927;5327;2;1.4001340747051945E7
1928;5328;1;1.4001340747051945E7
1929;5329;1;1.4001340747051945E7
1930;5332;3;1.4001340747051945E7
1931;5335;3;1.4001340747051945E7
1932;5337;2;1.4001340747051945E7
1933;5338;1;1.4001340747051945E7
1934;5340;2;1.4001340747051945E7
1935;5341;1;1.4001340747051945E7
1936;5342;1;1.4001340747051945E7
1937;5344;2;1.4001340747051945E7
1938;5344;0;1.4001340747051945E7
1939;5348;4;1.4001340747051945E7
1940;5349;1;1.4001340747051945E7
1941;5351;2;1.4001340747051945E7
1942;5352;1;1.4001340747051945E7
1943;5354;2;1.4001340747051945E7
1944;5356;2;1.4001340747051945E7
1945;5358;2;1.4001340747051945E7
1946;5361;3;1.4001340747051945E7
1947;5363;2;1.4001340747051945E7
1948;5366;3;1.4001340747051945E7
1949;5368;2;1.4001340747051945E7
1950;5369;1;1.4001340747051945E7
1951;5372;3;1.4001340747051945E7
1952;5374;2;1.4001340747051945E7
1953;5376;2;1.4001340747051945E7
1954;5378;2;1.4001340747051945E7
1955;5380;2;1.4001340747051945E7
1956;5381;1;1.4001340747051945E7
1957;5383;2;1.4001340747051945E7
1958;5385;2;1.4001340747051945E7
1959;5387;2;1.4001340747051945E7
1960;5388;1;1.4001340747051945E7
1961;5390;2;1.4001340747051945E7
1962;5393;3;1.4001340747051945E7
1963;5395;2;1.4001340747051945E7
1964;5397;2;1.4001340747051945E7
1965;5400;3;1.4001340747051945E7
1966;5402;2;1.4001340747051945E7
1967;5405;3;1.4001340747051945E7
1968;5407;2;1.4001340747051945E7
1969;5409;2;1.4001340747051945E7
1970;5411;2;1.4001340747051945E7
1971;5413;2;1.4001340747051945E7
1972;5415;2;1.4001340747051945E7
1973;5416;1;1.4001340747051945E7
1974;5418;2;1.4001340747051945E7
1975;5421;3;1.4001340747051945E7
1976;5422;1;1.4001340747051945E7
1977;5425;3;1.4001340747051945E7
1978;5426;1;1.4001340747051945E7
1979;5429;3;1.4001340747051945E7
1980;5431;2;1.4001340747051945E7
1981;5433;2;1.4001340747051945E7
1982;5436;3;1.4001340747051945E7
1983;5438;2;1.4001340747051945E7
1984;5439;1;1.4001340747051945E7
1985;5441;2;1.4001340747051945E7
1986;5443;2;1.4001340747051945E7
1987;5444;1;1.4001340747051945E7
1988;5445;1;1.4001340747051945E7
1989;5446;1;1.4001340747051945E7
1990;5448;2;1.4001340747051945E7
1991;5449;1;1.4001340747051945E7
1992;5452;3;1.4001340747051945E7
1993;5454;2;1.4001340747051945E7
1994;5456;2;1.4001340747051945E7
1995;5459;3;1.4001340747051945E7
1996;5461;2;1.4001340747051945E7
1997;5465;4;1.4001340747051945E7
1998;5468;3;1.4001340747051945E7
1999;5471;3;1.4001340747051945E7
2000;5473;2;1.4001340747051945E7
2001;5475;2;1.4001340747051945E7
2002;5477;2;1.4001340747051945E7
2003;5480;3;1.4001340747051945E7
2004;5482;2;1.4001340747051945E7
2005;5485;3;1.4001340747051945E7
2006;5488;3;1.4001340747051945E7
2007;5489;1;1.4001340747051945E7
2008;5491;2;1.4001340747051945E7
2009;5494;3;1.4001340747051945E7
2010;5495;1;1.4001340747051945E7
2011;5499;4;1.4001340747051945E7
2012;5501;2;1.4001340747051945E7
2013;5502;1;1.4001340747051945E7
2014;5505;3;1.4001340747051945E7
2015;5506;1;1.4001340747051945E7
2016;5511;5;1.4001340747051945E7
2017;5511;0;1.4001340747051945E7
2018;5512;1;1.4001340747051945E7
2019;5514;2;1.4001340747051945E7
2020;5516;2;1.4001340747051945E7
2021;5519;3;1.4001340747051945E7
2022;5520;1;1.4001340747051945E7
2023;5522;2;1.4001340747051945E7
2024;5523;1;1.4001340747051945E7
2025;5525;2;1.4001340747051945E7
2026;5528;3;1.4001340747051945E7
2027;5533;5;1.4001340747051945E7
2028;5535;2;1.4001340747051945E7
2029;5537;2;1.4001340747051945E7
2030;5538;1;1.4001340747051945E7
2031;5540;2;1.4001340747051945E7
2032;5542;2;1.4001340747051945E7
2033;5545;3;1.4001340747051945E7
2034;5546;1;1.4001340747051945E7
2035;5548;2;1.4001340747051945E7
2036;5548;0;1.4001340747051945E7
2037;5552;4;1.4001340747051945E7
2038;5556;4;1.4001340747051945E7
2039;5560;4;1.4001340747051945E7
2040;5561;1;1.4001340747051945E7
2041;5564;3;1.4001340747051945E7
2042;5566;2;1.4001340747051945E7
2043;5570;4;1.4001340747051945E7
2044;5575;5;1.4001340747051945E7
2045;5579;4;1.4001340747051945E7
2046;5580;1;1.4001340747051945E7
2047;5584;4;1.4001340747051945E7
2048;5586;2;1.4001340747051945E7
2049;5588;2;1.4001340747051945E7
2050;5591;3;1.4001340747051945E7
2051;5592;1;1.4001340747051945E7
2052;5593;1;1.4001340747051945E7
2053;5597;4;1.4001340747051945E7
2054;5599;2;1.4001340747051945E7
2055;5602;3;1.4001340747051945E7
2056;5606;4;1.4001340747051945E7
2057;5608;2;1.4001340747051945E7
2058;5610;2;1.4001340747051945E7
2059;5610;0;1.4001340747051945E7
2060;5612;2;1.4001340747051945E7
2061;5613;1;1.4001340747051945E7
2062;5613;0;1.4001340747051945E7
2063;5615;2;1.4001340747051945E7
2064;5617;2;1.4001340747051945E7
2065;5618;1;1.4001340747051945E7
2066;5620;2;1.4001340747051945E7
2067;5622;2;1.4001340747051945E7
2068;5624;2;1.4001340747051945E7
2069;5626;2;1.4001340747051945E7
2070;5629;3;1.4001340747051945E7
2071;5632;3;1.4001340747051945E7
2072;5637;5;1.4001340747051945E7
2073;5640;3;1.4001340747051945E7
2074;5642;2;1.4001340747051945E7
2075;5646;4;1.4001340747051945E7
2076;5650;4;1.4001340747051945E7
2077;5653;3;1.4001340747051945E7
2078;5657;4;1.4001340747051945E7
2079;5660;3;1.4001340747051945E7
2080;5665;5;1.4001340747051945E7
2081;5668;3;1.4001340747051945E7
2082;5674;6;1.4001340747051945E7
2083;5677;3;1.4001340747051945E7
2084;5680;3;1.4001340747051945E7
2085;5684;4;1.4001340747051945E7
2086;5688;4;1.4001340747051945E7
2087;5689;1;1.4001340747051945E7
2088;5691;2;1.4001340747051945E7
2089;5694;3;1.4001340747051945E7
2090;5695;1;1.4001340747051945E7
2091;5700;5;1.4001340747051945E7
2092;5704;4;1.4001340747051945E7
2093;5707;3;1.4001340747051945E7
2094;5711;4;1.4001340747051945E7
2095;5715;4;1.4001340747051945E7
2096;5718;3;1.4001340747051945E7
2097;5720;2;1.4001340747051945E7
2098;5724;4;1.4001340747051945E7
2099;5726;2;1.4001340747051945E7
2100;5727;1;1.4001340747051945E7
2101;5731;4;1.4001340747051945E7
2102;5732;1;1.4001340747051945E7
2103;5735;3;1.4001340747051945E7
2104;5738;3;1.4001340747051945E7
2105;5741;3;1.4001340747051945E7
2106;5744;3;1.4001340747051945E7
2107;5747;3;1.4001340747051945E7
2108;5749;2;1.4001340747051945E7
2109;5751;2;1.4001340747051945E7
2110;5755;4;1.4001340747051945E7
2111;5756;1;1.4001340747051945E7
2112;5760;4;1.4001340747051945E7
2113;5764;4;1.4001340747051945E7
2114;5767;3;1.4001340747051945E7
2115;5771;4;1.4001340747051945E7
2116;5772;1;1.4001340747051945E7
2117;5776;4;1.4001340747051945E7
2118;5778;2;1.4001340747051945E7
2119;5782;4;1.4001340747051945E7
2120;5784;2;1.4001340747051945E7
2121;5787;3;1.4001340747051945E7
2122;5791;4;1.4001340747051945E7
2123;5794;3;1.4001340747051945E7
2124;5798;4;1.4001340747051945E7
2125;5802;4;1.4001340747051945E7
2126;5805;3;1.4001340747051945E7
2127;5811;6;1.4001340747051945E7
2128;5815;4;1.4001340747051945E7
2129;5817;2;1.4001340747051945E7
2130;5820;3;1.4001340747051945E7
2131;5824;4;1.4001340747051945E7
2132;5827;3;1.4001340747051945E7
2133;5830;3;1.4001340747051945E7
2134;5832;2;1.4001340747051945E7
2135;5835;3;1.4001340747051945E7
2136;5836;1;1.4001340747051945E7
2137;5841;5;1.4001340747051945E7
2138;5844;3;1.4001340747051945E7
2139;5847;3;1.4001340747051945E7
2140;5851;4;1.4001340747051945E7
2141;5852;1;1.4001340747051945E7
2142;5853;1;1.4001340747051945E7
2143;5855;2;1.4001340747051945E7
2144;5859;4;1.4001340747051945E7
2145;5860;1;1.4001340747051945E7
2146;5861;1;1.4001340747051945E7
2147;5862;1;1.4001340747051945E7
2148;5862;0;1.4001340747051945E7
2149;5866;4;1.4001340747051945E7
2150;5871;5;1.4001340747051945E7
2151;5875;4;1.4001340747051945E7
2152;5878;3;1.4001340747051945E7
2153;5882;4;1.4001340747051945E7
2154;5884;2;1.4001340747051945E7
2155;5885;1;1.4001340747051945E7
2156;5889;4;1.4001340747051945E7
2157;5890;1;1.4001340747051945E7
2158;5895;5;1.4001340747051945E7
2159;5899;4;1.4001340747051945E7
2160;5901;2;1.4001340747051945E7
2161;5903;2;1.4001340747051945E7
2162;5907;4;1.4001340747051945E7
2163;5910;3;1.4001340747051945E7
2164;5913;3;1.4001340747051945E7
2165;5913;0;1.4001340747051945E7
2166;5916;3;1.4001340747051945E7
2167;5919;3;1.4001340747051945E7
2168;5922;3;1.4001340747051945E7
2169;5926;4;1.4001340747051945E7
2170;5931;5;1.4001340747051945E7
2171;5933;2;1.4001340747051945E7
2172;5934;1;1.4001340747051945E7
2173;5936;2;1.4001340747051945E7
2174;5938;2;1.4001340747051945E7
2175;5941;3;1.4001340747051945E7
2176;5947;6;1.4001340747051945E7
2177;5951;4;1.4001340747051945E7
2178;5952;1;1.4001340747051945E7
2179;5957;5;1.4001340747051945E7
2180;5959;2;1.4001340747051945E7
2181;5960;1;1.4001340747051945E7
2182;5964;4;1.4001340747051945E7
2183;5968;4;1.4001340747051945E7
2184;5970;2;1.4001340747051945E7
2185;5973;3;1.4001340747051945E7
2186;5974;1;1.4001340747051945E7
2187;5976;2;1.4001340747051945E7
2188;5976;0;1.4001340747051945E7
2189;5981;5;1.4001340747051945E7
2190;5981;0;1.4001340747051945E7
2191;5984;3;1.4001340747051945E7
2192;5985;1;1.4001340747051945E7
2193;5986;1;1.4001340747051945E7
2194;5989;3;1.4001340747051945E7
2195;5991;2;1.4001340747051945E7
2196;5993;2;1.4001340747051945E7
2197;5994;1;1.4001340747051945E7
2198;5996;2;1.4001340747051945E7
2199;5998;2;1.4001340747051945E7
2200;6000;2;1.4001340747051945E7
2201;6001;1;1.4001340747051945E7
2202;6002;1;1.4001340747051945E7
2203;6004;2;1.4001340747051945E7
2204;6005;1;1.4001340747051945E7
2205;6006;1;1.4001340747051945E7
2206;6007;1;1.4001340747051945E7
2207;6010;3;1.4001340747051945E7
2208;6013;3;1.4001340747051945E7
2209;6017;4;1.4001340747051945E7
2210;6018;1;1.4001340747051945E7
2211;6020;2;1.4001340747051945E7
2212;6023;3;1.4001340747051945E7
2213;6025;2;1.4001340747051945E7
2214;6028;3;1.4001340747051945E7
2215;6030;2;1.4001340747051945E7
2216;6031;1;1.4001340747051945E7
2217;6032;1;1.4001340747051945E7
2218;6033;1;1.4001340747051945E7
2219;6035;2;1.4001340747051945E7
2220;6037;2;1.4001340747051945E7
2221;6038;1;1.4001340747051945E7
2222;6040;2;1.4001340747051945E7
2223;6041;1;1.4001340747051945E7
2224;6044;3;1.4001340747051945E7
2225;6045;1;1.4001340747051945E7
2226;6047;2;1.4001340747051945E7
2227;6049;2;1.4001340747051945E7
2228;6050;1;1.4001340747051945E7
2229;6051;1;1.4001340747051945E7
2230;6054;3;1.4001340747051945E7
2231;6057;3;1.4001340747051945E7
2232;6059;2;1.4001340747051945E7
2233;6061;2;1.4001340747051945E7
2234;6063;2;1.4001340747051945E7
2235;6065;2;1.4001340747051945E7
2236;6066;1;1.4001340747051945E7
2237;6067;1;1.4001340747051945E7
2238;6070;3;1.4001340747051945E7
2239;6071;1;1.4001340747051945E7
2240;6072;1;1.4001340747051945E7
2241;6074;2;1.4001340747051945E7
2242;6074;0;1.4001340747051945E7
2243;6076;2;1.4001340747051945E7
2244;6077;1;1.4001340747051945E7
2245;6079;2;1.4001340747051945E7
2246;6081;2;1.4001340747051945E7
2247;6084;3;1.4001340747051945E7
2248;6084;0;1.4001340747051945E7
2249;6086;2;1.4001340747051945E7
2250;6087;1;1.4001340747051945E7
2251;6088;1;1.4001340747051945E7
2252;6090;2;1.4001340747051945E7
2253;6091;1;1.4001340747051945E7
2254;6092;1;1.4001340747051945E7
2255;6094;2;1.4001340747051945E7
2256;6095;1;1.4001340747051945E7
2257;6097;2;1.4001340747051945E7
2258;6099;2;1.4001340747051945E7
2259;6101;2;1.4001340747051945E7
2260;6103;2;1.4001340747051945E7
2261;6105;2;1.4001340747051945E7
2262;6107;2;1.4001340747051945E7
2263;6109;2;1.4001340747051945E7
2264;6111;2;1.4001340747051945E7
2265;6112;1;1.4001340747051945E7
2266;6114;2;1.4001340747051945E7
2267;6116;2;1.4001340747051945E7
2268;6118;2;1.4001340747051945E7
2269;6119;1;1.4001340747051945E7
2270;6122;3;1.4001340747051945E7
2271;6123;1;1.4001340747051945E7
2272;6125;2;1.4001340747051945E7
2273;6127;2;1.4001340747051945E7
2274;6129;2;1.4001340747051945E7
2275;6130;1;1.4001340747051945E7
2276;6133;3;1.4001340747051945E7
2277;6135;2;1.4001340747051945E7
2278;6136;1;1.4001340747051945E7
2279;6138;2;1.4001340747051945E7
2280;6141;3;1.4001340747051945E7
2281;6143;2;1.4001340747051945E7
2282;6146;3;1.4001340747051945E7
2283;6149;3;1.4001340747051945E7
2284;6153;4;1.4001340747051945E7
2285;6157;4;1.4001340747051945E7
2286;6160;3;1.4001340747051945E7
2287;6163;3;1.4001340747051945E7
2288;6164;1;1.4001340747051945E7
2289;6165;1;1.4001340747051945E7
2290;6168;3;1.4001340747051945E7
2291;6169;1;1.4001340747051945E7
2292;6171;2;1.4001340747051945E7
2293;6172;1;1.4001340747051945E7
2294;6175;3;1.4001340747051945E7
2295;6177;2;1.4001340747051945E7
2296;6178;1;1.4001340747051945E7
2297;6181;3;1.4001340747051945E7
2298;6182;1;1.4001340747051945E7
2299;6184;2;1.4001340747051945E7
2300;6186;2;1.4001340747051945E7
2301;6187;1;1.4001340747051945E7
2302;6187;0;1.4001340747051945E7
2303;6189;2;1.4001338130291639E7
2304;6191;2;1.4001338130291639E7
2305;6193;2;1.4001324254340032E7
2306;6196;3;1.4001324254340032E7
2307;6198;2;1.4001324254340032E7
2308;6199;1;1.4001324254340032E7
2309;6201;2;1.4001324254340032E7
2310;6203;2;1.4001324254340032E7
2311;6206;3;1.4001324254340032E7
2312;6207;1;1.4001324254340032E7
2313;6208;1;1.4001324254340032E7
2314;6211;3;1.4001324254340032E7
2315;6213;2;1.4001324254340032E7
2316;6214;1;1.4001324254340032E7
2317;6216;2;1.4001324254340032E7
2318;6218;2;1.4001324254340032E7
2319;6220;2;1.4001324254340032E7
2320;6223;3;1.4001324254340032E7
2321;6225;2;1.4001324254340032E7
2322;6227;2;1.4001324254340032E7
2323;6227;0;1.4001324254340032E7
2324;6229;2;1.4001324254340032E7
2325;6231;2;1.4001324254340032E7
2326;6233;2;1.4001324254340032E7
2327;6234;1;1.4001324254340032E7
2328;6236;2;1.4001324254340032E7
2329;6237;1;1.4001324254340032E7
2330;6240;3;1.4001324254340032E7
2331;6241;1;1.4001324254340032E7
2332;6243;2;1.4001324254340032E7
2333;6244;1;1.4001324254340032E7
2334;6246;2;1.4001324254340032E7
2335;6246;0;1.4001324254340032E7
2336;6249;3;1.4001324254340032E7
2337;6250;1;1.4001324254340032E7
2338;6252;2;1.4001324254340032E7
2339;6256;4;1.4001324254340032E7
2340;6258;2;1.4001324254340032E7
2341;6261;3;1.4001324254340032E7
2342;6264;3;1.4001324254340032E7
2343;6266;2;1.4001324254340032E7
2344;6268;2;1.4001324254340032E7
2345;6269;1;1.4001324254340032E7
2346;6272;3;1.4001324254340032E7
2347;6274;2;1.4001324254340032E7
2348;6274;0;1.4001324254340032E7
2349;6277;3;1.4001324254340032E7
2350;6280;3;1.4001324254340032E7
2351;6281;1;1.4001324254340032E7
2352;6282;1;1.4001324254340032E7
2353;6284;2;1.4001324254340032E7
2354;6285;1;1.4001324254340032E7
2355;6287;2;1.4001324254340032E7
2356;6289;2;1.4001324254340032E7
2357;6293;4;1.4001324254340032E7
2358;6297;4;1.4001324254340032E7
2359;6298;1;1.4001324254340032E7
2360;6300;2;1.4001324254340032E7
2361;6301;1;1.4001324254340032E7
2362;6302;1;1.4001324254340032E7
2363;6303;1;1.4001324254340032E7
2364;6305;2;1.4001324254340032E7
2365;6306;1;1.4001324254340032E7
2366;6307;1;1.4001324254340032E7
2367;6308;1;1.4001324254340032E7
2368;6309;1;1.4001324254340032E7
2369;6311;2;1.4001324254340032E7
2370;6313;2;1.4001324254340032E7
2371;6315;2;1.4001324254340032E7
2372;6317;2;1.4001324254340032E7
2373;6319;2;1.4001324254340032E7
2374;6321;2;1.4001324254340032E7
2375;6324;3;1.4001324254340032E7
2376;6326;2;1.4001324254340032E7
2377;6327;1;1.4001324254340032E7
2378;6330;3;1.4001324254340032E7
2379;6332;2;1.4001324254340032E7
2380;6334;2;1.4001324254340032E7
2381;6336;2;1.4001324254340032E7
2382;6337;1;1.4001324254340032E7
2383;6338;1;1.4001324254340032E7
2384;6340;2;1.4001324254340032E7
2385;6341;1;1.4001324254340032E7
2386;6343;2;1.4001324254340032E7
2387;6346;3;1.4001324254340032E7
2388;6351;5;1.4001324254340032E7
2389;6355;4;1.4001324254340032E7
2390;6356;1;1.4001324254340032E7
2391;6358;2;1.4001324254340032E7
2392;6360;2;1.4001324254340032E7
2393;6363;3;1.4001324254340032E7
2394;6365;2;1.4001324254340032E7
2395;6368;3;1.4001324254340032E7
2396;6370;2;1.4001324254340032E7
2397;6372;2;1.4001324254340032E7
2398;6373;1;1.4001324254340032E7
2399;6374;1;1.4001324254340032E7
2400;6376;2;1.4001324254340032E7
2401;6377;1;1.4001324254340032E7
2402;6379;2;1.4001324254340032E7
2403;6379;0;1.4001324254340032E7
2404;6384;5;1.4001324254340032E7
2405;6384;0;1.4001324254340032E7
2406;6386;2;1.4001324254340032E7
2407;6389;3;1.4001324254340032E7
2408;6390;1;1.4001324254340032E7
2409;6390;0;1.4001324254340032E7
2410;6393;3;1.4001324254340032E7
2411;6394;1;1.4001324254340032E7
2412;6396;2;1.4001324254340032E7
2413;6400;4;1.4001324254340032E7
2414;6402;2;1.4001324254340032E7
2415;6405;3;1.4001324254340032E7
2416;6407;2;1.4001324254340032E7
2417;6409;2;1.4001324254340032E7
2418;6410;1;1.4001324254340032E7
2419;6413;3;1.4001324254340032E7
2420;6414;1;1.4001324254340032E7
2421;6416;2;1.4001324254340032E7
2422;6419;3;1.4001324254340032E7
2423;6420;1;1.4001324254340032E7
2424;6422;2;1.4001324254340032E7
2425;6423;1;1.4001324254340032E7
2426;6425;2;1.4001324254340032E7
2427;6426;1;1.4001324254340032E7
2428;6428;2;1.4001324254340032E7
2429;6430;2;1.4001324254340032E7
2430;6433;3;1.4001324254340032E7
2431;6434;1;1.4001324254340032E7
2432;6436;2;1.4001324254340032E7
2433;6438;2;1.4001324254340032E7
2434;6438;0;1.4001324254340032E7
2435;6440;2;1.4001324254340032E7
2436;6441;1;1.4001324254340032E7
2437;6443;2;1.4001324254340032E7
2438;6444;1;1.4001324254340032E7
2439;6445;1;1.4001323654291501E7
2440;6448;3;1.4001323654291501E7
2441;6450;2;1.4001323654291501E7
2442;6452;2;1.4001323654291501E7
2443;6454;2;1.4001323654291501E7
2444;6456;2;1.4001323654291501E7
2445;6457;1;1.4001323654291501E7
2446;6460;3;1.4001323654291501E7
2447;6462;2;1.40013194234009E7
2448;6464;2;1.4001318460149959E7
2449;6466;2;1.4001318460149959E7
2450;6469;3;1.4001318460149959E7
2451;6471;2;1.4001318460149959E7
2452;6474;3;1.4001318460149959E7
2453;6476;2;1.4001318460149959E7
2454;6477;1;1.4001318460149959E7
2455;6480;3;1.4001318460149959E7
2456;6481;1;1.4001318460149959E7
2457;6483;2;1.4001318460149959E7
2458;6485;2;1.400131192152665E7
2459;6487;2;1.400131192152665E7
2460;6489;2;1.400131192152665E7
2461;6491;2;1.400131192152665E7
2462;6493;2;1.400131192152665E7
2463;6494;1;1.400131192152665E7
2464;6495;1;1.400131192152665E7
2465;6497;2;1.400131192152665E7
2466;6499;2;1.400131192152665E7
2467;6501;2;1.400131192152665E7
2468;6503;2;1.400131192152665E7
2469;6507;4;1.400131192152665E7
2470;6511;4;1.400131192152665E7
2471;6514;3;1.400131192152665E7
2472;6516;2;1.400131192152665E7
2473;6518;2;1.400131192152665E7
2474;6519;1;1.400131192152665E7
2475;6521;2;1.400131192152665E7
2476;6522;1;1.400131192152665E7
2477;6523;1;1.400131192152665E7
2478;6525;2;1.400131192152665E7
2479;6526;1;1.400131192152665E7
2480;6529;3;1.400131192152665E7
2481;6531;2;1.400131192152665E7
2482;6534;3;1.400131192152665E7
2483;6536;2;1.400131192152665E7
2484;6536;0;1.400131192152665E7
2485;6538;2;1.400131192152665E7
2486;6540;2;1.400131192152665E7
2487;6542;2;1.400131192152665E7
2488;6543;1;1.400131192152665E7
2489;6545;2;1.400131192152665E7
2490;6546;1;1.400131192152665E7
2491;6549;3;1.400131192152665E7
2492;6550;1;1.400131192152665E7
2493;6551;1;1.400131192152665E7
2494;6553;2;1.400131192152665E7
2495;6557;4;1.400131192152665E7
2496;6559;2;1.400131192152665E7
2497;6563;4;1.400131192152665E7
2498;6565;2;1.400131192152665E7
2499;6565;0;1.400131192152665E7
2500;6568;3;1.400131192152665E7
2501;6570;2;1.400131192152665E7
2502;6573;3;1.400131192152665E7
2503;6574;1;1.400131192152665E7
2504;6576;2;1.400131192152665E7
2505;6580;4;1.400131192152665E7
2506;6582;2;1.400131192152665E7
2507;6584;2;1.400131192152665E7
2508;6585;1;1.400131192152665E7
2509;6586;1;1.400131192152665E7
2510;6586;0;1.400131192152665E7
2511;6589;3;1.400131192152665E7
2512;6591;2;1.400131192152665E7
2513;6592;1;1.400131192152665E7
2514;6594;2;1.400131192152665E7
2515;6598;4;1.400131192152665E7
2516;6600;2;1.400131192152665E7
2517;6601;1;1.400131192152665E7
2518;6603;2;1.400131192152665E7
2519;6604;1;1.400131192152665E7
2520;6607;3;1.400131192152665E7
2521;6609;2;1.400131192152665E7
2522;6609;0;1.400131192152665E7
2523;6612;3;1.400131192152665E7
2524;6613;1;1.400131192152665E7
2525;6615;2;1.400131192152665E7
2526;6617;2;1.400131192152665E7
2527;6619;2;1.400131192152665E7
2528;6621;2;1.400131192152665E7
2529;6623;2;1.400131192152665E7
2530;6626;3;1.400131192152665E7
2531;6628;2;1.400131192152665E7
2532;6630;2;1.400131192152665E7
2533;6630;0;1.400131192152665E7
2534;6631;1;1.400131192152665E7
2535;6634;3;1.400131192152665E7
2536;6636;2;1.400131192152665E7
2537;6638;2;1.400131192152665E7
2538;6640;2;1.400131192152665E7
2539;6642;2;1.400131192152665E7
2540;6646;4;1.400131192152665E7
2541;6647;1;1.400131192152665E7
2542;6648;1;1.400131192152665E7
2543;6652;4;1.400131192152665E7
2544;6655;3;1.400131192152665E7
2545;6657;2;1.400131192152665E7
2546;6657;0;1.400131192152665E7
2547;6659;2;1.400131192152665E7
2548;6661;2;1.400131192152665E7
2549;6663;2;1.400131192152665E7
2550;6664;1;1.400131192152665E7
2551;6667;3;1.400131192152665E7
2552;6669;2;1.400131192152665E7
2553;6671;2;1.400131192152665E7
2554;6673;2;1.400131192152665E7
2555;6675;2;1.400131192152665E7
2556;6677;2;1.400131192152665E7
2557;6680;3;1.400131192152665E7
2558;6682;2;1.400131192152665E7
2559;6683;1;1.400131192152665E7
2560;6685;2;1.400131192152665E7
2561;6687;2;1.400131192152665E7
2562;6689;2;1.400131192152665E7
2563;6691;2;1.400131192152665E7
2564;6693;2;1.400131192152665E7
2565;6696;3;1.400131192152665E7
2566;6697;1;1.400131192152665E7
2567;6700;3;1.400131192152665E7
2568;6703;3;1.400131192152665E7
2569;6705;2;1.400131192152665E7
2570;6708;3;1.400131192152665E7
2571;6710;2;1.400131192152665E7
2572;6711;1;1.400131192152665E7
2573;6712;1;1.400131192152665E7
2574;6716;4;1.400131192152665E7
2575;6718;2;1.400131192152665E7
2576;6721;3;1.400131192152665E7
2577;6723;2;1.400131192152665E7
2578;6725;2;1.400131192152665E7
2579;6726;1;1.400131192152665E7
2580;6727;1;1.400131192152665E7
2581;6728;1;1.400131192152665E7
2582;6730;2;1.400131192152665E7
2583;6733;3;1.400131192152665E7
2584;6735;2;1.400131192152665E7
2585;6736;1;1.400131192152665E7
2586;6737;1;1.400131192152665E7
2587;6739;2;1.400131192152665E7
2588;6740;1;1.400131192152665E7
2589;6742;2;1.400131192152665E7
2590;6744;2;1.400131192152665E7
2591;6745;1;1.400131192152665E7
2592;6747;2;1.400131192152665E7
2593;6749;2;1.400131192152665E7
2594;6749;0;1.400131192152665E7
2595;6752;3;1.400131192152665E7
2596;6755;3;1.400131192152665E7
2597;6756;1;1.400131192152665E7
2598;6758;2;1.400131192152665E7
2599;6760;2;1.400131192152665E7
2600;6762;2;1.400131192152665E7
2601;6765;3;1.400131192152665E7
2602;6766;1;1.400131192152665E7
2603;6768;2;1.400131192152665E7
2604;6770;2;1.400131192152665E7
2605;6771;1;1.400131192152665E7
2606;6773;2;1.400131192152665E7
2607;6775;2;1.400131192152665E7
2608;6776;1;1.400131192152665E7
2609;6778;2;1.400131192152665E7
2610;6778;0;1.400131192152665E7
2611;6781;3;1.400131192152665E7
2612;6782;1;1.400131192152665E7
2613;6783;1;1.400131192152665E7
2614;6784;1;1.400131192152665E7
2615;6787;3;1.400131192152665E7
2616;6789;2;1.400131192152665E7
2617;6790;1;1.400131192152665E7
2618;6792;2;1.400131192152665E7
2619;6795;3;1.400131192152665E7
2620;6798;3;1.400131192152665E7
2621;6800;2;1.400131192152665E7
2622;6801;1;1.400131192152665E7
2623;6803;2;1.400131192152665E7
2624;6805;2;1.400131192152665E7
2625;6808;3;1.400131192152665E7
2626;6809;1;1.400131192152665E7
2627;6812;3;1.400131192152665E7
2628;6814;2;1.400131192152665E7
2629;6816;2;1.400131192152665E7
2630;6818;2;1.400131192152665E7
2631;6819;1;1.400131192152665E7
2632;6821;2;1.400131192152665E7
2633;6822;1;1.400131192152665E7
2634;6824;2;1.400131192152665E7
2635;6825;1;1.400131192152665E7
2636;6826;1;1.400131192152665E7
2637;6829;3;1.400131192152665E7
2638;6831;2;1.400131192152665E7
2639;6833;2;1.400131192152665E7
2640;6836;3;1.400131192152665E7
2641;6839;3;1.400131192152665E7
2642;6841;2;1.400131192152665E7
2643;6843;2;1.400131192152665E7
2644;6846;3;1.400131192152665E7
2645;6848;2;1.400131192152665E7
2646;6851;3;1.400131192152665E7
2647;6853;2;1.400131192152665E7
2648;6855;2;1.400131192152665E7
2649;6857;2;1.400131192152665E7
2650;6858;1;1.400131192152665E7
2651;6858;0;1.400131192152665E7
2652;6860;2;1.400131192152665E7
2653;6864;4;1.400131192152665E7
2654;6865;1;1.400131192152665E7
2655;6866;1;1.4001306141522704E7
2656;6867;1;1.4001306141522704E7
2657;6870;3;1.4001306141522704E7
2658;6870;0;1.4001306141522704E7
2659;6873;3;1.4001306141522704E7
2660;6875;2;1.4001306141522704E7
2661;6878;3;1.4001306141522704E7
2662;6879;1;1.4001306141522704E7
2663;6882;3;1.4001306141522704E7
2664;6884;2;1.4001306141522704E7
2665;6886;2;1.4001306141522704E7
2666;6886;0;1.4001306141522704E7
2667;6888;2;1.4001306141522704E7
2668;6891;3;1.4001306141522704E7
2669;6894;3;1.4001306141522704E7
2670;6896;2;1.400130230008365E7
2671;6898;2;1.400130230008365E7
2672;6900;2;1.4001302030332819E7
2673;6901;1;1.4001300929767769E7
2674;6904;3;1.4001300929767769E7
2675;6904;0;1.4001300929767769E7
2676;6906;2;1.4001300929767769E7
2677;6908;2;1.4001300929767769E7
2678;6910;2;1.4001300929767769E7
2679;6910;0;1.4001300929767769E7
2680;6913;3;1.4001300929767769E7
2681;6917;4;1.4001300929767769E7
2682;6919;2;1.4001300929767769E7
2683;6922;3;1.4001300929767769E7
2684;6925;3;1.4001300929767769E7
2685;6927;2;1.4001300929767769E7
2686;6928;1;1.4001300929767769E7
2687;6932;4;1.4001300929767769E7
2688;6934;2;1.4001300929767769E7
2689;6937;3;1.4001300929767769E7
2690;6939;2;1.4001300929767769E7
2691;6939;0;1.4001300929767769E7
2692;6941;2;1.4001300929767769E7
2693;6942;1;1.4001300929767769E7
2694;6945;3;1.4001300929767769E7
2695;6948;3;1.4001300929767769E7
2696;6948;0;1.4001300929767769E7
2697;6949;1;1.4001300929767769E7
2698;6951;2;1.4001300929767769E7
2699;6952;1;1.4001300929767769E7
2700;6953;1;1.4001300929767769E7
2701;6956;3;1.4001300929767769E7
2702;6957;1;1.4001300929767769E7
2703;6959;2;1.4001300929767769E7
2704;6961;2;1.4001300929767769E7
2705;6963;2;1.4001300929767769E7
2706;6964;1;1.4001300929767769E7
2707;6966;2;1.4001300929767769E7
2708;6968;2;1.4001300929767769E7
2709;6969;1;1.4001300929767769E7
2710;6969;0;1.4001300929767769E7
2711;6971;2;1.4001300929767769E7
2712;6975;4;1.4001300929767769E7
2713;6977;2;1.4001300929767769E7
2714;6979;2;1.4001300929767769E7
2715;6980;1;1.4001300929767769E7
2716;6981;1;1.4001300929767769E7
2717;6986;5;1.4001300929767769E7
2718;6987;1;1.4001300929767769E7
2719;6989;2;1.4001300929767769E7
2720;6991;2;1.4001300929767769E7
2721;6994;3;1.4001300929767769E7
2722;6997;3;1.4001300929767769E7
2723;7000;3;1.4001300929767769E7
2724;7000;0;1.4001300929767769E7
2725;7002;2;1.4001300929767769E7
2726;7003;1;1.4001300929767769E7
2727;7005;2;1.4001300929767769E7
2728;7007;2;1.4001300929767769E7
2729;7009;2;1.4001300929767769E7
2730;7010;1;1.4001300929767769E7
2731;7012;2;1.4001300929767769E7
2732;7015;3;1.4001300929767769E7
2733;7017;2;1.4001300929767769E7
2734;7017;0;1.4001300929767769E7
2735;7018;1;1.4001300929767769E7
2736;7020;2;1.4001300929767769E7
2737;7022;2;1.4001300929767769E7
2738;7023;1;1.4001300929767769E7
2739;7025;2;1.4001300929767769E7
2740;7027;2;1.4001300929767769E7
2741;7028;1;1.4001300929767769E7
2742;7030;2;1.4001300929767769E7
2743;7032;2;1.4001300929767769E7
2744;7033;1;1.4001300929767769E7
2745;7036;3;1.4001300929767769E7
2746;7039;3;1.4001295844256883E7
2747;7041;2;1.4001295844256883E7
2748;7044;3;1.4001295844256883E7
2749;7046;2;1.4001295844256883E7
2750;7048;2;1.4001295844256883E7
2751;7051;3;1.4001295844256883E7
2752;7054;3;1.4001295844256883E7
2753;7055;1;1.4001295844256883E7
2754;7056;1;1.4001295844256883E7
2755;7058;2;1.4001295844256883E7
2756;7060;2;1.4001295844256883E7
2757;7062;2;1.4001295844256883E7
2758;7065;3;1.4001295844256883E7
2759;7067;2;1.4001295844256883E7
2760;7069;2;1.4001295844256883E7
2761;7072;3;1.4001295844256883E7
2762;7075;3;1.4001295844256883E7
2763;7078;3;1.4001295844256883E7
2764;7079;1;1.4001295844256883E7
2765;7082;3;1.4001295844256883E7
2766;7084;2;1.4001295844256883E7
2767;7087;3;1.4001295844256883E7
2768;7089;2;1.4001295844256883E7
2769;7091;2;1.400129578261984E7
2770;7094;3;1.400129578261984E7
2771;7097;3;1.400129578261984E7
2772;7098;1;1.400129578261984E7
2773;7100;2;1.400129578261984E7
2774;7102;2;1.400129578261984E7
2775;7102;0;1.400129578261984E7
2776;7104;2;1.400129578261984E7
2777;7105;1;1.400129578261984E7
2778;7106;1;1.400129578261984E7
2779;7107;1;1.400129578261984E7
2780;7109;2;1.400129578261984E7
2781;7111;2;1.400129578261984E7
2782;7113;2;1.400129578261984E7
2783;7116;3;1.400129578261984E7
2784;7118;2;1.400129578261984E7
2785;7119;1;1.400129578261984E7
2786;7122;3;1.400129578261984E7
2787;7124;2;1.400129578261984E7
2788;7126;2;1.400129578261984E7
2789;7129;3;1.400129578261984E7
2790;7130;1;1.400129578261984E7
2791;7133;3;1.400129578261984E7
2792;7135;2;1.400129578261984E7
2793;7137;2;1.400129578261984E7
2794;7139;2;1.400129578261984E7
2795;7142;3;1.400129578261984E7
2796;7144;2;1.400129578261984E7
2797;7148;4;1.400129578261984E7
2798;7150;2;1.400129578261984E7
2799;7152;2;1.400129578261984E7
2800;7153;1;1.400129578261984E7
2801;7154;1;1.400129578261984E7
2802;7155;1;1.400129578261984E7
2803;7157;2;1.4001292469470592E7
2804;7161;4;1.4001292469470592E7
2805;7164;3;1.4001292469470592E7
2806;7169;5;1.4001292469470592E7
2807;7171;2;1.4001292469470592E7
2808;7173;2;1.4001292469470592E7
2809;7175;2;1.4001292469470592E7
2810;7177;2;1.4001292469470592E7
2811;7179;2;1.4001292469470592E7
2812;7181;2;1.4001291632708155E7
2813;7183;2;1.4001291632708155E7
2814;7185;2;1.4001291632708155E7
2815;7187;2;1.4001291632708155E7
2816;7189;2;1.4001291632708155E7
2817;7191;2;1.4001291632708155E7
2818;7193;2;1.4001291632708155E7
2819;7196;3;1.4001291632708155E7
2820;7199;3;1.4001290581056874E7
2821;7201;2;1.4001290581056874E7
2822;7203;2;1.4001290581056874E7
2823;7206;3;1.4001290581056874E7
2824;7207;1;1.4001290581056874E7
2825;7210;3;1.4001290581056874E7
2826;7212;2;1.4001290581056874E7
2827;7213;1;1.4001290581056874E7
2828;7214;1;1.4001290581056874E7
2829;7217;3;1.4001290581056874E7
2830;7220;3;1.4001290581056874E7
2831;7221;1;1.4001290581056874E7
2832;7222;1;1.4001290581056874E7
2833;7225;3;1.4001290581056874E7
2834;7228;3;1.4001290581056874E7
2835;7229;1;1.4001290581056874E7
2836;7232;3;1.4001290581056874E7
2837;7234;2;1.4001290581056874E7
2838;7236;2;1.4001290581056874E7
2839;7238;2;1.4001290581056874E7
2840;7239;1;1.4001290581056874E7
2841;7243;4;1.4001290581056874E7
2842;7246;3;1.4001290581056874E7
2843;7247;1;1.4001290581056874E7
2844;7251;4;1.4001290581056874E7
2845;7255;4;1.4001290581056874E7
2846;7256;1;1.4001290581056874E7
2847;7258;2;1.4001288708314303E7
2848;7260;2;1.4001288708314303E7
2849;7261;1;1.4001288708314303E7
2850;7263;2;1.400128682872869E7
2851;7265;2;1.400128682872869E7
2852;7267;2;1.400128682872869E7
2853;7267;0;1.400128682872869E7
2854;7269;2;1.400128682872869E7
2855;7271;2;1.400128682872869E7
2856;7274;3;1.400128682872869E7
2857;7276;2;1.4001282383421753E7
2858;7277;1;1.4001282383421753E7
2859;7278;1;1.4001282383421753E7
2860;7278;0;1.4001282383421753E7
2861;7280;2;1.4001282383421753E7
2862;7282;2;1.4001282383421753E7
2863;7284;2;1.4001282383421753E7
2864;7285;1;1.4001282383421753E7
2865;7286;1;1.4001282383421753E7
2866;7287;1;1.4001282383421753E7
2867;7288;1;1.4001282383421753E7
2868;7289;1;1.4001282383421753E7
2869;7290;1;1.4001282383421753E7
2870;7291;1;1.4001275515126342E7
2871;7295;4;1.4001275515126342E7
2872;7297;2;1.4001275515126342E7
2873;7299;2;1.4001274431719182E7
2874;7301;2;1.4001274431719182E7
2875;7303;2;1.4001268750895044E7
2876;7305;2;1.4001268750895044E7
2877;7308;3;1.4001268750895044E7
2878;7309;1;1.4001264586414026E7
2879;7310;1;1.4001264586414026E7
2880;7312;2;1.4001264586414026E7
2881;7313;1;1.4001264586414026E7
2882;7314;1;1.4001264586414026E7
2883;7317;3;1.4001264586414026E7
2884;7319;2;1.4001264586414026E7
2885;7322;3;1.4001264586414026E7
2886;7324;2;1.4001264586414026E7
2887;7326;2;1.4001264586414026E7
2888;7327;1;1.4001264586414026E7
2889;7330;3;1.4001264586414026E7
2890;7330;0;1.4001264586414026E7
2891;7331;1;1.4001264586414026E7
2892;7332;1;1.4001264586414026E7
2893;7334;2;1.4001264586414026E7
2894;7335;1;1.4001264586414026E7
2895;7337;2;1.4001264586414026E7
2896;7338;1;1.4001264586414026E7
2897;7340;2;1.4001264586414026E7
2898;7346;6;1.4001264586414026E7
2899;7350;4;1.4001264586414026E7
2900;7354;4;1.4001264586414026E7
2901;7355;1;1.4001264586414026E7
2902;7357;2;1.4001264586414026E7
2903;7360;3;1.4001264586414026E7
2904;7362;2;1.4001264586414026E7
2905;7364;2;1.4001264586414026E7
2906;7364;0;1.4001264586414026E7
2907;7366;2;1.4001264586414026E7
2908;7368;2;1.4001264586414026E7
2909;7370;2;1.4001264586414026E7
2910;7370;0;1.4001264586414026E7
2911;7372;2;1.4001264586414026E7
2912;7373;1;1.4001264586414026E7
2913;7375;2;1.4001264586414026E7
2914;7377;2;1.4001264586414026E7
2915;7377;0;1.4001264586414026E7
2916;7379;2;1.4001264586414026E7
2917;7381;2;1.4001264586414026E7
2918;7383;2;1.4001264586414026E7
2919;7385;2;1.4001264586414026E7
2920;7387;2;1.4001264586414026E7
2921;7389;2;1.4001264586414026E7
2922;7392;3;1.4001264586414026E7
2923;7394;2;1.4001264586414026E7
2924;7395;1;1.4001264586414026E7
2925;7396;1;1.4001264586414026E7
2926;7397;1;1.4001264586414026E7
2927;7399;2;1.4001264586414026E7
2928;7401;2;1.4001264586414026E7
2929;7404;3;1.4001264586414026E7
2930;7406;2;1.4001264586414026E7
2931;7408;2;1.4001264586414026E7
2932;7409;1;1.4001264586414026E7
2933;7412;3;1.4001264586414026E7
2934;7416;4;1.4001264586414026E7
2935;7418;2;1.4001264586414026E7
2936;7419;1;1.4001264586414026E7
2937;7422;3;1.4001264586414026E7
2938;7424;2;1.4001264586414026E7
2939;7426;2;1.4001264586414026E7
2940;7427;1;1.4001264586414026E7
2941;7429;2;1.4001264586414026E7
2942;7430;1;1.4001264586414026E7
2943;7431;1;1.4001264586414026E7
2944;7433;2;1.4001264586414026E7
2945;7436;3;1.4001264586414026E7
2946;7437;1;1.4001264586414026E7
2947;7438;1;1.4001264586414026E7
2948;7441;3;1.4001264586414026E7
2949;7444;3;1.4001264586414026E7
2950;7445;1;1.4001264586414026E7
2951;7450;5;1.4001264586414026E7
2952;7455;5;1.4001264586414026E7
2953;7457;2;1.4001264586414026E7
2954;7458;1;1.4001264586414026E7
2955;7459;1;1.4001264586414026E7
2956;7461;2;1.4001264586414026E7
2957;7462;1;1.4001264586414026E7
2958;7465;3;1.4001264586414026E7
2959;7467;2;1.4001264586414026E7
2960;7469;2;1.4001264586414026E7
2961;7471;2;1.4001264586414026E7
2962;7472;1;1.4001264586414026E7
2963;7473;1;1.4001264586414026E7
2964;7474;1;1.4001264586414026E7
2965;7477;3;1.4001264586414026E7
2966;7480;3;1.4001264586414026E7
2967;7483;3;1.4001264586414026E7
2968;7485;2;1.4001264586414026E7
2969;7486;1;1.4001264586414026E7
2970;7489;3;1.4001264586414026E7
2971;7490;1;1.4001264586414026E7
2972;7495;5;1.4001264586414026E7
2973;7499;4;1.4001264586414026E7
2974;7500;1;1.4001264586414026E7
2975;7502;2;1.4001264586414026E7
2976;7506;4;1.4001264586414026E7
2977;7508;2;1.4001264586414026E7
2978;7509;1;1.4001264586414026E7
2979;7511;2;1.4001264586414026E7
2980;7516;5;1.4001264586414026E7
2981;7517;1;1.4001264586414026E7
2982;7519;2;1.4001264586414026E7
2983;7521;2;1.4001264586414026E7
2984;7522;1;1.4001264586414026E7
2985;7523;1;1.4001264586414026E7
2986;7525;2;1.4001264586414026E7
2987;7526;1;1.4001264586414026E7
2988;7528;2;1.4001264586414026E7
2989;7529;1;1.4001264586414026E7
2990;7530;1;1.4001264586414026E7
2991;7531;1;1.4001264586414026E7
2992;7532;1;1.4001264586414026E7
2993;7535;3;1.4001264586414026E7
2994;7538;3;1.4001264586414026E7
2995;7539;1;1.4001264586414026E7
2996;7543;4;1.4001264586414026E7
2997;7547;4;1.4001264586414026E7
2998;7548;1;1.4001264586414026E7
2999;7552;4;1.4001264586414026E7
