Index;Time point [ms];Iteration length [ms];Cost
0;9;9;2.100197187441157E7
1;12;3;2.0002015896808993E7
2;15;3;2.000197128349328E7
3;28;13;2.0001906811276197E7
4;29;1;2.0001906811276197E7
5;34;5;2.0001906811276197E7
6;36;2;2.0001904953191925E7
7;40;4;2.0001882425590474E7
8;44;4;2.0001882425590474E7
9;45;1;2.0001882425590474E7
10;49;4;2.0001882425590474E7
11;52;3;2.0001882425590474E7
12;55;3;2.0001882425590474E7
13;58;3;1.900173637719949E7
14;62;4;1.900173637719949E7
15;64;2;1.900173637719949E7
16;68;4;1.900173637719949E7
17;71;3;1.900173637719949E7
18;73;2;1.900173637719949E7
19;76;3;1.9001708406347428E7
20;79;3;1.9001708406347428E7
21;82;3;1.9001708406347428E7
22;85;3;1.9001708406347428E7
23;87;2;1.9001708406347428E7
24;89;2;1.9001708406347428E7
25;91;2;1.9001708406347428E7
26;94;3;1.9001708406347428E7
27;98;4;1.9001708406347428E7
28;101;3;1.9001708406347428E7
29;104;3;1.9001708406347428E7
30;105;1;1.9001708406347428E7
31;107;2;1.9001708406347428E7
32;110;3;1.9001708406347428E7
33;112;2;1.9001708406347428E7
34;114;2;1.9001708406347428E7
35;119;5;1.9001708406347428E7
36;122;3;1.9001708406347428E7
37;128;6;1.9001708406347428E7
38;132;4;1.9001708406347428E7
39;135;3;1.9001708406347428E7
40;138;3;1.9001708406347428E7
41;140;2;1.9001708406347428E7
42;144;4;1.9001708406347428E7
43;146;2;1.9001708406347428E7
44;149;3;1.9001708406347428E7
45;149;0;1.9001708406347428E7
46;151;2;1.9001708406347428E7
47;155;4;1.9001708406347428E7
48;158;3;1.9001708406347428E7
49;159;1;1.9001708406347428E7
50;162;3;1.9001708406347428E7
51;164;2;1.9001708406347428E7
52;166;2;1.9001708406347428E7
53;169;3;1.9001708406347428E7
54;172;3;1.9001708406347428E7
55;172;0;1.9001708406347428E7
56;174;2;1.9001708406347428E7
57;175;1;1.9001708406347428E7
58;178;3;1.9001708406347428E7
59;181;3;1.9001708406347428E7
60;184;3;1.9001708406347428E7
61;184;0;1.9001708406347428E7
62;187;3;1.9001708406347428E7
63;190;3;1.9001708406347428E7
64;193;3;1.9001708406347428E7
65;194;1;1.9001708406347428E7
66;201;7;1.9001708406347428E7
67;206;5;1.9001708406347428E7
68;211;5;1.9001708406347428E7
69;216;5;1.9001708406347428E7
70;220;4;1.9001708406347428E7
71;221;1;1.9001708406347428E7
72;226;5;1.9001708406347428E7
73;226;0;1.9001708406347428E7
74;229;3;1.9001708406347428E7
75;231;2;1.9001708406347428E7
76;235;4;1.9001708406347428E7
77;239;4;1.9001708406347428E7
78;241;2;1.9001708406347428E7
79;244;3;1.9001708406347428E7
80;247;3;1.9001708406347428E7
81;250;3;1.9001708406347428E7
82;252;2;1.9001708406347428E7
83;255;3;1.9001645318221524E7
84;256;1;1.9001645318221524E7
85;258;2;1.9001642962512694E7
86;261;3;1.900163971418591E7
87;264;3;1.900163971418591E7
88;268;4;1.900163971418591E7
89;270;2;1.900163971418591E7
90;272;2;1.900163971418591E7
91;275;3;1.900163971418591E7
92;278;3;1.900163971418591E7
93;280;2;1.900163971418591E7
94;282;2;1.900163971418591E7
95;286;4;1.900163971418591E7
96;288;2;1.900163971418591E7
97;290;2;1.900163971418591E7
98;292;2;1.900163971418591E7
99;296;4;1.900163971418591E7
100;297;1;1.900163971418591E7
101;301;4;1.900163971418591E7
102;303;2;1.900163971418591E7
103;307;4;1.900163971418591E7
104;310;3;1.900163971418591E7
105;312;2;1.900163971418591E7
106;314;2;1.900163971418591E7
107;318;4;1.900163971418591E7
108;322;4;1.900163971418591E7
109;325;3;1.900163971418591E7
110;328;3;1.900163971418591E7
111;332;4;1.900163971418591E7
112;334;2;1.900163971418591E7
113;336;2;1.900163971418591E7
114;340;4;1.900163971418591E7
115;343;3;1.900163971418591E7
116;346;3;1.900163971418591E7
117;347;1;1.900163971418591E7
118;349;2;1.900163971418591E7
119;350;1;1.900163971418591E7
120;354;4;1.900163971418591E7
121;356;2;1.900163971418591E7
122;357;1;1.900163971418591E7
123;359;2;1.900163971418591E7
124;361;2;1.900163971418591E7
125;363;2;1.900163971418591E7
126;367;4;1.900163971418591E7
127;370;3;1.900163971418591E7
128;372;2;1.900163971418591E7
129;373;1;1.900163971418591E7
130;378;5;1.900163971418591E7
131;382;4;1.900163971418591E7
132;383;1;1.900163971418591E7
133;387;4;1.900163971418591E7
134;390;3;1.900163971418591E7
135;392;2;1.900163971418591E7
136;392;0;1.900163971418591E7
137;394;2;1.900163971418591E7
138;397;3;1.900163971418591E7
139;399;2;1.900163971418591E7
140;402;3;1.900163971418591E7
141;403;1;1.900163971418591E7
142;405;2;1.900163971418591E7
143;408;3;1.900163971418591E7
144;411;3;1.900163971418591E7
145;413;2;1.900163971418591E7
146;416;3;1.900163971418591E7
147;419;3;1.900163971418591E7
148;421;2;1.900163971418591E7
149;423;2;1.900163971418591E7
150;425;2;1.900163971418591E7
151;428;3;1.900163971418591E7
152;429;1;1.900163971418591E7
153;431;2;1.900163971418591E7
154;433;2;1.900163971418591E7
155;434;1;1.900163971418591E7
156;438;4;1.900163971418591E7
157;441;3;1.900163971418591E7
158;445;4;1.900163971418591E7
159;448;3;1.900163971418591E7
160;449;1;1.900163971418591E7
161;450;1;1.900163971418591E7
162;454;4;1.900163971418591E7
163;458;4;1.900163971418591E7
164;460;2;1.900163971418591E7
165;463;3;1.900163971418591E7
166;463;0;1.900163971418591E7
167;465;2;1.900163971418591E7
168;466;1;1.900163971418591E7
169;470;4;1.900163971418591E7
170;473;3;1.900163971418591E7
171;475;2;1.900163971418591E7
172;481;6;1.900163971418591E7
173;484;3;1.900163971418591E7
174;485;1;1.900163971418591E7
175;487;2;1.900163971418591E7
176;490;3;1.900163971418591E7
177;493;3;1.900163971418591E7
178;495;2;1.900163971418591E7
179;495;0;1.900163971418591E7
180;497;2;1.900163971418591E7
181;499;2;1.900163971418591E7
182;503;4;1.900163971418591E7
183;506;3;1.900163971418591E7
184;507;1;1.900163971418591E7
185;510;3;1.900163971418591E7
186;512;2;1.900163971418591E7
187;515;3;1.900163971418591E7
188;517;2;1.900163971418591E7
189;518;1;1.900163971418591E7
190;518;0;1.900163971418591E7
191;521;3;1.900163971418591E7
192;524;3;1.900163971418591E7
193;526;2;1.900163971418591E7
194;529;3;1.900163971418591E7
195;530;1;1.900163971418591E7
196;534;4;1.900163971418591E7
197;535;1;1.900163971418591E7
198;539;4;1.900163971418591E7
199;544;5;1.900163971418591E7
200;546;2;1.900163971418591E7
201;549;3;1.900163971418591E7
202;551;2;1.900163971418591E7
203;554;3;1.900163971418591E7
204;558;4;1.900163971418591E7
205;558;0;1.900163971418591E7
206;561;3;1.900163971418591E7
207;565;4;1.900163971418591E7
208;567;2;1.900163971418591E7
209;569;2;1.900163971418591E7
210;571;2;1.900163971418591E7
211;571;0;1.900163971418591E7
212;572;1;1.900163971418591E7
213;574;2;1.900163971418591E7
214;575;1;1.900163971418591E7
215;578;3;1.900163971418591E7
216;580;2;1.900163971418591E7
217;583;3;1.900163971418591E7
218;587;4;1.900163971418591E7
219;590;3;1.900163971418591E7
220;592;2;1.900163971418591E7
221;595;3;1.900163971418591E7
222;597;2;1.900163971418591E7
223;599;2;1.900163971418591E7
224;600;1;1.900163971418591E7
225;600;0;1.900163971418591E7
226;603;3;1.900163971418591E7
227;606;3;1.900163971418591E7
228;607;1;1.900163971418591E7
229;610;3;1.900163971418591E7
230;614;4;1.900163971418591E7
231;614;0;1.900163971418591E7
232;618;4;1.900163971418591E7
233;621;3;1.900163971418591E7
234;622;1;1.900163971418591E7
235;626;4;1.900163971418591E7
236;627;1;1.900163971418591E7
237;631;4;1.900163971418591E7
238;634;3;1.900163971418591E7
239;635;1;1.900163971418591E7
240;638;3;1.900163971418591E7
241;640;2;1.900163971418591E7
242;644;4;1.900163971418591E7
243;645;1;1.900163971418591E7
244;646;1;1.900163971418591E7
245;648;2;1.900163971418591E7
246;651;3;1.900163971418591E7
247;652;1;1.900163971418591E7
248;654;2;1.900163971418591E7
249;657;3;1.900163971418591E7
250;661;4;1.900163971418591E7
251;661;0;1.900163971418591E7
252;662;1;1.900163971418591E7
253;666;4;1.900163971418591E7
254;669;3;1.900163971418591E7
255;672;3;1.900163971418591E7
256;674;2;1.900163971418591E7
257;677;3;1.900163971418591E7
258;679;2;1.900163971418591E7
259;679;0;1.900163971418591E7
260;682;3;1.900163971418591E7
261;685;3;1.900163971418591E7
262;688;3;1.900163971418591E7
263;688;0;1.900163971418591E7
264;691;3;1.900163971418591E7
265;695;4;1.900163971418591E7
266;698;3;1.900163971418591E7
267;699;1;1.900163971418591E7
268;702;3;1.900163971418591E7
269;703;1;1.900163971418591E7
270;706;3;1.900163971418591E7
271;709;3;1.900163971418591E7
272;711;2;1.900163971418591E7
273;711;0;1.900163971418591E7
274;714;3;1.900163971418591E7
275;714;0;1.900163971418591E7
276;716;2;1.900163971418591E7
277;717;1;1.900163971418591E7
278;718;1;1.900163971418591E7
279;721;3;1.900163971418591E7
280;723;2;1.900163971418591E7
281;724;1;1.900163971418591E7
282;726;2;1.900163971418591E7
283;729;3;1.900163971418591E7
284;730;1;1.900163971418591E7
285;732;2;1.900163971418591E7
286;735;3;1.900163971418591E7
287;737;2;1.900163971418591E7
288;741;4;1.900163971418591E7
289;744;3;1.900163971418591E7
290;747;3;1.900163971418591E7
291;750;3;1.900163971418591E7
292;753;3;1.900163971418591E7
293;755;2;1.900163971418591E7
294;758;3;1.900163971418591E7
295;762;4;1.900163971418591E7
296;763;1;1.900163971418591E7
297;766;3;1.900163971418591E7
298;769;3;1.900163971418591E7
299;771;2;1.900163971418591E7
300;773;2;1.900163971418591E7
301;775;2;1.900163971418591E7
302;775;0;1.900163971418591E7
303;778;3;1.900163971418591E7
304;780;2;1.900163971418591E7
305;783;3;1.900163971418591E7
306;785;2;1.900163971418591E7
307;789;4;1.900163971418591E7
308;792;3;1.900163971418591E7
309;795;3;1.900163971418591E7
310;795;0;1.900163971418591E7
311;798;3;1.900163971418591E7
312;801;3;1.900163971418591E7
313;803;2;1.900163971418591E7
314;806;3;1.900163971418591E7
315;809;3;1.900163971418591E7
316;809;0;1.900163971418591E7
317;813;4;1.900163971418591E7
318;815;2;1.900163971418591E7
319;819;4;1.900163971418591E7
320;821;2;1.900163971418591E7
321;825;4;1.900163971418591E7
322;826;1;1.900163971418591E7
323;828;2;1.900163971418591E7
324;830;2;1.900163971418591E7
325;833;3;1.900163971418591E7
326;838;5;1.900163971418591E7
327;840;2;1.900163971418591E7
328;843;3;1.900163971418591E7
329;846;3;1.900163971418591E7
330;848;2;1.900163971418591E7
331;850;2;1.900163971418591E7
332;850;0;1.900163971418591E7
333;853;3;1.900163971418591E7
334;854;1;1.900163971418591E7
335;855;1;1.900163971418591E7
336;857;2;1.900163971418591E7
337;860;3;1.900163971418591E7
338;861;1;1.900163971418591E7
339;863;2;1.900163971418591E7
340;864;1;1.900163971418591E7
341;866;2;1.900163971418591E7
342;869;3;1.900163971418591E7
343;872;3;1.900163971418591E7
344;872;0;1.900163971418591E7
345;874;2;1.900163971418591E7
346;875;1;1.900163971418591E7
347;877;2;1.900163971418591E7
348;880;3;1.900163971418591E7
349;881;1;1.900163971418591E7
350;885;4;1.900163971418591E7
351;886;1;1.900163971418591E7
352;889;3;1.900163971418591E7
353;893;4;1.900163971418591E7
354;896;3;1.900163971418591E7
355;896;0;1.900163971418591E7
356;899;3;1.900163971418591E7
357;901;2;1.900163971418591E7
358;905;4;1.900163971418591E7
359;905;0;1.900163971418591E7
360;906;1;1.900163971418591E7
361;908;2;1.900163971418591E7
362;910;2;1.900163971418591E7
363;914;4;1.900163971418591E7
364;915;1;1.900163971418591E7
365;918;3;1.900163971418591E7
366;919;1;1.900163971418591E7
367;923;4;1.900163971418591E7
368;925;2;1.900163971418591E7
369;929;4;1.9001634812228695E7
370;929;0;1.9001634812228695E7
371;933;4;1.9001634812228695E7
372;936;3;1.9001634812228695E7
373;938;2;1.9001634812228695E7
374;941;3;1.9001634812228695E7
375;941;0;1.9001634812228695E7
376;945;4;1.9001634812228695E7
377;945;0;1.9001634812228695E7
378;946;1;1.9001634812228695E7
379;948;2;1.9001634812228695E7
380;950;2;1.9001634812228695E7
381;954;4;1.9001634812228695E7
382;957;3;1.9001634812228695E7
383;958;1;1.9001634812228695E7
384;961;3;1.9001634812228695E7
385;964;3;1.9001634812228695E7
386;966;2;1.9001634812228695E7
387;970;4;1.9001634812228695E7
388;970;0;1.9001634812228695E7
389;975;5;1.9001634812228695E7
390;977;2;1.9001634812228695E7
391;978;1;1.9001634812228695E7
392;980;2;1.8001768916446798E7
393;982;2;1.8001768916446798E7
394;985;3;1.800176711783547E7
395;988;3;1.800176711783547E7
396;992;4;1.800176711783547E7
397;995;3;1.800176711783547E7
398;998;3;1.800176711783547E7
399;1001;3;1.800176711783547E7
400;1003;2;1.800176711783547E7
401;1004;1;1.800176711783547E7
402;1007;3;1.800176711783547E7
403;1008;1;1.800176711783547E7
404;1010;2;1.800176711783547E7
405;1012;2;1.800176711783547E7
406;1015;3;1.800176711783547E7
407;1018;3;1.800176711783547E7
408;1019;1;1.800176711783547E7
409;1021;2;1.800176711783547E7
410;1023;2;1.800176711783547E7
411;1027;4;1.800176711783547E7
412;1032;5;1.800176711783547E7
413;1032;0;1.800176711783547E7
414;1036;4;1.800176711783547E7
415;1039;3;1.800176711783547E7
416;1041;2;1.800176711783547E7
417;1044;3;1.800176711783547E7
418;1047;3;1.800176711783547E7
419;1049;2;1.800176711783547E7
420;1050;1;1.800176711783547E7
421;1052;2;1.800176711783547E7
422;1056;4;1.800176711783547E7
423;1059;3;1.800176711783547E7
424;1063;4;1.800176711783547E7
425;1063;0;1.800176711783547E7
426;1065;2;1.800176711783547E7
427;1068;3;1.800176711783547E7
428;1071;3;1.800176711783547E7
429;1074;3;1.800176711783547E7
430;1074;0;1.800176711783547E7
431;1077;3;1.800176711783547E7
432;1080;3;1.800176711783547E7
433;1081;1;1.800176711783547E7
434;1084;3;1.800176711783547E7
435;1086;2;1.800176711783547E7
436;1089;3;1.800176711783547E7
437;1092;3;1.800176711783547E7
438;1095;3;1.800176711783547E7
439;1095;0;1.800176711783547E7
440;1098;3;1.800176711783547E7
441;1100;2;1.800176711783547E7
442;1100;0;1.800176711783547E7
443;1104;4;1.800176711783547E7
444;1106;2;1.800176711783547E7
445;1108;2;1.800176711783547E7
446;1111;3;1.800176711783547E7
447;1116;5;1.800176711783547E7
448;1121;5;1.800176711783547E7
449;1124;3;1.800176711783547E7
450;1128;4;1.800176711783547E7
451;1133;5;1.800176711783547E7
452;1137;4;1.800176711783547E7
453;1143;6;1.800176711783547E7
454;1149;6;1.800176711783547E7
455;1151;2;1.800176711783547E7
456;1153;2;1.800176711783547E7
457;1154;1;1.800176711783547E7
458;1157;3;1.800176711783547E7
459;1163;6;1.800176711783547E7
460;1168;5;1.800176711783547E7
461;1171;3;1.800176711783547E7
462;1173;2;1.800176711783547E7
463;1174;1;1.800176711783547E7
464;1178;4;1.800176711783547E7
465;1180;2;1.800176711783547E7
466;1183;3;1.800176711783547E7
467;1186;3;1.800176711783547E7
468;1189;3;1.800176711783547E7
469;1191;2;1.800176711783547E7
470;1193;2;1.800176711783547E7
471;1196;3;1.800176711783547E7
472;1196;0;1.800176711783547E7
473;1197;1;1.800176711783547E7
474;1200;3;1.800176711783547E7
475;1204;4;1.800176711783547E7
476;1205;1;1.800176711783547E7
477;1207;2;1.800176711783547E7
478;1209;2;1.800176711783547E7
479;1213;4;1.800176711783547E7
480;1215;2;1.800176711783547E7
481;1218;3;1.800176711783547E7
482;1221;3;1.800176711783547E7
483;1224;3;1.800176711783547E7
484;1226;2;1.800176711783547E7
485;1229;3;1.800176711783547E7
486;1232;3;1.800176711783547E7
487;1235;3;1.800176711783547E7
488;1238;3;1.800176711783547E7
489;1238;0;1.800176711783547E7
490;1241;3;1.800176711783547E7
491;1241;0;1.800176711783547E7
492;1244;3;1.800176711783547E7
493;1246;2;1.800176711783547E7
494;1249;3;1.800176711783547E7
495;1252;3;1.800176711783547E7
496;1253;1;1.800176711783547E7
497;1256;3;1.800176711783547E7
498;1257;1;1.800176711783547E7
499;1259;2;1.800176711783547E7
500;1263;4;1.800176711783547E7
501;1267;4;1.800176711783547E7
502;1270;3;1.800176711783547E7
503;1272;2;1.800176711783547E7
504;1274;2;1.800176711783547E7
505;1277;3;1.800176711783547E7
506;1279;2;1.800176711783547E7
507;1282;3;1.800176711783547E7
508;1283;1;1.800176711783547E7
509;1286;3;1.800176711783547E7
510;1289;3;1.800176711783547E7
511;1290;1;1.800176711783547E7
512;1292;2;1.800176711783547E7
513;1294;2;1.800176711783547E7
514;1295;1;1.800176711783547E7
515;1298;3;1.800176711783547E7
516;1300;2;1.800176711783547E7
517;1301;1;1.800176711783547E7
518;1301;0;1.800176711783547E7
519;1303;2;1.800176711783547E7
520;1305;2;1.800176711783547E7
521;1305;0;1.800176711783547E7
522;1309;4;1.800176711783547E7
523;1311;2;1.800176711783547E7
524;1313;2;1.800176711783547E7
525;1314;1;1.800176711783547E7
526;1317;3;1.800176711783547E7
527;1318;1;1.800176711783547E7
528;1324;6;1.800176711783547E7
529;1325;1;1.800176711783547E7
530;1328;3;1.800176711783547E7
531;1332;4;1.800176711783547E7
532;1333;1;1.800176711783547E7
533;1335;2;1.800176711783547E7
534;1338;3;1.800176711783547E7
535;1341;3;1.800176711783547E7
536;1344;3;1.800176711783547E7
537;1346;2;1.800176711783547E7
538;1349;3;1.800176711783547E7
539;1351;2;1.800176711783547E7
540;1354;3;1.800176711783547E7
541;1356;2;1.800176711783547E7
542;1359;3;1.800176711783547E7
543;1362;3;1.800176711783547E7
544;1365;3;1.800176711783547E7
545;1365;0;1.800176711783547E7
546;1369;4;1.800176711783547E7
547;1370;1;1.800176711783547E7
548;1372;2;1.800176711783547E7
549;1376;4;1.800176711783547E7
550;1379;3;1.800176711783547E7
551;1381;2;1.800176711783547E7
552;1385;4;1.800176711783547E7
553;1388;3;1.800176711783547E7
554;1391;3;1.800176711783547E7
555;1392;1;1.800176711783547E7
556;1393;1;1.800176711783547E7
557;1395;2;1.800176711783547E7
558;1396;1;1.800176711783547E7
559;1398;2;1.800176711783547E7
560;1401;3;1.800176711783547E7
561;1403;2;1.800176711783547E7
562;1405;2;1.800176711783547E7
563;1407;2;1.800176711783547E7
564;1408;1;1.800176711783547E7
565;1410;2;1.800176711783547E7
566;1413;3;1.800176711783547E7
567;1414;1;1.800176711783547E7
568;1416;2;1.800176711783547E7
569;1419;3;1.800176711783547E7
570;1420;1;1.800176711783547E7
571;1422;2;1.800176711783547E7
572;1424;2;1.800176711783547E7
573;1426;2;1.800176711783547E7
574;1430;4;1.800176711783547E7
575;1432;2;1.800176711783547E7
576;1434;2;1.800176711783547E7
577;1436;2;1.800176711783547E7
578;1437;1;1.800176711783547E7
579;1438;1;1.800176711783547E7
580;1440;2;1.800176711783547E7
581;1443;3;1.800176711783547E7
582;1446;3;1.800176711783547E7
583;1448;2;1.800176711783547E7
584;1453;5;1.800176711783547E7
585;1457;4;1.800176711783547E7
586;1461;4;1.800176711783547E7
587;1462;1;1.800176711783547E7
588;1468;6;1.800176711783547E7
589;1472;4;1.800176711783547E7
590;1475;3;1.800176711783547E7
591;1479;4;1.800176711783547E7
592;1483;4;1.800176711783547E7
593;1486;3;1.800176711783547E7
594;1487;1;1.800176711783547E7
595;1489;2;1.800176711783547E7
596;1491;2;1.800176711783547E7
597;1493;2;1.800176711783547E7
598;1495;2;1.800176711783547E7
599;1499;4;1.800176711783547E7
600;1502;3;1.800176711783547E7
601;1506;4;1.800176711783547E7
602;1510;4;1.800176711783547E7
603;1511;1;1.800176711783547E7
604;1513;2;1.800176711783547E7
605;1514;1;1.800176711783547E7
606;1517;3;1.800176711783547E7
607;1518;1;1.800176711783547E7
608;1521;3;1.800176711783547E7
609;1521;0;1.800176711783547E7
610;1522;1;1.800176711783547E7
611;1526;4;1.800176711783547E7
612;1527;1;1.800176711783547E7
613;1530;3;1.8001738119426467E7
614;1532;2;1.8001738119426467E7
615;1534;2;1.8001703280648384E7
616;1537;3;1.8001687438808538E7
617;1539;2;1.8001683940682802E7
618;1542;3;1.8001683940682802E7
619;1545;3;1.8001683940682802E7
620;1546;1;1.8001683940682802E7
621;1548;2;1.8001683940682802E7
622;1550;2;1.8001683940682802E7
623;1552;2;1.8001683940682802E7
624;1553;1;1.8001683940682802E7
625;1556;3;1.8001683940682802E7
626;1557;1;1.8001683940682802E7
627;1559;2;1.8001683940682802E7
628;1562;3;1.8001683940682802E7
629;1565;3;1.8001683940682802E7
630;1567;2;1.8001683940682802E7
631;1569;2;1.8001683940682802E7
632;1572;3;1.8001683940682802E7
633;1573;1;1.8001683940682802E7
634;1577;4;1.8001683940682802E7
635;1579;2;1.8001683940682802E7
636;1583;4;1.8001683940682802E7
637;1586;3;1.8001683940682802E7
638;1588;2;1.8001683940682802E7
639;1591;3;1.8001683940682802E7
640;1593;2;1.8001683940682802E7
641;1597;4;1.8001683940682802E7
642;1599;2;1.8001683940682802E7
643;1600;1;1.8001683940682802E7
644;1603;3;1.8001683940682802E7
645;1605;2;1.8001683940682802E7
646;1608;3;1.8001683940682802E7
647;1610;2;1.8001683940682802E7
648;1613;3;1.8001683940682802E7
649;1615;2;1.8001683940682802E7
650;1616;1;1.8001683940682802E7
651;1619;3;1.8001683940682802E7
652;1619;0;1.8001683940682802E7
653;1622;3;1.8001683940682802E7
654;1622;0;1.8001683940682802E7
655;1624;2;1.8001683940682802E7
656;1628;4;1.8001683940682802E7
657;1631;3;1.8001683940682802E7
658;1634;3;1.8001683940682802E7
659;1635;1;1.8001683940682802E7
660;1637;2;1.8001683940682802E7
661;1640;3;1.8001683940682802E7
662;1641;1;1.8001683940682802E7
663;1644;3;1.800168190915392E7
664;1646;2;1.800168190915392E7
665;1648;2;1.800168190915392E7
666;1651;3;1.800168190915392E7
667;1654;3;1.800168190915392E7
668;1657;3;1.800168190915392E7
669;1660;3;1.800168190915392E7
670;1663;3;1.800168190915392E7
671;1666;3;1.800168190915392E7
672;1669;3;1.800168190915392E7
673;1671;2;1.800168190915392E7
674;1674;3;1.800168190915392E7
675;1676;2;1.800168190915392E7
676;1677;1;1.800168190915392E7
677;1678;1;1.800168190915392E7
678;1682;4;1.800168190915392E7
679;1684;2;1.800168190915392E7
680;1687;3;1.800168190915392E7
681;1690;3;1.800168190915392E7
682;1691;1;1.800168190915392E7
683;1694;3;1.800168190915392E7
684;1694;0;1.800168190915392E7
685;1696;2;1.800168190915392E7
686;1699;3;1.800168190915392E7
687;1701;2;1.800168190915392E7
688;1702;1;1.800168190915392E7
689;1704;2;1.800168190915392E7
690;1707;3;1.800168190915392E7
691;1709;2;1.800168190915392E7
692;1710;1;1.800168190915392E7
693;1712;2;1.800168190915392E7
694;1714;2;1.800168190915392E7
695;1718;4;1.800168190915392E7
696;1720;2;1.800168190915392E7
697;1723;3;1.800168190915392E7
698;1726;3;1.800168190915392E7
699;1731;5;1.8001677381551065E7
700;1736;5;1.8001677381551065E7
701;1738;2;1.8001677381551065E7
702;1740;2;1.8001677381551065E7
703;1743;3;1.8001677381551065E7
704;1745;2;1.8001677381551065E7
705;1747;2;1.8001677381551065E7
706;1749;2;1.8001677381551065E7
707;1753;4;1.8001677381551065E7
708;1758;5;1.8001677381551065E7
709;1762;4;1.8001677381551065E7
710;1765;3;1.8001677381551065E7
711;1770;5;1.8001677381551065E7
712;1774;4;1.8001677381551065E7
713;1779;5;1.8001677381551065E7
714;1782;3;1.8001677381551065E7
715;1785;3;1.8001677381551065E7
716;1786;1;1.8001677381551065E7
717;1788;2;1.8001677381551065E7
718;1792;4;1.8001677381551065E7
719;1798;6;1.800165540151109E7
720;1803;5;1.800165540151109E7
721;1806;3;1.800165540151109E7
722;1810;4;1.8001653414419863E7
723;1812;2;1.8001650290698275E7
724;1815;3;1.8001650290698275E7
725;1821;6;1.8001650290698275E7
726;1825;4;1.8001650290698275E7
727;1830;5;1.8001650290698275E7
728;1838;8;1.8001650290698275E7
729;1841;3;1.8001650290698275E7
730;1858;17;1.8001650290698275E7
731;1862;4;1.8001650290698275E7
732;1866;4;1.8001650290698275E7
733;1869;3;1.8001650290698275E7
734;1874;5;1.8001650290698275E7
735;1889;15;1.8001650290698275E7
736;1918;29;1.8001650290698275E7
737;1919;1;1.8001650290698275E7
738;1923;4;1.8001650290698275E7
739;1930;7;1.8001650290698275E7
740;1944;14;1.8001650290698275E7
741;1952;8;1.8001650290698275E7
742;1958;6;1.8001650290698275E7
743;1964;6;1.8001650290698275E7
744;1965;1;1.8001650290698275E7
745;1971;6;1.8001650290698275E7
746;1976;5;1.8001650290698275E7
747;1980;4;1.8001650290698275E7
748;1985;5;1.8001650290698275E7
749;1989;4;1.800163132422967E7
750;1991;2;1.800163132422967E7
751;1992;1;1.800163132422967E7
752;1996;4;1.800163132422967E7
753;2000;4;1.800163132422967E7
754;2001;1;1.800163132422967E7
755;2002;1;1.800163132422967E7
756;2007;5;1.800163132422967E7
757;2010;3;1.800163132422967E7
758;2013;3;1.800163132422967E7
759;2015;2;1.800163132422967E7
760;2021;6;1.800163132422967E7
761;2030;9;1.800163132422967E7
762;2032;2;1.800163132422967E7
763;2035;3;1.800163132422967E7
764;2041;6;1.800163132422967E7
765;2045;4;1.800163132422967E7
766;2048;3;1.800163132422967E7
767;2052;4;1.800163132422967E7
768;2058;6;1.800163132422967E7
769;2063;5;1.800163132422967E7
770;2067;4;1.800163132422967E7
771;2071;4;1.800163132422967E7
772;2072;1;1.800163132422967E7
773;2075;3;1.800163132422967E7
774;2078;3;1.800163132422967E7
775;2080;2;1.800163132422967E7
776;2084;4;1.800163132422967E7
777;2088;4;1.800163132422967E7
778;2089;1;1.800163132422967E7
779;2093;4;1.800163132422967E7
780;2096;3;1.800163132422967E7
781;2101;5;1.800163132422967E7
782;2105;4;1.800163132422967E7
783;2107;2;1.800163132422967E7
784;2112;5;1.800163132422967E7
785;2118;6;1.800163132422967E7
786;2121;3;1.800163132422967E7
787;2124;3;1.800163132422967E7
788;2126;2;1.800163132422967E7
789;2129;3;1.800163132422967E7
790;2130;1;1.800163132422967E7
791;2136;6;1.800163132422967E7
792;2140;4;1.800163132422967E7
793;2142;2;1.800163132422967E7
794;2156;14;1.800163132422967E7
795;2160;4;1.800163132422967E7
796;2163;3;1.800163132422967E7
797;2167;4;1.800163132422967E7
798;2168;1;1.800163132422967E7
799;2171;3;1.800163132422967E7
800;2175;4;1.800163132422967E7
801;2180;5;1.800163132422967E7
802;2183;3;1.800163132422967E7
803;2188;5;1.800163132422967E7
804;2228;40;1.800163132422967E7
805;2230;2;1.800163132422967E7
806;2233;3;1.800163132422967E7
807;2235;2;1.800163132422967E7
808;2251;16;1.800163132422967E7
809;2252;1;1.800163132422967E7
810;2274;22;1.800163132422967E7
811;2278;4;1.800163132422967E7
812;2279;1;1.800163132422967E7
813;2292;13;1.800163132422967E7
814;2295;3;1.800163132422967E7
815;2306;11;1.800163132422967E7
816;2309;3;1.800163132422967E7
817;2312;3;1.800163132422967E7
818;2315;3;1.800163132422967E7
819;2334;19;1.800163132422967E7
820;2337;3;1.800163132422967E7
821;2338;1;1.800163132422967E7
822;2360;22;1.800163132422967E7
823;2365;5;1.800163132422967E7
824;2368;3;1.800163132422967E7
825;2381;13;1.800163132422967E7
826;2389;8;1.800163132422967E7
827;2394;5;1.800163132422967E7
828;2402;8;1.800163132422967E7
829;2423;21;1.800163132422967E7
830;2426;3;1.800163132422967E7
831;2445;19;1.800163132422967E7
832;2448;3;1.800163132422967E7
833;2460;12;1.800163132422967E7
834;2467;7;1.800163132422967E7
835;2469;2;1.800163132422967E7
836;2494;25;1.800163132422967E7
837;2497;3;1.8001617656314053E7
838;2501;4;1.8001617656314053E7
839;2519;18;1.8001617656314053E7
840;2525;6;1.8001602507338744E7
841;2535;10;1.8001602507338744E7
842;2542;7;1.8001602507338744E7
843;2547;5;1.8001602507338744E7
844;2550;3;1.8001602507338744E7
845;2554;4;1.8001602507338744E7
846;2558;4;1.8001602507338744E7
847;2565;7;1.8001602507338744E7
848;2569;4;1.8001602507338744E7
849;2572;3;1.8001602507338744E7
850;2577;5;1.8001602507338744E7
851;2581;4;1.8001602507338744E7
852;2586;5;1.8001602507338744E7
853;2588;2;1.8001602507338744E7
854;2592;4;1.8001602507338744E7
855;2596;4;1.8001602507338744E7
856;2599;3;1.8001602507338744E7
857;2603;4;1.8001602507338744E7
858;2623;20;1.8001593330024667E7
859;2627;4;1.8001593330024667E7
860;2652;25;1.8001593330024667E7
861;2656;4;1.8001593330024667E7
862;2666;10;1.8001593330024667E7
863;2670;4;1.8001593330024667E7
864;2673;3;1.8001593330024667E7
865;2676;3;1.8001593330024667E7
866;2678;2;1.8001593330024667E7
867;2680;2;1.8001593330024667E7
868;2686;6;1.8001593330024667E7
869;2690;4;1.8001593330024667E7
870;2696;6;1.8001593330024667E7
871;2699;3;1.8001593330024667E7
872;2717;18;1.8001593330024667E7
873;2723;6;1.8001593330024667E7
874;2735;12;1.8001593330024667E7
875;2739;4;1.8001593330024667E7
876;2744;5;1.8001593330024667E7
877;2747;3;1.8001593330024667E7
878;2750;3;1.8001593330024667E7
879;2752;2;1.8001593330024667E7
880;2757;5;1.8001593330024667E7
881;2760;3;1.8001593330024667E7
882;2762;2;1.8001593330024667E7
883;2768;6;1.8001593330024667E7
884;2776;8;1.8001593330024667E7
885;2780;4;1.8001593330024667E7
886;2783;3;1.8001593330024667E7
887;2788;5;1.8001593330024667E7
888;2799;11;1.8001593330024667E7
889;2805;6;1.8001593330024667E7
890;2809;4;1.8001593330024667E7
891;2815;6;1.8001593330024667E7
892;2818;3;1.8001593330024667E7
893;2822;4;1.8001593330024667E7
894;2837;15;1.8001593330024667E7
895;2842;5;1.8001593330024667E7
896;2847;5;1.8001593330024667E7
897;2850;3;1.8001593330024667E7
898;2862;12;1.8001593330024667E7
899;2878;16;1.8001593330024667E7
900;2881;3;1.8001593330024667E7
901;2891;10;1.8001593330024667E7
902;2895;4;1.8001593330024667E7
903;2898;3;1.8001593330024667E7
904;2902;4;1.8001593330024667E7
905;2906;4;1.8001593330024667E7
906;2909;3;1.8001593330024667E7
907;2913;4;1.8001593330024667E7
908;2932;19;1.8001593330024667E7
909;2935;3;1.8001593330024667E7
910;2939;4;1.8001593330024667E7
911;2943;4;1.8001593330024667E7
912;2947;4;1.8001593330024667E7
913;2950;3;1.8001593330024667E7
914;2954;4;1.8001593330024667E7
915;2958;4;1.8001593330024667E7
916;2962;4;1.8001593330024667E7
917;2963;1;1.8001593330024667E7
918;2967;4;1.8001593330024667E7
919;2968;1;1.8001593330024667E7
920;2971;3;1.8001593330024667E7
921;2974;3;1.8001593330024667E7
922;2975;1;1.8001593330024667E7
923;2981;6;1.8001593330024667E7
924;2985;4;1.8001593330024667E7
925;2988;3;1.8001593330024667E7
926;2992;4;1.8001593330024667E7
927;2995;3;1.8001593330024667E7
928;2999;4;1.8001593330024667E7
929;3002;3;1.8001593330024667E7
930;3006;4;1.8001593330024667E7
931;3009;3;1.8001593330024667E7
932;3013;4;1.8001593330024667E7
933;3036;23;1.8001593330024667E7
934;3039;3;1.8001593330024667E7
935;3041;2;1.8001593330024667E7
936;3058;17;1.8001593330024667E7
937;3062;4;1.8001593330024667E7
938;3073;11;1.8001593330024667E7
939;3093;20;1.8001593330024667E7
940;3097;4;1.8001593330024667E7
941;3102;5;1.8001593330024667E7
942;3107;5;1.8001593330024667E7
943;3112;5;1.8001593330024667E7
944;3138;26;1.8001593330024667E7
945;3138;0;1.8001593330024667E7
946;3142;4;1.8001593330024667E7
947;3145;3;1.8001593330024667E7
948;3149;4;1.8001593330024667E7
949;3151;2;1.8001593330024667E7
950;3155;4;1.8001593330024667E7
951;3156;1;1.8001593330024667E7
952;3164;8;1.8001593330024667E7
953;3169;5;1.8001593330024667E7
954;3175;6;1.8001593330024667E7
955;3178;3;1.8001593330024667E7
956;3183;5;1.8001593330024667E7
957;3185;2;1.8001593330024667E7
958;3189;4;1.8001593330024667E7
959;3194;5;1.8001593330024667E7
960;3198;4;1.8001593330024667E7
961;3202;4;1.8001593330024667E7
962;3206;4;1.8001593330024667E7
963;3211;5;1.8001593330024667E7
964;3214;3;1.8001593330024667E7
965;3231;17;1.8001593330024667E7
966;3236;5;1.8001593330024667E7
967;3240;4;1.8001593330024667E7
968;3248;8;1.8001593330024667E7
969;3254;6;1.8001593330024667E7
970;3260;6;1.8001593330024667E7
971;3263;3;1.8001593330024667E7
972;3268;5;1.8001593330024667E7
973;3272;4;1.8001593330024667E7
974;3278;6;1.8001593330024667E7
975;3282;4;1.8001593330024667E7
976;3288;6;1.8001593330024667E7
977;3291;3;1.8001593330024667E7
978;3294;3;1.8001593330024667E7
979;3295;1;1.8001593330024667E7
980;3296;1;1.8001593330024667E7
981;3300;4;1.8001593330024667E7
982;3301;1;1.8001593330024667E7
983;3306;5;1.8001593330024667E7
984;3311;5;1.8001593330024667E7
985;3315;4;1.8001593330024667E7
986;3334;19;1.8001593330024667E7
987;3348;14;1.8001593330024667E7
988;3353;5;1.8001593330024667E7
989;3358;5;1.8001593330024667E7
990;3363;5;1.8001593330024667E7
991;3374;11;1.8001593330024667E7
992;3378;4;1.8001593330024667E7
993;3381;3;1.8001593330024667E7
994;3387;6;1.8001593330024667E7
995;3392;5;1.8001593330024667E7
996;3397;5;1.8001593330024667E7
997;3399;2;1.8001593330024667E7
998;3403;4;1.8001593330024667E7
999;3408;5;1.8001593330024667E7
1000;3409;1;1.8001593330024667E7
1001;3412;3;1.8001593330024667E7
1002;3415;3;1.8001593330024667E7
1003;3433;18;1.8001593330024667E7
1004;3438;5;1.8001593330024667E7
1005;3439;1;1.8001593330024667E7
1006;3444;5;1.8001593330024667E7
1007;3447;3;1.8001593330024667E7
1008;3451;4;1.8001593330024667E7
1009;3454;3;1.8001593330024667E7
1010;3458;4;1.8001593330024667E7
1011;3459;1;1.8001593330024667E7
1012;3461;2;1.8001593330024667E7
1013;3466;5;1.8001593330024667E7
1014;3466;0;1.8001593330024667E7
1015;3467;1;1.8001593330024667E7
1016;3471;4;1.8001593330024667E7
1017;3474;3;1.8001593330024667E7
1018;3495;21;1.8001593330024667E7
1019;3499;4;1.8001593330024667E7
1020;3515;16;1.8001593330024667E7
1021;3537;22;1.8001593330024667E7
1022;3538;1;1.8001593330024667E7
1023;3542;4;1.8001593330024667E7
1024;3546;4;1.8001593330024667E7
1025;3550;4;1.8001593330024667E7
1026;3550;0;1.8001593330024667E7
1027;3555;5;1.8001593330024667E7
1028;3559;4;1.8001593330024667E7
1029;3586;27;1.8001593330024667E7
1030;3605;19;1.8001593330024667E7
1031;3607;2;1.8001593330024667E7
1032;3611;4;1.8001593330024667E7
1033;3653;42;1.8001593330024667E7
1034;3658;5;1.8001593330024667E7
1035;3685;27;1.8001593330024667E7
1036;3690;5;1.8001593330024667E7
1037;3695;5;1.8001593330024667E7
1038;3698;3;1.8001593330024667E7
1039;3701;3;1.8001593330024667E7
1040;3704;3;1.8001593330024667E7
1041;3712;8;1.8001593330024667E7
1042;3729;17;1.8001593330024667E7
1043;3730;1;1.8001593330024667E7
1044;3733;3;1.8001593330024667E7
1045;3735;2;1.8001593330024667E7
1046;3737;2;1.8001593330024667E7
1047;3742;5;1.8001593330024667E7
1048;3745;3;1.8001593330024667E7
1049;3750;5;1.8001593330024667E7
1050;3753;3;1.8001593330024667E7
1051;3755;2;1.8001593330024667E7
1052;3757;2;1.8001593330024667E7
1053;3760;3;1.8001593330024667E7
1054;3764;4;1.8001593330024667E7
1055;3768;4;1.8001593330024667E7
1056;3773;5;1.8001593330024667E7
1057;3774;1;1.8001593330024667E7
1058;3778;4;1.8001593330024667E7
1059;3780;2;1.8001593330024667E7
1060;3782;2;1.8001593330024667E7
1061;3783;1;1.8001593330024667E7
1062;3786;3;1.8001593330024667E7
1063;3788;2;1.8001593330024667E7
1064;3791;3;1.8001593330024667E7
1065;3795;4;1.8001593330024667E7
1066;3799;4;1.8001593330024667E7
1067;3799;0;1.8001593330024667E7
1068;3804;5;1.8001593330024667E7
1069;3809;5;1.8001593330024667E7
1070;3811;2;1.8001593330024667E7
1071;3815;4;1.8001593330024667E7
1072;3816;1;1.8001593330024667E7
1073;3819;3;1.8001593330024667E7
1074;3820;1;1.8001593330024667E7
1075;3826;6;1.8001593330024667E7
1076;3827;1;1.8001593330024667E7
1077;3831;4;1.8001593330024667E7
1078;3834;3;1.8001593330024667E7
1079;3838;4;1.8001593330024667E7
1080;3839;1;1.8001593330024667E7
1081;3841;2;1.8001593330024667E7
1082;3845;4;1.8001593330024667E7
1083;3847;2;1.8001593330024667E7
1084;3853;6;1.8001593330024667E7
1085;3857;4;1.8001593330024667E7
1086;3860;3;1.8001593330024667E7
1087;3869;9;1.8001593330024667E7
1088;3870;1;1.8001593330024667E7
1089;3874;4;1.8001593330024667E7
1090;3878;4;1.8001593330024667E7
1091;3886;8;1.8001593330024667E7
1092;3894;8;1.8001593330024667E7
1093;3898;4;1.8001593330024667E7
1094;3898;0;1.8001593330024667E7
1095;3904;6;1.8001593330024667E7
1096;3909;5;1.8001593330024667E7
1097;3912;3;1.8001593330024667E7
1098;3915;3;1.8001593330024667E7
1099;3932;17;1.8001593330024667E7
1100;3943;11;1.8001593330024667E7
1101;3948;5;1.8001593330024667E7
1102;3956;8;1.8001593330024667E7
1103;3960;4;1.8001593330024667E7
1104;3963;3;1.8001593330024667E7
1105;3968;5;1.8001593330024667E7
1106;3975;7;1.8001593330024667E7
1107;3976;1;1.8001593330024667E7
1108;3995;19;1.8001593330024667E7
1109;4003;8;1.8001593330024667E7
1110;4014;11;1.8001593330024667E7
1111;4020;6;1.8001593330024667E7
1112;4024;4;1.8001593330024667E7
1113;4033;9;1.8001593330024667E7
1114;4038;5;1.8001593330024667E7
1115;4042;4;1.8001593330024667E7
1116;4051;9;1.8001593330024667E7
1117;4056;5;1.8001593330024667E7
1118;4061;5;1.8001593330024667E7
1119;4063;2;1.8001593330024667E7
1120;4073;10;1.8001593330024667E7
1121;4075;2;1.8001593330024667E7
1122;4079;4;1.8001593330024667E7
1123;4083;4;1.8001593330024667E7
1124;4091;8;1.8001593330024667E7
1125;4094;3;1.8001593330024667E7
1126;4097;3;1.8001593330024667E7
1127;4098;1;1.8001593330024667E7
1128;4104;6;1.8001593330024667E7
1129;4110;6;1.8001593330024667E7
1130;4113;3;1.8001593330024667E7
1131;4117;4;1.8001593330024667E7
1132;4124;7;1.8001593330024667E7
1133;4130;6;1.8001593330024667E7
1134;4136;6;1.8001593330024667E7
1135;4140;4;1.8001593330024667E7
1136;4144;4;1.8001593330024667E7
1137;4151;7;1.8001593330024667E7
1138;4157;6;1.8001593330024667E7
1139;4161;4;1.8001593330024667E7
1140;4164;3;1.8001593330024667E7
1141;4171;7;1.8001593330024667E7
1142;4173;2;1.8001593330024667E7
1143;4176;3;1.8001593330024667E7
1144;4179;3;1.8001593330024667E7
1145;4181;2;1.8001593330024667E7
1146;4184;3;1.8001593330024667E7
1147;4186;2;1.8001593330024667E7
1148;4187;1;1.8001593330024667E7
1149;4190;3;1.8001593330024667E7
1150;4192;2;1.8001593330024667E7
1151;4193;1;1.8001593330024667E7
1152;4196;3;1.8001593330024667E7
1153;4198;2;1.8001593330024667E7
1154;4201;3;1.8001593330024667E7
1155;4203;2;1.8001593330024667E7
1156;4204;1;1.8001593330024667E7
1157;4205;1;1.8001593330024667E7
1158;4207;2;1.8001593330024667E7
1159;4210;3;1.8001593330024667E7
1160;4213;3;1.8001593330024667E7
1161;4219;6;1.8001593330024667E7
1162;4225;6;1.8001593330024667E7
1163;4229;4;1.8001593330024667E7
1164;4229;0;1.8001593330024667E7
1165;4232;3;1.8001593330024667E7
1166;4234;2;1.8001593330024667E7
1167;4235;1;1.8001593330024667E7
1168;4239;4;1.8001593330024667E7
1169;4240;1;1.8001593330024667E7
1170;4241;1;1.8001593330024667E7
1171;4242;1;1.8001593330024667E7
1172;4243;1;1.8001593330024667E7
1173;4244;1;1.8001593330024667E7
1174;4247;3;1.8001593330024667E7
1175;4250;3;1.8001593330024667E7
1176;4253;3;1.8001593330024667E7
1177;4256;3;1.8001593330024667E7
1178;4257;1;1.8001593330024667E7
1179;4259;2;1.8001593330024667E7
1180;4261;2;1.8001593330024667E7
1181;4262;1;1.8001593330024667E7
1182;4264;2;1.8001593330024667E7
1183;4268;4;1.8001593330024667E7
1184;4269;1;1.8001593330024667E7
1185;4271;2;1.8001593330024667E7
1186;4274;3;1.8001593330024667E7
1187;4275;1;1.8001593330024667E7
1188;4277;2;1.8001593330024667E7
1189;4279;2;1.8001593330024667E7
1190;4281;2;1.8001593330024667E7
1191;4283;2;1.8001593330024667E7
1192;4284;1;1.8001593330024667E7
1193;4284;0;1.8001593330024667E7
1194;4287;3;1.8001593330024667E7
1195;4289;2;1.8001593330024667E7
1196;4302;13;1.8001593330024667E7
1197;4307;5;1.8001593330024667E7
1198;4330;23;1.8001593330024667E7
1199;4335;5;1.8001593330024667E7
1200;4339;4;1.8001593330024667E7
1201;4340;1;1.8001593330024667E7
1202;4343;3;1.8001593330024667E7
1203;4347;4;1.8001593330024667E7
1204;4351;4;1.8001593330024667E7
1205;4352;1;1.8001593330024667E7
1206;4356;4;1.8001593330024667E7
1207;4357;1;1.8001593330024667E7
1208;4361;4;1.8001593330024667E7
1209;4366;5;1.8001593330024667E7
1210;4371;5;1.8001593330024667E7
1211;4377;6;1.8001593330024667E7
1212;4388;11;1.8001593330024667E7
1213;4391;3;1.8001593330024667E7
1214;4394;3;1.8001593330024667E7
1215;4397;3;1.8001593330024667E7
1216;4402;5;1.8001593330024667E7
1217;4403;1;1.8001593330024667E7
1218;4406;3;1.8001593330024667E7
1219;4409;3;1.8001593330024667E7
1220;4415;6;1.8001593330024667E7
1221;4418;3;1.8001593330024667E7
1222;4421;3;1.8001593330024667E7
1223;4426;5;1.8001593330024667E7
1224;4428;2;1.8001593330024667E7
1225;4430;2;1.8001593330024667E7
1226;4435;5;1.8001593330024667E7
1227;4436;1;1.8001593330024667E7
1228;4438;2;1.8001593330024667E7
1229;4451;13;1.8001593330024667E7
1230;4454;3;1.8001593330024667E7
1231;4460;6;1.8001593330024667E7
1232;4467;7;1.8001593330024667E7
1233;4469;2;1.8001593330024667E7
1234;4472;3;1.8001593330024667E7
1235;4475;3;1.8001593330024667E7
1236;4478;3;1.8001593330024667E7
1237;4481;3;1.8001593330024667E7
1238;4485;4;1.8001593330024667E7
1239;4489;4;1.8001593330024667E7
1240;4491;2;1.8001593330024667E7
1241;4494;3;1.8001593330024667E7
1242;4497;3;1.8001593330024667E7
1243;4498;1;1.8001593330024667E7
1244;4502;4;1.8001593330024667E7
1245;4505;3;1.8001593330024667E7
1246;4515;10;1.8001593330024667E7
1247;4520;5;1.8001593330024667E7
1248;4542;22;1.8001593330024667E7
1249;4545;3;1.8001593330024667E7
1250;4548;3;1.8001593330024667E7
1251;4553;5;1.8001593330024667E7
1252;4556;3;1.8001593330024667E7
1253;4557;1;1.8001593330024667E7
1254;4562;5;1.8001593330024667E7
1255;4568;6;1.8001593330024667E7
1256;4570;2;1.8001593330024667E7
1257;4575;5;1.8001593330024667E7
1258;4576;1;1.8001593330024667E7
1259;4580;4;1.8001593330024667E7
1260;4585;5;1.8001593330024667E7
1261;4591;6;1.8001593330024667E7
1262;4595;4;1.8001593330024667E7
1263;4599;4;1.8001593330024667E7
1264;4599;0;1.8001593330024667E7
1265;4603;4;1.8001593330024667E7
1266;4610;7;1.8001593330024667E7
1267;4613;3;1.8001593330024667E7
1268;4625;12;1.8001593330024667E7
1269;4629;4;1.8001593330024667E7
1270;4642;13;1.8001593330024667E7
1271;4655;13;1.8001593330024667E7
1272;4661;6;1.8001593330024667E7
1273;4664;3;1.8001593330024667E7
1274;4679;15;1.8001593330024667E7
1275;4681;2;1.8001593330024667E7
1276;4692;11;1.8001593330024667E7
1277;4694;2;1.8001593330024667E7
1278;4699;5;1.8001593330024667E7
1279;4709;10;1.8001593330024667E7
1280;4721;12;1.8001593330024667E7
1281;4722;1;1.8001593330024667E7
1282;4727;5;1.8001593330024667E7
1283;4736;9;1.8001593330024667E7
1284;4740;4;1.8001593330024667E7
1285;4745;5;1.8001593330024667E7
1286;4749;4;1.8001593330024667E7
1287;4752;3;1.8001593330024667E7
1288;4753;1;1.8001593330024667E7
1289;4756;3;1.8001593330024667E7
1290;4760;4;1.8001593330024667E7
1291;4788;28;1.8001593330024667E7
1292;4791;3;1.8001593330024667E7
1293;4796;5;1.8001593330024667E7
1294;4801;5;1.8001593330024667E7
1295;4804;3;1.8001593330024667E7
1296;4809;5;1.8001593330024667E7
1297;4830;21;1.8001593330024667E7
1298;4832;2;1.8001593330024667E7
1299;4835;3;1.8001593330024667E7
1300;4839;4;1.8001593330024667E7
1301;4845;6;1.8001593330024667E7
1302;4847;2;1.8001593330024667E7
1303;4850;3;1.8001593330024667E7
1304;4852;2;1.8001593330024667E7
1305;4855;3;1.8001593330024667E7
1306;4858;3;1.8001593330024667E7
1307;4862;4;1.8001593330024667E7
1308;4874;12;1.8001593330024667E7
1309;4879;5;1.8001593330024667E7
1310;4882;3;1.8001593330024667E7
1311;4889;7;1.8001593330024667E7
1312;4891;2;1.8001593330024667E7
1313;4895;4;1.8001593330024667E7
1314;4900;5;1.8001593330024667E7
1315;4902;2;1.8001593330024667E7
1316;4905;3;1.8001593330024667E7
1317;4911;6;1.8001593330024667E7
1318;4914;3;1.8001593330024667E7
1319;4916;2;1.8001593330024667E7
1320;4918;2;1.8001593330024667E7
1321;4921;3;1.8001593330024667E7
1322;4927;6;1.8001593330024667E7
1323;4931;4;1.8001593330024667E7
1324;4935;4;1.8001593330024667E7
1325;4939;4;1.8001593330024667E7
1326;4940;1;1.8001593330024667E7
1327;4945;5;1.8001593330024667E7
1328;4947;2;1.8001593330024667E7
1329;4949;2;1.8001593330024667E7
1330;4956;7;1.8001593330024667E7
1331;4960;4;1.8001593330024667E7
1332;4962;2;1.8001593330024667E7
1333;4967;5;1.8001593330024667E7
1334;4969;2;1.8001593330024667E7
1335;4970;1;1.8001593330024667E7
1336;4974;4;1.800159032744747E7
1337;4978;4;1.8001579682329036E7
1338;4982;4;1.8001579682329036E7
1339;4984;2;1.8001579682329036E7
1340;4994;10;1.8001579682329036E7
1341;4998;4;1.8001579682329036E7
1342;5003;5;1.8001579682329036E7
1343;5005;2;1.8001579682329036E7
1344;5008;3;1.8001578656123273E7
1345;5010;2;1.8001578656123273E7
1346;5015;5;1.8001578656123273E7
1347;5017;2;1.8001578656123273E7
1348;5021;4;1.8001578656123273E7
1349;5027;6;1.8001578656123273E7
1350;5029;2;1.8001578656123273E7
1351;5032;3;1.8001578656123273E7
1352;5034;2;1.8001578656123273E7
1353;5038;4;1.8001578656123273E7
1354;5039;1;1.8001578656123273E7
1355;5041;2;1.8001578656123273E7
1356;5041;0;1.8001578656123273E7
1357;5044;3;1.8001578656123273E7
1358;5046;2;1.8001578656123273E7
1359;5046;0;1.8001578656123273E7
1360;5050;4;1.8001578656123273E7
1361;5054;4;1.8001578656123273E7
1362;5057;3;1.8001578656123273E7
1363;5061;4;1.8001578656123273E7
1364;5062;1;1.8001578656123273E7
1365;5064;2;1.8001578656123273E7
1366;5065;1;1.8001578656123273E7
1367;5068;3;1.8001578656123273E7
1368;5068;0;1.8001578656123273E7
1369;5074;6;1.8001578656123273E7
1370;5078;4;1.8001578656123273E7
1371;5081;3;1.8001578656123273E7
1372;5082;1;1.8001578656123273E7
1373;5083;1;1.8001578656123273E7
1374;5084;1;1.8001578656123273E7
1375;5086;2;1.8001578656123273E7
1376;5086;0;1.8001578656123273E7
1377;5087;1;1.8001578656123273E7
1378;5090;3;1.8001578656123273E7
1379;5094;4;1.8001578656123273E7
1380;5096;2;1.8001578656123273E7
1381;5098;2;1.8001578656123273E7
1382;5101;3;1.8001578656123273E7
1383;5102;1;1.8001578656123273E7
1384;5105;3;1.8001578656123273E7
1385;5107;2;1.8001578656123273E7
1386;5108;1;1.8001578656123273E7
1387;5110;2;1.8001578656123273E7
1388;5111;1;1.8001578656123273E7
1389;5113;2;1.8001578656123273E7
1390;5116;3;1.8001578656123273E7
1391;5116;0;1.8001578656123273E7
1392;5118;2;1.8001578656123273E7
1393;5118;0;1.8001578656123273E7
1394;5123;5;1.8001578656123273E7
1395;5127;4;1.8001578656123273E7
1396;5131;4;1.8001578656123273E7
1397;5136;5;1.8001578656123273E7
1398;5142;6;1.8001578656123273E7
1399;5146;4;1.8001578656123273E7
1400;5152;6;1.8001578656123273E7
1401;5157;5;1.8001578656123273E7
1402;5162;5;1.8001578656123273E7
1403;5168;6;1.8001578656123273E7
1404;5170;2;1.8001578656123273E7
1405;5171;1;1.8001578656123273E7
1406;5176;5;1.8001578656123273E7
1407;5182;6;1.8001578656123273E7
1408;5184;2;1.8001578656123273E7
1409;5188;4;1.8001578656123273E7
1410;5193;5;1.8001578656123273E7
1411;5194;1;1.8001578656123273E7
1412;5195;1;1.8001578656123273E7
1413;5198;3;1.8001578656123273E7
1414;5201;3;1.8001578656123273E7
1415;5204;3;1.8001578656123273E7
1416;5205;1;1.8001578656123273E7
1417;5211;6;1.8001578656123273E7
1418;5216;5;1.8001578656123273E7
1419;5230;14;1.8001578656123273E7
1420;5233;3;1.8001578656123273E7
1421;5237;4;1.8001578656123273E7
1422;5242;5;1.8001578656123273E7
1423;5245;3;1.8001578656123273E7
1424;5249;4;1.8001578656123273E7
1425;5249;0;1.8001578656123273E7
1426;5255;6;1.8001578656123273E7
1427;5257;2;1.8001578656123273E7
1428;5263;6;1.8001578656123273E7
1429;5265;2;1.8001578656123273E7
1430;5269;4;1.8001578656123273E7
1431;5273;4;1.8001578656123273E7
1432;5279;6;1.8001578656123273E7
1433;5284;5;1.8001578656123273E7
1434;5289;5;1.8001578656123273E7
1435;5292;3;1.8001578656123273E7
1436;5293;1;1.8001578656123273E7
1437;5300;7;1.8001578656123273E7
1438;5305;5;1.8001578656123273E7
1439;5311;6;1.8001578656123273E7
1440;5315;4;1.8001578656123273E7
1441;5316;1;1.8001578656123273E7
1442;5320;4;1.8001578656123273E7
1443;5322;2;1.8001578656123273E7
1444;5325;3;1.8001578656123273E7
1445;5329;4;1.8001578656123273E7
1446;5334;5;1.8001578656123273E7
1447;5338;4;1.8001578656123273E7
1448;5340;2;1.8001578656123273E7
1449;5345;5;1.8001578656123273E7
1450;5349;4;1.8001578656123273E7
1451;5353;4;1.8001578656123273E7
1452;5357;4;1.8001578656123273E7
1453;5362;5;1.8001578656123273E7
1454;5366;4;1.8001578656123273E7
1455;5367;1;1.8001578656123273E7
1456;5370;3;1.8001578656123273E7
1457;5374;4;1.8001578656123273E7
1458;5378;4;1.8001578656123273E7
1459;5381;3;1.8001578656123273E7
1460;5385;4;1.8001578656123273E7
1461;5389;4;1.8001578656123273E7
1462;5395;6;1.8001578656123273E7
1463;5400;5;1.8001578656123273E7
1464;5401;1;1.8001578656123273E7
1465;5404;3;1.8001578656123273E7
1466;5407;3;1.8001578656123273E7
1467;5410;3;1.8001578656123273E7
1468;5412;2;1.8001578656123273E7
1469;5414;2;1.8001578656123273E7
1470;5416;2;1.8001578656123273E7
1471;5420;4;1.8001578656123273E7
1472;5424;4;1.8001578656123273E7
1473;5430;6;1.8001578656123273E7
1474;5431;1;1.8001578656123273E7
1475;5432;1;1.8001578656123273E7
1476;5438;6;1.8001578656123273E7
1477;5441;3;1.8001578656123273E7
1478;5443;2;1.8001578656123273E7
1479;5446;3;1.8001578656123273E7
1480;5447;1;1.8001578656123273E7
1481;5450;3;1.8001578656123273E7
1482;5451;1;1.8001578656123273E7
1483;5451;0;1.8001578656123273E7
1484;5453;2;1.8001578656123273E7
1485;5455;2;1.8001578656123273E7
1486;5457;2;1.8001578656123273E7
1487;5461;4;1.8001578656123273E7
1488;5465;4;1.8001578656123273E7
1489;5468;3;1.8001578656123273E7
1490;5471;3;1.8001578656123273E7
1491;5473;2;1.8001578656123273E7
1492;5476;3;1.8001578656123273E7
1493;5477;1;1.8001578656123273E7
1494;5480;3;1.8001578656123273E7
1495;5483;3;1.8001578656123273E7
1496;5484;1;1.8001578656123273E7
1497;5487;3;1.8001578656123273E7
1498;5492;5;1.8001578656123273E7
1499;5496;4;1.8001578656123273E7
1500;5502;6;1.8001578656123273E7
1501;5504;2;1.8001578656123273E7
1502;5510;6;1.8001578656123273E7
1503;5515;5;1.8001578656123273E7
1504;5521;6;1.8001578656123273E7
1505;5524;3;1.8001578656123273E7
1506;5529;5;1.8001578656123273E7
1507;5531;2;1.8001578656123273E7
1508;5534;3;1.8001578656123273E7
1509;5539;5;1.8001578656123273E7
1510;5544;5;1.8001578656123273E7
1511;5548;4;1.8001578656123273E7
1512;5553;5;1.8001578656123273E7
1513;5557;4;1.8001578656123273E7
1514;5558;1;1.8001578656123273E7
1515;5566;8;1.8001578656123273E7
1516;5570;4;1.8001578656123273E7
1517;5578;8;1.8001578656123273E7
1518;5582;4;1.8001578656123273E7
1519;5587;5;1.8001578656123273E7
1520;5601;14;1.8001578656123273E7
1521;5604;3;1.8001578656123273E7
1522;5605;1;1.8001578656123273E7
1523;5610;5;1.8001578656123273E7
1524;5618;8;1.8001578656123273E7
1525;5622;4;1.8001578656123273E7
1526;5625;3;1.8001578656123273E7
1527;5628;3;1.8001578656123273E7
1528;5632;4;1.8001578656123273E7
1529;5637;5;1.8001578656123273E7
1530;5643;6;1.8001578656123273E7
1531;5648;5;1.8001578656123273E7
1532;5653;5;1.8001578656123273E7
1533;5656;3;1.8001578656123273E7
1534;5661;5;1.8001578656123273E7
1535;5669;8;1.8001578656123273E7
1536;5670;1;1.8001578656123273E7
1537;5678;8;1.8001578656123273E7
1538;5679;1;1.8001578656123273E7
1539;5685;6;1.8001578656123273E7
1540;5688;3;1.8001578656123273E7
1541;5689;1;1.8001578656123273E7
1542;5694;5;1.8001578656123273E7
1543;5696;2;1.8001578656123273E7
1544;5700;4;1.8001578656123273E7
1545;5703;3;1.8001578656123273E7
1546;5704;1;1.8001578656123273E7
1547;5708;4;1.8001578656123273E7
1548;5712;4;1.8001578656123273E7
1549;5716;4;1.8001578656123273E7
1550;5718;2;1.8001578656123273E7
1551;5722;4;1.8001578656123273E7
1552;5722;0;1.8001578656123273E7
1553;5727;5;1.8001578656123273E7
1554;5730;3;1.8001578656123273E7
1555;5731;1;1.8001578656123273E7
1556;5734;3;1.8001578656123273E7
1557;5737;3;1.8001578656123273E7
1558;5744;7;1.8001578656123273E7
1559;5745;1;1.8001578656123273E7
1560;5749;4;1.8001578656123273E7
1561;5752;3;1.8001578656123273E7
1562;5756;4;1.8001578656123273E7
1563;5758;2;1.8001578656123273E7
1564;5762;4;1.8001578656123273E7
1565;5769;7;1.8001578656123273E7
1566;5773;4;1.8001578656123273E7
1567;5775;2;1.8001578656123273E7
1568;5782;7;1.8001578656123273E7
1569;5789;7;1.8001578656123273E7
1570;5792;3;1.8001578656123273E7
1571;5793;1;1.8001578656123273E7
1572;5797;4;1.8001578656123273E7
1573;5801;4;1.8001578656123273E7
1574;5804;3;1.8001578656123273E7
1575;5807;3;1.8001578656123273E7
1576;5808;1;1.8001578656123273E7
1577;5811;3;1.8001578656123273E7
1578;5814;3;1.8001578656123273E7
1579;5816;2;1.8001578656123273E7
1580;5820;4;1.8001578656123273E7
1581;5821;1;1.8001578656123273E7
1582;5822;1;1.8001578656123273E7
1583;5827;5;1.8001578656123273E7
1584;5831;4;1.8001578656123273E7
1585;5834;3;1.8001578656123273E7
1586;5837;3;1.8001578656123273E7
1587;5840;3;1.8001578656123273E7
1588;5841;1;1.8001578656123273E7
1589;5843;2;1.8001578656123273E7
1590;5846;3;1.8001578656123273E7
1591;5848;2;1.8001578656123273E7
1592;5851;3;1.8001578656123273E7
1593;5856;5;1.8001578656123273E7
1594;5859;3;1.8001578656123273E7
1595;5860;1;1.8001578656123273E7
1596;5863;3;1.8001578656123273E7
1597;5867;4;1.8001578656123273E7
1598;5871;4;1.8001578656123273E7
1599;5873;2;1.8001578656123273E7
1600;5876;3;1.8001578656123273E7
1601;5881;5;1.8001578656123273E7
1602;5884;3;1.8001578656123273E7
1603;5890;6;1.8001578656123273E7
1604;5893;3;1.8001578656123273E7
1605;5896;3;1.8001578656123273E7
1606;5898;2;1.8001578656123273E7
1607;5903;5;1.8001578656123273E7
1608;5905;2;1.8001578656123273E7
1609;5909;4;1.8001578656123273E7
1610;5918;9;1.8001578656123273E7
1611;5924;6;1.8001578656123273E7
1612;5925;1;1.8001578656123273E7
1613;5928;3;1.8001578656123273E7
1614;5932;4;1.8001578656123273E7
1615;5936;4;1.8001578656123273E7
1616;5940;4;1.8001578656123273E7
1617;5941;1;1.8001578656123273E7
1618;5944;3;1.8001578656123273E7
1619;5949;5;1.8001578656123273E7
1620;5952;3;1.8001578656123273E7
1621;5958;6;1.8001578656123273E7
1622;5962;4;1.8001578656123273E7
1623;5967;5;1.8001578656123273E7
1624;5972;5;1.8001578656123273E7
1625;5973;1;1.8001578656123273E7
1626;5982;9;1.8001578656123273E7
1627;5984;2;1.8001578656123273E7
1628;5988;4;1.8001578656123273E7
1629;5993;5;1.8001578656123273E7
1630;5997;4;1.8001578656123273E7
1631;6002;5;1.8001578656123273E7
1632;6006;4;1.8001578656123273E7
1633;6014;8;1.8001578656123273E7
1634;6015;1;1.8001578656123273E7
1635;6028;13;1.8001578656123273E7
1636;6032;4;1.8001578656123273E7
1637;6032;0;1.8001578656123273E7
1638;6036;4;1.8001578656123273E7
1639;6037;1;1.8001578656123273E7
1640;6042;5;1.8001578656123273E7
1641;6043;1;1.8001578656123273E7
1642;6047;4;1.8001578656123273E7
1643;6051;4;1.8001578656123273E7
1644;6056;5;1.8001578656123273E7
1645;6059;3;1.8001578656123273E7
1646;6063;4;1.8001578656123273E7
1647;6067;4;1.8001578656123273E7
1648;6070;3;1.8001578656123273E7
1649;6071;1;1.8001578656123273E7
1650;6079;8;1.8001578656123273E7
1651;6082;3;1.8001578656123273E7
1652;6083;1;1.8001578656123273E7
1653;6087;4;1.8001578656123273E7
1654;6092;5;1.8001578656123273E7
1655;6096;4;1.8001578656123273E7
1656;6103;7;1.8001578656123273E7
1657;6107;4;1.8001578656123273E7
1658;6111;4;1.8001578656123273E7
1659;6112;1;1.8001578656123273E7
1660;6115;3;1.8001578656123273E7
1661;6120;5;1.8001578656123273E7
1662;6128;8;1.8001578656123273E7
1663;6131;3;1.8001578656123273E7
1664;6135;4;1.8001578656123273E7
1665;6138;3;1.8001578656123273E7
1666;6140;2;1.8001578656123273E7
1667;6142;2;1.8001578656123273E7
1668;6145;3;1.8001578656123273E7
1669;6147;2;1.8001578656123273E7
1670;6150;3;1.8001578656123273E7
1671;6152;2;1.8001578656123273E7
1672;6155;3;1.8001578656123273E7
1673;6158;3;1.8001578656123273E7
1674;6161;3;1.8001578656123273E7
1675;6161;0;1.8001578656123273E7
1676;6163;2;1.8001578656123273E7
1677;6165;2;1.8001578656123273E7
1678;6167;2;1.8001578656123273E7
1679;6170;3;1.8001578656123273E7
1680;6172;2;1.8001578656123273E7
1681;6175;3;1.8001578656123273E7
1682;6176;1;1.8001578656123273E7
1683;6179;3;1.8001578656123273E7
1684;6182;3;1.8001578656123273E7
1685;6182;0;1.8001578656123273E7
1686;6185;3;1.8001578656123273E7
1687;6186;1;1.8001578656123273E7
1688;6189;3;1.8001578656123273E7
1689;6190;1;1.8001578656123273E7
1690;6194;4;1.8001578656123273E7
1691;6197;3;1.8001578656123273E7
1692;6200;3;1.8001578656123273E7
1693;6202;2;1.8001578656123273E7
1694;6205;3;1.8001578656123273E7
1695;6207;2;1.8001578656123273E7
1696;6208;1;1.8001578656123273E7
1697;6208;0;1.8001578656123273E7
1698;6211;3;1.8001578656123273E7
1699;6213;2;1.8001578656123273E7
1700;6214;1;1.8001578656123273E7
1701;6217;3;1.8001578656123273E7
1702;6219;2;1.8001578656123273E7
1703;6222;3;1.8001578656123273E7
1704;6225;3;1.8001578656123273E7
1705;6226;1;1.8001578656123273E7
1706;6227;1;1.8001578656123273E7
1707;6230;3;1.8001578656123273E7
1708;6230;0;1.8001578656123273E7
1709;6232;2;1.8001578656123273E7
1710;6235;3;1.8001578656123273E7
1711;6236;1;1.8001578656123273E7
1712;6238;2;1.8001578656123273E7
1713;6241;3;1.8001578656123273E7
1714;6242;1;1.8001578656123273E7
1715;6245;3;1.8001578656123273E7
1716;6247;2;1.8001578656123273E7
1717;6248;1;1.8001578656123273E7
1718;6250;2;1.8001578656123273E7
1719;6251;1;1.8001578656123273E7
1720;6253;2;1.8001578656123273E7
1721;6255;2;1.8001578656123273E7
1722;6259;4;1.8001578656123273E7
1723;6261;2;1.8001578656123273E7
1724;6264;3;1.8001578656123273E7
1725;6267;3;1.8001578656123273E7
1726;6270;3;1.8001578656123273E7
1727;6274;4;1.8001578656123273E7
1728;6276;2;1.8001578656123273E7
1729;6278;2;1.8001578656123273E7
1730;6279;1;1.8001578656123273E7
1731;6279;0;1.8001578656123273E7
1732;6282;3;1.8001578656123273E7
1733;6285;3;1.8001578656123273E7
1734;6286;1;1.8001578656123273E7
1735;6288;2;1.8001578656123273E7
1736;6291;3;1.8001578656123273E7
1737;6293;2;1.70016479644941E7
1738;6296;3;1.70016479644941E7
1739;6299;3;1.70016479644941E7
1740;6301;2;1.70016479644941E7
1741;6307;6;1.70016479644941E7
1742;6308;1;1.70016479644941E7
1743;6309;1;1.70016479644941E7
1744;6309;0;1.70016479644941E7
1745;6311;2;1.70016479644941E7
1746;6313;2;1.70016479644941E7
1747;6315;2;1.70016479644941E7
1748;6316;1;1.70016479644941E7
1749;6318;2;1.70016479644941E7
1750;6322;4;1.70016479644941E7
1751;6325;3;1.70016479644941E7
1752;6327;2;1.70016479644941E7
1753;6330;3;1.70016479644941E7
1754;6332;2;1.70016479644941E7
1755;6334;2;1.70016479644941E7
1756;6336;2;1.70016479644941E7
1757;6338;2;1.70016479644941E7
1758;6340;2;1.70016479644941E7
1759;6342;2;1.70016479644941E7
1760;6344;2;1.70016479644941E7
1761;6346;2;1.70016479644941E7
1762;6351;5;1.70016479644941E7
1763;6354;3;1.70016479644941E7
1764;6359;5;1.70016479644941E7
1765;6363;4;1.70016479644941E7
1766;6364;1;1.70016479644941E7
1767;6370;6;1.70016479644941E7
1768;6374;4;1.70016479644941E7
1769;6380;6;1.70016479644941E7
1770;6382;2;1.70016479644941E7
1771;6384;2;1.70016479644941E7
1772;6384;0;1.70016479644941E7
1773;6385;1;1.70016479644941E7
1774;6387;2;1.70016479644941E7
1775;6390;3;1.70016479644941E7
1776;6392;2;1.70016479644941E7
1777;6393;1;1.70016479644941E7
1778;6395;2;1.70016479644941E7
1779;6396;1;1.70016479644941E7
1780;6397;1;1.70016479644941E7
1781;6398;1;1.70016479644941E7
1782;6401;3;1.70016479644941E7
1783;6404;3;1.70016479644941E7
1784;6406;2;1.70016479644941E7
1785;6407;1;1.70016479644941E7
1786;6409;2;1.70016479644941E7
1787;6410;1;1.70016479644941E7
1788;6410;0;1.70016479644941E7
1789;6412;2;1.70016479644941E7
1790;6415;3;1.70016479644941E7
1791;6418;3;1.70016479644941E7
1792;6421;3;1.70016479644941E7
1793;6422;1;1.70016479644941E7
1794;6425;3;1.70016479644941E7
1795;6426;1;1.70016479644941E7
1796;6426;0;1.70016479644941E7
1797;6428;2;1.7001644901754376E7
1798;6431;3;1.7001644901754376E7
1799;6433;2;1.7001644901754376E7
1800;6435;2;1.7001644901754376E7
1801;6437;2;1.7001644901754376E7
1802;6440;3;1.7001644901754376E7
1803;6442;2;1.7001644901754376E7
1804;6444;2;1.7001644901754376E7
1805;6446;2;1.7001644901754376E7
1806;6448;2;1.7001644901754376E7
1807;6453;5;1.7001644901754376E7
1808;6455;2;1.7001643520870153E7
1809;6458;3;1.7001643520870153E7
1810;6461;3;1.7001643520870153E7
1811;6461;0;1.7001643520870153E7
1812;6466;5;1.7001643520870153E7
1813;6468;2;1.7001643520870153E7
1814;6472;4;1.7001643520870153E7
1815;6477;5;1.7001643520870153E7
1816;6479;2;1.7001643520870153E7
1817;6481;2;1.7001643520870153E7
1818;6483;2;1.7001643520870153E7
1819;6485;2;1.7001643520870153E7
1820;6488;3;1.7001643520870153E7
1821;6490;2;1.7001643520870153E7
1822;6493;3;1.7001643520870153E7
1823;6496;3;1.7001643520870153E7
1824;6500;4;1.7001643520870153E7
1825;6503;3;1.7001643520870153E7
1826;6506;3;1.7001643520870153E7
1827;6508;2;1.7001643520870153E7
1828;6510;2;1.7001643520870153E7
1829;6511;1;1.7001643520870153E7
1830;6513;2;1.7001643520870153E7
1831;6514;1;1.7001643520870153E7
1832;6517;3;1.7001643520870153E7
1833;6519;2;1.7001643520870153E7
1834;6522;3;1.7001643520870153E7
1835;6523;1;1.7001643520870153E7
1836;6525;2;1.7001643520870153E7
1837;6529;4;1.7001643520870153E7
1838;6531;2;1.7001643520870153E7
1839;6534;3;1.7001643520870153E7
1840;6536;2;1.7001643520870153E7
1841;6536;0;1.7001643520870153E7
1842;6537;1;1.7001643520870153E7
1843;6540;3;1.7001643520870153E7
1844;6542;2;1.7001643520870153E7
1845;6545;3;1.7001643520870153E7
1846;6547;2;1.7001643520870153E7
1847;6550;3;1.7001643520870153E7
1848;6552;2;1.7001643520870153E7
1849;6553;1;1.7001643520870153E7
1850;6555;2;1.7001643520870153E7
1851;6557;2;1.7001643520870153E7
1852;6560;3;1.7001643520870153E7
1853;6562;2;1.7001643520870153E7
1854;6564;2;1.7001643520870153E7
1855;6565;1;1.7001643520870153E7
1856;6566;1;1.7001643520870153E7
1857;6567;1;1.7001643520870153E7
1858;6569;2;1.7001643520870153E7
1859;6571;2;1.7001643520870153E7
1860;6572;1;1.7001643520870153E7
1861;6574;2;1.7001643520870153E7
1862;6575;1;1.7001643520870153E7
1863;6578;3;1.7001643520870153E7
1864;6581;3;1.7001643520870153E7
1865;6582;1;1.7001643520870153E7
1866;6583;1;1.7001643520870153E7
1867;6583;0;1.7001643520870153E7
1868;6586;3;1.7001643520870153E7
1869;6588;2;1.7001643520870153E7
1870;6589;1;1.7001643520870153E7
1871;6591;2;1.7001643520870153E7
1872;6592;1;1.7001643520870153E7
1873;6593;1;1.7001643520870153E7
1874;6595;2;1.7001643520870153E7
1875;6597;2;1.7001643520870153E7
1876;6597;0;1.7001643520870153E7
1877;6599;2;1.7001643520870153E7
1878;6599;0;1.7001643520870153E7
1879;6601;2;1.7001643520870153E7
1880;6604;3;1.7001643520870153E7
1881;6607;3;1.7001643520870153E7
1882;6609;2;1.7001643520870153E7
1883;6610;1;1.7001643174905825E7
1884;6612;2;1.7001643174905825E7
1885;6613;1;1.7001643174905825E7
1886;6614;1;1.7001635251521632E7
1887;6616;2;1.7001635251521632E7
1888;6618;2;1.7001635251521632E7
1889;6619;1;1.7001635251521632E7
1890;6621;2;1.700162420328595E7
1891;6621;0;1.700162420328595E7
1892;6623;2;1.700162420328595E7
1893;6626;3;1.700162420328595E7
1894;6628;2;1.7001598374266665E7
1895;6630;2;1.7001598374266665E7
1896;6631;1;1.7001598374266665E7
1897;6633;2;1.7001598374266665E7
1898;6635;2;1.7001598374266665E7
1899;6636;1;1.7001598374266665E7
1900;6638;2;1.7001598374266665E7
1901;6641;3;1.7001598374266665E7
1902;6644;3;1.7001598374266665E7
1903;6647;3;1.7001598374266665E7
1904;6651;4;1.7001598374266665E7
1905;6654;3;1.7001598374266665E7
1906;6658;4;1.7001598374266665E7
1907;6659;1;1.7001598374266665E7
1908;6664;5;1.7001598374266665E7
1909;6668;4;1.7001598374266665E7
1910;6671;3;1.7001598374266665E7
1911;6673;2;1.7001598374266665E7
1912;6675;2;1.7001598374266665E7
1913;6677;2;1.7001598374266665E7
1914;6681;4;1.7001598374266665E7
1915;6681;0;1.7001598374266665E7
1916;6685;4;1.7001598374266665E7
1917;6690;5;1.7001598374266665E7
1918;6693;3;1.7001598374266665E7
1919;6696;3;1.7001598374266665E7
1920;6699;3;1.7001598374266665E7
1921;6700;1;1.7001598374266665E7
1922;6704;4;1.7001598374266665E7
1923;6704;0;1.7001598374266665E7
1924;6707;3;1.7001598374266665E7
1925;6711;4;1.7001598374266665E7
1926;6712;1;1.7001598374266665E7
1927;6715;3;1.7001598374266665E7
1928;6717;2;1.7001598374266665E7
1929;6718;1;1.7001598374266665E7
1930;6721;3;1.7001598374266665E7
1931;6724;3;1.7001598374266665E7
1932;6725;1;1.7001598374266665E7
1933;6729;4;1.7001598374266665E7
1934;6731;2;1.7001598374266665E7
1935;6735;4;1.7001598374266665E7
1936;6736;1;1.7001598374266665E7
1937;6738;2;1.7001598374266665E7
1938;6742;4;1.7001598374266665E7
1939;6745;3;1.7001598374266665E7
1940;6748;3;1.7001598374266665E7
1941;6752;4;1.7001598374266665E7
1942;6755;3;1.7001598374266665E7
1943;6758;3;1.7001598374266665E7
1944;6761;3;1.7001598374266665E7
1945;6763;2;1.7001598374266665E7
1946;6767;4;1.7001598374266665E7
1947;6770;3;1.7001598374266665E7
1948;6770;0;1.7001598374266665E7
1949;6772;2;1.7001598374266665E7
1950;6774;2;1.7001598374266665E7
1951;6777;3;1.7001598374266665E7
1952;6779;2;1.7001598374266665E7
1953;6782;3;1.7001598374266665E7
1954;6783;1;1.7001598374266665E7
1955;6785;2;1.7001598374266665E7
1956;6787;2;1.7001598374266665E7
1957;6789;2;1.7001598374266665E7
1958;6793;4;1.7001598374266665E7
1959;6794;1;1.7001598374266665E7
1960;6797;3;1.7001598374266665E7
1961;6799;2;1.7001598374266665E7
1962;6801;2;1.7001598374266665E7
1963;6804;3;1.7001598374266665E7
1964;6806;2;1.7001598374266665E7
1965;6809;3;1.7001598374266665E7
1966;6812;3;1.7001598374266665E7
1967;6813;1;1.7001598374266665E7
1968;6816;3;1.7001598374266665E7
1969;6818;2;1.7001598374266665E7
1970;6819;1;1.7001598374266665E7
1971;6822;3;1.7001598374266665E7
1972;6824;2;1.7001598374266665E7
1973;6827;3;1.7001598374266665E7
1974;6828;1;1.7001598374266665E7
1975;6830;2;1.7001598374266665E7
1976;6832;2;1.7001598374266665E7
1977;6834;2;1.7001598374266665E7
1978;6836;2;1.7001598374266665E7
1979;6837;1;1.7001598374266665E7
1980;6839;2;1.7001598374266665E7
1981;6841;2;1.7001598374266665E7
1982;6842;1;1.7001598374266665E7
1983;6845;3;1.7001598374266665E7
1984;6847;2;1.7001598374266665E7
1985;6850;3;1.7001598374266665E7
1986;6852;2;1.7001598374266665E7
1987;6854;2;1.7001598374266665E7
1988;6855;1;1.7001598374266665E7
1989;6857;2;1.7001598374266665E7
1990;6860;3;1.7001598374266665E7
1991;6862;2;1.7001598374266665E7
1992;6862;0;1.7001598374266665E7
1993;6865;3;1.7001598374266665E7
1994;6867;2;1.7001598374266665E7
1995;6868;1;1.7001598374266665E7
1996;6872;4;1.7001598374266665E7
1997;6872;0;1.7001598374266665E7
1998;6875;3;1.7001598374266665E7
1999;6877;2;1.7001598374266665E7
2000;6880;3;1.7001598374266665E7
2001;6883;3;1.7001598374266665E7
2002;6886;3;1.7001598374266665E7
2003;6887;1;1.7001598374266665E7
2004;6889;2;1.7001598374266665E7
2005;6891;2;1.7001598374266665E7
2006;6891;0;1.7001598374266665E7
2007;6892;1;1.7001598374266665E7
2008;6896;4;1.7001598374266665E7
2009;6898;2;1.7001598374266665E7
2010;6898;0;1.7001598374266665E7
2011;6900;2;1.7001598374266665E7
2012;6902;2;1.7001598374266665E7
2013;6903;1;1.7001598374266665E7
2014;6906;3;1.7001598374266665E7
2015;6907;1;1.7001598374266665E7
2016;6909;2;1.7001598374266665E7
2017;6910;1;1.7001598374266665E7
2018;6911;1;1.7001598374266665E7
2019;6914;3;1.7001598374266665E7
2020;6915;1;1.7001598374266665E7
2021;6917;2;1.7001598374266665E7
2022;6919;2;1.7001598374266665E7
2023;6923;4;1.7001598374266665E7
2024;6925;2;1.7001598374266665E7
2025;6926;1;1.7001598374266665E7
2026;6928;2;1.7001598374266665E7
2027;6932;4;1.7001598374266665E7
2028;6935;3;1.7001598374266665E7
2029;6938;3;1.7001598374266665E7
2030;6941;3;1.7001598374266665E7
2031;6944;3;1.7001598374266665E7
2032;6946;2;1.7001598374266665E7
2033;6949;3;1.7001598374266665E7
2034;6950;1;1.7001598374266665E7
2035;6952;2;1.7001598374266665E7
2036;6953;1;1.7001598374266665E7
2037;6955;2;1.7001598374266665E7
2038;6958;3;1.7001598374266665E7
2039;6960;2;1.7001598374266665E7
2040;6961;1;1.7001598374266665E7
2041;6962;1;1.7001598374266665E7
2042;6966;4;1.7001598374266665E7
2043;6968;2;1.7001598374266665E7
2044;6970;2;1.7001598374266665E7
2045;6972;2;1.7001598374266665E7
2046;6973;1;1.7001598374266665E7
2047;6976;3;1.7001598374266665E7
2048;6978;2;1.7001598374266665E7
2049;6980;2;1.7001598374266665E7
2050;6982;2;1.7001598374266665E7
2051;6985;3;1.7001598374266665E7
2052;6987;2;1.7001598374266665E7
2053;6989;2;1.7001598374266665E7
2054;6992;3;1.7001598374266665E7
2055;6995;3;1.7001598374266665E7
2056;6997;2;1.7001598374266665E7
2057;6998;1;1.7001598374266665E7
2058;6999;1;1.7001598374266665E7
2059;7001;2;1.7001598374266665E7
2060;7004;3;1.7001598374266665E7
2061;7005;1;1.7001598374266665E7
2062;7008;3;1.7001598374266665E7
2063;7011;3;1.7001598374266665E7
2064;7014;3;1.7001598374266665E7
2065;7017;3;1.7001598374266665E7
2066;7019;2;1.7001598374266665E7
2067;7022;3;1.7001598374266665E7
2068;7029;7;1.7001598374266665E7
2069;7030;1;1.7001598374266665E7
2070;7032;2;1.7001598374266665E7
2071;7034;2;1.7001598374266665E7
2072;7035;1;1.7001598374266665E7
2073;7038;3;1.7001598374266665E7
2074;7039;1;1.7001598374266665E7
2075;7040;1;1.7001598374266665E7
2076;7042;2;1.7001598374266665E7
2077;7043;1;1.7001598374266665E7
2078;7045;2;1.7001598374266665E7
2079;7047;2;1.7001598374266665E7
2080;7049;2;1.7001598374266665E7
2081;7052;3;1.7001598374266665E7
2082;7054;2;1.7001598374266665E7
2083;7057;3;1.7001598374266665E7
2084;7060;3;1.7001598374266665E7
2085;7062;2;1.7001598374266665E7
2086;7065;3;1.7001598374266665E7
2087;7068;3;1.7001598374266665E7
2088;7070;2;1.7001598374266665E7
2089;7070;0;1.7001598374266665E7
2090;7073;3;1.7001598374266665E7
2091;7075;2;1.7001598374266665E7
2092;7077;2;1.7001598374266665E7
2093;7080;3;1.7001598374266665E7
2094;7082;2;1.7001598374266665E7
2095;7084;2;1.7001598374266665E7
2096;7086;2;1.7001598374266665E7
2097;7090;4;1.7001598374266665E7
2098;7094;4;1.7001598374266665E7
2099;7096;2;1.7001598374266665E7
2100;7098;2;1.7001598374266665E7
2101;7100;2;1.7001598374266665E7
2102;7102;2;1.7001598374266665E7
2103;7103;1;1.7001598374266665E7
2104;7105;2;1.7001598374266665E7
2105;7107;2;1.7001598374266665E7
2106;7108;1;1.7001598374266665E7
2107;7110;2;1.7001598374266665E7
2108;7112;2;1.7001598374266665E7
2109;7113;1;1.7001598374266665E7
2110;7115;2;1.7001598374266665E7
2111;7118;3;1.7001598374266665E7
2112;7120;2;1.7001598374266665E7
2113;7121;1;1.7001598374266665E7
2114;7123;2;1.7001598374266665E7
2115;7126;3;1.7001598374266665E7
2116;7129;3;1.7001598374266665E7
2117;7131;2;1.7001598374266665E7
2118;7134;3;1.7001598374266665E7
2119;7135;1;1.7001598374266665E7
2120;7136;1;1.7001598374266665E7
2121;7138;2;1.7001598374266665E7
2122;7138;0;1.7001598374266665E7
2123;7140;2;1.7001598374266665E7
2124;7142;2;1.7001598374266665E7
2125;7143;1;1.7001598374266665E7
2126;7146;3;1.7001598374266665E7
2127;7149;3;1.7001598374266665E7
2128;7152;3;1.7001598374266665E7
2129;7152;0;1.7001598374266665E7
2130;7153;1;1.7001598374266665E7
2131;7154;1;1.7001598374266665E7
2132;7156;2;1.7001598374266665E7
2133;7158;2;1.7001598374266665E7
2134;7159;1;1.7001598374266665E7
2135;7161;2;1.7001598374266665E7
2136;7162;1;1.7001598374266665E7
2137;7164;2;1.7001598374266665E7
2138;7166;2;1.7001598374266665E7
2139;7168;2;1.7001598374266665E7
2140;7171;3;1.7001598374266665E7
2141;7172;1;1.7001598374266665E7
2142;7173;1;1.7001598374266665E7
2143;7174;1;1.7001598374266665E7
2144;7177;3;1.7001598374266665E7
2145;7178;1;1.7001598374266665E7
2146;7180;2;1.7001598374266665E7
2147;7182;2;1.7001598374266665E7
2148;7184;2;1.7001598374266665E7
2149;7186;2;1.7001598374266665E7
2150;7189;3;1.7001598374266665E7
2151;7190;1;1.7001598374266665E7
2152;7192;2;1.7001598374266665E7
2153;7193;1;1.7001598374266665E7
2154;7195;2;1.7001598374266665E7
2155;7197;2;1.7001598374266665E7
2156;7201;4;1.7001598374266665E7
2157;7203;2;1.7001598374266665E7
2158;7206;3;1.7001598374266665E7
2159;7209;3;1.7001598374266665E7
2160;7212;3;1.7001598374266665E7
2161;7215;3;1.7001598374266665E7
2162;7217;2;1.7001598374266665E7
2163;7219;2;1.7001598374266665E7
2164;7221;2;1.7001598374266665E7
2165;7224;3;1.7001598374266665E7
2166;7226;2;1.7001598374266665E7
2167;7226;0;1.7001598374266665E7
2168;7227;1;1.7001598374266665E7
2169;7228;1;1.7001598374266665E7
2170;7229;1;1.7001598374266665E7
2171;7233;4;1.7001598374266665E7
2172;7236;3;1.7001598374266665E7
2173;7238;2;1.7001598374266665E7
2174;7239;1;1.7001598374266665E7
2175;7242;3;1.7001598374266665E7
2176;7243;1;1.7001598374266665E7
2177;7245;2;1.7001598374266665E7
2178;7248;3;1.7001598374266665E7
2179;7249;1;1.7001598374266665E7
2180;7250;1;1.7001598374266665E7
2181;7250;0;1.7001598374266665E7
2182;7251;1;1.7001598374266665E7
2183;7252;1;1.7001598374266665E7
2184;7252;0;1.7001598374266665E7
2185;7255;3;1.7001598374266665E7
2186;7256;1;1.7001598374266665E7
2187;7258;2;1.7001598374266665E7
2188;7260;2;1.7001598374266665E7
2189;7264;4;1.7001598374266665E7
2190;7267;3;1.7001598374266665E7
2191;7270;3;1.7001598374266665E7
2192;7272;2;1.7001598374266665E7
2193;7276;4;1.7001598374266665E7
2194;7277;1;1.7001598374266665E7
2195;7280;3;1.7001598374266665E7
2196;7283;3;1.7001598374266665E7
2197;7287;4;1.7001598374266665E7
2198;7293;6;1.7001598374266665E7
2199;7294;1;1.7001598374266665E7
2200;7296;2;1.7001598374266665E7
2201;7298;2;1.7001598374266665E7
2202;7300;2;1.7001598374266665E7
2203;7303;3;1.7001598374266665E7
2204;7304;1;1.7001598374266665E7
2205;7308;4;1.7001598374266665E7
2206;7312;4;1.7001598374266665E7
2207;7317;5;1.7001598374266665E7
2208;7320;3;1.7001598374266665E7
2209;7323;3;1.7001598374266665E7
2210;7325;2;1.7001598374266665E7
2211;7328;3;1.7001598374266665E7
2212;7331;3;1.7001598374266665E7
2213;7335;4;1.7001598374266665E7
2214;7340;5;1.7001598374266665E7
2215;7344;4;1.7001598374266665E7
2216;7347;3;1.7001598374266665E7
2217;7352;5;1.7001598374266665E7
2218;7354;2;1.7001598374266665E7
2219;7355;1;1.7001598374266665E7
2220;7358;3;1.7001598374266665E7
2221;7359;1;1.7001598374266665E7
2222;7363;4;1.7001598374266665E7
2223;7367;4;1.7001598374266665E7
2224;7370;3;1.7001598374266665E7
2225;7373;3;1.7001598374266665E7
2226;7374;1;1.7001598374266665E7
2227;7377;3;1.7001598374266665E7
2228;7381;4;1.7001598374266665E7
2229;7384;3;1.7001598374266665E7
2230;7386;2;1.7001598374266665E7
2231;7388;2;1.7001598374266665E7
2232;7390;2;1.7001598374266665E7
2233;7392;2;1.7001598374266665E7
2234;7392;0;1.7001598374266665E7
2235;7395;3;1.7001598374266665E7
2236;7402;7;1.7001598374266665E7
2237;7405;3;1.7001598374266665E7
2238;7406;1;1.7001598374266665E7
2239;7409;3;1.7001598374266665E7
2240;7410;1;1.7001598374266665E7
2241;7413;3;1.7001598374266665E7
2242;7415;2;1.7001598374266665E7
2243;7418;3;1.7001598374266665E7
2244;7420;2;1.7001598374266665E7
2245;7421;1;1.7001598374266665E7
2246;7424;3;1.7001598374266665E7
2247;7427;3;1.7001598374266665E7
2248;7432;5;1.7001598374266665E7
2249;7435;3;1.7001598374266665E7
2250;7436;1;1.7001598374266665E7
2251;7437;1;1.7001598374266665E7
2252;7438;1;1.7001598374266665E7
2253;7441;3;1.7001598374266665E7
2254;7443;2;1.7001598374266665E7
2255;7446;3;1.7001598374266665E7
2256;7450;4;1.7001598374266665E7
2257;7453;3;1.7001598374266665E7
2258;7456;3;1.7001598374266665E7
2259;7457;1;1.7001598374266665E7
2260;7460;3;1.7001598374266665E7
2261;7466;6;1.7001598374266665E7
2262;7469;3;1.7001598374266665E7
2263;7472;3;1.7001598374266665E7
2264;7473;1;1.7001598374266665E7
2265;7476;3;1.7001598374266665E7
2266;7483;7;1.7001598374266665E7
2267;7486;3;1.7001598374266665E7
2268;7487;1;1.7001598374266665E7
2269;7488;1;1.7001598374266665E7
2270;7491;3;1.7001598374266665E7
2271;7493;2;1.7001598374266665E7
2272;7495;2;1.7001598374266665E7
2273;7498;3;1.7001598374266665E7
2274;7499;1;1.7001598374266665E7
2275;7500;1;1.7001598374266665E7
2276;7500;0;1.7001598374266665E7
2277;7502;2;1.7001598374266665E7
2278;7503;1;1.7001598374266665E7
2279;7505;2;1.7001598374266665E7
2280;7505;0;1.7001598374266665E7
2281;7506;1;1.7001598374266665E7
2282;7509;3;1.7001598374266665E7
2283;7511;2;1.7001598374266665E7
2284;7513;2;1.7001598374266665E7
2285;7514;1;1.7001598374266665E7
2286;7516;2;1.7001598374266665E7
2287;7518;2;1.7001598374266665E7
2288;7519;1;1.7001598374266665E7
2289;7521;2;1.7001598374266665E7
2290;7522;1;1.7001598374266665E7
2291;7524;2;1.7001598374266665E7
2292;7525;1;1.7001598374266665E7
2293;7525;0;1.7001598374266665E7
2294;7528;3;1.7001598374266665E7
2295;7530;2;1.7001598374266665E7
2296;7532;2;1.7001598374266665E7
2297;7534;2;1.7001598374266665E7
2298;7537;3;1.7001598374266665E7
2299;7539;2;1.7001598374266665E7
2300;7539;0;1.7001598374266665E7
2301;7541;2;1.7001598374266665E7
2302;7543;2;1.7001598374266665E7
2303;7547;4;1.7001598374266665E7
2304;7549;2;1.7001598374266665E7
2305;7551;2;1.7001598374266665E7
2306;7553;2;1.7001598374266665E7
2307;7555;2;1.7001598374266665E7
2308;7558;3;1.7001598374266665E7
2309;7562;4;1.7001598374266665E7
2310;7565;3;1.7001598374266665E7
2311;7568;3;1.7001598374266665E7
2312;7571;3;1.7001598374266665E7
2313;7573;2;1.7001598374266665E7
2314;7574;1;1.7001598374266665E7
2315;7577;3;1.7001598374266665E7
2316;7578;1;1.7001598374266665E7
2317;7582;4;1.7001598374266665E7
2318;7585;3;1.7001598374266665E7
2319;7587;2;1.7001598374266665E7
2320;7591;4;1.7001598374266665E7
2321;7596;5;1.7001598374266665E7
2322;7598;2;1.7001598374266665E7
2323;7599;1;1.7001598374266665E7
2324;7601;2;1.7001598374266665E7
2325;7604;3;1.7001598374266665E7
2326;7605;1;1.7001598374266665E7
2327;7608;3;1.7001598374266665E7
2328;7609;1;1.7001598374266665E7
2329;7611;2;1.7001598374266665E7
2330;7612;1;1.7001598374266665E7
2331;7614;2;1.7001598374266665E7
2332;7615;1;1.7001598374266665E7
2333;7616;1;1.7001598374266665E7
2334;7618;2;1.7001598374266665E7
2335;7620;2;1.7001598374266665E7
2336;7623;3;1.7001598374266665E7
2337;7626;3;1.7001598374266665E7
2338;7628;2;1.7001598374266665E7
2339;7629;1;1.7001598374266665E7
2340;7631;2;1.7001598374266665E7
2341;7634;3;1.7001598230530754E7
2342;7635;1;1.7001598230530754E7
2343;7635;0;1.7001598230530754E7
2344;7638;3;1.700158143276617E7
2345;7639;1;1.700158143276617E7
2346;7640;1;1.700158143276617E7
2347;7642;2;1.700158143276617E7
2348;7644;2;1.700158143276617E7
2349;7646;2;1.700158143276617E7
2350;7648;2;1.700158143276617E7
2351;7650;2;1.700158143276617E7
2352;7651;1;1.700158143276617E7
2353;7653;2;1.700158143276617E7
2354;7655;2;1.700158143276617E7
2355;7657;2;1.700158143276617E7
2356;7657;0;1.700158143276617E7
2357;7659;2;1.700158143276617E7
2358;7661;2;1.700158143276617E7
2359;7663;2;1.700158143276617E7
2360;7665;2;1.700158143276617E7
2361;7666;1;1.700158143276617E7
2362;7668;2;1.70015771393139E7
2363;7669;1;1.70015771393139E7
2364;7671;2;1.70015750786475E7
2365;7673;2;1.70015750786475E7
2366;7673;0;1.70015750786475E7
2367;7674;1;1.70015750786475E7
2368;7677;3;1.70015750786475E7
2369;7679;2;1.70015750786475E7
2370;7683;4;1.70015750786475E7
2371;7685;2;1.70015750786475E7
2372;7686;1;1.7001574665761203E7
2373;7689;3;1.7001574665761203E7
2374;7690;1;1.7001574665761203E7
2375;7693;3;1.7001574665761203E7
2376;7695;2;1.7001574665761203E7
2377;7698;3;1.7001574665761203E7
2378;7700;2;1.7001574665761203E7
2379;7703;3;1.7001574665761203E7
2380;7707;4;1.7001574665761203E7
2381;7710;3;1.7001574665761203E7
2382;7712;2;1.7001574665761203E7
2383;7716;4;1.7001574665761203E7
2384;7720;4;1.7001574665761203E7
2385;7723;3;1.7001574665761203E7
2386;7726;3;1.7001574665761203E7
2387;7730;4;1.7001574665761203E7
2388;7731;1;1.7001574665761203E7
2389;7733;2;1.7001574665761203E7
2390;7737;4;1.7001574665761203E7
2391;7739;2;1.7001574665761203E7
2392;7741;2;1.7001574665761203E7
2393;7744;3;1.7001574665761203E7
2394;7748;4;1.7001574665761203E7
2395;7753;5;1.7001574665761203E7
2396;7757;4;1.7001574665761203E7
2397;7760;3;1.7001574665761203E7
2398;7764;4;1.7001574665761203E7
2399;7768;4;1.7001574665761203E7
2400;7772;4;1.7001574665761203E7
2401;7776;4;1.7001574665761203E7
2402;7780;4;1.7001574665761203E7
2403;7781;1;1.7001574665761203E7
2404;7783;2;1.7001574665761203E7
2405;7785;2;1.7001574665761203E7
2406;7788;3;1.7001574665761203E7
2407;7790;2;1.7001574665761203E7
2408;7795;5;1.7001574665761203E7
2409;7798;3;1.7001574665761203E7
2410;7799;1;1.7001574665761203E7
2411;7803;4;1.7001574665761203E7
2412;7806;3;1.7001574665761203E7
2413;7809;3;1.7001574665761203E7
2414;7812;3;1.7001574665761203E7
2415;7815;3;1.7001574665761203E7
2416;7816;1;1.7001574665761203E7
2417;7819;3;1.7001574665761203E7
2418;7820;1;1.7001574665761203E7
2419;7823;3;1.7001574665761203E7
2420;7825;2;1.7001574665761203E7
2421;7829;4;1.7001574665761203E7
2422;7832;3;1.7001574665761203E7
2423;7834;2;1.7001574665761203E7
2424;7838;4;1.7001574665761203E7
2425;7840;2;1.7001574665761203E7
2426;7845;5;1.7001574665761203E7
2427;7846;1;1.7001574665761203E7
2428;7849;3;1.7001574665761203E7
2429;7851;2;1.7001574665761203E7
2430;7852;1;1.7001574665761203E7
2431;7854;2;1.7001574665761203E7
2432;7856;2;1.7001574665761203E7
2433;7859;3;1.7001574665761203E7
2434;7861;2;1.7001574665761203E7
2435;7863;2;1.7001574665761203E7
2436;7864;1;1.7001574665761203E7
2437;7865;1;1.7001574665761203E7
2438;7865;0;1.7001574665761203E7
2439;7867;2;1.7001574665761203E7
2440;7869;2;1.7001574665761203E7
2441;7871;2;1.7001574665761203E7
2442;7873;2;1.7001574665761203E7
2443;7876;3;1.7001574665761203E7
2444;7877;1;1.7001574665761203E7
2445;7880;3;1.7001574665761203E7
2446;7884;4;1.7001574665761203E7
2447;7886;2;1.7001574665761203E7
2448;7888;2;1.7001574665761203E7
2449;7890;2;1.7001574665761203E7
2450;7893;3;1.7001574665761203E7
2451;7895;2;1.7001574665761203E7
2452;7898;3;1.7001574665761203E7
2453;7900;2;1.7001574665761203E7
2454;7901;1;1.7001574665761203E7
2455;7903;2;1.7001574665761203E7
2456;7903;0;1.7001574665761203E7
2457;7904;1;1.7001574665761203E7
2458;7906;2;1.7001574665761203E7
2459;7909;3;1.7001574665761203E7
2460;7911;2;1.7001574665761203E7
2461;7912;1;1.7001574665761203E7
2462;7914;2;1.7001574665761203E7
2463;7920;6;1.7001574665761203E7
2464;7922;2;1.7001574665761203E7
2465;7924;2;1.7001574665761203E7
2466;7925;1;1.7001574665761203E7
2467;7927;2;1.7001574665761203E7
2468;7930;3;1.7001574665761203E7
2469;7931;1;1.7001574665761203E7
2470;7936;5;1.7001574665761203E7
2471;7939;3;1.7001574665761203E7
2472;7939;0;1.7001574665761203E7
2473;7942;3;1.7001574665761203E7
2474;7944;2;1.7001574665761203E7
2475;7946;2;1.7001574665761203E7
2476;7948;2;1.7001574665761203E7
2477;7949;1;1.7001574665761203E7
2478;7952;3;1.7001574665761203E7
2479;7955;3;1.7001574665761203E7
2480;7956;1;1.7001574665761203E7
2481;7957;1;1.7001574665761203E7
2482;7958;1;1.7001574665761203E7
2483;7960;2;1.7001574665761203E7
2484;7960;0;1.7001574665761203E7
2485;7963;3;1.7001574665761203E7
2486;7965;2;1.7001574665761203E7
2487;7969;4;1.7001574665761203E7
2488;7972;3;1.7001574665761203E7
2489;7974;2;1.7001574665761203E7
2490;7975;1;1.7001574665761203E7
2491;7979;4;1.7001574665761203E7
2492;7980;1;1.7001574665761203E7
2493;7983;3;1.7001574665761203E7
2494;7985;2;1.7001574665761203E7
2495;7986;1;1.7001574665761203E7
2496;7987;1;1.7001574665761203E7
2497;7989;2;1.7001574665761203E7
2498;7993;4;1.7001574665761203E7
2499;7995;2;1.7001574665761203E7
2500;7996;1;1.7001574665761203E7
2501;7998;2;1.7001574665761203E7
2502;7998;0;1.7001574665761203E7
2503;7999;1;1.7001574665761203E7
2504;8000;1;1.7001574665761203E7
2505;8002;2;1.7001574665761203E7
2506;8004;2;1.7001574665761203E7
2507;8006;2;1.7001574665761203E7
2508;8008;2;1.7001574665761203E7
2509;8009;1;1.7001574665761203E7
2510;8011;2;1.7001574665761203E7
2511;8014;3;1.7001574665761203E7
2512;8015;1;1.7001574665761203E7
2513;8019;4;1.7001574665761203E7
2514;8021;2;1.7001574665761203E7
2515;8022;1;1.7001574665761203E7
2516;8022;0;1.7001574665761203E7
2517;8023;1;1.7001574665761203E7
2518;8025;2;1.7001574665761203E7
2519;8028;3;1.7001574665761203E7
2520;8030;2;1.7001574665761203E7
2521;8031;1;1.7001574665761203E7
2522;8032;1;1.7001574665761203E7
2523;8035;3;1.7001574665761203E7
2524;8039;4;1.7001574665761203E7
2525;8041;2;1.7001574665761203E7
2526;8042;1;1.7001574665761203E7
2527;8045;3;1.7001574665761203E7
2528;8046;1;1.7001574665761203E7
2529;8047;1;1.7001574665761203E7
2530;8050;3;1.7001574665761203E7
2531;8052;2;1.7001574665761203E7
2532;8056;4;1.7001574665761203E7
2533;8060;4;1.7001574665761203E7
2534;8063;3;1.7001574665761203E7
2535;8066;3;1.7001574665761203E7
2536;8069;3;1.7001574665761203E7
2537;8069;0;1.7001574665761203E7
2538;8073;4;1.7001574665761203E7
2539;8075;2;1.7001574665761203E7
2540;8078;3;1.7001574665761203E7
2541;8082;4;1.7001574665761203E7
2542;8085;3;1.7001574665761203E7
2543;8089;4;1.7001574665761203E7
2544;8094;5;1.7001574665761203E7
2545;8098;4;1.7001574665761203E7
2546;8102;4;1.7001574665761203E7
2547;8102;0;1.7001574665761203E7
2548;8106;4;1.7001574665761203E7
2549;8108;2;1.7001574665761203E7
2550;8112;4;1.7001574665761203E7
2551;8118;6;1.7001574665761203E7
2552;8121;3;1.7001574665761203E7
2553;8125;4;1.7001574665761203E7
2554;8126;1;1.7001574665761203E7
2555;8137;11;1.7001574665761203E7
2556;8143;6;1.7001574665761203E7
2557;8145;2;1.7001574665761203E7
2558;8148;3;1.7001574665761203E7
2559;8152;4;1.7001574665761203E7
2560;8156;4;1.7001574665761203E7
2561;8160;4;1.7001574665761203E7
2562;8163;3;1.7001574665761203E7
2563;8166;3;1.7001574665761203E7
2564;8169;3;1.7001574665761203E7
2565;8171;2;1.7001574665761203E7
2566;8180;9;1.7001574665761203E7
2567;8183;3;1.7001574665761203E7
2568;8186;3;1.7001574665761203E7
2569;8187;1;1.7001574665761203E7
2570;8189;2;1.7001574665761203E7
2571;8193;4;1.7001574665761203E7
2572;8196;3;1.7001574665761203E7
2573;8200;4;1.7001574665761203E7
2574;8204;4;1.7001574665761203E7
2575;8207;3;1.7001574665761203E7
2576;8210;3;1.7001574665761203E7
2577;8212;2;1.7001574665761203E7
2578;8216;4;1.7001574665761203E7
2579;8219;3;1.7001574665761203E7
2580;8220;1;1.7001574665761203E7
2581;8224;4;1.7001574665761203E7
2582;8225;1;1.7001574665761203E7
2583;8236;11;1.7001574665761203E7
2584;8241;5;1.7001574665761203E7
2585;8243;2;1.7001574665761203E7
2586;8248;5;1.7001574665761203E7
2587;8250;2;1.7001574665761203E7
2588;8252;2;1.7001574665761203E7
2589;8253;1;1.7001574665761203E7
2590;8256;3;1.7001574665761203E7
2591;8259;3;1.7001574665761203E7
2592;8264;5;1.7001574665761203E7
2593;8268;4;1.7001574665761203E7
2594;8269;1;1.7001574665761203E7
2595;8273;4;1.7001574665761203E7
2596;8277;4;1.7001574665761203E7
2597;8279;2;1.7001574665761203E7
2598;8281;2;1.7001574665761203E7
2599;8284;3;1.7001574665761203E7
2600;8288;4;1.7001574665761203E7
2601;8291;3;1.7001574665761203E7
2602;8294;3;1.7001574665761203E7
2603;8296;2;1.7001574665761203E7
2604;8301;5;1.7001574665761203E7
2605;8305;4;1.7001574665761203E7
2606;8308;3;1.7001574665761203E7
2607;8311;3;1.7001574665761203E7
2608;8315;4;1.7001574665761203E7
2609;8316;1;1.7001574665761203E7
2610;8323;7;1.7001570396964952E7
2611;8326;3;1.7001570396964952E7
2612;8330;4;1.7001570396964952E7
2613;8333;3;1.7001570396964952E7
2614;8336;3;1.7001570396964952E7
2615;8341;5;1.7001570396964952E7
2616;8344;3;1.7001570396964952E7
2617;8348;4;1.7001570396964952E7
2618;8351;3;1.7001570396964952E7
2619;8353;2;1.7001570396964952E7
2620;8355;2;1.7001570396964952E7
2621;8359;4;1.7001570396964952E7
2622;8363;4;1.7001570396964952E7
2623;8365;2;1.7001570396964952E7
2624;8369;4;1.7001570396964952E7
2625;8374;5;1.7001570396964952E7
2626;8377;3;1.700156788992111E7
2627;8379;2;1.700156788992111E7
2628;8394;15;1.700156788992111E7
2629;8397;3;1.700156788992111E7
2630;8410;13;1.700156788992111E7
2631;8413;3;1.700156788992111E7
2632;8421;8;1.700156788992111E7
2633;8422;1;1.700156788992111E7
2634;8425;3;1.700156788992111E7
2635;8426;1;1.700156788992111E7
2636;8427;1;1.700156788992111E7
2637;8431;4;1.700156788992111E7
2638;8434;3;1.700156788992111E7
2639;8439;5;1.700156788992111E7
2640;8441;2;1.700156788992111E7
2641;8444;3;1.700156788992111E7
2642;8448;4;1.700156788992111E7
2643;8451;3;1.70015598585555E7
2644;8454;3;1.70015598585555E7
2645;8458;4;1.7001559254543487E7
2646;8462;4;1.7001559254543487E7
2647;8467;5;1.7001559254543487E7
2648;8471;4;1.7001559254543487E7
2649;8473;2;1.7001559254543487E7
2650;8476;3;1.7001559254543487E7
2651;8478;2;1.7001559254543487E7
2652;8483;5;1.7001559254543487E7
2653;8487;4;1.7001559254543487E7
2654;8491;4;1.7001559254543487E7
2655;8495;4;1.7001559254543487E7
2656;8497;2;1.7001559254543487E7
2657;8500;3;1.7001559254543487E7
2658;8502;2;1.7001559254543487E7
2659;8506;4;1.7001559254543487E7
2660;8508;2;1.7001559254543487E7
2661;8510;2;1.7001559254543487E7
2662;8512;2;1.7001559254543487E7
2663;8514;2;1.7001559254543487E7
2664;8516;2;1.7001559254543487E7
2665;8518;2;1.7001559254543487E7
2666;8524;6;1.7001559254543487E7
2667;8525;1;1.7001559254543487E7
2668;8530;5;1.7001559254543487E7
2669;8531;1;1.7001559254543487E7
2670;8532;1;1.7001559254543487E7
2671;8533;1;1.7001559254543487E7
2672;8536;3;1.7001559254543487E7
2673;8542;6;1.7001559254543487E7
2674;8543;1;1.7001559254543487E7
2675;8549;6;1.7001559254543487E7
2676;8553;4;1.7001559254543487E7
2677;8555;2;1.7001559254543487E7
2678;8559;4;1.7001559254543487E7
2679;8561;2;1.7001559254543487E7
2680;8564;3;1.7001559254543487E7
2681;8565;1;1.7001559254543487E7
2682;8569;4;1.7001559254543487E7
2683;8574;5;1.7001559254543487E7
2684;8577;3;1.7001559254543487E7
2685;8581;4;1.7001559254543487E7
2686;8584;3;1.7001559254543487E7
2687;8588;4;1.7001559254543487E7
2688;8589;1;1.7001559254543487E7
2689;8592;3;1.7001559254543487E7
2690;8596;4;1.7001559254543487E7
2691;8598;2;1.7001559254543487E7
2692;8601;3;1.7001559254543487E7
2693;8603;2;1.7001559254543487E7
2694;8607;4;1.7001559254543487E7
2695;8609;2;1.7001559254543487E7
2696;8612;3;1.7001559254543487E7
2697;8616;4;1.7001559254543487E7
2698;8618;2;1.7001559254543487E7
2699;8619;1;1.7001559254543487E7
2700;8620;1;1.7001559254543487E7
2701;8623;3;1.7001559254543487E7
2702;8628;5;1.7001559254543487E7
2703;8632;4;1.7001559254543487E7
2704;8634;2;1.7001559254543487E7
2705;8636;2;1.7001559254543487E7
2706;8640;4;1.7001559254543487E7
2707;8643;3;1.7001559254543487E7
2708;8646;3;1.7001559254543487E7
2709;8649;3;1.7001559254543487E7
2710;8654;5;1.7001559254543487E7
2711;8655;1;1.7001559254543487E7
2712;8658;3;1.7001559254543487E7
2713;8661;3;1.7001559254543487E7
2714;8663;2;1.7001559254543487E7
2715;8664;1;1.7001559254543487E7
2716;8667;3;1.7001557821193084E7
2717;8670;3;1.7001557821193084E7
2718;8673;3;1.7001557821193084E7
2719;8674;1;1.7001557821193084E7
2720;8677;3;1.7001557821193084E7
2721;8681;4;1.7001557821193084E7
2722;8686;5;1.7001557821193084E7
2723;8688;2;1.7001557821193084E7
2724;8690;2;1.7001557821193084E7
2725;8691;1;1.7001555074353036E7
2726;8695;4;1.7001555074353036E7
2727;8698;3;1.7001555074353036E7
2728;8699;1;1.7001554510904275E7
2729;8702;3;1.7001554510904275E7
2730;8706;4;1.7001554510904275E7
2731;8709;3;1.7001553481410675E7
2732;8712;3;1.7001553481410675E7
2733;8716;4;1.7001553481410675E7
2734;8720;4;1.7001553481410675E7
2735;8721;1;1.7001553481410675E7
2736;8723;2;1.7001553481410675E7
2737;8728;5;1.7001553481410675E7
2738;8732;4;1.7001553481410675E7
2739;8735;3;1.7001553481410675E7
2740;8738;3;1.7001553481410675E7
2741;8742;4;1.7001553481410675E7
2742;8746;4;1.7001553481410675E7
2743;8749;3;1.7001553481410675E7
2744;8753;4;1.7001553198081158E7
2745;8756;3;1.7001553198081158E7
2746;8760;4;1.7001553198081158E7
2747;8763;3;1.7001553198081158E7
2748;8766;3;1.7001551404441226E7
2749;8770;4;1.7001551404441226E7
2750;8773;3;1.7001551404441226E7
2751;8777;4;1.7001551404441226E7
2752;8778;1;1.7001551404441226E7
2753;8783;5;1.7001551404441226E7
2754;8784;1;1.7001551404441226E7
2755;8788;4;1.7001551404441226E7
2756;8791;3;1.7001551404441226E7
2757;8794;3;1.7001551404441226E7
2758;8797;3;1.7001551404441226E7
2759;8798;1;1.7001551404441226E7
2760;8801;3;1.7001551404441226E7
2761;8815;14;1.7001551404441226E7
2762;8818;3;1.7001551404441226E7
2763;8819;1;1.7001551404441226E7
2764;8823;4;1.7001551404441226E7
2765;8826;3;1.7001551404441226E7
2766;8829;3;1.7001551404441226E7
2767;8831;2;1.7001551404441226E7
2768;8834;3;1.7001551404441226E7
2769;8837;3;1.7001551404441226E7
2770;8839;2;1.7001551404441226E7
2771;8840;1;1.7001551404441226E7
2772;8844;4;1.7001551404441226E7
2773;8844;0;1.7001551404441226E7
2774;8848;4;1.7001551404441226E7
2775;8849;1;1.7001551404441226E7
2776;8852;3;1.7001551404441226E7
2777;8856;4;1.7001551404441226E7
2778;8858;2;1.7001551404441226E7
2779;8861;3;1.7001551404441226E7
2780;8862;1;1.7001551404441226E7
2781;8865;3;1.7001551404441226E7
2782;8866;1;1.7001551404441226E7
2783;8868;2;1.7001551404441226E7
2784;8871;3;1.7001551404441226E7
2785;8873;2;1.7001551404441226E7
2786;8875;2;1.7001551404441226E7
2787;8880;5;1.7001550157100145E7
2788;8885;5;1.7001550157100145E7
2789;8888;3;1.7001550157100145E7
2790;8891;3;1.7001550157100145E7
2791;8894;3;1.7001550157100145E7
2792;8896;2;1.7001550157100145E7
2793;8900;4;1.7001550157100145E7
2794;8903;3;1.7001550157100145E7
2795;8907;4;1.7001550157100145E7
2796;8911;4;1.7001550157100145E7
2797;8912;1;1.7001550157100145E7
2798;8916;4;1.7001550157100145E7
2799;8917;1;1.7001550157100145E7
2800;8918;1;1.7001550157100145E7
2801;8921;3;1.7001550157100145E7
2802;8925;4;1.7001550157100145E7
2803;8930;5;1.7001550157100145E7
2804;8934;4;1.7001550157100145E7
2805;8939;5;1.7001550157100145E7
2806;8942;3;1.7001550157100145E7
2807;8945;3;1.7001550157100145E7
2808;8947;2;1.7001550157100145E7
2809;8957;10;1.7001550157100145E7
2810;8960;3;1.7001550157100145E7
2811;8963;3;1.7001550157100145E7
2812;8966;3;1.7001550157100145E7
2813;8970;4;1.7001550157100145E7
2814;8974;4;1.7001550157100145E7
2815;8976;2;1.7001550157100145E7
2816;8977;1;1.7001550157100145E7
2817;8979;2;1.7001550157100145E7
2818;8981;2;1.7001550157100145E7
2819;8983;2;1.7001550157100145E7
2820;8984;1;1.7001550157100145E7
2821;8987;3;1.7001550157100145E7
2822;8991;4;1.7001550157100145E7
2823;8992;1;1.7001550157100145E7
2824;8994;2;1.7001550157100145E7
2825;8997;3;1.7001550157100145E7
2826;8999;2;1.700154910928067E7
2827;9003;4;1.700154910928067E7
2828;9006;3;1.700154910928067E7
2829;9008;2;1.700154910928067E7
2830;9012;4;1.700154910928067E7
2831;9016;4;1.700154910928067E7
2832;9017;1;1.700154910928067E7
2833;9021;4;1.700154910928067E7
2834;9023;2;1.700154910928067E7
2835;9025;2;1.700154910928067E7
2836;9028;3;1.700154910928067E7
2837;9030;2;1.700154910928067E7
2838;9031;1;1.700154910928067E7
2839;9032;1;1.700154910928067E7
2840;9033;1;1.700154910928067E7
2841;9034;1;1.700154910928067E7
2842;9036;2;1.700154910928067E7
2843;9037;1;1.700154910928067E7
2844;9041;4;1.700154910928067E7
2845;9044;3;1.700154910928067E7
2846;9046;2;1.700154910928067E7
2847;9049;3;1.7001545776230726E7
2848;9052;3;1.7001545776230726E7
2849;9054;2;1.7001545776230726E7
2850;9055;1;1.7001545776230726E7
2851;9056;1;1.7001545776230726E7
2852;9057;1;1.7001545776230726E7
2853;9060;3;1.7001545776230726E7
2854;9061;1;1.7001545776230726E7
2855;9064;3;1.7001545776230726E7
2856;9065;1;1.7001545776230726E7
2857;9066;1;1.7001545776230726E7
2858;9068;2;1.7001545776230726E7
2859;9069;1;1.7001545776230726E7
2860;9071;2;1.7001545776230726E7
2861;9073;2;1.7001545776230726E7
2862;9074;1;1.7001545776230726E7
2863;9075;1;1.7001545776230726E7
2864;9077;2;1.7001545776230726E7
2865;9078;1;1.7001545776230726E7
2866;9081;3;1.7001545776230726E7
2867;9083;2;1.7001545776230726E7
2868;9084;1;1.7001545776230726E7
2869;9087;3;1.7001545776230726E7
2870;9089;2;1.7001545776230723E7
2871;9089;0;1.7001545776230723E7
2872;9091;2;1.7001545776230723E7
2873;9093;2;1.7001545776230723E7
2874;9096;3;1.7001545776230723E7
2875;9099;3;1.7001545776230723E7
2876;9102;3;1.7001545776230723E7
2877;9104;2;1.7001545776230723E7
2878;9105;1;1.7001545776230723E7
2879;9107;2;1.7001545776230723E7
2880;9109;2;1.7001545776230723E7
2881;9112;3;1.7001545776230723E7
2882;9113;1;1.7001545776230723E7
2883;9115;2;1.7001545776230723E7
2884;9117;2;1.7001545776230723E7
2885;9119;2;1.7001545776230723E7
2886;9120;1;1.7001545776230723E7
2887;9123;3;1.7001545776230723E7
2888;9125;2;1.7001545776230723E7
2889;9127;2;1.7001545776230723E7
2890;9128;1;1.7001545776230723E7
2891;9131;3;1.7001545776230723E7
2892;9132;1;1.7001545776230723E7
2893;9135;3;1.7001545776230723E7
2894;9137;2;1.7001545776230723E7
2895;9139;2;1.7001545776230723E7
2896;9141;2;1.7001545776230723E7
2897;9144;3;1.7001545776230723E7
2898;9146;2;1.7001545776230723E7
2899;9147;1;1.7001545776230723E7
2900;9149;2;1.7001545776230723E7
2901;9150;1;1.7001545776230723E7
2902;9152;2;1.7001545776230723E7
2903;9153;1;1.7001545776230723E7
2904;9155;2;1.7001545776230723E7
2905;9156;1;1.7001545776230723E7
2906;9157;1;1.7001545776230723E7
2907;9159;2;1.7001545776230723E7
2908;9161;2;1.7001545776230723E7
2909;9163;2;1.7001545776230723E7
2910;9165;2;1.7001545776230723E7
2911;9166;1;1.7001545776230723E7
2912;9169;3;1.7001545776230723E7
2913;9171;2;1.7001545776230723E7
2914;9172;1;1.7001545776230723E7
2915;9174;2;1.7001545776230723E7
2916;9176;2;1.7001545776230723E7
2917;9177;1;1.7001545776230723E7
2918;9179;2;1.7001545776230723E7
2919;9180;1;1.7001545776230723E7
2920;9181;1;1.7001545776230723E7
2921;9182;1;1.7001545776230723E7
2922;9183;1;1.7001545776230723E7
2923;9184;1;1.7001545776230723E7
2924;9186;2;1.7001545776230723E7
2925;9187;1;1.7001545776230723E7
2926;9189;2;1.7001545776230723E7
2927;9191;2;1.7001545776230723E7
2928;9192;1;1.7001545776230723E7
2929;9194;2;1.7001545776230723E7
2930;9195;1;1.7001545776230723E7
2931;9195;0;1.7001545776230723E7
2932;9197;2;1.7001545776230723E7
2933;9198;1;1.7001545776230723E7
2934;9200;2;1.7001545776230723E7
2935;9202;2;1.7001545776230723E7
2936;9203;1;1.7001545776230723E7
2937;9205;2;1.7001545776230723E7
2938;9206;1;1.7001545776230723E7
2939;9208;2;1.7001545776230723E7
2940;9209;1;1.7001545776230723E7
2941;9210;1;1.7001545776230723E7
2942;9212;2;1.7001545776230723E7
2943;9214;2;1.7001545776230723E7
2944;9216;2;1.7001545776230723E7
2945;9217;1;1.7001545776230723E7
2946;9219;2;1.7001545776230723E7
2947;9221;2;1.7001545776230723E7
2948;9223;2;1.7001545776230723E7
2949;9224;1;1.7001545776230723E7
2950;9227;3;1.7001545776230723E7
2951;9229;2;1.7001545776230723E7
2952;9231;2;1.7001545776230723E7
2953;9233;2;1.7001545776230723E7
2954;9235;2;1.7001545776230723E7
2955;9236;1;1.7001545776230723E7
2956;9238;2;1.7001545776230723E7
2957;9239;1;1.7001545776230723E7
2958;9242;3;1.7001545776230723E7
2959;9243;1;1.7001545776230723E7
2960;9243;0;1.7001545776230723E7
2961;9245;2;1.7001545776230723E7
2962;9246;1;1.7001545776230723E7
2963;9248;2;1.7001545776230723E7
2964;9248;0;1.7001545776230723E7
2965;9250;2;1.7001545776230723E7
2966;9251;1;1.7001545776230723E7
2967;9253;2;1.7001545776230723E7
2968;9255;2;1.7001545776230723E7
2969;9256;1;1.7001545776230723E7
2970;9259;3;1.7001545776230723E7
2971;9260;1;1.7001545776230723E7
2972;9262;2;1.7001545776230723E7
2973;9264;2;1.7001545776230723E7
2974;9265;1;1.7001545776230723E7
2975;9266;1;1.7001541260926142E7
2976;9268;2;1.7001541260926142E7
2977;9270;2;1.7001541260926142E7
2978;9272;2;1.7001541260926142E7
2979;9274;2;1.7001541260926142E7
2980;9275;1;1.7001541260926142E7
2981;9276;1;1.7001541260926142E7
2982;9278;2;1.7001541260926142E7
2983;9280;2;1.7001541260926142E7
2984;9282;2;1.7001541260926142E7
2985;9284;2;1.7001541260926142E7
2986;9285;1;1.7001541260926142E7
2987;9286;1;1.7001541260926142E7
2988;9288;2;1.7001541260926142E7
2989;9289;1;1.7001541260926142E7
2990;9293;4;1.7001540977596626E7
2991;9295;2;1.7001540977596626E7
2992;9299;4;1.7001540977596626E7
2993;9303;4;1.7001540977596626E7
2994;9304;1;1.7001540977596626E7
2995;9307;3;1.7001540977596626E7
2996;9310;3;1.7001540977596626E7
2997;9313;3;1.7001540977596626E7
2998;9316;3;1.7001540977596626E7
2999;9319;3;1.7001540977596626E7
