Index;Time point [ms];Iteration length [ms];Cost
0;7;7;1.8003187042397823E7
1;11;4;1.8003187042397823E7
2;16;5;1.8003187042397823E7
3;26;10;1.7002777131405376E7
4;30;4;1.7002777131405376E7
5;34;4;1.700277215511329E7
6;39;5;1.700277215511329E7
7;44;5;1.700214600930199E7
8;49;5;1.700194348080528E7
9;54;5;1.700189131700741E7
10;59;5;1.400197374335063E7
11;60;1;1.400197374335063E7
12;63;3;1.400197374335063E7
13;68;5;1.400197374335063E7
14;74;6;1.400197374335063E7
15;76;2;1.400197374335063E7
16;83;7;1.400197374335063E7
17;87;4;1.400197374335063E7
18;93;6;1.400197374335063E7
19;93;0;1.400197374335063E7
20;98;5;1.400197374335063E7
21;102;4;1.400197374335063E7
22;107;5;1.400197374335063E7
23;114;7;1.400197374335063E7
24;121;7;1.400197374335063E7
25;127;6;1.400197374335063E7
26;131;4;1.400197374335063E7
27;138;7;1.4001929901482746E7
28;143;5;1.4001929901482746E7
29;149;6;1.4001929901482746E7
30;150;1;1.4001929901482746E7
31;151;1;1.4001929901482746E7
32;152;1;1.4001929901482746E7
33;158;6;1.4001929901482746E7
34;163;5;1.4001903396836199E7
35;168;5;1.4001903396836199E7
36;173;5;1.4001903396836199E7
37;179;6;1.4001903396836199E7
38;185;6;1.4001903396836199E7
39;191;6;1.4001903396836199E7
40;195;4;1.4001903396836199E7
41;201;6;1.4001903396836199E7
42;207;6;1.4001903396836199E7
43;213;6;1.4001903396836199E7
44;219;6;1.4001903396836199E7
45;225;6;1.4001903396836199E7
46;228;3;1.4001903396836199E7
47;234;6;1.4001903396836199E7
48;245;11;1.4001797445406592E7
49;248;3;1.4001743204010252E7
50;249;1;1.400172892211612E7
51;253;4;1.400172892211612E7
52;259;6;1.3001913190707566E7
53;264;5;1.3001913190707566E7
54;268;4;1.3001899140475933E7
55;269;1;1.3001899140475933E7
56;270;1;1.3001899140475933E7
57;276;6;1.3001499754883748E7
58;281;5;1.3001499754883748E7
59;285;4;1.3001499754883748E7
60;286;1;1.3001499754883748E7
61;292;6;1.3001499754883748E7
62;296;4;1.3001499754883748E7
63;301;5;1.3001499754883748E7
64;307;6;1.3001499754883748E7
65;311;4;1.3001499754883748E7
66;316;5;1.3001499754883748E7
67;319;3;1.3001499754883748E7
68;324;5;1.3001499754883748E7
69;329;5;1.3001499754883748E7
70;331;2;1.3001499754883748E7
71;334;3;1.3001499754883748E7
72;339;5;1.3001499754883748E7
73;347;8;1.3001499754883748E7
74;347;0;1.3001499754883748E7
75;351;4;1.3001499754883748E7
76;351;0;1.3001499754883748E7
77;354;3;1.3001499754883748E7
78;356;2;1.3001499754883748E7
79;360;4;1.3001499754883748E7
80;363;3;1.3001499754883748E7
81;365;2;1.3001499754883748E7
82;365;0;1.3001499754883748E7
83;368;3;1.3001499754883748E7
84;371;3;1.3001499754883748E7
85;375;4;1.3001499754883748E7
86;377;2;1.3001499754883748E7
87;380;3;1.3001499754883748E7
88;380;0;1.3001499754883748E7
89;381;1;1.3001499754883748E7
90;382;1;1.3001499754883748E7
91;385;3;1.3001499754883748E7
92;388;3;1.3001499754883748E7
93;392;4;1.3001499754883748E7
94;395;3;1.3001499754883748E7
95;397;2;1.3001499754883748E7
96;402;5;1.3001499754883748E7
97;402;0;1.3001499754883748E7
98;405;3;1.3001499754883748E7
99;407;2;1.3001499754883748E7
100;409;2;1.3001499754883748E7
101;412;3;1.3001499754883748E7
102;415;3;1.3001499754883748E7
103;419;4;1.3001499754883748E7
104;420;1;1.3001499754883748E7
105;422;2;1.3001499754883748E7
106;427;5;1.3001499754883748E7
107;428;1;1.3001499754883748E7
108;433;5;1.3001499754883748E7
109;435;2;1.3001499754883748E7
110;438;3;1.3001499754883748E7
111;442;4;1.3001499754883748E7
112;444;2;1.3001499754883748E7
113;448;4;1.3001488613677822E7
114;452;4;1.3001488613677822E7
115;456;4;1.3001488613677822E7
116;459;3;1.3001488613677822E7
117;461;2;1.3001488613677822E7
118;463;2;1.3001488613677822E7
119;466;3;1.3001488613677822E7
120;469;3;1.3001488613677822E7
121;471;2;1.3001488613677822E7
122;472;1;1.3001488613677822E7
123;475;3;1.3001488613677822E7
124;477;2;1.3001488613677822E7
125;480;3;1.3001488613677822E7
126;480;0;1.3001488613677822E7
127;483;3;1.3001488613677822E7
128;486;3;1.3001488613677822E7
129;489;3;1.3001488613677822E7
130;491;2;1.3001488613677822E7
131;493;2;1.3001488613677822E7
132;497;4;1.3001488613677822E7
133;497;0;1.3001488613677822E7
134;500;3;1.3001488613677822E7
135;502;2;1.3001488613677822E7
136;506;4;1.3001486874761634E7
137;509;3;1.3001463637229599E7
138;510;1;1.3001463220310977E7
139;510;0;1.3001463220310977E7
140;514;4;1.3001463220310977E7
141;514;0;1.3001463220310977E7
142;517;3;1.3001463220310977E7
143;520;3;1.3001463220310977E7
144;520;0;1.3001463220310977E7
145;521;1;1.3001463220310977E7
146;523;2;1.3001463220310977E7
147;525;2;1.3001463220310977E7
148;528;3;1.3001463220310977E7
149;533;5;1.3001463220310977E7
150;539;6;1.3001463220310977E7
151;541;2;1.3001463220310977E7
152;546;5;1.3001463220310977E7
153;550;4;1.3001463220310977E7
154;550;0;1.3001463220310977E7
155;555;5;1.3001463220310977E7
156;561;6;1.3001463220310977E7
157;564;3;1.3001463220310977E7
158;566;2;1.3001463220310977E7
159;570;4;1.3001463220310977E7
160;572;2;1.3001463220310977E7
161;575;3;1.3001463220310977E7
162;578;3;1.3001463220310977E7
163;581;3;1.3001463220310977E7
164;583;2;1.3001463220310977E7
165;586;3;1.3001463220310977E7
166;587;1;1.3001463220310977E7
167;589;2;1.3001463220310977E7
168;591;2;1.3001463220310977E7
169;595;4;1.3001463220310977E7
170;599;4;1.3001463220310977E7
171;599;0;1.3001463220310977E7
172;601;2;1.3001463220310977E7
173;604;3;1.3001463220310977E7
174;607;3;1.3001463220310977E7
175;612;5;1.3001463220310977E7
176;618;6;1.3001463220310977E7
177;619;1;1.3001463220310977E7
178;623;4;1.3001463220310977E7
179;624;1;1.3001463220310977E7
180;633;9;1.3001463220310977E7
181;639;6;1.3001463220310977E7
182;643;4;1.3001463220310977E7
183;644;1;1.3001463220310977E7
184;649;5;1.3001463220310977E7
185;653;4;1.3001463220310977E7
186;657;4;1.3001463220310977E7
187;664;7;1.3001463220310977E7
188;665;1;1.3001463220310977E7
189;671;6;1.3001463220310977E7
190;680;9;1.3001463220310977E7
191;685;5;1.3001463220310977E7
192;696;11;1.3001463220310977E7
193;697;1;1.3001463220310977E7
194;709;12;1.3001463220310977E7
195;715;6;1.3001463220310977E7
196;721;6;1.3001463220310977E7
197;725;4;1.3001463220310977E7
198;731;6;1.3001463220310977E7
199;733;2;1.3001463220310977E7
200;738;5;1.3001463220310977E7
201;742;4;1.3001463220310977E7
202;743;1;1.3001463220310977E7
203;749;6;1.3001463220310977E7
204;755;6;1.3001463220310977E7
205;761;6;1.3001463220310977E7
206;765;4;1.3001463220310977E7
207;766;1;1.3001463220310977E7
208;777;11;1.3001463220310977E7
209;778;1;1.3001463220310977E7
210;782;4;1.3001463220310977E7
211;790;8;1.3001463220310977E7
212;796;6;1.3001463220310977E7
213;803;7;1.3001463220310977E7
214;807;4;1.3001463220310977E7
215;811;4;1.3001463220310977E7
216;813;2;1.3001463220310977E7
217;816;3;1.3001463220310977E7
218;821;5;1.3001463220310977E7
219;823;2;1.2001563108996449E7
220;826;3;1.2001563108996449E7
221;827;1;1.2001563108996449E7
222;836;9;1.2001563108996449E7
223;840;4;1.2001563108996449E7
224;846;6;1.2001563108996449E7
225;852;6;1.2001563108996449E7
226;857;5;1.2001536792155081E7
227;859;2;1.2001535536604505E7
228;866;7;1.2001535536604505E7
229;867;1;1.2001535536604505E7
230;873;6;1.2001535536604505E7
231;879;6;1.2001535536604505E7
232;884;5;1.2001535536604505E7
233;887;3;1.2001535536604505E7
234;895;8;1.2001535536604505E7
235;898;3;1.2001535536604505E7
236;902;4;1.2001535536604505E7
237;906;4;1.2001535536604505E7
238;932;26;1.2001535536604505E7
239;938;6;1.2001535536604505E7
240;939;1;1.2001535536604505E7
241;949;10;1.2001535536604505E7
242;952;3;1.2001535536604505E7
243;957;5;1.2001535536604505E7
244;959;2;1.2001535536604505E7
245;963;4;1.2001535536604505E7
246;967;4;1.2001535536604505E7
247;971;4;1.2001535536604505E7
248;974;3;1.2001535536604505E7
249;978;4;1.2001535536604505E7
250;982;4;1.2001535536604505E7
251;985;3;1.2001535536604505E7
252;991;6;1.2001535536604505E7
253;997;6;1.2001535536604505E7
254;1006;9;1.2001535536604505E7
255;1010;4;1.2001535536604505E7
256;1034;24;1.2001535536604505E7
257;1038;4;1.2001535536604505E7
258;1051;13;1.2001535536604505E7
259;1063;12;1.2001535536604505E7
260;1067;4;1.2001535536604505E7
261;1071;4;1.2001535536604505E7
262;1094;23;1.2001535536604505E7
263;1096;2;1.2001535536604505E7
264;1098;2;1.2001535536604505E7
265;1108;10;1.2001535536604505E7
266;1127;19;1.2001535536604505E7
267;1128;1;1.2001535536604505E7
268;1136;8;1.2001535536604505E7
269;1147;11;1.2001535536604505E7
270;1151;4;1.2001535536604505E7
271;1151;0;1.2001535536604505E7
272;1152;1;1.2001535536604505E7
273;1158;6;1.2001535536604505E7
274;1161;3;1.2001535536604505E7
275;1166;5;1.2001535536604505E7
276;1172;6;1.2001535536604505E7
277;1187;15;1.2001535536604505E7
278;1193;6;1.2001535536604505E7
279;1196;3;1.2001535536604505E7
280;1200;4;1.2001535536604505E7
281;1205;5;1.2001535536604505E7
282;1210;5;1.2001535536604505E7
283;1211;1;1.2001535536604505E7
284;1214;3;1.2001535536604505E7
285;1215;1;1.2001535536604505E7
286;1219;4;1.2001535536604505E7
287;1224;5;1.2001535536604505E7
288;1225;1;1.2001535536604505E7
289;1231;6;1.2001535536604505E7
290;1235;4;1.2001535536604505E7
291;1239;4;1.2001535536604505E7
292;1243;4;1.2001535536604505E7
293;1247;4;1.2001535536604505E7
294;1249;2;1.2001535536604505E7
295;1255;6;1.2001535536604505E7
296;1258;3;1.2001535536604505E7
297;1262;4;1.2001535536604505E7
298;1268;6;1.2001535536604505E7
299;1269;1;1.2001535536604505E7
300;1275;6;1.2001535536604505E7
301;1276;1;1.2001535536604505E7
302;1282;6;1.2001535536604505E7
303;1283;1;1.2001535536604505E7
304;1284;1;1.2001535536604505E7
305;1287;3;1.2001535536604505E7
306;1293;6;1.2001535536604505E7
307;1298;5;1.2001535536604505E7
308;1304;6;1.2001535536604505E7
309;1309;5;1.2001535536604505E7
310;1314;5;1.2001535536604505E7
311;1320;6;1.2001535536604505E7
312;1321;1;1.2001535536604505E7
313;1331;10;1.2001535536604505E7
314;1335;4;1.2001535536604505E7
315;1336;1;1.2001535536604505E7
316;1360;24;1.2001535536604505E7
317;1365;5;1.2001535536604505E7
318;1369;4;1.2001535536604505E7
319;1384;15;1.2001535536604505E7
320;1385;1;1.2001535536604505E7
321;1387;2;1.2001535536604505E7
322;1388;1;1.2001535536604505E7
323;1393;5;1.2001535536604505E7
324;1397;4;1.2001535536604505E7
325;1401;4;1.2001535536604505E7
326;1406;5;1.2001535536604505E7
327;1411;5;1.2001535536604505E7
328;1412;1;1.2001535536604505E7
329;1423;11;1.2001535536604505E7
330;1429;6;1.2001535536604505E7
331;1443;14;1.2001535536604505E7
332;1449;6;1.2001535536604505E7
333;1452;3;1.2001535536604505E7
334;1458;6;1.2001535536604505E7
335;1461;3;1.2001535536604505E7
336;1464;3;1.2001535536604505E7
337;1469;5;1.2001535536604505E7
338;1478;9;1.2001535536604505E7
339;1498;20;1.2001535536604505E7
340;1508;10;1.2001535536604505E7
341;1509;1;1.2001535536604505E7
342;1513;4;1.2001535536604505E7
343;1515;2;1.2001535536604505E7
344;1519;4;1.2001535536604505E7
345;1520;1;1.2001535536604505E7
346;1523;3;1.2001535536604505E7
347;1532;9;1.2001535536604505E7
348;1533;1;1.2001535536604505E7
349;1537;4;1.2001535536604505E7
350;1545;8;1.2001535536604505E7
351;1550;5;1.2001535536604505E7
352;1555;5;1.2001535536604505E7
353;1562;7;1.2001535536604505E7
354;1564;2;1.2001535536604505E7
355;1570;6;1.2001535536604505E7
356;1579;9;1.2001535536604505E7
357;1585;6;1.2001535536604505E7
358;1588;3;1.2001535536604505E7
359;1595;7;1.2001535536604505E7
360;1596;1;1.2001535536604505E7
361;1599;3;1.2001535536604505E7
362;1606;7;1.2001535536604505E7
363;1628;22;1.2001535536604505E7
364;1631;3;1.2001535536604505E7
365;1636;5;1.2001535536604505E7
366;1642;6;1.2001535536604505E7
367;1646;4;1.2001535536604505E7
368;1651;5;1.2001535536604505E7
369;1654;3;1.2001499077044733E7
370;1659;5;1.2001499077044733E7
371;1663;4;1.2001499077044733E7
372;1668;5;1.2001499077044733E7
373;1672;4;1.2001499077044733E7
374;1676;4;1.200149056286869E7
375;1679;3;1.200149056286869E7
376;1682;3;1.200149056286869E7
377;1689;7;1.200149056286869E7
378;1695;6;1.200149056286869E7
379;1696;1;1.200149056286869E7
380;1704;8;1.200149056286869E7
381;1709;5;1.200149056286869E7
382;1713;4;1.200149056286869E7
383;1718;5;1.200149056286869E7
384;1725;7;1.200149056286869E7
385;1727;2;1.200149056286869E7
386;1728;1;1.200149056286869E7
387;1733;5;1.200149056286869E7
388;1740;7;1.200149056286869E7
389;1745;5;1.200149056286869E7
390;1752;7;1.200149056286869E7
391;1757;5;1.200149056286869E7
392;1764;7;1.200149056286869E7
393;1773;9;1.200149056286869E7
394;1778;5;1.200149056286869E7
395;1779;1;1.200149056286869E7
396;1784;5;1.200149056286869E7
397;1788;4;1.200149056286869E7
398;1789;1;1.200149056286869E7
399;1796;7;1.200149056286869E7
400;1802;6;1.200149056286869E7
401;1803;1;1.200149056286869E7
402;1806;3;1.200149056286869E7
403;1811;5;1.200149056286869E7
404;1814;3;1.200149056286869E7
405;1816;2;1.200149056286869E7
406;1820;4;1.200149056286869E7
407;1822;2;1.200149056286869E7
408;1826;4;1.200149056286869E7
409;1826;0;1.200149056286869E7
410;1830;4;1.200149056286869E7
411;1835;5;1.200149056286869E7
412;1841;6;1.200149056286869E7
413;1853;12;1.200149056286869E7
414;1854;1;1.200149056286869E7
415;1863;9;1.200149056286869E7
416;1869;6;1.200149056286869E7
417;1874;5;1.200149056286869E7
418;1881;7;1.200149056286869E7
419;1881;0;1.200149056286869E7
420;1882;1;1.200149056286869E7
421;1884;2;1.200149056286869E7
422;1890;6;1.200149056286869E7
423;1894;4;1.200149056286869E7
424;1899;5;1.200149056286869E7
425;1900;1;1.200149056286869E7
426;1905;5;1.200149056286869E7
427;1910;5;1.200149056286869E7
428;1916;6;1.200149056286869E7
429;1919;3;1.200149056286869E7
430;1926;7;1.200149056286869E7
431;1931;5;1.200149056286869E7
432;1936;5;1.200149056286869E7
433;1939;3;1.200149056286869E7
434;1944;5;1.200149056286869E7
435;1948;4;1.200149056286869E7
436;1948;0;1.200149056286869E7
437;1954;6;1.200149056286869E7
438;1958;4;1.200149056286869E7
439;1962;4;1.200149056286869E7
440;1967;5;1.200149056286869E7
441;1975;8;1.200149056286869E7
442;1983;8;1.200149056286869E7
443;1987;4;1.200149056286869E7
444;1994;7;1.200149056286869E7
445;1997;3;1.200149056286869E7
446;2002;5;1.200149056286869E7
447;2006;4;1.200149056286869E7
448;2010;4;1.200149056286869E7
449;2015;5;1.200149056286869E7
450;2019;4;1.200149056286869E7
451;2024;5;1.200149056286869E7
452;2029;5;1.200149056286869E7
453;2029;0;1.200149056286869E7
454;2035;6;1.200149056286869E7
455;2040;5;1.200149056286869E7
456;2044;4;1.200149056286869E7
457;2049;5;1.200149056286869E7
458;2056;7;1.200149056286869E7
459;2061;5;1.200149056286869E7
460;2064;3;1.200149056286869E7
461;2070;6;1.200149056286869E7
462;2072;2;1.200149056286869E7
463;2076;4;1.200149056286869E7
464;2084;8;1.200149056286869E7
465;2090;6;1.200149056286869E7
466;2095;5;1.200149056286869E7
467;2100;5;1.200149056286869E7
468;2101;1;1.200149056286869E7
469;2105;4;1.200149056286869E7
470;2111;6;1.200149056286869E7
471;2117;6;1.200149056286869E7
472;2122;5;1.200149056286869E7
473;2127;5;1.200149056286869E7
474;2130;3;1.200149056286869E7
475;2131;1;1.200149056286869E7
476;2132;1;1.200149056286869E7
477;2134;2;1.200149056286869E7
478;2138;4;1.200149056286869E7
479;2142;4;1.200149056286869E7
480;2147;5;1.200149056286869E7
481;2149;2;1.200149056286869E7
482;2155;6;1.200149056286869E7
483;2159;4;1.200149056286869E7
484;2164;5;1.200149056286869E7
485;2167;3;1.200149056286869E7
486;2171;4;1.200149056286869E7
487;2178;7;1.200149056286869E7
488;2186;8;1.200149056286869E7
489;2192;6;1.200149056286869E7
490;2195;3;1.200149056286869E7
491;2200;5;1.200149056286869E7
492;2208;8;1.200149056286869E7
493;2209;1;1.200149056286869E7
494;2213;4;1.200149056286869E7
495;2219;6;1.200149056286869E7
496;2225;6;1.200149056286869E7
497;2230;5;1.200149056286869E7
498;2231;1;1.200149056286869E7
499;2232;1;1.200149056286869E7
500;2235;3;1.200149056286869E7
501;2236;1;1.200149056286869E7
502;2238;2;1.200149056286869E7
503;2240;2;1.200149056286869E7
504;2246;6;1.200149056286869E7
505;2250;4;1.200149056286869E7
506;2252;2;1.200149056286869E7
507;2253;1;1.200149056286869E7
508;2259;6;1.200149056286869E7
509;2264;5;1.200149056286869E7
510;2276;12;1.200149056286869E7
511;2280;4;1.200149056286869E7
512;2282;2;1.200149056286869E7
513;2285;3;1.200149056286869E7
514;2288;3;1.200149056286869E7
515;2303;15;1.200149056286869E7
516;2307;4;1.200149056286869E7
517;2308;1;1.200149056286869E7
518;2332;24;1.200149056286869E7
519;2346;14;1.200149056286869E7
520;2351;5;1.200149056286869E7
521;2356;5;1.200149056286869E7
522;2363;7;1.200149056286869E7
523;2367;4;1.200149056286869E7
524;2371;4;1.200149056286869E7
525;2376;5;1.200149056286869E7
526;2381;5;1.200149056286869E7
527;2382;1;1.200149056286869E7
528;2386;4;1.200149056286869E7
529;2392;6;1.200149056286869E7
530;2400;8;1.2001485154327374E7
531;2406;6;1.2001485154327374E7
532;2412;6;1.2001485154327374E7
533;2415;3;1.2001485154327374E7
534;2422;7;1.2001485154327374E7
535;2426;4;1.2001485154327374E7
536;2433;7;1.2001485154327374E7
537;2438;5;1.2001478004790137E7
538;2443;5;1.2001478004790137E7
539;2447;4;1.2001461256154675E7
540;2450;3;1.2001461256154675E7
541;2454;4;1.2001461256154675E7
542;2458;4;1.2001461256154675E7
543;2463;5;1.2001461256154675E7
544;2466;3;1.2001461256154675E7
545;2470;4;1.2001461256154675E7
546;2473;3;1.2001461256154675E7
547;2475;2;1.2001461256154675E7
548;2481;6;1.2001461256154675E7
549;2487;6;1.2001461256154675E7
550;2493;6;1.2001461256154675E7
551;2498;5;1.2001461256154675E7
552;2506;8;1.2001461256154675E7
553;2510;4;1.2001461256154675E7
554;2514;4;1.2001461256154675E7
555;2521;7;1.2001461256154675E7
556;2524;3;1.2001461256154675E7
557;2530;6;1.2001461256154675E7
558;2534;4;1.2001461256154675E7
559;2567;33;1.2001461256154675E7
560;2571;4;1.2001461256154675E7
561;2587;16;1.2001461256154675E7
562;2588;1;1.2001461256154675E7
563;2596;8;1.2001461256154675E7
564;2600;4;1.2001461256154675E7
565;2632;32;1.2001406999428896E7
566;2635;3;1.2001406999428896E7
567;2640;5;1.2001406999428896E7
568;2644;4;1.2001406999428896E7
569;2644;0;1.2001406999428896E7
570;2648;4;1.2001406999428896E7
571;2650;2;1.2001406999428896E7
572;2653;3;1.2001406999428896E7
573;2657;4;1.2001406999428896E7
574;2659;2;1.2001406999428896E7
575;2664;5;1.2001406999428896E7
576;2669;5;1.2001406999428896E7
577;2673;4;1.2001406999428896E7
578;2677;4;1.2001406999428896E7
579;2682;5;1.2001406999428896E7
580;2687;5;1.2001406999428896E7
581;2692;5;1.2001406999428896E7
582;2696;4;1.2001406999428896E7
583;2701;5;1.2001406999428896E7
584;2702;1;1.2001406999428896E7
585;2707;5;1.2001406999428896E7
586;2711;4;1.2001406999428896E7
587;2714;3;1.2001406999428896E7
588;2720;6;1.2001406999428896E7
589;2725;5;1.2001406999428896E7
590;2727;2;1.2001406999428896E7
591;2732;5;1.2001406999428896E7
592;2734;2;1.2001406999428896E7
593;2735;1;1.2001406999428896E7
594;2738;3;1.2001406999428896E7
595;2742;4;1.2001406999428896E7
596;2744;2;1.2001406999428896E7
597;2745;1;1.2001406999428896E7
598;2750;5;1.2001406999428896E7
599;2752;2;1.2001406999428896E7
600;2753;1;1.2001406999428896E7
601;2758;5;1.2001406999428896E7
602;2766;8;1.2001406999428896E7
603;2768;2;1.2001406999428896E7
604;2773;5;1.2001406999428896E7
605;2774;1;1.2001406999428896E7
606;2775;1;1.2001406999428896E7
607;2778;3;1.2001406999428896E7
608;2781;3;1.2001406999428896E7
609;2782;1;1.2001406999428896E7
610;2785;3;1.2001406999428896E7
611;2786;1;1.2001406999428896E7
612;2791;5;1.2001406999428896E7
613;2795;4;1.2001406999428896E7
614;2797;2;1.2001406999428896E7
615;2800;3;1.2001406999428896E7
616;2804;4;1.2001406999428896E7
617;2809;5;1.2001406999428896E7
618;2812;3;1.2001406999428896E7
619;2816;4;1.2001406999428896E7
620;2817;1;1.2001406999428896E7
621;2818;1;1.2001406999428896E7
622;2821;3;1.2001406999428896E7
623;2823;2;1.2001406999428896E7
624;2828;5;1.2001406999428896E7
625;2829;1;1.2001406999428896E7
626;2831;2;1.2001406999428896E7
627;2834;3;1.2001406999428896E7
628;2837;3;1.2001406999428896E7
629;2844;7;1.2001406999428896E7
630;2848;4;1.2001406999428896E7
631;2855;7;1.2001406999428896E7
632;2857;2;1.2001406999428896E7
633;2862;5;1.2001406999428896E7
634;2865;3;1.2001406999428896E7
635;2876;11;1.2001406999428896E7
636;2881;5;1.2001406999428896E7
637;2886;5;1.2001406999428896E7
638;2891;5;1.2001406999428896E7
639;2894;3;1.2001406999428896E7
640;2899;5;1.2001406999428896E7
641;2904;5;1.2001406999428896E7
642;2909;5;1.2001406999428896E7
643;2914;5;1.2001406999428896E7
644;2920;6;1.2001406999428896E7
645;2924;4;1.2001406999428896E7
646;2929;5;1.2001406999428896E7
647;2934;5;1.2001406999428896E7
648;2938;4;1.2001406999428896E7
649;2939;1;1.2001406999428896E7
650;2945;6;1.2001406999428896E7
651;2946;1;1.2001406999428896E7
652;2950;4;1.2001406999428896E7
653;2951;1;1.2001406999428896E7
654;2956;5;1.2001406999428896E7
655;2956;0;1.2001406999428896E7
656;2961;5;1.2001406999428896E7
657;2966;5;1.2001406999428896E7
658;2970;4;1.2001406999428896E7
659;2974;4;1.2001406999428896E7
660;2980;6;1.2001406999428896E7
661;2983;3;1.2001406999428896E7
662;2984;1;1.2001406999428896E7
663;2985;1;1.2001406999428896E7
664;2991;6;1.2001406999428896E7
665;2995;4;1.2001406999428896E7
666;3001;6;1.2001406999428896E7
667;3022;21;1.2001406999428896E7
668;3026;4;1.2001406999428896E7
669;3030;4;1.2001406999428896E7
670;3031;1;1.2001406999428896E7
671;3034;3;1.2001406999428896E7
672;3040;6;1.2001406999428896E7
673;3043;3;1.2001406999428896E7
674;3046;3;1.2001406999428896E7
675;3051;5;1.2001406999428896E7
676;3056;5;1.2001406999428896E7
677;3059;3;1.2001406999428896E7
678;3062;3;1.2001406999428896E7
679;3065;3;1.2001406999428896E7
680;3068;3;1.2001406999428896E7
681;3073;5;1.2001406999428896E7
682;3076;3;1.2001406999428896E7
683;3078;2;1.2001406999428896E7
684;3081;3;1.2001406999428896E7
685;3082;1;1.2001406999428896E7
686;3084;2;1.2001406999428896E7
687;3085;1;1.2001406999428896E7
688;3087;2;1.2001406999428896E7
689;3089;2;1.2001406999428896E7
690;3093;4;1.2001406999428896E7
691;3099;6;1.2001406999428896E7
692;3100;1;1.2001406999428896E7
693;3102;2;1.2001406999428896E7
694;3104;2;1.2001406999428896E7
695;3106;2;1.2001406999428896E7
696;3109;3;1.2001406999428896E7
697;3113;4;1.2001406999428896E7
698;3116;3;1.2001406999428896E7
699;3118;2;1.2001406999428896E7
700;3121;3;1.2001406999428896E7
701;3122;1;1.2001406999428896E7
702;3125;3;1.2001406999428896E7
703;3127;2;1.2001406999428896E7
704;3128;1;1.2001406999428896E7
705;3130;2;1.2001406999428896E7
706;3133;3;1.2001406999428896E7
707;3136;3;1.2001406999428896E7
708;3140;4;1.2001406999428896E7
709;3142;2;1.2001406999428896E7
710;3145;3;1.2001406999428896E7
711;3147;2;1.2001406999428896E7
712;3149;2;1.2001406999428896E7
713;3152;3;1.2001406999428896E7
714;3153;1;1.2001406999428896E7
715;3155;2;1.2001406999428896E7
716;3156;1;1.2001406999428896E7
717;3159;3;1.2001406999428896E7
718;3161;2;1.2001406999428896E7
719;3163;2;1.2001406999428896E7
720;3166;3;1.2001406999428896E7
721;3168;2;1.2001406999428896E7
722;3169;1;1.2001406999428896E7
723;3172;3;1.2001406999428896E7
724;3175;3;1.2001406999428896E7
725;3176;1;1.2001406999428896E7
726;3178;2;1.2001406999428896E7
727;3181;3;1.2001406999428896E7
728;3183;2;1.2001406999428896E7
729;3184;1;1.2001406999428896E7
730;3184;0;1.2001406999428896E7
731;3185;1;1.2001406999428896E7
732;3187;2;1.2001406999428896E7
733;3192;5;1.2001406999428896E7
734;3194;2;1.2001406999428896E7
735;3196;2;1.2001406999428896E7
736;3199;3;1.2001406999428896E7
737;3199;0;1.2001406999428896E7
738;3203;4;1.2001406999428896E7
739;3205;2;1.2001406999428896E7
740;3209;4;1.2001406999428896E7
741;3210;1;1.2001406999428896E7
742;3213;3;1.2001406999428896E7
743;3214;1;1.2001406999428896E7
744;3216;2;1.2001406999428896E7
745;3219;3;1.2001406999428896E7
746;3221;2;1.2001406999428896E7
747;3221;0;1.2001406999428896E7
748;3223;2;1.2001406999428896E7
749;3225;2;1.2001406999428896E7
750;3226;1;1.2001406999428896E7
751;3228;2;1.2001406999428896E7
752;3231;3;1.2001406999428896E7
753;3234;3;1.2001406999428896E7
754;3237;3;1.2001406999428896E7
755;3239;2;1.2001406999428896E7
756;3242;3;1.2001406999428896E7
757;3244;2;1.2001406999428896E7
758;3247;3;1.2001406999428896E7
759;3250;3;1.2001406999428896E7
760;3252;2;1.2001406999428896E7
761;3254;2;1.2001406999428896E7
762;3258;4;1.2001406999428896E7
763;3260;2;1.2001406999428896E7
764;3263;3;1.2001406999428896E7
765;3264;1;1.2001406999428896E7
766;3267;3;1.2001406999428896E7
767;3268;1;1.2001406999428896E7
768;3270;2;1.2001406999428896E7
769;3273;3;1.2001406999428896E7
770;3276;3;1.2001406999428896E7
771;3279;3;1.2001406999428896E7
772;3281;2;1.2001406999428896E7
773;3283;2;1.2001406999428896E7
774;3284;1;1.2001406999428896E7
775;3288;4;1.2001406999428896E7
776;3290;2;1.2001406999428896E7
777;3293;3;1.2001406999428896E7
778;3294;1;1.2001406999428896E7
779;3297;3;1.2001406999428896E7
780;3300;3;1.2001406999428896E7
781;3303;3;1.2001406999428896E7
782;3307;4;1.2001406999428896E7
783;3315;8;1.2001406999428896E7
784;3319;4;1.2001406999428896E7
785;3325;6;1.2001406999428896E7
786;3327;2;1.2001406999428896E7
787;3330;3;1.2001406999428896E7
788;3330;0;1.2001406999428896E7
789;3333;3;1.2001406999428896E7
790;3334;1;1.2001406999428896E7
791;3334;0;1.2001406999428896E7
792;3337;3;1.2001406999428896E7
793;3339;2;1.2001406999428896E7
794;3339;0;1.2001406999428896E7
795;3342;3;1.2001406999428896E7
796;3344;2;1.2001406999428896E7
797;3347;3;1.2001406999428896E7
798;3347;0;1.2001406999428896E7
799;3349;2;1.2001406999428896E7
800;3352;3;1.2001406999428896E7
801;3354;2;1.2001406999428896E7
802;3357;3;1.2001406999428896E7
803;3360;3;1.2001406999428896E7
804;3362;2;1.2001406999428896E7
805;3365;3;1.2001406999428896E7
806;3367;2;1.2001406999428896E7
807;3370;3;1.2001406999428896E7
808;3371;1;1.2001406999428896E7
809;3374;3;1.2001406999428896E7
810;3377;3;1.2001406999428896E7
811;3378;1;1.2001406999428896E7
812;3380;2;1.2001406999428896E7
813;3383;3;1.2001406999428896E7
814;3386;3;1.2001406999428896E7
815;3389;3;1.2001406999428896E7
816;3392;3;1.2001406999428896E7
817;3393;1;1.2001406999428896E7
818;3394;1;1.2001406999428896E7
819;3396;2;1.2001406999428896E7
820;3397;1;1.2001406999428896E7
821;3399;2;1.2001406999428896E7
822;3403;4;1.2001406999428896E7
823;3405;2;1.2001406999428896E7
824;3407;2;1.2001406999428896E7
825;3409;2;1.2001406999428896E7
826;3411;2;1.2001406999428896E7
827;3413;2;1.2001406999428896E7
828;3416;3;1.2001406999428896E7
829;3419;3;1.2001406999428896E7
830;3423;4;1.2001406999428896E7
831;3425;2;1.2001406999428896E7
832;3428;3;1.2001406999428896E7
833;3431;3;1.2001406999428896E7
834;3434;3;1.2001406999428896E7
835;3435;1;1.2001406999428896E7
836;3438;3;1.2001406999428896E7
837;3440;2;1.2001406999428896E7
838;3443;3;1.2001406999428896E7
839;3445;2;1.2001406999428896E7
840;3448;3;1.2001406999428896E7
841;3451;3;1.2001406999428896E7
842;3454;3;1.2001406999428896E7
843;3457;3;1.2001406999428896E7
844;3459;2;1.2001406999428896E7
845;3459;0;1.2001406999428896E7
846;3460;1;1.2001406999428896E7
847;3463;3;1.2001406999428896E7
848;3465;2;1.2001406999428896E7
849;3468;3;1.2001406999428896E7
850;3472;4;1.2001406999428896E7
851;3475;3;1.2001406999428896E7
852;3478;3;1.2001406999428896E7
853;3479;1;1.2001406999428896E7
854;3481;2;1.2001406999428896E7
855;3484;3;1.2001406999428896E7
856;3484;0;1.2001406999428896E7
857;3487;3;1.2001406999428896E7
858;3490;3;1.2001406999428896E7
859;3492;2;1.2001406999428896E7
860;3498;6;1.2001406999428896E7
861;3500;2;1.2001406999428896E7
862;3502;2;1.2001406999428896E7
863;3508;6;1.2001406999428896E7
864;3513;5;1.2001406999428896E7
865;3517;4;1.2001406999428896E7
866;3522;5;1.2001406999428896E7
867;3528;6;1.2001406999428896E7
868;3534;6;1.2001406999428896E7
869;3535;1;1.2001406999428896E7
870;3536;1;1.2001406999428896E7
871;3543;7;1.2001406999428896E7
872;3546;3;1.2001406999428896E7
873;3547;1;1.2001406999428896E7
874;3549;2;1.2001406999428896E7
875;3554;5;1.2001406999428896E7
876;3561;7;1.2001406999428896E7
877;3565;4;1.2001406999428896E7
878;3566;1;1.2001406999428896E7
879;3570;4;1.2001406999428896E7
880;3574;4;1.2001406999428896E7
881;3578;4;1.2001406999428896E7
882;3580;2;1.2001406999428896E7
883;3582;2;1.2001406999428896E7
884;3585;3;1.2001406999428896E7
885;3586;1;1.2001406999428896E7
886;3590;4;1.2001406999428896E7
887;3594;4;1.2001406999428896E7
888;3595;1;1.2001406999428896E7
889;3600;5;1.2001406999428896E7
890;3605;5;1.2001406999428896E7
891;3614;9;1.2001406999428896E7
892;3621;7;1.2001406999428896E7
893;3624;3;1.2001406999428896E7
894;3631;7;1.2001406999428896E7
895;3636;5;1.2001406999428896E7
896;3640;4;1.2001406999428896E7
897;3646;6;1.2001406999428896E7
898;3649;3;1.2001406999428896E7
899;3650;1;1.2001406999428896E7
900;3653;3;1.2001406999428896E7
901;3658;5;1.2001406999428896E7
902;3662;4;1.2001406999428896E7
903;3666;4;1.2001406999428896E7
904;3669;3;1.2001406999428896E7
905;3672;3;1.2001406999428896E7
906;3673;1;1.2001406999428896E7
907;3676;3;1.2001406999428896E7
908;3678;2;1.2001406999428896E7
909;3681;3;1.2001406999428896E7
910;3684;3;1.2001406999428896E7
911;3684;0;1.2001406999428896E7
912;3688;4;1.2001406999428896E7
913;3694;6;1.2001406999428896E7
914;3695;1;1.2001406999428896E7
915;3696;1;1.2001406999428896E7
916;3699;3;1.2001406999428896E7
917;3702;3;1.2001406999428896E7
918;3705;3;1.2001406999428896E7
919;3708;3;1.2001406999428896E7
920;3712;4;1.2001406999428896E7
921;3717;5;1.2001406999428896E7
922;3721;4;1.2001406999428896E7
923;3726;5;1.2001406999428896E7
924;3729;3;1.2001406999428896E7
925;3732;3;1.2001406999428896E7
926;3736;4;1.2001406999428896E7
927;3739;3;1.2001406999428896E7
928;3742;3;1.2001406999428896E7
929;3747;5;1.2001406999428896E7
930;3749;2;1.2001406999428896E7
931;3752;3;1.2001406999428896E7
932;3756;4;1.2001406999428896E7
933;3759;3;1.2001406999428896E7
934;3761;2;1.2001406999428896E7
935;3764;3;1.2001406999428896E7
936;3766;2;1.2001406999428896E7
937;3769;3;1.2001406999428896E7
938;3773;4;1.2001406999428896E7
939;3778;5;1.2001406999428896E7
940;3781;3;1.2001406999428896E7
941;3782;1;1.2001406999428896E7
942;3785;3;1.2001406999428896E7
943;3790;5;1.2001406999428896E7
944;3795;5;1.2001406999428896E7
945;3796;1;1.2001406999428896E7
946;3800;4;1.2001406999428896E7
947;3804;4;1.2001406999428896E7
948;3805;1;1.2001406999428896E7
949;3810;5;1.2001406999428896E7
950;3813;3;1.2001406999428896E7
951;3814;1;1.2001406999428896E7
952;3816;2;1.2001406999428896E7
953;3818;2;1.2001406999428896E7
954;3822;4;1.2001406999428896E7
955;3824;2;1.2001406999428896E7
956;3828;4;1.2001406999428896E7
957;3831;3;1.2001406999428896E7
958;3833;2;1.2001406999428896E7
959;3839;6;1.2001406999428896E7
960;3843;4;1.2001406999428896E7
961;3850;7;1.2001406999428896E7
962;3852;2;1.2001406999428896E7
963;3855;3;1.2001406999428896E7
964;3859;4;1.2001406999428896E7
965;3863;4;1.2001406999428896E7
966;3868;5;1.2001406999428896E7
967;3870;2;1.2001406999428896E7
968;3874;4;1.2001406999428896E7
969;3875;1;1.2001406999428896E7
970;3876;1;1.2001406999428896E7
971;3880;4;1.2001406999428896E7
972;3884;4;1.2001406999428896E7
973;3885;1;1.2001406999428896E7
974;3889;4;1.2001406999428896E7
975;3890;1;1.2001406999428896E7
976;3891;1;1.2001406999428896E7
977;3892;1;1.2001406999428896E7
978;3893;1;1.2001406999428896E7
979;3894;1;1.2001406999428896E7
980;3896;2;1.2001406999428896E7
981;3900;4;1.2001406999428896E7
982;3904;4;1.2001406999428896E7
983;3907;3;1.2001406999428896E7
984;3908;1;1.2001406999428896E7
985;3911;3;1.2001406999428896E7
986;3916;5;1.2001406999428896E7
987;3920;4;1.2001406999428896E7
988;3926;6;1.2001406999428896E7
989;3929;3;1.2001406999428896E7
990;3933;4;1.2001406999428896E7
991;3936;3;1.2001406999428896E7
992;3939;3;1.2001406999428896E7
993;3943;4;1.2001406999428896E7
994;3949;6;1.2001406999428896E7
995;3955;6;1.2001406999428896E7
996;3960;5;1.2001406999428896E7
997;3963;3;1.2001406999428896E7
998;3965;2;1.2001406999428896E7
999;3968;3;1.2001406999428896E7
1000;3969;1;1.2001406999428896E7
1001;3974;5;1.2001406999428896E7
1002;3977;3;1.2001406999428896E7
1003;3981;4;1.2001406999428896E7
1004;3985;4;1.2001406999428896E7
1005;3990;5;1.2001406999428896E7
1006;3996;6;1.2001406999428896E7
1007;4000;4;1.2001406999428896E7
1008;4004;4;1.2001406999428896E7
1009;4008;4;1.2001406999428896E7
1010;4013;5;1.2001406999428896E7
1011;4019;6;1.2001406999428896E7
1012;4025;6;1.2001406999428896E7
1013;4029;4;1.2001406999428896E7
1014;4033;4;1.2001406999428896E7
1015;4038;5;1.2001406999428896E7
1016;4042;4;1.2001406999428896E7
1017;4043;1;1.2001406999428896E7
1018;4045;2;1.2001406999428896E7
1019;4050;5;1.2001406999428896E7
1020;4053;3;1.2001406999428896E7
1021;4058;5;1.2001406999428896E7
1022;4061;3;1.2001406999428896E7
1023;4065;4;1.2001406999428896E7
1024;4067;2;1.2001406999428896E7
1025;4071;4;1.2001406999428896E7
1026;4075;4;1.2001406999428896E7
1027;4082;7;1.2001406999428896E7
1028;4086;4;1.2001406999428896E7
1029;4091;5;1.2001406999428896E7
1030;4096;5;1.2001406999428896E7
1031;4100;4;1.2001406999428896E7
1032;4103;3;1.2001406999428896E7
1033;4105;2;1.2001406999428896E7
1034;4106;1;1.2001406999428896E7
1035;4113;7;1.2001406999428896E7
1036;4115;2;1.2001406999428896E7
1037;4119;4;1.2001406999428896E7
1038;4121;2;1.2001406999428896E7
1039;4127;6;1.2001406999428896E7
1040;4130;3;1.2001406999428896E7
1041;4133;3;1.2001406999428896E7
1042;4139;6;1.2001406999428896E7
1043;4144;5;1.2001406999428896E7
1044;4148;4;1.2001406999428896E7
1045;4150;2;1.2001406999428896E7
1046;4155;5;1.2001406999428896E7
1047;4171;16;1.2001406999428896E7
1048;4174;3;1.2001406999428896E7
1049;4180;6;1.2001406999428896E7
1050;4181;1;1.2001406999428896E7
1051;4186;5;1.2001406999428896E7
1052;4190;4;1.2001406999428896E7
1053;4193;3;1.2001406999428896E7
1054;4197;4;1.2001406999428896E7
1055;4201;4;1.2001406999428896E7
1056;4207;6;1.2001406999428896E7
1057;4212;5;1.2001406999428896E7
1058;4217;5;1.2001406999428896E7
1059;4223;6;1.2001406999428896E7
1060;4225;2;1.2001406999428896E7
1061;4229;4;1.2001406999428896E7
1062;4234;5;1.2001406999428896E7
1063;4237;3;1.2001406999428896E7
1064;4238;1;1.2001406999428896E7
1065;4245;7;1.2001406999428896E7
1066;4251;6;1.2001406999428896E7
1067;4254;3;1.2001406999428896E7
1068;4256;2;1.2001406999428896E7
1069;4259;3;1.2001406999428896E7
1070;4262;3;1.2001406999428896E7
1071;4265;3;1.2001406999428896E7
1072;4268;3;1.2001406999428896E7
1073;4271;3;1.2001406999428896E7
1074;4272;1;1.2001406999428896E7
1075;4275;3;1.2001406999428896E7
1076;4276;1;1.2001406999428896E7
1077;4279;3;1.2001406999428896E7
1078;4279;0;1.2001406999428896E7
1079;4281;2;1.2001406999428896E7
1080;4283;2;1.2001406999428896E7
1081;4286;3;1.2001406999428896E7
1082;4288;2;1.2001406999428896E7
1083;4291;3;1.2001406999428896E7
1084;4294;3;1.2001406999428896E7
1085;4296;2;1.2001406999428896E7
1086;4297;1;1.2001406999428896E7
1087;4300;3;1.2001406999428896E7
1088;4302;2;1.2001406999428896E7
1089;4305;3;1.2001406999428896E7
1090;4306;1;1.2001406999428896E7
1091;4307;1;1.2001406999428896E7
1092;4310;3;1.2001406999428896E7
1093;4311;1;1.2001406999428896E7
1094;4315;4;1.2001406999428896E7
1095;4318;3;1.2001406999428896E7
1096;4321;3;1.2001406999428896E7
1097;4324;3;1.2001406999428896E7
1098;4325;1;1.2001406999428896E7
1099;4325;0;1.2001406999428896E7
1100;4328;3;1.2001406999428896E7
1101;4329;1;1.2001406999428896E7
1102;4330;1;1.2001406999428896E7
1103;4332;2;1.2001406999428896E7
1104;4335;3;1.2001406999428896E7
1105;4338;3;1.2001406999428896E7
1106;4341;3;1.2001406999428896E7
1107;4343;2;1.2001406999428896E7
1108;4343;0;1.2001406999428896E7
1109;4346;3;1.2001406999428896E7
1110;4349;3;1.2001406999428896E7
1111;4352;3;1.2001406999428896E7
1112;4354;2;1.2001406999428896E7
1113;4357;3;1.2001406999428896E7
1114;4358;1;1.2001406999428896E7
1115;4360;2;1.2001406999428896E7
1116;4362;2;1.2001406999428896E7
1117;4364;2;1.2001406999428896E7
1118;4365;1;1.2001406999428896E7
1119;4367;2;1.2001406999428896E7
1120;4369;2;1.2001406999428896E7
1121;4372;3;1.2001406999428896E7
1122;4374;2;1.2001406999428896E7
1123;4377;3;1.2001406999428896E7
1124;4379;2;1.2001406999428896E7
1125;4380;1;1.2001406999428896E7
1126;4382;2;1.2001406999428896E7
1127;4384;2;1.2001406999428896E7
1128;4387;3;1.2001406999428896E7
1129;4390;3;1.2001406999428896E7
1130;4393;3;1.2001406999428896E7
1131;4395;2;1.2001406999428896E7
1132;4397;2;1.2001406999428896E7
1133;4398;1;1.2001406999428896E7
1134;4400;2;1.2001406999428896E7
1135;4403;3;1.2001406999428896E7
1136;4404;1;1.2001406999428896E7
1137;4406;2;1.2001406999428896E7
1138;4409;3;1.2001406999428896E7
1139;4410;1;1.2001406999428896E7
1140;4414;4;1.2001406999428896E7
1141;4416;2;1.2001406999428896E7
1142;4419;3;1.2001406999428896E7
1143;4421;2;1.2001406999428896E7
1144;4424;3;1.2001406999428896E7
1145;4424;0;1.2001406999428896E7
1146;4426;2;1.2001406999428896E7
1147;4428;2;1.2001406999428896E7
1148;4429;1;1.2001406999428896E7
1149;4431;2;1.2001406999428896E7
1150;4431;0;1.2001406999428896E7
1151;4432;1;1.2001406999428896E7
1152;4434;2;1.2001406999428896E7
1153;4437;3;1.2001406999428896E7
1154;4439;2;1.2001406999428896E7
1155;4441;2;1.2001406999428896E7
1156;4442;1;1.2001406999428896E7
1157;4442;0;1.2001406999428896E7
1158;4443;1;1.2001406999428896E7
1159;4446;3;1.2001406999428896E7
1160;4449;3;1.2001406999428896E7
1161;4449;0;1.2001406999428896E7
1162;4450;1;1.2001406999428896E7
1163;4453;3;1.2001406999428896E7
1164;4455;2;1.2001406999428896E7
1165;4456;1;1.2001406999428896E7
1166;4459;3;1.2001406999428896E7
1167;4463;4;1.2001406999428896E7
1168;4463;0;1.2001406999428896E7
1169;4466;3;1.2001406999428896E7
1170;4466;0;1.2001406999428896E7
1171;4469;3;1.2001406999428896E7
1172;4472;3;1.2001406999428896E7
1173;4477;5;1.2001406999428896E7
1174;4480;3;1.2001406999428896E7
1175;4484;4;1.2001406999428896E7
1176;4486;2;1.2001406999428896E7
1177;4490;4;1.2001406999428896E7
1178;4493;3;1.2001406999428896E7
1179;4497;4;1.2001406999428896E7
1180;4504;7;1.2001406999428896E7
1181;4505;1;1.2001406999428896E7
1182;4507;2;1.2001406999428896E7
1183;4511;4;1.2001406999428896E7
1184;4514;3;1.2001406999428896E7
1185;4518;4;1.2001406999428896E7
1186;4522;4;1.2001406999428896E7
1187;4527;5;1.2001406999428896E7
1188;4531;4;1.2001406999428896E7
1189;4532;1;1.2001406999428896E7
1190;4536;4;1.2001406999428896E7
1191;4542;6;1.2001406999428896E7
1192;4557;15;1.2001406999428896E7
1193;4561;4;1.2001406999428896E7
1194;4565;4;1.2001406999428896E7
1195;4569;4;1.2001406999428896E7
1196;4574;5;1.2001406999428896E7
1197;4581;7;1.2001406999428896E7
1198;4592;11;1.2001406999428896E7
1199;4597;5;1.2001406999428896E7
1200;4603;6;1.2001406999428896E7
1201;4604;1;1.2001406999428896E7
1202;4614;10;1.2001406999428896E7
1203;4616;2;1.2001406999428896E7
1204;4620;4;1.2001406999428896E7
1205;4623;3;1.2001406999428896E7
1206;4625;2;1.2001406999428896E7
1207;4627;2;1.2001406999428896E7
1208;4628;1;1.2001406999428896E7
1209;4630;2;1.2001406999428896E7
1210;4630;0;1.2001406999428896E7
1211;4634;4;1.2001406999428896E7
1212;4635;1;1.2001406999428896E7
1213;4638;3;1.2001406999428896E7
1214;4639;1;1.2001406999428896E7
1215;4641;2;1.2001406999428896E7
1216;4644;3;1.2001406999428896E7
1217;4647;3;1.2001406999428896E7
1218;4650;3;1.2001406999428896E7
1219;4653;3;1.2001406999428896E7
1220;4656;3;1.2001406999428896E7
1221;4658;2;1.2001406999428896E7
1222;4659;1;1.2001406999428896E7
1223;4661;2;1.2001406999428896E7
1224;4664;3;1.2001406999428896E7
1225;4666;2;1.2001406999428896E7
1226;4668;2;1.2001406999428896E7
1227;4668;0;1.2001406999428896E7
1228;4670;2;1.2001406999428896E7
1229;4673;3;1.2001406999428896E7
1230;4675;2;1.2001406999428896E7
1231;4677;2;1.2001406999428896E7
1232;4680;3;1.2001406999428896E7
1233;4683;3;1.2001406999428896E7
1234;4685;2;1.2001406999428896E7
1235;4686;1;1.2001406999428896E7
1236;4687;1;1.2001406999428896E7
1237;4690;3;1.2001406999428896E7
1238;4693;3;1.2001406999428896E7
1239;4695;2;1.2001406999428896E7
1240;4698;3;1.2001406999428896E7
1241;4702;4;1.2001406999428896E7
1242;4704;2;1.2001406999428896E7
1243;4707;3;1.2001406999428896E7
1244;4709;2;1.2001406999428896E7
1245;4712;3;1.2001406999428896E7
1246;4713;1;1.2001406999428896E7
1247;4716;3;1.2001406999428896E7
1248;4718;2;1.2001406999428896E7
1249;4722;4;1.2001406999428896E7
1250;4724;2;1.2001406999428896E7
1251;4726;2;1.2001406999428896E7
1252;4728;2;1.2001406999428896E7
1253;4731;3;1.2001406999428896E7
1254;4734;3;1.2001406999428896E7
1255;4735;1;1.2001406999428896E7
1256;4736;1;1.2001406999428896E7
1257;4740;4;1.2001406999428896E7
1258;4743;3;1.2001406999428896E7
1259;4745;2;1.2001406999428896E7
1260;4747;2;1.2001406999428896E7
1261;4750;3;1.2001406999428896E7
1262;4753;3;1.2001406999428896E7
1263;4755;2;1.2001406999428896E7
1264;4756;1;1.2001406999428896E7
1265;4759;3;1.2001406999428896E7
1266;4761;2;1.2001406999428896E7
1267;4761;0;1.2001406999428896E7
1268;4763;2;1.2001406999428896E7
1269;4767;4;1.2001406999428896E7
1270;4767;0;1.2001406999428896E7
1271;4770;3;1.2001406999428896E7
1272;4774;4;1.2001406999428896E7
1273;4776;2;1.2001406999428896E7
1274;4781;5;1.2001406999428896E7
1275;4784;3;1.2001406999428896E7
1276;4787;3;1.2001406999428896E7
1277;4789;2;1.2001406999428896E7
1278;4791;2;1.2001406999428896E7
1279;4795;4;1.2001406999428896E7
1280;4798;3;1.2001406999428896E7
1281;4800;2;1.2001406999428896E7
1282;4803;3;1.2001406999428896E7
1283;4805;2;1.2001406999428896E7
1284;4806;1;1.2001406999428896E7
1285;4806;0;1.2001406999428896E7
1286;4807;1;1.2001406999428896E7
1287;4808;1;1.2001406999428896E7
1288;4812;4;1.2001406999428896E7
1289;4814;2;1.2001406999428896E7
1290;4815;1;1.2001406999428896E7
1291;4818;3;1.2001406999428896E7
1292;4822;4;1.2001406999428896E7
1293;4827;5;1.2001406999428896E7
1294;4829;2;1.2001406999428896E7
1295;4831;2;1.2001406999428896E7
1296;4832;1;1.2001406999428896E7
1297;4835;3;1.2001406999428896E7
1298;4837;2;1.2001406999428896E7
1299;4838;1;1.2001406999428896E7
1300;4839;1;1.2001406999428896E7
1301;4841;2;1.2001406999428896E7
1302;4843;2;1.2001406999428896E7
1303;4846;3;1.2001406999428896E7
1304;4849;3;1.2001406999428896E7
1305;4851;2;1.2001406999428896E7
1306;4856;5;1.2001406999428896E7
1307;4864;8;1.2001406999428896E7
1308;4866;2;1.2001406999428896E7
1309;4871;5;1.2001406999428896E7
1310;4872;1;1.2001406999428896E7
1311;4877;5;1.2001406999428896E7
1312;4882;5;1.2001406999428896E7
1313;4885;3;1.2001406999428896E7
1314;4888;3;1.2001406999428896E7
1315;4892;4;1.2001406999428896E7
1316;4900;8;1.2001406999428896E7
1317;4902;2;1.2001406999428896E7
1318;4905;3;1.2001406999428896E7
1319;4909;4;1.2001406999428896E7
1320;4914;5;1.2001406999428896E7
1321;4920;6;1.2001406999428896E7
1322;4921;1;1.2001406999428896E7
1323;4924;3;1.2001406999428896E7
1324;4929;5;1.2001406999428896E7
1325;4932;3;1.2001406999428896E7
1326;4936;4;1.2001406999428896E7
1327;4937;1;1.2001406999428896E7
1328;4941;4;1.2001406999428896E7
1329;4945;4;1.2001406999428896E7
1330;4949;4;1.2001406999428896E7
1331;4951;2;1.2001406999428896E7
1332;4955;4;1.2001406999428896E7
1333;4957;2;1.2001406999428896E7
1334;4961;4;1.2001406999428896E7
1335;4965;4;1.2001406999428896E7
1336;4966;1;1.2001406999428896E7
1337;4969;3;1.2001406999428896E7
1338;4970;1;1.2001406999428896E7
1339;4976;6;1.2001406999428896E7
1340;4980;4;1.2001406999428896E7
1341;4984;4;1.2001406999428896E7
1342;4987;3;1.2001406999428896E7
1343;4993;6;1.2001406999428896E7
1344;4997;4;1.2001406999428896E7
1345;5002;5;1.2001406999428896E7
1346;5005;3;1.2001406999428896E7
1347;5015;10;1.2001406999428896E7
1348;5018;3;1.2001406999428896E7
1349;5022;4;1.2001406999428896E7
1350;5023;1;1.2001406999428896E7
1351;5024;1;1.2001406999428896E7
1352;5034;10;1.2001406999428896E7
1353;5037;3;1.2001406999428896E7
1354;5041;4;1.2001406999428896E7
1355;5042;1;1.2001406999428896E7
1356;5045;3;1.2001406999428896E7
1357;5049;4;1.2001406999428896E7
1358;5052;3;1.2001406999428896E7
1359;5055;3;1.2001406999428896E7
1360;5058;3;1.2001406999428896E7
1361;5061;3;1.2001406999428896E7
1362;5063;2;1.2001406999428896E7
1363;5067;4;1.2001406999428896E7
1364;5085;18;1.2001406999428896E7
1365;5091;6;1.2001406999428896E7
1366;5095;4;1.2001406999428896E7
1367;5101;6;1.2001406999428896E7
1368;5102;1;1.2001406999428896E7
1369;5106;4;1.2001406999428896E7
1370;5110;4;1.2001406999428896E7
1371;5113;3;1.2001406999428896E7
1372;5115;2;1.2001406999428896E7
1373;5120;5;1.2001406999428896E7
1374;5124;4;1.2001406999428896E7
1375;5128;4;1.2001406999428896E7
1376;5132;4;1.2001406999428896E7
1377;5133;1;1.2001406999428896E7
1378;5136;3;1.2001406999428896E7
1379;5140;4;1.2001406999428896E7
1380;5143;3;1.2001406999428896E7
1381;5148;5;1.2001406999428896E7
1382;5151;3;1.2001406999428896E7
1383;5157;6;1.2001406999428896E7
1384;5158;1;1.2001406999428896E7
1385;5159;1;1.2001406999428896E7
1386;5161;2;1.2001406999428896E7
1387;5162;1;1.2001406999428896E7
1388;5164;2;1.2001406999428896E7
1389;5166;2;1.2001406999428896E7
1390;5172;6;1.2001406999428896E7
1391;5175;3;1.2001406999428896E7
1392;5176;1;1.2001406999428896E7
1393;5180;4;1.2001406999428896E7
1394;5180;0;1.2001406999428896E7
1395;5182;2;1.2001406999428896E7
1396;5183;1;1.2001406999428896E7
1397;5186;3;1.2001406999428896E7
1398;5188;2;1.2001406999428896E7
1399;5191;3;1.2001406999428896E7
1400;5194;3;1.2001406999428896E7
1401;5197;3;1.2001406999428896E7
1402;5199;2;1.2001406999428896E7
1403;5202;3;1.2001406999428896E7
1404;5204;2;1.2001406999428896E7
1405;5207;3;1.2001406999428896E7
1406;5208;1;1.2001406999428896E7
1407;5211;3;1.2001406999428896E7
1408;5215;4;1.2001406999428896E7
1409;5216;1;1.2001406999428896E7
1410;5219;3;1.2001406999428896E7
1411;5220;1;1.2001406999428896E7
1412;5223;3;1.2001406999428896E7
1413;5225;2;1.2001406999428896E7
1414;5228;3;1.2001406999428896E7
1415;5230;2;1.2001406999428896E7
1416;5233;3;1.2001406999428896E7
1417;5236;3;1.2001406999428896E7
1418;5239;3;1.2001406999428896E7
1419;5241;2;1.2001406999428896E7
1420;5245;4;1.2001406999428896E7
1421;5247;2;1.2001406999428896E7
1422;5250;3;1.2001406999428896E7
1423;5252;2;1.2001406999428896E7
1424;5253;1;1.2001406999428896E7
1425;5256;3;1.2001406999428896E7
1426;5258;2;1.2001406999428896E7
1427;5259;1;1.2001406999428896E7
1428;5259;0;1.2001406999428896E7
1429;5262;3;1.2001406999428896E7
1430;5265;3;1.2001406999428896E7
1431;5266;1;1.2001406999428896E7
1432;5266;0;1.2001406999428896E7
1433;5268;2;1.2001406999428896E7
1434;5270;2;1.2001406999428896E7
1435;5273;3;1.2001406999428896E7
1436;5275;2;1.2001406999428896E7
1437;5276;1;1.2001406999428896E7
1438;5278;2;1.2001406999428896E7
1439;5280;2;1.2001406999428896E7
1440;5282;2;1.2001406999428896E7
1441;5284;2;1.2001406999428896E7
1442;5285;1;1.2001406999428896E7
1443;5287;2;1.2001406999428896E7
1444;5290;3;1.2001406999428896E7
1445;5291;1;1.2001406999428896E7
1446;5293;2;1.2001406999428896E7
1447;5294;1;1.2001406999428896E7
1448;5296;2;1.2001406999428896E7
1449;5297;1;1.2001406999428896E7
1450;5299;2;1.2001406999428896E7
1451;5299;0;1.2001406999428896E7
1452;5302;3;1.2001406999428896E7
1453;5305;3;1.2001406999428896E7
1454;5306;1;1.2001406999428896E7
1455;5309;3;1.2001406999428896E7
1456;5310;1;1.2001406999428896E7
1457;5312;2;1.2001406999428896E7
1458;5312;0;1.2001406999428896E7
1459;5313;1;1.2001406999428896E7
1460;5316;3;1.2001406999428896E7
1461;5319;3;1.2001406999428896E7
1462;5322;3;1.2001406999428896E7
1463;5326;4;1.2001406999428896E7
1464;5330;4;1.2001406999428896E7
1465;5332;2;1.2001406999428896E7
1466;5334;2;1.2001406999428896E7
1467;5337;3;1.2001406999428896E7
1468;5340;3;1.2001406999428896E7
1469;5341;1;1.2001406999428896E7
1470;5344;3;1.2001406999428896E7
1471;5347;3;1.2001406999428896E7
1472;5350;3;1.2001406999428896E7
1473;5352;2;1.2001406999428896E7
1474;5354;2;1.2001406999428896E7
1475;5356;2;1.2001406999428896E7
1476;5359;3;1.2001406999428896E7
1477;5361;2;1.2001406999428896E7
1478;5363;2;1.2001406999428896E7
1479;5363;0;1.2001406999428896E7
1480;5366;3;1.2001406999428896E7
1481;5369;3;1.2001406999428896E7
1482;5371;2;1.2001406999428896E7
1483;5373;2;1.2001406999428896E7
1484;5376;3;1.2001406999428896E7
1485;5378;2;1.2001406999428896E7
1486;5379;1;1.2001406999428896E7
1487;5380;1;1.2001406999428896E7
1488;5382;2;1.2001406999428896E7
1489;5384;2;1.2001406999428896E7
1490;5385;1;1.2001406999428896E7
1491;5389;4;1.2001406999428896E7
1492;5392;3;1.2001406999428896E7
1493;5397;5;1.2001406999428896E7
1494;5400;3;1.2001406999428896E7
1495;5404;4;1.2001406999428896E7
1496;5408;4;1.2001406999428896E7
1497;5410;2;1.2001406999428896E7
1498;5411;1;1.2001406999428896E7
1499;5415;4;1.2001406999428896E7
1500;5419;4;1.2001406999428896E7
1501;5423;4;1.2001406999428896E7
1502;5425;2;1.2001406999428896E7
1503;5428;3;1.2001406999428896E7
1504;5432;4;1.2001406999428896E7
1505;5433;1;1.2001406999428896E7
1506;5437;4;1.2001406999428896E7
1507;5441;4;1.2001406999428896E7
1508;5448;7;1.2001406999428896E7
1509;5456;8;1.2001406999428896E7
1510;5457;1;1.2001406999428896E7
1511;5459;2;1.2001406999428896E7
1512;5467;8;1.2001406999428896E7
1513;5469;2;1.2001406999428896E7
1514;5474;5;1.2001406999428896E7
1515;5478;4;1.2001406999428896E7
1516;5483;5;1.2001406999428896E7
1517;5486;3;1.2001406999428896E7
1518;5490;4;1.2001406999428896E7
1519;5495;5;1.2001406999428896E7
1520;5498;3;1.2001406999428896E7
1521;5503;5;1.2001406999428896E7
1522;5504;1;1.2001406999428896E7
1523;5505;1;1.2001406999428896E7
1524;5508;3;1.2001406999428896E7
1525;5509;1;1.2001406999428896E7
1526;5513;4;1.2001406999428896E7
1527;5518;5;1.2001406999428896E7
1528;5523;5;1.2001406999428896E7
1529;5526;3;1.2001406999428896E7
1530;5532;6;1.2001406999428896E7
1531;5533;1;1.2001406999428896E7
1532;5536;3;1.2001406999428896E7
1533;5540;4;1.2001406999428896E7
1534;5545;5;1.2001406999428896E7
1535;5546;1;1.2001406999428896E7
1536;5551;5;1.2001406999428896E7
1537;5559;8;1.2001406999428896E7
1538;5564;5;1.2001406999428896E7
1539;5570;6;1.2001406999428896E7
1540;5576;6;1.2001406999428896E7
1541;5577;1;1.2001406999428896E7
1542;5580;3;1.2001406999428896E7
1543;5584;4;1.2001406999428896E7
1544;5587;3;1.2001406999428896E7
1545;5590;3;1.2001406999428896E7
1546;5595;5;1.2001406999428896E7
1547;5601;6;1.2001406999428896E7
1548;5603;2;1.2001406999428896E7
1549;5615;12;1.2001406999428896E7
1550;5620;5;1.2001406999428896E7
1551;5623;3;1.2001406999428896E7
1552;5629;6;1.2001406999428896E7
1553;5632;3;1.2001406999428896E7
1554;5641;9;1.2001406999428896E7
1555;5645;4;1.2001406999428896E7
1556;5651;6;1.2001406999428896E7
1557;5655;4;1.2001406999428896E7
1558;5656;1;1.2001406999428896E7
1559;5657;1;1.2001406999428896E7
1560;5662;5;1.2001406999428896E7
1561;5664;2;1.2001406999428896E7
1562;5668;4;1.2001406999428896E7
1563;5669;1;1.2001406999428896E7
1564;5672;3;1.2001406999428896E7
1565;5676;4;1.2001406999428896E7
1566;5690;14;1.2001406999428896E7
1567;5694;4;1.2001406999428896E7
1568;5714;20;1.2001406999428896E7
1569;5717;3;1.2001406999428896E7
1570;5718;1;1.2001406999428896E7
1571;5729;11;1.2001406999428896E7
1572;5734;5;1.2001406999428896E7
1573;5759;25;1.2001406999428896E7
1574;5780;21;1.2001406999428896E7
1575;5783;3;1.2001406999428896E7
1576;5792;9;1.2001406999428896E7
1577;5794;2;1.2001406999428896E7
1578;5797;3;1.2001406999428896E7
1579;5799;2;1.2001406999428896E7
1580;5808;9;1.2001406999428896E7
1581;5822;14;1.2001406999428896E7
1582;5823;1;1.2001406999428896E7
1583;5828;5;1.2001406999428896E7
1584;5833;5;1.2001406999428896E7
1585;5837;4;1.2001406999428896E7
1586;5841;4;1.2001406999428896E7
1587;5844;3;1.2001406999428896E7
1588;5848;4;1.2001406999428896E7
1589;5851;3;1.2001406999428896E7
1590;5854;3;1.2001406999428896E7
1591;5858;4;1.2001406999428896E7
1592;5860;2;1.2001406999428896E7
1593;5864;4;1.2001406999428896E7
1594;5868;4;1.2001406999428896E7
1595;5871;3;1.2001406999428896E7
1596;5874;3;1.2001406999428896E7
1597;5876;2;1.2001406999428896E7
1598;5879;3;1.2001406999428896E7
1599;5881;2;1.2001406999428896E7
1600;5883;2;1.2001406999428896E7
1601;5889;6;1.2001406999428896E7
1602;5892;3;1.2001406999428896E7
1603;5897;5;1.2001406999428896E7
1604;5902;5;1.2001406999428896E7
1605;5906;4;1.2001406999428896E7
1606;5910;4;1.2001406999428896E7
1607;5913;3;1.2001406999428896E7
1608;5919;6;1.2001406999428896E7
1609;5921;2;1.2001406999428896E7
1610;5922;1;1.2001406999428896E7
1611;5925;3;1.2001406999428896E7
1612;5929;4;1.2001406999428896E7
1613;5934;5;1.2001406999428896E7
1614;5935;1;1.2001406999428896E7
1615;5936;1;1.2001406999428896E7
1616;5939;3;1.2001406999428896E7
1617;5943;4;1.2001406999428896E7
1618;5947;4;1.2001406999428896E7
1619;5948;1;1.2001406999428896E7
1620;5952;4;1.2001406999428896E7
1621;5953;1;1.2001406999428896E7
1622;5958;5;1.2001406999428896E7
1623;5960;2;1.2001406999428896E7
1624;5963;3;1.2001406999428896E7
1625;5966;3;1.2001406999428896E7
1626;5968;2;1.2001406999428896E7
1627;5972;4;1.2001406999428896E7
1628;5976;4;1.2001406999428896E7
1629;5977;1;1.2001406999428896E7
1630;5979;2;1.2001406999428896E7
1631;5982;3;1.2001406999428896E7
1632;5984;2;1.2001406999428896E7
1633;5986;2;1.2001406999428896E7
1634;5989;3;1.2001406999428896E7
1635;5993;4;1.2001406999428896E7
1636;5993;0;1.2001406999428896E7
1637;5997;4;1.2001406999428896E7
1638;5999;2;1.2001406999428896E7
1639;6002;3;1.2001406999428896E7
1640;6005;3;1.2001406999428896E7
1641;6008;3;1.2001406999428896E7
1642;6011;3;1.2001406999428896E7
1643;6016;5;1.2001406999428896E7
1644;6018;2;1.2001406999428896E7
1645;6020;2;1.2001406999428896E7
1646;6021;1;1.2001406999428896E7
1647;6025;4;1.2001406999428896E7
1648;6026;1;1.2001406999428896E7
1649;6028;2;1.2001406999428896E7
1650;6031;3;1.2001406999428896E7
1651;6037;6;1.2001406999428896E7
1652;6042;5;1.2001406999428896E7
1653;6043;1;1.2001406999428896E7
1654;6048;5;1.2001406999428896E7
1655;6049;1;1.2001406999428896E7
1656;6053;4;1.2001406999428896E7
1657;6054;1;1.2001406999428896E7
1658;6058;4;1.2001406999428896E7
1659;6061;3;1.2001406999428896E7
1660;6065;4;1.2001406999428896E7
1661;6068;3;1.2001406999428896E7
1662;6073;5;1.2001406999428896E7
1663;6077;4;1.2001406999428896E7
1664;6082;5;1.2001406999428896E7
1665;6084;2;1.2001406999428896E7
1666;6085;1;1.2001406999428896E7
1667;6087;2;1.2001406999428896E7
1668;6091;4;1.2001406999428896E7
1669;6096;5;1.2001406999428896E7
1670;6100;4;1.2001406999428896E7
1671;6102;2;1.2001406999428896E7
1672;6105;3;1.2001406999428896E7
1673;6106;1;1.2001406999428896E7
1674;6109;3;1.2001406999428896E7
1675;6114;5;1.2001406999428896E7
1676;6116;2;1.2001406999428896E7
1677;6119;3;1.2001406999428896E7
1678;6122;3;1.2001406999428896E7
1679;6124;2;1.2001406999428896E7
1680;6126;2;1.2001406999428896E7
1681;6128;2;1.2001406999428896E7
1682;6130;2;1.2001406999428896E7
1683;6131;1;1.2001406999428896E7
1684;6134;3;1.2001406999428896E7
1685;6136;2;1.2001406999428896E7
1686;6138;2;1.2001406999428896E7
1687;6139;1;1.2001406999428896E7
1688;6141;2;1.2001406999428896E7
1689;6142;1;1.2001406999428896E7
1690;6144;2;1.2001406999428896E7
1691;6146;2;1.2001406999428896E7
1692;6148;2;1.2001406999428896E7
1693;6148;0;1.2001406999428896E7
1694;6149;1;1.2001406999428896E7
1695;6150;1;1.2001406999428896E7
1696;6152;2;1.2001406999428896E7
1697;6152;0;1.2001406999428896E7
1698;6154;2;1.2001406999428896E7
1699;6156;2;1.2001406999428896E7
1700;6159;3;1.2001406999428896E7
1701;6160;1;1.2001406999428896E7
1702;6163;3;1.2001406999428896E7
1703;6166;3;1.2001406999428896E7
1704;6169;3;1.2001406999428896E7
1705;6171;2;1.2001406999428896E7
1706;6172;1;1.2001406999428896E7
1707;6175;3;1.2001406999428896E7
1708;6178;3;1.2001406999428896E7
1709;6180;2;1.2001406999428896E7
1710;6180;0;1.2001406999428896E7
1711;6183;3;1.2001406999428896E7
1712;6184;1;1.2001406999428896E7
1713;6187;3;1.2001406999428896E7
1714;6189;2;1.2001406999428896E7
1715;6191;2;1.2001406999428896E7
1716;6194;3;1.2001406999428896E7
1717;6196;2;1.2001406999428896E7
1718;6198;2;1.2001406999428896E7
1719;6199;1;1.2001406999428896E7
1720;6202;3;1.2001406999428896E7
1721;6204;2;1.2001406999428896E7
1722;6205;1;1.2001406999428896E7
1723;6207;2;1.2001406999428896E7
1724;6209;2;1.2001406999428896E7
1725;6212;3;1.2001406999428896E7
1726;6212;0;1.2001406999428896E7
1727;6214;2;1.2001406999428896E7
1728;6217;3;1.2001406999428896E7
1729;6222;5;1.2001406999428896E7
1730;6226;4;1.2001406999428896E7
1731;6228;2;1.2001406999428896E7
1732;6230;2;1.2001406999428896E7
1733;6232;2;1.2001406999428896E7
1734;6235;3;1.2001406999428896E7
1735;6235;0;1.2001406999428896E7
1736;6238;3;1.2001406999428896E7
1737;6240;2;1.2001406999428896E7
1738;6243;3;1.2001406999428896E7
1739;6246;3;1.2001406999428896E7
1740;6248;2;1.2001406999428896E7
1741;6250;2;1.2001406999428896E7
1742;6251;1;1.2001406999428896E7
1743;6253;2;1.2001406999428896E7
1744;6256;3;1.2001406999428896E7
1745;6258;2;1.2001406999428896E7
1746;6260;2;1.2001406999428896E7
1747;6264;4;1.2001406999428896E7
1748;6266;2;1.2001406999428896E7
1749;6268;2;1.2001406999428896E7
1750;6271;3;1.2001406999428896E7
1751;6273;2;1.2001406999428896E7
1752;6274;1;1.2001406999428896E7
1753;6275;1;1.2001406999428896E7
1754;6277;2;1.2001406999428896E7
1755;6277;0;1.2001406999428896E7
1756;6279;2;1.2001406999428896E7
1757;6282;3;1.2001406999428896E7
1758;6284;2;1.2001406999428896E7
1759;6286;2;1.2001406999428896E7
1760;6288;2;1.2001406999428896E7
1761;6291;3;1.2001406999428896E7
1762;6293;2;1.2001406999428896E7
1763;6295;2;1.2001406999428896E7
1764;6296;1;1.2001406999428896E7
1765;6296;0;1.2001406999428896E7
1766;6298;2;1.2001406999428896E7
1767;6300;2;1.2001406999428896E7
1768;6301;1;1.2001406999428896E7
1769;6303;2;1.2001406999428896E7
1770;6304;1;1.2001406999428896E7
1771;6306;2;1.2001406999428896E7
1772;6309;3;1.2001406999428896E7
1773;6309;0;1.2001406999428896E7
1774;6311;2;1.2001406999428896E7
1775;6317;6;1.2001406999428896E7
1776;6319;2;1.2001406999428896E7
1777;6322;3;1.2001406999428896E7
1778;6325;3;1.2001406999428896E7
1779;6328;3;1.2001406999428896E7
1780;6330;2;1.2001406999428896E7
1781;6333;3;1.2001406999428896E7
1782;6335;2;1.2001406999428896E7
1783;6337;2;1.2001406999428896E7
1784;6338;1;1.2001406999428896E7
1785;6340;2;1.2001406999428896E7
1786;6343;3;1.2001406999428896E7
1787;6343;0;1.2001406999428896E7
1788;6344;1;1.2001406999428896E7
1789;6346;2;1.2001406999428896E7
1790;6348;2;1.2001406999428896E7
1791;6349;1;1.2001406999428896E7
1792;6352;3;1.2001406999428896E7
1793;6354;2;1.2001406999428896E7
1794;6358;4;1.2001406999428896E7
1795;6359;1;1.2001406999428896E7
1796;6361;2;1.2001406999428896E7
1797;6364;3;1.2001406999428896E7
1798;6366;2;1.2001406999428896E7
1799;6367;1;1.2001406999428896E7
1800;6369;2;1.2001406999428896E7
1801;6371;2;1.2001406999428896E7
1802;6373;2;1.2001406999428896E7
1803;6374;1;1.2001406999428896E7
1804;6377;3;1.2001406999428896E7
1805;6378;1;1.2001406999428896E7
1806;6380;2;1.2001406999428896E7
1807;6382;2;1.2001406999428896E7
1808;6384;2;1.2001406999428896E7
1809;6387;3;1.2001406999428896E7
1810;6388;1;1.2001406999428896E7
1811;6390;2;1.2001406999428896E7
1812;6392;2;1.2001406999428896E7
1813;6395;3;1.2001406999428896E7
1814;6397;2;1.2001406999428896E7
1815;6400;3;1.2001406999428896E7
1816;6403;3;1.2001406999428896E7
1817;6404;1;1.2001406999428896E7
1818;6409;5;1.2001406999428896E7
1819;6411;2;1.2001406999428896E7
1820;6411;0;1.2001406999428896E7
1821;6412;1;1.2001406999428896E7
1822;6413;1;1.2001406999428896E7
1823;6416;3;1.2001406999428896E7
1824;6418;2;1.2001406999428896E7
1825;6421;3;1.2001406999428896E7
1826;6424;3;1.2001406999428896E7
1827;6426;2;1.2001406999428896E7
1828;6429;3;1.2001406999428896E7
1829;6431;2;1.2001406999428896E7
1830;6432;1;1.2001406999428896E7
1831;6435;3;1.2001406999428896E7
1832;6437;2;1.2001406999428896E7
1833;6439;2;1.2001406999428896E7
1834;6442;3;1.2001406999428896E7
1835;6443;1;1.2001406999428896E7
1836;6445;2;1.2001406999428896E7
1837;6448;3;1.2001406999428896E7
1838;6450;2;1.2001406999428896E7
1839;6452;2;1.2001406999428896E7
1840;6454;2;1.2001406999428896E7
1841;6455;1;1.2001406999428896E7
1842;6457;2;1.2001406999428896E7
1843;6460;3;1.2001406999428896E7
1844;6462;2;1.2001406999428896E7
1845;6463;1;1.2001406999428896E7
1846;6466;3;1.2001406999428896E7
1847;6466;0;1.2001406999428896E7
1848;6469;3;1.2001406999428896E7
1849;6470;1;1.2001406999428896E7
1850;6472;2;1.2001406999428896E7
1851;6473;1;1.2001406999428896E7
1852;6474;1;1.2001406999428896E7
1853;6476;2;1.2001406999428896E7
1854;6478;2;1.2001406999428896E7
1855;6481;3;1.2001406999428896E7
1856;6484;3;1.2001406999428896E7
1857;6487;3;1.2001406999428896E7
1858;6489;2;1.2001406999428896E7
1859;6490;1;1.2001406999428896E7
1860;6493;3;1.2001406999428896E7
1861;6495;2;1.2001406999428896E7
1862;6496;1;1.2001406999428896E7
1863;6497;1;1.2001406999428896E7
1864;6498;1;1.2001406999428896E7
1865;6500;2;1.2001406999428896E7
1866;6503;3;1.2001406999428896E7
1867;6505;2;1.2001406999428896E7
1868;6507;2;1.2001406999428896E7
1869;6509;2;1.2001406999428896E7
1870;6512;3;1.2001406999428896E7
1871;6518;6;1.2001406999428896E7
1872;6523;5;1.2001406999428896E7
1873;6526;3;1.2001406999428896E7
1874;6527;1;1.2001406999428896E7
1875;6530;3;1.2001406999428896E7
1876;6532;2;1.2001406999428896E7
1877;6533;1;1.2001406999428896E7
1878;6541;8;1.2001406999428896E7
1879;6545;4;1.2001406999428896E7
1880;6546;1;1.2001406999428896E7
1881;6548;2;1.2001406999428896E7
1882;6550;2;1.2001406999428896E7
1883;6551;1;1.2001406999428896E7
1884;6554;3;1.2001406999428896E7
1885;6556;2;1.2001406999428896E7
1886;6558;2;1.2001406999428896E7
1887;6559;1;1.2001406999428896E7
1888;6559;0;1.2001406999428896E7
1889;6564;5;1.2001406999428896E7
1890;6566;2;1.2001406999428896E7
1891;6568;2;1.2001406999428896E7
1892;6568;0;1.2001406999428896E7
1893;6570;2;1.2001406999428896E7
1894;6573;3;1.2001406999428896E7
1895;6575;2;1.2001406999428896E7
1896;6577;2;1.2001406999428896E7
1897;6580;3;1.2001406999428896E7
1898;6582;2;1.2001406999428896E7
1899;6585;3;1.2001406999428896E7
1900;6587;2;1.2001406999428896E7
1901;6588;1;1.2001406999428896E7
1902;6590;2;1.2001406999428896E7
1903;6591;1;1.2001406999428896E7
1904;6593;2;1.2001406999428896E7
1905;6596;3;1.2001406999428896E7
1906;6599;3;1.2001406999428896E7
1907;6601;2;1.2001406999428896E7
1908;6602;1;1.2001406999428896E7
1909;6605;3;1.2001406999428896E7
1910;6607;2;1.2001406999428896E7
1911;6609;2;1.2001406999428896E7
1912;6612;3;1.2001406999428896E7
1913;6615;3;1.2001406999428896E7
1914;6618;3;1.2001406999428896E7
1915;6619;1;1.2001406999428896E7
1916;6620;1;1.2001406999428896E7
1917;6621;1;1.2001406999428896E7
1918;6623;2;1.2001406999428896E7
1919;6625;2;1.2001406999428896E7
1920;6627;2;1.2001406999428896E7
1921;6630;3;1.2001406999428896E7
1922;6633;3;1.2001406999428896E7
1923;6634;1;1.2001406999428896E7
1924;6635;1;1.2001406999428896E7
1925;6637;2;1.2001406999428896E7
1926;6639;2;1.2001406999428896E7
1927;6639;0;1.2001406999428896E7
1928;6641;2;1.2001406999428896E7
1929;6644;3;1.2001406999428896E7
1930;6645;1;1.2001406999428896E7
1931;6647;2;1.2001406999428896E7
1932;6649;2;1.2001406999428896E7
1933;6651;2;1.2001406999428896E7
1934;6654;3;1.2001406999428896E7
1935;6656;2;1.2001406999428896E7
1936;6656;0;1.2001406999428896E7
1937;6657;1;1.2001406999428896E7
1938;6659;2;1.2001406999428896E7
1939;6661;2;1.200139777473895E7
1940;6664;3;1.200139777473895E7
1941;6667;3;1.200139777473895E7
1942;6668;1;1.200139777473895E7
1943;6670;2;1.200139777473895E7
1944;6672;2;1.200139777473895E7
1945;6674;2;1.200139777473895E7
1946;6677;3;1.200139777473895E7
1947;6678;1;1.2001383860055957E7
1948;6681;3;1.2001383860055957E7
1949;6683;2;1.2001383860055957E7
1950;6687;4;1.2001383860055957E7
1951;6690;3;1.2001383860055957E7
1952;6691;1;1.2001383860055957E7
1953;6694;3;1.2001383860055957E7
1954;6696;2;1.2001383860055957E7
1955;6697;1;1.2001382427182127E7
1956;6698;1;1.2001382427182127E7
1957;6700;2;1.2001382427182127E7
1958;6701;1;1.2001382427182127E7
1959;6701;0;1.2001382427182127E7
1960;6704;3;1.2001382427182127E7
1961;6708;4;1.2001382427182127E7
1962;6711;3;1.2001382427182127E7
1963;6713;2;1.2001382427182127E7
1964;6714;1;1.2001382427182127E7
1965;6720;6;1.2001382427182127E7
1966;6725;5;1.2001382427182127E7
1967;6727;2;1.2001382427182127E7
1968;6728;1;1.2001382427182127E7
1969;6731;3;1.2001382427182127E7
1970;6732;1;1.2001382427182127E7
1971;6735;3;1.2001382427182127E7
1972;6739;4;1.2001382427182127E7
1973;6741;2;1.2001382427182127E7
1974;6742;1;1.2001382427182127E7
1975;6744;2;1.2001382427182127E7
1976;6748;4;1.2001382427182127E7
1977;6750;2;1.2001382427182127E7
1978;6754;4;1.2001382427182127E7
1979;6757;3;1.2001382427182127E7
1980;6759;2;1.2001382427182127E7
1981;6761;2;1.2001382427182127E7
1982;6763;2;1.2001382427182127E7
1983;6765;2;1.2001382427182127E7
1984;6767;2;1.2001382427182127E7
1985;6770;3;1.2001382427182127E7
1986;6772;2;1.2001382427182127E7
1987;6774;2;1.2001382427182127E7
1988;6776;2;1.2001382427182127E7
1989;6779;3;1.2001382427182127E7
1990;6781;2;1.2001382427182127E7
1991;6782;1;1.2001382427182127E7
1992;6785;3;1.2001382427182127E7
1993;6787;2;1.2001382427182127E7
1994;6787;0;1.2001382427182127E7
1995;6788;1;1.2001382427182127E7
1996;6790;2;1.2001382427182127E7
1997;6793;3;1.2001382427182127E7
1998;6794;1;1.2001382427182127E7
1999;6797;3;1.2001382427182127E7
2000;6797;0;1.2001382427182127E7
2001;6799;2;1.2001382427182127E7
2002;6801;2;1.2001382427182127E7
2003;6803;2;1.2001382427182127E7
2004;6806;3;1.2001382427182127E7
2005;6807;1;1.2001382427182127E7
2006;6810;3;1.2001382427182127E7
2007;6813;3;1.2001382427182127E7
2008;6815;2;1.2001382427182127E7
2009;6816;1;1.2001382427182127E7
2010;6818;2;1.2001382427182127E7
2011;6819;1;1.2001382427182127E7
2012;6822;3;1.2001382427182127E7
2013;6824;2;1.2001382427182127E7
2014;6827;3;1.2001382427182127E7
2015;6829;2;1.2001382427182127E7
2016;6831;2;1.2001382427182127E7
2017;6834;3;1.2001382427182127E7
2018;6838;4;1.2001382427182127E7
2019;6842;4;1.2001382427182127E7
2020;6843;1;1.2001382427182127E7
2021;6846;3;1.2001382427182127E7
2022;6847;1;1.2001382427182127E7
2023;6851;4;1.2001382427182127E7
2024;6859;8;1.2001382427182127E7
2025;6860;1;1.2001382427182127E7
2026;6865;5;1.2001382427182127E7
2027;6867;2;1.2001382427182127E7
2028;6870;3;1.2001382427182127E7
2029;6871;1;1.2001382427182127E7
2030;6879;8;1.2001382427182127E7
2031;6882;3;1.2001382427182127E7
2032;6886;4;1.2001382427182127E7
2033;6888;2;1.2001382427182127E7
2034;6892;4;1.2001382427182127E7
2035;6895;3;1.2001382427182127E7
2036;6898;3;1.2001382427182127E7
2037;6900;2;1.2001382427182127E7
2038;6903;3;1.2001382427182127E7
2039;6905;2;1.2001382427182127E7
2040;6907;2;1.2001382427182127E7
2041;6910;3;1.2001382427182127E7
2042;6913;3;1.2001382427182127E7
2043;6916;3;1.2001382427182127E7
2044;6917;1;1.2001382427182127E7
2045;6918;1;1.2001382427182127E7
2046;6920;2;1.2001382427182127E7
2047;6922;2;1.2001382427182127E7
2048;6924;2;1.2001382427182127E7
2049;6926;2;1.2001382427182127E7
2050;6928;2;1.2001382427182127E7
2051;6929;1;1.2001382427182127E7
2052;6931;2;1.2001382427182127E7
2053;6933;2;1.2001382427182127E7
2054;6934;1;1.2001382427182127E7
2055;6935;1;1.2001382427182127E7
2056;6936;1;1.2001382427182127E7
2057;6938;2;1.2001382427182127E7
2058;6938;0;1.2001382427182127E7
2059;6940;2;1.2001382427182127E7
2060;6942;2;1.2001382427182127E7
2061;6945;3;1.2001382427182127E7
2062;6945;0;1.2001382427182127E7
2063;6948;3;1.2001382427182127E7
2064;6949;1;1.2001382427182127E7
2065;6951;2;1.2001382427182127E7
2066;6953;2;1.2001382427182127E7
2067;6954;1;1.2001382427182127E7
2068;6956;2;1.2001382427182127E7
2069;6959;3;1.2001382427182127E7
2070;6959;0;1.2001382427182127E7
2071;6961;2;1.2001382427182127E7
2072;6963;2;1.2001382427182127E7
2073;6965;2;1.2001382427182127E7
2074;6968;3;1.2001382427182127E7
2075;6971;3;1.2001382427182127E7
2076;6972;1;1.2001382427182127E7
2077;6975;3;1.2001382427182127E7
2078;6976;1;1.2001382427182127E7
2079;6977;1;1.2001382427182127E7
2080;6980;3;1.2001382427182127E7
2081;6981;1;1.2001382427182127E7
2082;6982;1;1.2001382427182127E7
2083;6985;3;1.2001382427182127E7
2084;6986;1;1.2001382427182127E7
2085;6988;2;1.2001382427182127E7
2086;6990;2;1.2001382427182127E7
2087;6990;0;1.2001382427182127E7
2088;6992;2;1.2001382427182127E7
2089;6994;2;1.2001382427182127E7
2090;6996;2;1.2001382427182127E7
2091;6999;3;1.2001382427182127E7
2092;7001;2;1.2001382427182127E7
2093;7003;2;1.2001382427182127E7
2094;7004;1;1.2001382427182127E7
2095;7005;1;1.2001382427182127E7
2096;7007;2;1.2001382427182127E7
2097;7008;1;1.2001382427182127E7
2098;7010;2;1.2001382427182127E7
2099;7012;2;1.2001382427182127E7
2100;7015;3;1.2001382427182127E7
2101;7015;0;1.2001382427182127E7
2102;7017;2;1.2001382427182127E7
2103;7020;3;1.2001382427182127E7
2104;7025;5;1.2001382427182127E7
2105;7027;2;1.2001382427182127E7
2106;7027;0;1.2001382427182127E7
2107;7030;3;1.2001382427182127E7
2108;7032;2;1.2001382427182127E7
2109;7034;2;1.2001382427182127E7
2110;7036;2;1.2001382427182127E7
2111;7037;1;1.2001382427182127E7
2112;7039;2;1.2001382427182127E7
2113;7040;1;1.2001382427182127E7
2114;7040;0;1.2001382427182127E7
2115;7043;3;1.2001382427182127E7
2116;7044;1;1.2001382427182127E7
2117;7046;2;1.2001382427182127E7
2118;7049;3;1.2001382427182127E7
2119;7051;2;1.2001382427182127E7
2120;7053;2;1.2001382427182127E7
2121;7056;3;1.2001382427182127E7
2122;7058;2;1.2001382427182127E7
2123;7060;2;1.2001382427182127E7
2124;7063;3;1.2001382427182127E7
2125;7065;2;1.2001382427182127E7
2126;7068;3;1.2001382427182127E7
2127;7068;0;1.2001382427182127E7
2128;7071;3;1.2001382427182127E7
2129;7073;2;1.2001382427182127E7
2130;7076;3;1.2001382427182127E7
2131;7078;2;1.2001382427182127E7
2132;7080;2;1.2001382427182127E7
2133;7083;3;1.2001382427182127E7
2134;7086;3;1.2001382427182127E7
2135;7089;3;1.2001382427182127E7
2136;7092;3;1.2001382427182127E7
2137;7093;1;1.2001382427182127E7
2138;7096;3;1.2001363334783522E7
2139;7099;3;1.2001363334783522E7
2140;7101;2;1.2001363334783522E7
2141;7102;1;1.2001363334783522E7
2142;7102;0;1.2001363334783522E7
2143;7105;3;1.2001363334783522E7
2144;7107;2;1.2001363334783522E7
2145;7109;2;1.2001363334783522E7
2146;7112;3;1.2001363334783522E7
2147;7114;2;1.2001363334783522E7
2148;7116;2;1.2001363334783522E7
2149;7119;3;1.2001363334783522E7
2150;7121;2;1.2001363334783522E7
2151;7122;1;1.2001363334783522E7
2152;7125;3;1.2001363334783522E7
2153;7127;2;1.2001363334783522E7
2154;7130;3;1.2001363334783522E7
2155;7133;3;1.2001363334783522E7
2156;7135;2;1.2001363334783522E7
2157;7137;2;1.2001361520542573E7
2158;7139;2;1.2001347404998038E7
2159;7141;2;1.2001347404998038E7
2160;7143;2;1.2001347404998038E7
2161;7146;3;1.2001347404998038E7
2162;7147;1;1.2001347404998038E7
2163;7149;2;1.2001347404998038E7
2164;7151;2;1.2001347404998038E7
2165;7151;0;1.2001347404998038E7
2166;7153;2;1.2001347404998038E7
2167;7156;3;1.2001347404998038E7
2168;7158;2;1.2001347404998038E7
2169;7160;2;1.2001347404998038E7
2170;7162;2;1.2001347404998038E7
2171;7164;2;1.2001347404998038E7
2172;7165;1;1.2001347404998038E7
2173;7167;2;1.2001347404998038E7
2174;7168;1;1.2001347404998038E7
2175;7170;2;1.2001347404998038E7
2176;7173;3;1.2001347404998038E7
2177;7175;2;1.2001347404998038E7
2178;7177;2;1.2001347404998038E7
2179;7178;1;1.2001347404998038E7
2180;7181;3;1.2001347404998038E7
2181;7184;3;1.2001347404998038E7
2182;7186;2;1.2001347404998038E7
2183;7188;2;1.2001347404998038E7
2184;7191;3;1.2001347404998038E7
2185;7192;1;1.2001347404998038E7
2186;7193;1;1.2001347404998038E7
2187;7194;1;1.2001347404998038E7
2188;7196;2;1.2001347404998038E7
2189;7198;2;1.2001347404998038E7
2190;7201;3;1.2001347404998038E7
2191;7203;2;1.2001347404998038E7
2192;7205;2;1.2001347404998038E7
2193;7205;0;1.2001347404998038E7
2194;7207;2;1.2001347404998038E7
2195;7209;2;1.2001347404998038E7
2196;7212;3;1.2001347404998038E7
2197;7215;3;1.2001347404998038E7
2198;7218;3;1.2001347404998038E7
2199;7220;2;1.2001347404998038E7
2200;7222;2;1.2001347404998038E7
2201;7224;2;1.2001347404998038E7
2202;7226;2;1.2001347404998038E7
2203;7226;0;1.2001347404998038E7
2204;7228;2;1.2001347404998038E7
2205;7229;1;1.2001347404998038E7
2206;7229;0;1.2001347404998038E7
2207;7231;2;1.2001347404998038E7
2208;7233;2;1.2001347404998038E7
2209;7235;2;1.2001347404998038E7
2210;7238;3;1.2001347404998038E7
2211;7241;3;1.2001347404998038E7
2212;7244;3;1.2001347404998038E7
2213;7246;2;1.2001347404998038E7
2214;7246;0;1.2001347404998038E7
2215;7248;2;1.2001347404998038E7
2216;7251;3;1.2001347404998038E7
2217;7253;2;1.2001347404998038E7
2218;7256;3;1.2001347404998038E7
2219;7258;2;1.2001347404998038E7
2220;7260;2;1.2001347404998038E7
2221;7262;2;1.2001347404998038E7
2222;7264;2;1.2001347404998038E7
2223;7264;0;1.2001347404998038E7
2224;7267;3;1.2001347404998038E7
2225;7268;1;1.2001347404998038E7
2226;7270;2;1.2001347404998038E7
2227;7272;2;1.2001347404998038E7
2228;7274;2;1.2001347404998038E7
2229;7276;2;1.2001347404998038E7
2230;7278;2;1.2001347404998038E7
2231;7280;2;1.2001347404998038E7
2232;7284;4;1.2001347404998038E7
2233;7287;3;1.2001347404998038E7
2234;7289;2;1.2001347404998038E7
2235;7291;2;1.2001347404998038E7
2236;7293;2;1.2001347404998038E7
2237;7295;2;1.2001347404998038E7
2238;7296;1;1.2001347404998038E7
2239;7297;1;1.2001347404998038E7
2240;7299;2;1.2001347404998038E7
2241;7300;1;1.2001347404998038E7
2242;7303;3;1.2001347404998038E7
2243;7306;3;1.2001347404998038E7
2244;7308;2;1.2001347404998038E7
2245;7310;2;1.2001347404998038E7
2246;7312;2;1.2001347404998038E7
2247;7315;3;1.2001347404998038E7
2248;7318;3;1.2001347404998038E7
2249;7320;2;1.2001347404998038E7
2250;7322;2;1.2001347404998038E7
2251;7325;3;1.2001347404998038E7
2252;7326;1;1.2001347404998038E7
2253;7328;2;1.2001347404998038E7
2254;7328;0;1.2001347404998038E7
2255;7330;2;1.2001347404998038E7
2256;7331;1;1.2001347404998038E7
2257;7334;3;1.2001347404998038E7
2258;7336;2;1.2001347404998038E7
2259;7338;2;1.2001347404998038E7
2260;7340;2;1.2001347404998038E7
2261;7342;2;1.2001347404998038E7
2262;7342;0;1.2001347404998038E7
2263;7344;2;1.2001347404998038E7
2264;7346;2;1.2001347404998038E7
2265;7348;2;1.2001347404998038E7
2266;7350;2;1.2001347404998038E7
2267;7353;3;1.2001347404998038E7
2268;7354;1;1.2001347404998038E7
2269;7356;2;1.2001347404998038E7
2270;7359;3;1.2001347404998038E7
2271;7359;0;1.2001347404998038E7
2272;7361;2;1.2001347404998038E7
2273;7363;2;1.2001347404998038E7
2274;7364;1;1.2001347404998038E7
2275;7366;2;1.2001347404998038E7
2276;7368;2;1.2001347404998038E7
2277;7371;3;1.2001347404998038E7
2278;7373;2;1.2001347404998038E7
2279;7374;1;1.2001347404998038E7
2280;7376;2;1.2001347404998038E7
2281;7376;0;1.2001347404998038E7
2282;7377;1;1.2001347404998038E7
2283;7379;2;1.2001347404998038E7
2284;7381;2;1.2001347404998038E7
2285;7382;1;1.2001347404998038E7
2286;7384;2;1.2001347404998038E7
2287;7385;1;1.2001347404998038E7
2288;7388;3;1.2001347404998038E7
2289;7389;1;1.2001347404998038E7
2290;7392;3;1.2001347404998038E7
2291;7392;0;1.2001347404998038E7
2292;7394;2;1.2001347404998038E7
2293;7395;1;1.2001347404998038E7
2294;7397;2;1.2001347404998038E7
2295;7400;3;1.2001347404998038E7
2296;7401;1;1.2001347404998038E7
2297;7404;3;1.2001347404998038E7
2298;7405;1;1.2001347404998038E7
2299;7406;1;1.2001347404998038E7
2300;7409;3;1.2001347404998038E7
2301;7410;1;1.2001347404998038E7
2302;7412;2;1.2001347404998038E7
2303;7413;1;1.2001347404998038E7
2304;7414;1;1.2001347404998038E7
2305;7414;0;1.2001347404998038E7
2306;7416;2;1.2001347404998038E7
2307;7417;1;1.2001347404998038E7
2308;7419;2;1.2001347404998038E7
2309;7422;3;1.2001347404998038E7
2310;7423;1;1.2001347404998038E7
2311;7426;3;1.2001347404998038E7
2312;7427;1;1.2001347404998038E7
2313;7429;2;1.2001347404998038E7
2314;7431;2;1.2001347404998038E7
2315;7434;3;1.2001347404998038E7
2316;7438;4;1.2001347404998038E7
2317;7442;4;1.2001347404998038E7
2318;7444;2;1.2001347404998038E7
2319;7446;2;1.2001347404998038E7
2320;7448;2;1.2001347404998038E7
2321;7450;2;1.2001347404998038E7
2322;7451;1;1.2001347404998038E7
2323;7453;2;1.2001347404998038E7
2324;7456;3;1.2001347404998038E7
2325;7459;3;1.2001347404998038E7
2326;7462;3;1.2001347404998038E7
2327;7463;1;1.2001347404998038E7
2328;7467;4;1.2001347404998038E7
2329;7470;3;1.2001347404998038E7
2330;7471;1;1.2001347404998038E7
2331;7473;2;1.2001347404998038E7
2332;7475;2;1.2001347404998038E7
2333;7477;2;1.2001347404998038E7
2334;7478;1;1.2001347404998038E7
2335;7480;2;1.2001347404998038E7
2336;7482;2;1.2001347404998038E7
2337;7483;1;1.2001347404998038E7
2338;7484;1;1.2001347404998038E7
2339;7486;2;1.2001347404998038E7
2340;7487;1;1.2001347404998038E7
2341;7489;2;1.2001347404998038E7
2342;7491;2;1.2001347404998038E7
2343;7493;2;1.2001347404998038E7
2344;7496;3;1.2001347404998038E7
2345;7496;0;1.2001347404998038E7
2346;7497;1;1.2001347404998038E7
2347;7500;3;1.2001347404998038E7
2348;7503;3;1.2001347404998038E7
2349;7506;3;1.2001347404998038E7
2350;7509;3;1.2001347404998038E7
2351;7510;1;1.2001347404998038E7
2352;7513;3;1.2001347404998038E7
2353;7514;1;1.2001347404998038E7
2354;7514;0;1.2001347404998038E7
2355;7517;3;1.2001347404998038E7
2356;7519;2;1.2001347404998038E7
2357;7520;1;1.2001347404998038E7
2358;7522;2;1.2001347404998038E7
2359;7522;0;1.2001347404998038E7
2360;7523;1;1.2001347404998038E7
2361;7524;1;1.2001347404998038E7
2362;7526;2;1.2001347404998038E7
2363;7528;2;1.2001347404998038E7
2364;7530;2;1.2001347404998038E7
2365;7532;2;1.2001347404998038E7
2366;7533;1;1.2001347404998038E7
2367;7535;2;1.2001347404998038E7
2368;7537;2;1.2001347404998038E7
2369;7537;0;1.2001347404998038E7
2370;7539;2;1.2001347404998038E7
2371;7540;1;1.2001347404998038E7
2372;7543;3;1.2001347404998038E7
2373;7544;1;1.2001347404998038E7
2374;7548;4;1.2001347404998038E7
2375;7552;4;1.2001347404998038E7
2376;7555;3;1.2001347404998038E7
2377;7557;2;1.2001347404998038E7
2378;7559;2;1.2001347404998038E7
2379;7560;1;1.2001347404998038E7
2380;7561;1;1.2001347404998038E7
2381;7562;1;1.2001347404998038E7
2382;7564;2;1.2001347404998038E7
2383;7566;2;1.2001347404998038E7
2384;7569;3;1.2001347404998038E7
2385;7571;2;1.2001347404998038E7
2386;7574;3;1.2001347404998038E7
2387;7576;2;1.2001347404998038E7
2388;7578;2;1.2001347404998038E7
2389;7579;1;1.2001347404998038E7
2390;7581;2;1.2001347404998038E7
2391;7582;1;1.2001347404998038E7
2392;7584;2;1.2001347404998038E7
2393;7586;2;1.2001347404998038E7
2394;7587;1;1.2001347404998038E7
2395;7589;2;1.2001347404998038E7
2396;7592;3;1.2001347404998038E7
2397;7594;2;1.2001347404998038E7
2398;7595;1;1.2001347404998038E7
2399;7597;2;1.2001347404998038E7
2400;7600;3;1.2001347404998038E7
2401;7602;2;1.2001347404998038E7
2402;7604;2;1.2001347404998038E7
2403;7607;3;1.2001347404998038E7
2404;7611;4;1.2001347404998038E7
2405;7613;2;1.2001347404998038E7
2406;7616;3;1.2001347404998038E7
2407;7618;2;1.2001347404998038E7
2408;7620;2;1.2001342259381225E7
2409;7624;4;1.2001342259381225E7
2410;7625;1;1.2001342259381225E7
2411;7626;1;1.2001342259381225E7
2412;7628;2;1.2001327715370633E7
2413;7630;2;1.2001317296653891E7
2414;7631;1;1.2001317296653891E7
2415;7632;1;1.2001317296653891E7
2416;7634;2;1.2001317296653891E7
2417;7637;3;1.2001317296653891E7
2418;7642;5;1.2001288211910432E7
2419;7643;1;1.2001288211910432E7
2420;7646;3;1.2001288211910432E7
2421;7650;4;1.2001288211910432E7
2422;7651;1;1.2001288211910432E7
2423;7654;3;1.2001288211910432E7
2424;7657;3;1.2001288211910432E7
2425;7658;1;1.2001288211910432E7
2426;7660;2;1.2001288211910432E7
2427;7661;1;1.2001288211910432E7
2428;7663;2;1.2001288211910432E7
2429;7664;1;1.2001288211910432E7
2430;7666;2;1.2001288211910432E7
2431;7668;2;1.2001286047132093E7
2432;7670;2;1.2001286047132093E7
2433;7671;1;1.2001286047132093E7
2434;7674;3;1.2001286047132093E7
2435;7676;2;1.2001286047132093E7
2436;7678;2;1.2001286047132093E7
2437;7679;1;1.2001286047132093E7
2438;7681;2;1.2001286047132093E7
2439;7683;2;1.2001286047132093E7
2440;7685;2;1.2001286047132093E7
2441;7686;1;1.2001286047132093E7
2442;7688;2;1.2001286047132093E7
2443;7689;1;1.2001286047132093E7
2444;7691;2;1.2001286047132093E7
2445;7693;2;1.2001286047132093E7
2446;7695;2;1.2001266754532933E7
2447;7697;2;1.2001266754532933E7
2448;7698;1;1.2001266754532933E7
2449;7701;3;1.2001266754532933E7
2450;7703;2;1.2001266754532933E7
2451;7705;2;1.2001266754532933E7
2452;7707;2;1.2001266754532933E7
2453;7710;3;1.2001266754532933E7
2454;7712;2;1.2001266754532933E7
2455;7714;2;1.2001266754532933E7
2456;7716;2;1.2001266754532933E7
2457;7718;2;1.2001266754532933E7
2458;7718;0;1.2001266754532933E7
2459;7720;2;1.2001266754532933E7
2460;7722;2;1.2001266754532933E7
2461;7724;2;1.2001266754532933E7
2462;7725;1;1.2001266754532933E7
2463;7727;2;1.2001266754532933E7
2464;7729;2;1.2001266754532933E7
2465;7731;2;1.2001266754532933E7
2466;7732;1;1.2001266754532933E7
2467;7733;1;1.2001266754532933E7
2468;7734;1;1.2001266754532933E7
2469;7736;2;1.2001266754532933E7
2470;7736;0;1.2001266754532933E7
2471;7738;2;1.2001266754532933E7
2472;7738;0;1.2001266754532933E7
2473;7740;2;1.2001266754532933E7
2474;7741;1;1.2001266754532933E7
2475;7743;2;1.2001266754532933E7
2476;7744;1;1.1001376276924029E7
2477;7746;2;1.1001376276924029E7
2478;7749;3;1.1001376276924029E7
2479;7752;3;1.1001376276924029E7
2480;7754;2;1.1001376276924029E7
2481;7755;1;1.100137538169317E7
2482;7757;2;1.100137538169317E7
2483;7759;2;1.100137538169317E7
2484;7762;3;1.100137538169317E7
2485;7763;1;1.100137538169317E7
2486;7763;0;1.100137538169317E7
2487;7766;3;1.100137538169317E7
2488;7767;1;1.100137538169317E7
2489;7769;2;1.1001374861612262E7
2490;7771;2;1.1001374861612262E7
2491;7773;2;1.1001374861612262E7
2492;7776;3;1.1001374861612262E7
2493;7777;1;1.1001374861612262E7
2494;7778;1;1.1001374861612262E7
2495;7780;2;1.1001374861612262E7
2496;7781;1;1.1001374861612262E7
2497;7784;3;1.1001374861612262E7
2498;7786;2;1.1001374861612262E7
2499;7787;1;1.1001374861612262E7
2500;7788;1;1.1001374861612262E7
2501;7790;2;1.1001374861612262E7
2502;7793;3;1.1001374861612262E7
2503;7795;2;1.1001374861612262E7
2504;7798;3;1.1001374861612262E7
2505;7801;3;1.1001357026168521E7
2506;7804;3;1.100135641427077E7
2507;7806;2;1.100135641427077E7
2508;7806;0;1.100135641427077E7
2509;7808;2;1.100135641427077E7
2510;7810;2;1.1001310265600676E7
2511;7811;1;1.1001310265600676E7
2512;7813;2;1.100130431545529E7
2513;7815;2;1.100130431545529E7
2514;7817;2;1.100130431545529E7
2515;7817;0;1.100130431545529E7
2516;7819;2;1.1001303119545177E7
2517;7820;1;1.1001303119545177E7
2518;7822;2;1.1001303119545177E7
2519;7823;1;1.1001303119545177E7
2520;7825;2;1.1001303119545177E7
2521;7828;3;1.1001303119545177E7
2522;7831;3;1.1001303119545177E7
2523;7833;2;1.1001303119545177E7
2524;7835;2;1.1001303119545177E7
2525;7836;1;1.1001303119545177E7
2526;7838;2;1.1001303119545177E7
2527;7840;2;1.1001303119545177E7
2528;7843;3;1.1001303119545177E7
2529;7845;2;1.1001303119545177E7
2530;7848;3;1.1001303119545177E7
2531;7849;1;1.1001303119545177E7
2532;7852;3;1.1001303119545177E7
2533;7854;2;1.1001303119545177E7
2534;7856;2;1.1001303119545177E7
2535;7858;2;1.1001303119545177E7
2536;7860;2;1.1001303119545177E7
2537;7861;1;1.1001303119545177E7
2538;7864;3;1.1001303119545177E7
2539;7867;3;1.1001303119545177E7
2540;7868;1;1.1001303119545177E7
2541;7871;3;1.1001303119545177E7
2542;7872;1;1.1001303119545177E7
2543;7875;3;1.1001303119545177E7
2544;7877;2;1.1001303119545177E7
2545;7878;1;1.1001303119545177E7
2546;7878;0;1.1001303119545177E7
2547;7880;2;1.1001303119545177E7
2548;7883;3;1.1001303119545177E7
2549;7885;2;1.1001303119545177E7
2550;7888;3;1.1001303119545177E7
2551;7890;2;1.1001303119545177E7
2552;7890;0;1.1001303119545177E7
2553;7891;1;1.1001303119545177E7
2554;7893;2;1.1001303119545177E7
2555;7896;3;1.1001303119545177E7
2556;7899;3;1.1001303119545177E7
2557;7901;2;1.1001303119545177E7
2558;7903;2;1.1001303119545177E7
2559;7904;1;1.1001303119545177E7
2560;7907;3;1.1001303119545177E7
2561;7909;2;1.1001303119545177E7
2562;7912;3;1.1001303119545177E7
2563;7914;2;1.1001303119545177E7
2564;7916;2;1.1001303119545177E7
2565;7918;2;1.1001303119545177E7
2566;7919;1;1.1001303119545177E7
2567;7921;2;1.1001303119545177E7
2568;7922;1;1.1001303119545177E7
2569;7925;3;1.1001303119545177E7
2570;7927;2;1.1001303119545177E7
2571;7929;2;1.1001303119545177E7
2572;7930;1;1.1001303119545177E7
2573;7931;1;1.1001297867528887E7
2574;7933;2;1.1001297867528887E7
2575;7934;1;1.1001297867528887E7
2576;7936;2;1.1001297867528887E7
2577;7938;2;1.1001297867528887E7
2578;7939;1;1.1001297867528887E7
2579;7942;3;1.1001297867528887E7
2580;7944;2;1.1001297867528887E7
2581;7948;4;1.1001297867528887E7
2582;7950;2;1.1001297867528887E7
2583;7954;4;1.1001297867528887E7
2584;7956;2;1.1001297867528887E7
2585;7957;1;1.1001297867528887E7
2586;7959;2;1.1001297867528887E7
2587;7962;3;1.1001297867528887E7
2588;7966;4;1.1001297867528887E7
2589;7969;3;1.1001297867528887E7
2590;7970;1;1.1001297867528887E7
2591;7971;1;1.1001297867528887E7
2592;7975;4;1.1001297867528887E7
2593;7976;1;1.1001297867528887E7
2594;7978;2;1.1001297867528887E7
2595;7980;2;1.1001297867528887E7
2596;7983;3;1.1001297867528887E7
2597;7984;1;1.1001297867528887E7
2598;7985;1;1.1001297867528887E7
2599;7987;2;1.1001297867528887E7
2600;7988;1;1.1001297867528887E7
2601;7989;1;1.1001297867528887E7
2602;7992;3;1.1001297867528887E7
2603;7994;2;1.1001297867528887E7
2604;7995;1;1.1001297867528887E7
2605;7997;2;1.1001297867528887E7
2606;7999;2;1.1001297867528887E7
2607;8000;1;1.1001297867528887E7
2608;8001;1;1.1001297867528887E7
2609;8003;2;1.1001297867528887E7
2610;8006;3;1.1001297867528887E7
2611;8007;1;1.1001297867528887E7
2612;8010;3;1.1001297867528887E7
2613;8011;1;1.1001297867528887E7
2614;8012;1;1.1001297867528887E7
2615;8014;2;1.1001297867528887E7
2616;8015;1;1.1001297867528887E7
2617;8015;0;1.1001297867528887E7
2618;8017;2;1.1001297867528887E7
2619;8019;2;1.1001297867528887E7
2620;8020;1;1.1001297867528887E7
2621;8022;2;1.1001297867528887E7
2622;8023;1;1.1001297867528887E7
2623;8025;2;1.1001297867528887E7
2624;8028;3;1.1001297867528887E7
2625;8029;1;1.1001297867528887E7
2626;8032;3;1.1001297867528887E7
2627;8033;1;1.1001297867528887E7
2628;8035;2;1.1001297867528887E7
2629;8036;1;1.1001297867528887E7
2630;8038;2;1.1001297867528887E7
2631;8041;3;1.1001297867528887E7
2632;8042;1;1.1001297867528887E7
2633;8044;2;1.1001297867528887E7
2634;8046;2;1.1001297867528887E7
2635;8048;2;1.1001297867528887E7
2636;8053;5;1.1001297867528887E7
2637;8054;1;1.1001297867528887E7
2638;8057;3;1.1001297867528887E7
2639;8059;2;1.1001297867528887E7
2640;8061;2;1.1001297867528887E7
2641;8063;2;1.1001297867528887E7
2642;8065;2;1.1001297867528887E7
2643;8067;2;1.1001297867528887E7
2644;8070;3;1.1001297867528887E7
2645;8072;2;1.1001297867528887E7
2646;8075;3;1.1001297867528887E7
2647;8077;2;1.1001297867528887E7
2648;8078;1;1.1001297867528887E7
2649;8079;1;1.100129240009017E7
2650;8082;3;1.100129240009017E7
2651;8083;1;1.100129240009017E7
2652;8085;2;1.100129240009017E7
2653;8086;1;1.100129240009017E7
2654;8088;2;1.1001291181901386E7
2655;8088;0;1.1001291181901386E7
2656;8089;1;1.1001291181901386E7
2657;8091;2;1.1001279387461368E7
2658;8094;3;1.1001279387461368E7
2659;8094;0;1.1001279387461368E7
2660;8097;3;1.1001279387461368E7
2661;8098;1;1.1001279387461368E7
2662;8100;2;1.1001279387461368E7
2663;8103;3;1.1001279387461368E7
2664;8105;2;1.1001279387461368E7
2665;8107;2;1.1001279387461368E7
2666;8109;2;1.1001276237685658E7
2667;8112;3;1.1001276237685658E7
2668;8113;1;1.100127586103483E7
2669;8115;2;1.100127586103483E7
2670;8117;2;1.100127586103483E7
2671;8118;1;1.100127586103483E7
2672;8119;1;1.1001274834370863E7
2673;8121;2;1.1001274834370863E7
2674;8123;2;1.1001274834370863E7
2675;8124;1;1.1001274834370863E7
2676;8125;1;1.1001274834370863E7
2677;8126;1;1.1001274834370863E7
2678;8128;2;1.1001274834370863E7
2679;8130;2;1.1001274834370863E7
2680;8132;2;1.1001274834370863E7
2681;8135;3;1.1001274834370863E7
2682;8138;3;1.1001274834370863E7
2683;8140;2;1.1001274834370863E7
2684;8141;1;1.1001274834370863E7
2685;8143;2;1.1001274834370863E7
2686;8145;2;1.1001274834370863E7
2687;8147;2;1.1001270312397111E7
2688;8148;1;1.1001270312397111E7
2689;8150;2;1.1001270312397111E7
2690;8152;2;1.1001270312397111E7
2691;8154;2;1.1001270312397111E7
2692;8156;2;1.1001270312397111E7
2693;8158;2;1.1001270312397111E7
2694;8160;2;1.1001270312397111E7
2695;8162;2;1.1001270312397111E7
2696;8164;2;1.1001270312397111E7
2697;8166;2;1.1001270312397111E7
2698;8169;3;1.1001270312397111E7
2699;8171;2;1.1001261420052793E7
2700;8172;1;1.1001261420052793E7
2701;8173;1;1.1001261420052793E7
2702;8175;2;1.1001261420052793E7
2703;8176;1;1.1001261420052793E7
2704;8178;2;1.1001261420052793E7
2705;8180;2;1.1001261420052793E7
2706;8181;1;1.1001261420052793E7
2707;8182;1;1.100126130816249E7
2708;8184;2;1.100126130816249E7
2709;8185;1;1.100126130816249E7
2710;8187;2;1.100126130816249E7
2711;8190;3;1.100126130816249E7
2712;8192;2;1.100126130816249E7
2713;8192;0;1.100126130816249E7
2714;8194;2;1.1001258711286727E7
2715;8196;2;1.1001258711286727E7
2716;8198;2;1.1001258711286727E7
2717;8199;1;1.1001258711286727E7
2718;8202;3;1.1001258711286727E7
2719;8204;2;1.1001248531492915E7
2720;8206;2;1.1001248531492915E7
2721;8208;2;1.1001248531492915E7
2722;8209;1;1.1001248531492915E7
2723;8211;2;1.1001248531492915E7
2724;8215;4;1.1001248531492915E7
2725;8217;2;1.1001248531492915E7
2726;8221;4;1.1001248531492915E7
2727;8224;3;1.1001248531492915E7
2728;8225;1;1.1001247738903897E7
2729;8228;3;1.1001247738903897E7
2730;8232;4;1.1001246723942885E7
2731;8235;3;1.1001246723942885E7
2732;8238;3;1.1001246723942885E7
2733;8241;3;1.1001246723942885E7
2734;8242;1;1.1001246723942885E7
2735;8245;3;1.1001246723942885E7
2736;8247;2;1.1001246723942885E7
2737;8250;3;1.1001246723942885E7
2738;8252;2;1.1001246723942885E7
2739;8254;2;1.1001246723942885E7
2740;8255;1;1.1001246723942885E7
2741;8256;1;1.1001246723942885E7
2742;8258;2;1.1001246723942885E7
2743;8260;2;1.1001246723942885E7
2744;8262;2;1.1001246723942885E7
2745;8264;2;1.1001246723942885E7
2746;8264;0;1.1001246723942885E7
2747;8266;2;1.1001246723942885E7
2748;8268;2;1.1001246723942885E7
2749;8270;2;1.1001246723942885E7
2750;8271;1;1.1001246723942885E7
2751;8272;1;1.1001246723942885E7
2752;8274;2;1.1001246723942885E7
2753;8275;1;1.1001246723942885E7
2754;8278;3;1.1001246723942885E7
2755;8282;4;1.1001246723942885E7
2756;8283;1;1.1001246723942885E7
2757;8284;1;1.1001246723942885E7
2758;8286;2;1.1001246723942885E7
2759;8288;2;1.1001246723942885E7
2760;8291;3;1.1001246723942885E7
2761;8292;1;1.1001246723942885E7
2762;8294;2;1.1001246723942885E7
2763;8296;2;1.1001246723942885E7
2764;8300;4;1.1001246723942885E7
2765;8303;3;1.1001246723942885E7
2766;8307;4;1.1001246723942885E7
2767;8311;4;1.1001246723942885E7
2768;8312;1;1.1001246723942885E7
2769;8314;2;1.1001246723942885E7
2770;8316;2;1.1001246723942885E7
2771;8317;1;1.1001246723942885E7
2772;8319;2;1.1001246723942885E7
2773;8321;2;1.1001246723942885E7
2774;8322;1;1.1001246723942885E7
2775;8324;2;1.1001246723942885E7
2776;8326;2;1.1001246723942885E7
2777;8328;2;1.1001246723942885E7
2778;8332;4;1.1001246723942885E7
2779;8334;2;1.1001246723942885E7
2780;8335;1;1.1001246723942885E7
2781;8337;2;1.1001246723942885E7
2782;8339;2;1.1001246723942885E7
2783;8342;3;1.1001246723942885E7
2784;8343;1;1.1001246723942885E7
2785;8344;1;1.1001246723942885E7
2786;8344;0;1.1001246723942885E7
2787;8346;2;1.1001246723942885E7
2788;8346;0;1.1001246723942885E7
2789;8349;3;1.1001246723942885E7
2790;8352;3;1.1001246723942885E7
2791;8355;3;1.1001246723942885E7
2792;8358;3;1.1001246723942885E7
2793;8360;2;1.1001246723942885E7
2794;8362;2;1.1001246723942885E7
2795;8364;2;1.1001246723942885E7
2796;8366;2;1.1001246723942885E7
2797;8368;2;1.1001246723942885E7
2798;8371;3;1.1001246723942885E7
2799;8373;2;1.1001246723942885E7
2800;8374;1;1.1001246723942885E7
2801;8377;3;1.1001246723942885E7
2802;8379;2;1.1001246723942885E7
2803;8382;3;1.1001246723942885E7
2804;8384;2;1.1001246723942885E7
2805;8387;3;1.1001246723942885E7
2806;8389;2;1.1001246723942885E7
2807;8390;1;1.1001246723942885E7
2808;8392;2;1.1001246723942885E7
2809;8395;3;1.1001246723942885E7
2810;8397;2;1.1001246723942885E7
2811;8399;2;1.1001246723942885E7
2812;8401;2;1.1001246723942885E7
2813;8403;2;1.1001246723942885E7
2814;8406;3;1.1001246723942885E7
2815;8408;2;1.1001246723942885E7
2816;8409;1;1.1001246723942885E7
2817;8411;2;1.1001246723942885E7
2818;8414;3;1.1001246723942885E7
2819;8415;1;1.1001246723942885E7
2820;8418;3;1.1001246723942885E7
2821;8420;2;1.1001246723942885E7
2822;8422;2;1.1001246723942885E7
2823;8424;2;1.1001246723942885E7
2824;8426;2;1.1001246723942885E7
2825;8428;2;1.1001246723942885E7
2826;8430;2;1.1001246723942885E7
2827;8432;2;1.1001246723942885E7
2828;8434;2;1.1001246723942885E7
2829;8436;2;1.1001246723942885E7
2830;8437;1;1.1001246723942885E7
2831;8438;1;1.1001246723942885E7
2832;8439;1;1.1001246723942885E7
2833;8440;1;1.1001246723942885E7
2834;8441;1;1.1001246723942885E7
2835;8442;1;1.1001246723942885E7
2836;8443;1;1.1001246723942885E7
2837;8444;1;1.1001246723942885E7
2838;8446;2;1.1001246723942885E7
2839;8448;2;1.1001246723942885E7
2840;8451;3;1.1001246723942885E7
2841;8454;3;1.1001246723942885E7
2842;8454;0;1.1001246723942885E7
2843;8455;1;1.1001246723942885E7
2844;8455;0;1.1001246723942885E7
2845;8457;2;1.1001246723942885E7
2846;8459;2;1.1001246723942885E7
2847;8460;1;1.1001246723942885E7
2848;8463;3;1.1001246723942885E7
2849;8465;2;1.1001246723942885E7
2850;8468;3;1.1001246723942885E7
2851;8470;2;1.1001246723942885E7
2852;8473;3;1.1001246723942885E7
2853;8475;2;1.1001246723942885E7
2854;8477;2;1.1001246723942885E7
2855;8480;3;1.1001246723942885E7
2856;8480;0;1.1001246723942885E7
2857;8483;3;1.1001246723942885E7
2858;8486;3;1.1001246723942885E7
2859;8492;6;1.1001246723942885E7
2860;8493;1;1.1001246723942885E7
2861;8494;1;1.1001246723942885E7
2862;8497;3;1.1001246723942885E7
2863;8498;1;1.1001246723942885E7
2864;8498;0;1.1001246723942885E7
2865;8500;2;1.1001246723942885E7
2866;8502;2;1.1001246723942885E7
2867;8504;2;1.1001246723942885E7
2868;8505;1;1.1001246723942885E7
2869;8508;3;1.1001246723942885E7
2870;8509;1;1.1001246723942885E7
2871;8511;2;1.1001246723942885E7
2872;8513;2;1.1001246723942885E7
2873;8517;4;1.1001246723942885E7
2874;8521;4;1.1001246723942885E7
2875;8522;1;1.1001246723942885E7
2876;8525;3;1.1001246723942885E7
2877;8530;5;1.1001246723942885E7
2878;8531;1;1.1001246723942885E7
2879;8533;2;1.1001246723942885E7
2880;8534;1;1.1001246723942885E7
2881;8537;3;1.1001246723942885E7
2882;8541;4;1.1001246723942885E7
2883;8541;0;1.1001246723942885E7
2884;8542;1;1.1001246723942885E7
2885;8544;2;1.1001246723942885E7
2886;8546;2;1.1001246723942885E7
2887;8547;1;1.1001246723942885E7
2888;8549;2;1.1001246723942885E7
2889;8550;1;1.1001246723942885E7
2890;8553;3;1.1001246723942885E7
2891;8554;1;1.1001246723942885E7
2892;8557;3;1.1001246723942885E7
2893;8558;1;1.1001246723942885E7
2894;8559;1;1.1001246723942885E7
2895;8561;2;1.1001246723942885E7
2896;8562;1;1.1001246723942885E7
2897;8564;2;1.1001246723942885E7
2898;8566;2;1.1001246723942885E7
2899;8566;0;1.1001246723942885E7
2900;8568;2;1.1001246723942885E7
2901;8569;1;1.1001246723942885E7
2902;8571;2;1.1001246723942885E7
2903;8572;1;1.100124188224529E7
2904;8577;5;1.1001227111282472E7
2905;8579;2;1.1001227111282472E7
2906;8580;1;1.1001227111282472E7
2907;8582;2;1.1001227111282472E7
2908;8585;3;1.1001227111282472E7
2909;8585;0;1.1001227111282472E7
2910;8587;2;1.1001227111282472E7
2911;8590;3;1.1001227111282472E7
2912;8592;2;1.1001227111282472E7
2913;8598;6;1.1001227111282472E7
2914;8602;4;1.1001227111282472E7
2915;8605;3;1.1001227111282472E7
2916;8608;3;1.1001227111282472E7
2917;8610;2;1.1001227111282472E7
2918;8613;3;1.1001227111282472E7
2919;8617;4;1.1001227111282472E7
2920;8619;2;1.1001227111282472E7
2921;8621;2;1.1001227111282472E7
2922;8621;0;1.1001227111282472E7
2923;8622;1;1.1001227111282472E7
2924;8623;1;1.1001227111282472E7
2925;8624;1;1.1001227111282472E7
2926;8625;1;1.1001227111282472E7
2927;8626;1;1.1001227111282472E7
2928;8627;1;1.1001227111282472E7
2929;8630;3;1.1001227111282472E7
2930;8630;0;1.1001227111282472E7
2931;8632;2;1.1001227111282472E7
2932;8633;1;1.1001227111282472E7
2933;8635;2;1.1001227111282472E7
2934;8637;2;1.1001227111282472E7
2935;8638;1;1.1001227111282472E7
2936;8639;1;1.1001226582293604E7
2937;8641;2;1.1001226582293604E7
2938;8642;1;1.1001226582293604E7
2939;8644;2;1.1001226582293604E7
2940;8646;2;1.1001226582293604E7
2941;8649;3;1.1001221496401306E7
2942;8651;2;1.1001221496401306E7
2943;8652;1;1.1001221496401306E7
2944;8653;1;1.1001221496401306E7
2945;8654;1;1.1001221496401306E7
2946;8656;2;1.1001221496401306E7
2947;8658;2;1.1001221496401306E7
2948;8659;1;1.1001221496401306E7
2949;8661;2;1.1001221496401306E7
2950;8663;2;1.1001221496401306E7
2951;8666;3;1.1001221496401306E7
2952;8667;1;1.1001221496401306E7
2953;8670;3;1.1001221496401306E7
2954;8671;1;1.1001221496401306E7
2955;8674;3;1.1001221496401306E7
2956;8676;2;1.1001221496401306E7
2957;8677;1;1.1001221496401306E7
2958;8679;2;1.1001221496401306E7
2959;8680;1;1.1001221496401306E7
2960;8681;1;1.1001221496401306E7
2961;8682;1;1.1001221496401306E7
2962;8684;2;1.1001221496401306E7
2963;8687;3;1.1001221496401306E7
2964;8689;2;1.1001221496401306E7
2965;8690;1;1.1001221496401306E7
2966;8691;1;1.1001221496401306E7
2967;8694;3;1.1001221496401306E7
2968;8695;1;1.1001221496401306E7
2969;8696;1;1.1001221496401306E7
2970;8698;2;1.1001221496401306E7
2971;8701;3;1.1001221496401306E7
2972;8703;2;1.1001221496401306E7
2973;8705;2;1.1001221496401306E7
2974;8706;1;1.1001221496401306E7
2975;8708;2;1.1001221496401306E7
2976;8710;2;1.1001221496401306E7
2977;8712;2;1.1001221496401306E7
2978;8715;3;1.100121983064212E7
2979;8718;3;1.100121983064212E7
2980;8719;1;1.100121983064212E7
2981;8719;0;1.100121983064212E7
2982;8721;2;1.100121983064212E7
2983;8722;1;1.100121983064212E7
2984;8722;0;1.100121983064212E7
2985;8724;2;1.100121983064212E7
2986;8726;2;1.100121983064212E7
2987;8728;2;1.100121983064212E7
2988;8729;1;1.100121983064212E7
2989;8730;1;1.100121983064212E7
2990;8732;2;1.100121983064212E7
2991;8733;1;1.100121983064212E7
2992;8734;1;1.100121983064212E7
2993;8735;1;1.100121983064212E7
2994;8736;1;1.1001219740326434E7
2995;8739;3;1.1001219740326434E7
2996;8740;1;1.1001219740326434E7
2997;8740;0;1.1001219740326434E7
2998;8742;2;1.1001219740326434E7
2999;8743;1;1.1001219740326434E7
