Index;Time point [ms];Iteration length [ms];Cost
0;4;4;1.2002232934603022E7
1;7;3;1.200195209757352E7
2;11;4;1.2001527665501513E7
3;15;4;1.2001527665501513E7
4;21;6;1.2001352612778554E7
5;23;2;1.1001583206583463E7
6;23;0;1.1001583206583463E7
7;25;2;1.1001583206583463E7
8;30;5;1.100155927882889E7
9;33;3;1.1001435668083424E7
10;38;5;1.1001435668083424E7
11;42;4;1.1001435668083424E7
12;44;2;1.1001435668083424E7
13;47;3;1.1001435668083424E7
14;50;3;1.1001435668083424E7
15;53;3;1.1001435668083424E7
16;56;3;1.1001435668083424E7
17;60;4;1.1001435668083424E7
18;64;4;1.1001435668083424E7
19;76;12;1.1001435668083424E7
20;79;3;1.0001803658148954E7
21;85;6;1.0001803658148954E7
22;90;5;1.0001803658148954E7
23;91;1;1.0001803658148954E7
24;95;4;1.0001803658148954E7
25;100;5;1.0001593072253058E7
26;105;5;1.0001593072253058E7
27;109;4;1.0001593072253058E7
28;113;4;1.0001593072253058E7
29;119;6;1.0001593072253058E7
30;125;6;1.0001593072253058E7
31;139;14;1.0001593072253058E7
32;144;5;1.0001593072253058E7
33;149;5;1.0001593072253058E7
34;151;2;1.0001593072253058E7
35;154;3;1.0001593072253058E7
36;156;2;1.0001593072253058E7
37;163;7;1.0001593072253058E7
38;167;4;1.0001593072253058E7
39;168;1;1.0001593072253058E7
40;171;3;1.0001593072253058E7
41;187;16;1.0001593072253058E7
42;202;15;1.0001593072253058E7
43;209;7;1.0001593072253058E7
44;215;6;1.0001593072253058E7
45;218;3;1.0001593072253058E7
46;221;3;1.0001593072253058E7
47;225;4;1.0001593072253058E7
48;228;3;1.0001593072253058E7
49;229;1;1.0001593072253058E7
50;233;4;1.0001593072253058E7
51;237;4;1.0001593072253058E7
52;241;4;1.0001593072253058E7
53;244;3;1.0001593072253058E7
54;245;1;1.0001593072253058E7
55;247;2;1.0001593072253058E7
56;249;2;1.0001593072253058E7
57;254;5;1.0001593072253058E7
58;257;3;1.0001593072253058E7
59;258;1;1.0001593072253058E7
60;260;2;1.0001593072253058E7
61;265;5;1.0001593072253058E7
62;267;2;1.0001593072253058E7
63;269;2;1.0001593072253058E7
64;274;5;1.0001593072253058E7
65;275;1;1.0001593072253058E7
66;279;4;1.0001593072253058E7
67;282;3;1.0001593072253058E7
68;286;4;1.0001593072253058E7
69;287;1;1.0001593072253058E7
70;288;1;1.0001593072253058E7
71;291;3;1.0001593072253058E7
72;294;3;1.0001593072253058E7
73;297;3;1.0001593072253058E7
74;301;4;1.0001593072253058E7
75;304;3;1.0001593072253058E7
76;306;2;1.0001593072253058E7
77;318;12;1.0001593072253058E7
78;323;5;1.0001593072253058E7
79;326;3;1.0001593072253058E7
80;333;7;1.0001593072253058E7
81;340;7;1.0001593072253058E7
82;343;3;1.0001593072253058E7
83;348;5;1.0001593072253058E7
84;353;5;1.0001593072253058E7
85;358;5;1.0001593072253058E7
86;362;4;1.0001593072253058E7
87;366;4;1.0001593072253058E7
88;370;4;1.0001593072253058E7
89;371;1;1.0001593072253058E7
90;377;6;1.0001593072253058E7
91;382;5;1.0001593072253058E7
92;388;6;1.0001593072253058E7
93;391;3;1.0001593072253058E7
94;395;4;1.0001593072253058E7
95;399;4;1.0001593072253058E7
96;407;8;1.0001593072253058E7
97;412;5;1.0001593072253058E7
98;417;5;1.0001593072253058E7
99;422;5;1.0001593072253058E7
100;426;4;1.0001593072253058E7
101;428;2;1.0001593072253058E7
102;435;7;1.0001593072253058E7
103;438;3;1.0001593072253058E7
104;440;2;1.0001593072253058E7
105;443;3;1.0001593072253058E7
106;445;2;1.0001593072253058E7
107;448;3;1.0001593072253058E7
108;449;1;1.0001593072253058E7
109;452;3;1.0001593072253058E7
110;456;4;1.0001593072253058E7
111;460;4;1.0001593072253058E7
112;461;1;1.0001593072253058E7
113;465;4;1.0001593072253058E7
114;465;0;1.0001593072253058E7
115;466;1;1.0001593072253058E7
116;469;3;1.0001593072253058E7
117;473;4;1.0001593072253058E7
118;475;2;1.0001593072253058E7
119;478;3;1.0001593072253058E7
120;481;3;1.0001593072253058E7
121;484;3;1.0001593072253058E7
122;486;2;1.0001593072253058E7
123;487;1;1.0001593072253058E7
124;488;1;1.0001593072253058E7
125;491;3;1.0001593072253058E7
126;493;2;1.0001593072253058E7
127;495;2;1.0001593072253058E7
128;499;4;1.0001593072253058E7
129;502;3;1.0001593072253058E7
130;505;3;1.0001593072253058E7
131;509;4;1.0001593072253058E7
132;512;3;1.0001593072253058E7
133;517;5;1.0001593072253058E7
134;521;4;1.0001593072253058E7
135;524;3;1.0001593072253058E7
136;526;2;1.0001593072253058E7
137;528;2;1.0001593072253058E7
138;534;6;1.0001593072253058E7
139;538;4;1.0001593072253058E7
140;543;5;1.0001593072253058E7
141;545;2;1.0001593072253058E7
142;550;5;1.0001593072253058E7
143;553;3;1.0001593072253058E7
144;556;3;1.0001593072253058E7
145;559;3;1.0001593072253058E7
146;562;3;1.0001593072253058E7
147;567;5;1.0001593072253058E7
148;569;2;1.0001593072253058E7
149;573;4;1.0001593072253058E7
150;573;0;1.0001593072253058E7
151;574;1;1.0001593072253058E7
152;576;2;1.0001593072253058E7
153;578;2;1.0001593072253058E7
154;584;6;1.0001593072253058E7
155;587;3;1.0001593072253058E7
156;590;3;1.0001593072253058E7
157;605;15;1.0001593072253058E7
158;612;7;1.0001593072253058E7
159;619;7;1.0001593072253058E7
160;624;5;1.0001593072253058E7
161;625;1;1.0001593072253058E7
162;627;2;1.0001593072253058E7
163;634;7;1.0001593072253058E7
164;638;4;1.0001593072253058E7
165;640;2;1.0001593072253058E7
166;645;5;1.0001593072253058E7
167;649;4;1.0001593072253058E7
168;651;2;1.0001593072253058E7
169;660;9;1.0001593072253058E7
170;669;9;1.0001593072253058E7
171;676;7;1.0001593072253058E7
172;681;5;1.0001593072253058E7
173;688;7;1.0001593072253058E7
174;691;3;1.0001593072253058E7
175;695;4;1.0001593072253058E7
176;700;5;1.0001593072253058E7
177;704;4;1.0001593072253058E7
178;706;2;1.0001593072253058E7
179;711;5;1.0001593072253058E7
180;716;5;1.0001593072253058E7
181;720;4;1.0001593072253058E7
182;721;1;1.0001593072253058E7
183;725;4;1.0001593072253058E7
184;732;7;1.0001593072253058E7
185;736;4;1.0001593072253058E7
186;737;1;1.0001593072253058E7
187;741;4;1.0001593072253058E7
188;745;4;1.0001593072253058E7
189;751;6;1.0001593072253058E7
190;756;5;1.0001593072253058E7
191;761;5;1.0001593072253058E7
192;764;3;1.0001593072253058E7
193;770;6;1.0001593072253058E7
194;775;5;1.0001593072253058E7
195;779;4;1.0001593072253058E7
196;783;4;1.0001593072253058E7
197;789;6;1.0001593072253058E7
198;795;6;1.0001593072253058E7
199;799;4;1.0001593072253058E7
200;801;2;1.0001593072253058E7
201;806;5;1.0001593072253058E7
202;811;5;1.0001593072253058E7
203;812;1;1.0001593072253058E7
204;815;3;1.0001593072253058E7
205;820;5;1.0001593072253058E7
206;825;5;1.0001593072253058E7
207;830;5;1.0001593072253058E7
208;834;4;1.0001593072253058E7
209;839;5;1.0001593072253058E7
210;842;3;1.0001593072253058E7
211;846;4;1.0001593072253058E7
212;849;3;1.0001593072253058E7
213;853;4;1.0001593072253058E7
214;859;6;1.0001593072253058E7
215;863;4;1.0001593072253058E7
216;866;3;1.0001593072253058E7
217;871;5;1.0001593072253058E7
218;873;2;1.0001593072253058E7
219;875;2;1.0001593072253058E7
220;878;3;1.0001593072253058E7
221;889;11;1.0001593072253058E7
222;894;5;1.0001593072253058E7
223;895;1;1.0001593072253058E7
224;897;2;1.0001593072253058E7
225;899;2;1.0001593072253058E7
226;903;4;1.0001593072253058E7
227;908;5;1.0001593072253058E7
228;911;3;1.0001593072253058E7
229;918;7;1.0001593072253058E7
230;923;5;1.0001593072253058E7
231;930;7;1.0001593072253058E7
232;936;6;1.0001593072253058E7
233;940;4;1.0001593072253058E7
234;945;5;1.0001593072253058E7
235;951;6;1.0001593072253058E7
236;953;2;1.0001593072253058E7
237;957;4;1.0001593072253058E7
238;962;5;1.0001593072253058E7
239;965;3;1.0001593072253058E7
240;967;2;1.0001593072253058E7
241;971;4;1.0001593072253058E7
242;978;7;1.0001593072253058E7
243;984;6;1.0001593072253058E7
244;988;4;1.0001593072253058E7
245;992;4;1.0001593072253058E7
246;995;3;1.0001593072253058E7
247;998;3;1.0001593072253058E7
248;1002;4;1.0001593072253058E7
249;1003;1;1.0001593072253058E7
250;1009;6;1.0001593072253058E7
251;1011;2;1.0001593072253058E7
252;1017;6;1.0001593072253058E7
253;1030;13;1.0001593072253058E7
254;1034;4;1.0001593072253058E7
255;1040;6;1.0001593072253058E7
256;1046;6;1.0001593072253058E7
257;1050;4;1.0001593072253058E7
258;1054;4;1.0001593072253058E7
259;1055;1;1.0001593072253058E7
260;1060;5;1.0001593072253058E7
261;1069;9;1.0001593072253058E7
262;1074;5;1.0001593072253058E7
263;1078;4;1.0001593072253058E7
264;1087;9;1.0001593072253058E7
265;1091;4;1.0001593072253058E7
266;1096;5;1.0001593072253058E7
267;1100;4;1.0001593072253058E7
268;1104;4;1.0001593072253058E7
269;1107;3;1.0001593072253058E7
270;1112;5;1.0001593072253058E7
271;1115;3;1.0001593072253058E7
272;1116;1;1.0001593072253058E7
273;1122;6;1.0001593072253058E7
274;1124;2;1.0001593072253058E7
275;1126;2;1.0001593072253058E7
276;1130;4;1.0001593072253058E7
277;1131;1;1.0001593072253058E7
278;1135;4;1.0001593072253058E7
279;1141;6;1.0001593072253058E7
280;1144;3;1.0001593072253058E7
281;1145;1;1.0001593072253058E7
282;1150;5;1.0001593072253058E7
283;1155;5;1.0001593072253058E7
284;1161;6;1.0001593072253058E7
285;1162;1;1.0001593072253058E7
286;1162;0;1.0001593072253058E7
287;1167;5;1.0001593072253058E7
288;1171;4;1.0001593072253058E7
289;1172;1;1.0001593072253058E7
290;1178;6;1.0001593072253058E7
291;1181;3;1.0001593072253058E7
292;1182;1;1.0001593072253058E7
293;1188;6;1.0001593072253058E7
294;1192;4;1.0001593072253058E7
295;1195;3;1.0001593072253058E7
296;1202;7;1.0001593072253058E7
297;1208;6;1.0001593072253058E7
298;1213;5;1.0001593072253058E7
299;1217;4;1.0001593072253058E7
300;1223;6;1.0001593072253058E7
301;1226;3;1.0001593072253058E7
302;1230;4;1.0001593072253058E7
303;1235;5;1.0001593072253058E7
304;1239;4;1.0001593072253058E7
305;1245;6;1.0001593072253058E7
306;1248;3;1.0001593072253058E7
307;1251;3;1.0001593072253058E7
308;1259;8;1.0001593072253058E7
309;1259;0;1.0001593072253058E7
310;1260;1;1.0001593072253058E7
311;1267;7;1.0001593072253058E7
312;1275;8;1.0001593072253058E7
313;1281;6;1.0001593072253058E7
314;1281;0;1.0001593072253058E7
315;1287;6;1.0001593072253058E7
316;1290;3;1.0001593072253058E7
317;1294;4;1.0001593072253058E7
318;1297;3;1.0001593072253058E7
319;1302;5;1.0001593072253058E7
320;1308;6;1.0001593072253058E7
321;1317;9;1.0001593072253058E7
322;1318;1;1.0001593072253058E7
323;1326;8;1.0001593072253058E7
324;1331;5;1.0001593072253058E7
325;1331;0;1.0001593072253058E7
326;1336;5;1.0001593072253058E7
327;1336;0;1.0001593072253058E7
328;1340;4;1.0001593072253058E7
329;1342;2;1.0001593072253058E7
330;1345;3;1.0001593072253058E7
331;1350;5;1.0001593072253058E7
332;1353;3;1.0001593072253058E7
333;1364;11;1.0001593072253058E7
334;1369;5;1.0001593072253058E7
335;1373;4;1.0001593072253058E7
336;1399;26;1.0001593072253058E7
337;1404;5;1.0001593072253058E7
338;1415;11;1.0001593072253058E7
339;1431;16;1.0001593072253058E7
340;1435;4;1.0001593072253058E7
341;1439;4;1.0001593072253058E7
342;1440;1;1.0001593072253058E7
343;1445;5;1.0001593072253058E7
344;1468;23;1.0001593072253058E7
345;1471;3;1.0001593072253058E7
346;1475;4;1.0001593072253058E7
347;1480;5;1.0001593072253058E7
348;1481;1;1.0001593072253058E7
349;1486;5;1.0001593072253058E7
350;1491;5;1.0001593072253058E7
351;1492;1;1.0001593072253058E7
352;1497;5;1.0001593072253058E7
353;1500;3;1.0001593072253058E7
354;1502;2;1.0001593072253058E7
355;1507;5;1.0001593072253058E7
356;1510;3;1.0001593072253058E7
357;1516;6;1.0001593072253058E7
358;1521;5;1.0001593072253058E7
359;1525;4;1.0001593072253058E7
360;1528;3;1.0001593072253058E7
361;1529;1;1.0001593072253058E7
362;1531;2;1.0001593072253058E7
363;1532;1;1.0001593072253058E7
364;1533;1;1.0001593072253058E7
365;1535;2;1.0001593072253058E7
366;1537;2;1.0001593072253058E7
367;1539;2;1.0001593072253058E7
368;1542;3;1.0001593072253058E7
369;1545;3;1.0001593072253058E7
370;1548;3;1.0001593072253058E7
371;1551;3;1.0001593072253058E7
372;1553;2;1.0001593072253058E7
373;1554;1;1.0001593072253058E7
374;1557;3;1.0001593072253058E7
375;1560;3;1.0001593072253058E7
376;1562;2;1.0001593072253058E7
377;1563;1;1.0001593072253058E7
378;1565;2;1.0001593072253058E7
379;1569;4;1.0001593072253058E7
380;1570;1;1.0001593072253058E7
381;1571;1;1.0001593072253058E7
382;1574;3;1.0001593072253058E7
383;1577;3;1.0001593072253058E7
384;1577;0;1.0001593072253058E7
385;1578;1;1.0001593072253058E7
386;1580;2;1.0001593072253058E7
387;1584;4;1.0001593072253058E7
388;1589;5;1.0001593072253058E7
389;1592;3;1.0001593072253058E7
390;1593;1;1.0001593072253058E7
391;1596;3;1.0001593072253058E7
392;1597;1;1.0001593072253058E7
393;1598;1;1.0001593072253058E7
394;1601;3;1.0001593072253058E7
395;1604;3;1.0001593072253058E7
396;1606;2;1.0001593072253058E7
397;1608;2;1.0001593072253058E7
398;1611;3;1.0001593072253058E7
399;1613;2;1.0001593072253058E7
400;1616;3;1.0001593072253058E7
401;1619;3;1.0001593072253058E7
402;1621;2;1.0001593072253058E7
403;1622;1;1.0001593072253058E7
404;1625;3;1.0001593072253058E7
405;1628;3;1.0001593072253058E7
406;1628;0;1.0001593072253058E7
407;1630;2;1.0001593072253058E7
408;1631;1;1.0001593072253058E7
409;1634;3;1.0001593072253058E7
410;1637;3;1.0001593072253058E7
411;1639;2;1.0001593072253058E7
412;1642;3;1.0001593072253058E7
413;1647;5;1.0001593072253058E7
414;1648;1;1.0001593072253058E7
415;1651;3;1.0001593072253058E7
416;1653;2;1.0001593072253058E7
417;1656;3;1.0001593072253058E7
418;1657;1;1.0001593072253058E7
419;1659;2;1.0001593072253058E7
420;1664;5;1.0001593072253058E7
421;1671;7;1.0001593072253058E7
422;1675;4;1.0001593072253058E7
423;1678;3;1.0001593072253058E7
424;1680;2;1.0001593072253058E7
425;1683;3;1.0001593072253058E7
426;1687;4;1.0001593072253058E7
427;1689;2;1.0001593072253058E7
428;1692;3;1.0001593072253058E7
429;1693;1;1.0001593072253058E7
430;1696;3;1.0001593072253058E7
431;1699;3;1.0001593072253058E7
432;1702;3;1.0001593072253058E7
433;1705;3;1.0001593072253058E7
434;1706;1;1.0001593072253058E7
435;1707;1;1.0001593072253058E7
436;1710;3;1.0001593072253058E7
437;1714;4;1.0001593072253058E7
438;1717;3;1.0001593072253058E7
439;1719;2;1.0001593072253058E7
440;1720;1;1.0001593072253058E7
441;1722;2;1.0001593072253058E7
442;1722;0;1.0001593072253058E7
443;1725;3;1.0001593072253058E7
444;1728;3;1.0001593072253058E7
445;1730;2;1.0001593072253058E7
446;1732;2;1.0001593072253058E7
447;1735;3;1.0001593072253058E7
448;1739;4;1.0001593072253058E7
449;1741;2;1.0001593072253058E7
450;1745;4;1.0001593072253058E7
451;1746;1;1.0001593072253058E7
452;1749;3;1.0001593072253058E7
453;1751;2;1.0001593072253058E7
454;1755;4;1.0001593072253058E7
455;1756;1;1.0001593072253058E7
456;1758;2;1.0001593072253058E7
457;1760;2;1.0001593072253058E7
458;1764;4;1.0001593072253058E7
459;1766;2;1.0001593072253058E7
460;1768;2;1.0001593072253058E7
461;1771;3;1.0001593072253058E7
462;1773;2;1.0001593072253058E7
463;1775;2;1.0001593072253058E7
464;1776;1;1.0001593072253058E7
465;1778;2;1.0001593072253058E7
466;1781;3;1.0001593072253058E7
467;1783;2;1.0001593072253058E7
468;1786;3;1.0001593072253058E7
469;1788;2;1.0001593072253058E7
470;1789;1;1.0001593072253058E7
471;1791;2;1.0001593072253058E7
472;1794;3;1.0001593072253058E7
473;1794;0;1.0001593072253058E7
474;1796;2;1.0001593072253058E7
475;1798;2;1.0001593072253058E7
476;1801;3;1.0001593072253058E7
477;1801;0;1.0001593072253058E7
478;1804;3;1.0001593072253058E7
479;1806;2;1.0001593072253058E7
480;1808;2;1.0001593072253058E7
481;1812;4;1.0001593072253058E7
482;1814;2;1.0001593072253058E7
483;1817;3;1.0001593072253058E7
484;1819;2;1.0001593072253058E7
485;1822;3;1.0001593072253058E7
486;1823;1;1.0001593072253058E7
487;1826;3;1.0001593072253058E7
488;1828;2;1.0001593072253058E7
489;1831;3;1.0001593072253058E7
490;1834;3;1.0001593072253058E7
491;1836;2;1.0001593072253058E7
492;1838;2;1.0001593072253058E7
493;1839;1;1.0001593072253058E7
494;1841;2;1.0001593072253058E7
495;1841;0;1.0001593072253058E7
496;1842;1;1.0001593072253058E7
497;1846;4;1.0001593072253058E7
498;1847;1;1.0001593072253058E7
499;1849;2;1.0001593072253058E7
500;1851;2;1.0001593072253058E7
501;1853;2;1.0001559855034597E7
502;1856;3;1.0001559855034597E7
503;1857;1;1.0001559855034597E7
504;1860;3;1.0001559855034597E7
505;1860;0;1.0001559855034597E7
506;1863;3;1.0001559855034597E7
507;1867;4;1.0001559855034597E7
508;1868;1;1.0001559855034597E7
509;1870;2;1.0001559855034597E7
510;1872;2;1.0001553636918047E7
511;1875;3;1.0001553636918047E7
512;1877;2;1.0001553636918047E7
513;1881;4;1.0001553636918047E7
514;1884;3;1.0001553636918047E7
515;1884;0;1.0001553636918047E7
516;1887;3;1.0001553636918047E7
517;1888;1;1.0001553636918047E7
518;1890;2;1.0001553636918047E7
519;1891;1;1.0001553636918047E7
520;1893;2;1.0001553636918047E7
521;1894;1;1.0001553636918047E7
522;1894;0;1.0001553636918047E7
523;1898;4;1.0001553636918047E7
524;1900;2;1.0001553636918047E7
525;1901;1;1.0001553636918047E7
526;1904;3;1.0001553636918047E7
527;1907;3;1.0001553636918047E7
528;1910;3;1.0001553636918047E7
529;1914;4;1.0001553636918047E7
530;1916;2;1.0001553636918047E7
531;1917;1;1.0001553636918047E7
532;1919;2;1.0001553636918047E7
533;1923;4;1.0001553636918047E7
534;1925;2;1.0001553636918047E7
535;1929;4;1.0001553636918047E7
536;1930;1;1.0001553636918047E7
537;1933;3;1.0001553636918047E7
538;1935;2;1.0001553636918047E7
539;1939;4;1.0001553636918047E7
540;1940;1;1.0001553636918047E7
541;1944;4;1.0001553636918047E7
542;1947;3;1.0001553636918047E7
543;1948;1;1.0001553636918047E7
544;1951;3;1.0001553636918047E7
545;1954;3;1.0001553636918047E7
546;1954;0;1.0001553636918047E7
547;1957;3;1.0001553636918047E7
548;1961;4;1.0001553636918047E7
549;1963;2;1.0001553636918047E7
550;1965;2;1.0001553636918047E7
551;1965;0;1.0001553636918047E7
552;1970;5;1.0001553636918047E7
553;1970;0;1.0001553636918047E7
554;1972;2;1.0001553636918047E7
555;1974;2;1.0001553636918047E7
556;1977;3;1.0001553636918047E7
557;1978;1;1.0001553636918047E7
558;1981;3;1.0001553636918047E7
559;1982;1;1.0001553636918047E7
560;1984;2;1.0001553636918047E7
561;1986;2;1.0001553636918047E7
562;1988;2;1.0001553636918047E7
563;1989;1;1.0001553636918047E7
564;1992;3;1.0001553636918047E7
565;1994;2;1.0001553636918047E7
566;1997;3;1.0001553636918047E7
567;1997;0;1.0001553636918047E7
568;1999;2;1.0001553636918047E7
569;2001;2;1.0001553636918047E7
570;2004;3;1.0001553636918047E7
571;2007;3;1.0001553636918047E7
572;2011;4;1.0001553636918047E7
573;2014;3;1.0001553636918047E7
574;2017;3;1.0001553636918047E7
575;2020;3;1.0001553636918047E7
576;2022;2;1.0001553636918047E7
577;2022;0;1.0001553636918047E7
578;2026;4;1.0001553636918047E7
579;2029;3;1.0001553636918047E7
580;2031;2;1.0001553636918047E7
581;2033;2;1.0001553636918047E7
582;2035;2;1.0001553636918047E7
583;2036;1;1.0001553636918047E7
584;2038;2;1.0001553636918047E7
585;2040;2;1.0001553636918047E7
586;2042;2;1.0001553636918047E7
587;2044;2;1.0001553636918047E7
588;2047;3;1.0001553636918047E7
589;2049;2;1.0001553636918047E7
590;2050;1;1.0001553636918047E7
591;2052;2;1.0001553636918047E7
592;2055;3;1.0001553636918047E7
593;2056;1;1.0001553636918047E7
594;2056;0;1.0001553636918047E7
595;2059;3;1.0001553636918047E7
596;2063;4;1.0001553636918047E7
597;2065;2;1.0001553636918047E7
598;2066;1;1.0001553636918047E7
599;2068;2;1.0001553636918047E7
600;2071;3;1.0001553636918047E7
601;2072;1;1.0001553636918047E7
602;2074;2;1.0001553636918047E7
603;2077;3;1.0001553636918047E7
604;2080;3;1.0001553636918047E7
605;2083;3;1.0001553636918047E7
606;2085;2;1.0001553636918047E7
607;2088;3;1.0001553636918047E7
608;2089;1;1.0001553636918047E7
609;2092;3;1.0001553636918047E7
610;2094;2;1.0001553636918047E7
611;2097;3;1.0001553636918047E7
612;2099;2;1.0001553636918047E7
613;2101;2;1.0001553636918047E7
614;2102;1;1.0001553636918047E7
615;2104;2;1.0001553636918047E7
616;2108;4;1.0001553636918047E7
617;2110;2;1.0001553636918047E7
618;2111;1;1.0001553636918047E7
619;2114;3;1.0001553636918047E7
620;2116;2;1.0001553636918047E7
621;2117;1;1.0001553636918047E7
622;2122;5;1.0001553636918047E7
623;2125;3;1.0001553636918047E7
624;2127;2;1.0001553636918047E7
625;2130;3;1.0001553636918047E7
626;2133;3;1.0001553636918047E7
627;2137;4;1.0001553636918047E7
628;2140;3;1.0001553636918047E7
629;2143;3;1.0001553636918047E7
630;2145;2;1.0001553636918047E7
631;2148;3;1.0001553636918047E7
632;2151;3;1.0001553636918047E7
633;2154;3;1.0001553636918047E7
634;2157;3;1.0001553636918047E7
635;2158;1;1.0001553636918047E7
636;2160;2;1.0001553636918047E7
637;2163;3;1.0001553636918047E7
638;2165;2;1.0001553636918047E7
639;2168;3;1.0001553636918047E7
640;2168;0;1.0001553636918047E7
641;2171;3;1.0001553636918047E7
642;2174;3;1.0001553636918047E7
643;2175;1;1.0001553636918047E7
644;2177;2;1.0001553636918047E7
645;2178;1;1.0001553636918047E7
646;2181;3;1.0001553636918047E7
647;2185;4;1.0001553636918047E7
648;2189;4;1.0001553636918047E7
649;2192;3;1.0001553636918047E7
650;2194;2;1.0001553636918047E7
651;2197;3;1.0001553636918047E7
652;2199;2;1.0001553636918047E7
653;2201;2;1.0001553636918047E7
654;2204;3;1.0001553636918047E7
655;2206;2;1.0001553636918047E7
656;2209;3;1.0001553636918047E7
657;2210;1;1.0001553636918047E7
658;2213;3;1.0001553636918047E7
659;2215;2;1.0001553636918047E7
660;2218;3;1.0001553636918047E7
661;2218;0;1.0001553636918047E7
662;2222;4;1.0001553636918047E7
663;2224;2;1.0001553636918047E7
664;2227;3;1.0001553636918047E7
665;2229;2;1.0001553636918047E7
666;2229;0;1.0001553636918047E7
667;2231;2;1.0001553636918047E7
668;2233;2;1.0001553636918047E7
669;2235;2;1.0001553636918047E7
670;2239;4;1.0001553636918047E7
671;2241;2;1.0001553636918047E7
672;2244;3;1.0001553636918047E7
673;2247;3;1.0001553636918047E7
674;2248;1;1.0001553636918047E7
675;2251;3;1.0001553636918047E7
676;2253;2;1.0001553636918047E7
677;2254;1;1.0001553636918047E7
678;2255;1;1.0001553636918047E7
679;2258;3;1.0001553636918047E7
680;2260;2;1.0001553636918047E7
681;2263;3;1.0001553636918047E7
682;2265;2;1.0001553636918047E7
683;2268;3;1.0001553636918047E7
684;2271;3;1.0001553636918047E7
685;2273;2;1.0001553636918047E7
686;2275;2;1.0001553636918047E7
687;2277;2;1.0001553636918047E7
688;2280;3;1.0001553636918047E7
689;2283;3;1.0001553636918047E7
690;2285;2;1.0001553636918047E7
691;2287;2;1.0001553636918047E7
692;2287;0;1.0001553636918047E7
693;2289;2;1.0001553636918047E7
694;2290;1;1.0001553636918047E7
695;2290;0;1.0001553636918047E7
696;2293;3;1.0001553636918047E7
697;2296;3;1.0001553636918047E7
698;2299;3;1.0001553636918047E7
699;2302;3;1.0001553636918047E7
700;2303;1;1.0001553636918047E7
701;2306;3;1.0001553636918047E7
702;2308;2;1.0001553636918047E7
703;2308;0;1.0001553636918047E7
704;2311;3;1.0001553636918047E7
705;2316;5;1.0001553636918047E7
706;2319;3;1.0001553636918047E7
707;2321;2;1.0001553636918047E7
708;2324;3;1.0001553636918047E7
709;2329;5;1.0001553636918047E7
710;2332;3;1.0001553636918047E7
711;2334;2;1.0001553636918047E7
712;2336;2;1.0001553636918047E7
713;2337;1;1.0001553636918047E7
714;2340;3;1.0001553636918047E7
715;2343;3;1.0001553636918047E7
716;2346;3;1.0001553636918047E7
717;2348;2;1.0001553636918047E7
718;2349;1;1.0001553636918047E7
719;2352;3;1.0001553636918047E7
720;2355;3;1.0001553636918047E7
721;2357;2;1.0001553636918047E7
722;2359;2;1.0001553636918047E7
723;2362;3;1.0001513249988263E7
724;2364;2;1.0001513249988263E7
725;2367;3;1.0001513249988263E7
726;2370;3;1.0001513249988263E7
727;2371;1;1.0001513249988263E7
728;2373;2;1.0001513249988263E7
729;2377;4;1.0001513249988263E7
730;2379;2;1.0001513249988263E7
731;2381;2;1.0001513249988263E7
732;2383;2;1.0001513249988263E7
733;2385;2;1.0001409926555587E7
734;2388;3;1.0001409926555587E7
735;2389;1;1.0001409926555587E7
736;2394;5;1.0001409926555587E7
737;2396;2;1.0001409926555587E7
738;2398;2;1.0001409926555587E7
739;2400;2;1.0001409926555587E7
740;2402;2;1.0001409926555587E7
741;2404;2;1.0001409926555587E7
742;2405;1;1.0001409926555587E7
743;2408;3;1.0001409926555587E7
744;2410;2;1.0001409926555587E7
745;2410;0;1.0001409926555587E7
746;2413;3;1.0001409926555587E7
747;2415;2;1.0001409926555587E7
748;2416;1;1.0001409926555587E7
749;2418;2;1.0001409926555587E7
750;2421;3;1.0001409926555587E7
751;2423;2;1.0001409926555587E7
752;2425;2;1.0001409926555587E7
753;2428;3;1.0001409926555587E7
754;2431;3;1.0001409926555587E7
755;2433;2;1.0001409926555587E7
756;2435;2;1.0001409926555587E7
757;2438;3;1.0001409926555587E7
758;2441;3;1.0001409926555587E7
759;2447;6;1.0001409926555587E7
760;2450;3;1.0001409926555587E7
761;2453;3;1.0001409926555587E7
762;2460;7;1.0001409926555587E7
763;2465;5;1.0001409926555587E7
764;2470;5;1.0001409926555587E7
765;2475;5;1.0001409926555587E7
766;2477;2;1.0001409926555587E7
767;2481;4;1.0001409926555587E7
768;2491;10;1.0001409926555587E7
769;2495;4;1.0001409926555587E7
770;2505;10;1.0001409926555587E7
771;2511;6;1.0001409926555587E7
772;2519;8;1.0001409926555587E7
773;2523;4;1.0001409926555587E7
774;2526;3;1.0001409926555587E7
775;2528;2;1.0001409926555587E7
776;2533;5;1.0001409926555587E7
777;2534;1;1.0001409926555587E7
778;2535;1;1.0001409926555587E7
779;2537;2;1.0001409926555587E7
780;2540;3;1.0001409926555587E7
781;2542;2;1.0001409926555587E7
782;2544;2;1.0001409926555587E7
783;2548;4;1.0001409926555587E7
784;2550;2;1.0001409926555587E7
785;2552;2;1.0001409926555587E7
786;2553;1;1.0001409926555587E7
787;2555;2;1.0001409926555587E7
788;2556;1;1.0001409926555587E7
789;2557;1;1.0001409926555587E7
790;2560;3;1.0001409926555587E7
791;2562;2;1.0001409926555587E7
792;2564;2;1.0001409926555587E7
793;2567;3;1.0001409926555587E7
794;2570;3;1.0001409926555587E7
795;2572;2;1.0001409926555587E7
796;2576;4;1.0001409926555587E7
797;2578;2;1.0001409926555587E7
798;2580;2;1.0001409926555587E7
799;2582;2;1.0001409926555587E7
800;2588;6;1.0001409926555587E7
801;2590;2;1.0001409926555587E7
802;2593;3;1.0001409926555587E7
803;2596;3;1.0001409926555587E7
804;2600;4;1.0001409926555587E7
805;2603;3;1.0001409926555587E7
806;2607;4;1.0001409926555587E7
807;2608;1;1.0001409926555587E7
808;2612;4;1.0001409926555587E7
809;2614;2;1.0001409926555587E7
810;2615;1;1.0001409926555587E7
811;2619;4;1.0001409926555587E7
812;2621;2;1.0001409926555587E7
813;2622;1;1.0001409926555587E7
814;2624;2;1.0001409926555587E7
815;2626;2;1.0001409926555587E7
816;2626;0;1.0001409926555587E7
817;2629;3;1.0001409926555587E7
818;2632;3;1.0001409926555587E7
819;2634;2;1.0001409926555587E7
820;2637;3;1.0001409926555587E7
821;2641;4;1.0001409926555587E7
822;2644;3;1.0001409926555587E7
823;2647;3;1.0001409926555587E7
824;2651;4;1.0001409926555587E7
825;2653;2;1.0001409926555587E7
826;2654;1;1.0001409926555587E7
827;2655;1;1.0001409926555587E7
828;2658;3;1.0001409926555587E7
829;2659;1;1.0001409926555587E7
830;2661;2;1.0001409926555587E7
831;2664;3;1.0001409926555587E7
832;2666;2;1.0001409926555587E7
833;2668;2;1.0001409926555587E7
834;2672;4;1.0001409926555587E7
835;2673;1;1.0001409926555587E7
836;2675;2;1.0001409926555587E7
837;2679;4;1.0001409926555587E7
838;2682;3;1.0001409926555587E7
839;2684;2;1.0001409926555587E7
840;2688;4;1.0001409926555587E7
841;2697;9;1.0001409926555587E7
842;2700;3;1.0001409926555587E7
843;2701;1;1.0001409926555587E7
844;2705;4;1.0001409926555587E7
845;2707;2;1.0001409926555587E7
846;2710;3;1.0001409926555587E7
847;2715;5;1.0001409926555587E7
848;2718;3;1.0001409926555587E7
849;2720;2;1.0001409926555587E7
850;2724;4;1.0001409926555587E7
851;2727;3;1.0001409926555587E7
852;2728;1;1.0001409926555587E7
853;2729;1;1.0001409926555587E7
854;2731;2;1.0001409926555587E7
855;2733;2;1.0001409926555587E7
856;2736;3;1.0001409926555587E7
857;2740;4;1.0001409926555587E7
858;2744;4;1.0001409926555587E7
859;2747;3;1.0001409926555587E7
860;2751;4;1.0001409926555587E7
861;2755;4;1.0001409926555587E7
862;2760;5;1.0001409926555587E7
863;2765;5;1.0001409926555587E7
864;2768;3;1.0001409926555587E7
865;2769;1;1.0001409926555587E7
866;2773;4;1.0001409926555587E7
867;2774;1;1.0001409926555587E7
868;2777;3;1.0001409926555587E7
869;2783;6;1.0001409926555587E7
870;2787;4;1.0001409926555587E7
871;2793;6;1.0001409926555587E7
872;2796;3;1.0001409926555587E7
873;2800;4;1.0001409926555587E7
874;2803;3;1.0001409926555587E7
875;2806;3;1.0001409926555587E7
876;2807;1;1.0001409926555587E7
877;2809;2;1.0001409926555587E7
878;2811;2;1.0001409926555587E7
879;2812;1;1.0001409926555587E7
880;2814;2;1.0001409926555587E7
881;2816;2;1.0001409926555587E7
882;2818;2;1.0001409926555587E7
883;2821;3;1.0001409926555587E7
884;2823;2;1.0001409926555587E7
885;2826;3;1.0001409926555587E7
886;2828;2;1.0001409926555587E7
887;2831;3;1.0001409926555587E7
888;2834;3;1.0001409926555587E7
889;2835;1;1.0001409926555587E7
890;2838;3;1.0001409926555587E7
891;2840;2;1.0001409926555587E7
892;2841;1;1.0001409926555587E7
893;2845;4;1.0001409926555587E7
894;2846;1;1.0001409926555587E7
895;2846;0;1.0001409926555587E7
896;2848;2;1.0001409926555587E7
897;2850;2;1.0001409926555587E7
898;2852;2;1.0001409926555587E7
899;2855;3;1.0001409926555587E7
900;2859;4;1.0001409926555587E7
901;2861;2;1.0001409926555587E7
902;2863;2;1.0001409926555587E7
903;2864;1;1.0001409926555587E7
904;2866;2;1.0001409926555587E7
905;2867;1;1.0001409926555587E7
906;2868;1;1.0001409926555587E7
907;2869;1;1.0001409926555587E7
908;2871;2;1.0001409926555587E7
909;2873;2;1.0001409926555587E7
910;2873;0;1.0001409926555587E7
911;2875;2;1.0001409926555587E7
912;2876;1;1.0001409926555587E7
913;2878;2;1.0001409926555587E7
914;2880;2;1.0001409926555587E7
915;2883;3;1.0001409926555587E7
916;2884;1;1.0001409926555587E7
917;2885;1;1.0001409926555587E7
918;2887;2;1.0001409926555587E7
919;2889;2;1.0001409926555587E7
920;2891;2;1.0001409926555587E7
921;2894;3;1.0001409926555587E7
922;2896;2;1.0001409926555587E7
923;2898;2;1.0001409926555587E7
924;2900;2;1.0001409926555587E7
925;2902;2;1.0001409926555587E7
926;2905;3;1.0001409926555587E7
927;2906;1;1.0001409926555587E7
928;2908;2;1.0001409926555587E7
929;2910;2;1.0001409926555587E7
930;2911;1;1.0001409926555587E7
931;2912;1;1.0001409926555587E7
932;2914;2;1.0001409926555587E7
933;2914;0;1.0001409926555587E7
934;2916;2;1.0001409926555587E7
935;2918;2;1.0001409926555587E7
936;2920;2;1.0001409926555587E7
937;2924;4;1.0001409926555587E7
938;2927;3;1.0001409926555587E7
939;2928;1;1.0001409926555587E7
940;2930;2;1.0001409926555587E7
941;2932;2;1.0001409926555587E7
942;2935;3;1.0001409926555587E7
943;2938;3;1.0001409926555587E7
944;2941;3;1.0001409926555587E7
945;2944;3;1.0001409926555587E7
946;2947;3;1.0001409926555587E7
947;2950;3;1.0001409926555587E7
948;2953;3;1.0001409926555587E7
949;2954;1;1.0001409926555587E7
950;2957;3;1.0001409926555587E7
951;2959;2;1.0001409926555587E7
952;2962;3;1.0001409926555587E7
953;2963;1;1.0001409926555587E7
954;2965;2;1.0001409926555587E7
955;2967;2;1.0001409926555587E7
956;2971;4;1.0001409926555587E7
957;2973;2;1.0001409926555587E7
958;2976;3;1.0001409926555587E7
959;2977;1;1.0001409926555587E7
960;2979;2;1.0001409926555587E7
961;2982;3;1.0001409926555587E7
962;2986;4;1.0001409926555587E7
963;2990;4;1.0001409926555587E7
964;2993;3;1.0001409926555587E7
965;2999;6;1.0001409926555587E7
966;3000;1;1.0001409926555587E7
967;3006;6;1.0001409926555587E7
968;3017;11;1.0001409926555587E7
969;3021;4;1.0001409926555587E7
970;3026;5;1.0001409926555587E7
971;3029;3;1.0001409926555587E7
972;3038;9;1.0001409926555587E7
973;3043;5;1.0001409926555587E7
974;3044;1;1.0001409926555587E7
975;3047;3;1.0001409926555587E7
976;3049;2;1.0001409926555587E7
977;3051;2;1.0001409926555587E7
978;3056;5;1.0001409926555587E7
979;3063;7;1.0001409926555587E7
980;3068;5;1.0001409926555587E7
981;3075;7;1.0001409926555587E7
982;3079;4;1.0001409926555587E7
983;3081;2;1.0001409926555587E7
984;3085;4;1.0001409926555587E7
985;3086;1;1.0001409926555587E7
986;3091;5;1.0001409926555587E7
987;3095;4;1.0001409926555587E7
988;3098;3;1.0001409926555587E7
989;3101;3;1.0001409926555587E7
990;3104;3;1.0001409926555587E7
991;3106;2;1.0001409926555587E7
992;3108;2;1.0001409926555587E7
993;3112;4;1.0001409926555587E7
994;3113;1;1.0001409926555587E7
995;3115;2;1.0001409926555587E7
996;3116;1;1.0001409926555587E7
997;3118;2;1.0001409926555587E7
998;3126;8;1.0001409926555587E7
999;3129;3;1.0001409926555587E7
1000;3132;3;1.0001409926555587E7
1001;3133;1;1.0001409926555587E7
1002;3135;2;1.0001409926555587E7
1003;3139;4;1.0001409926555587E7
1004;3143;4;1.0001409926555587E7
1005;3147;4;1.0001409926555587E7
1006;3150;3;1.0001409926555587E7
1007;3158;8;1.0001409926555587E7
1008;3162;4;1.0001409926555587E7
1009;3163;1;1.0001409926555587E7
1010;3167;4;1.0001409926555587E7
1011;3169;2;1.0001409926555587E7
1012;3173;4;1.0001409926555587E7
1013;3175;2;1.0001409926555587E7
1014;3177;2;1.0001409926555587E7
1015;3180;3;1.0001409926555587E7
1016;3183;3;1.0001409926555587E7
1017;3185;2;1.0001409926555587E7
1018;3188;3;1.0001409926555587E7
1019;3189;1;1.0001409926555587E7
1020;3193;4;1.0001409926555587E7
1021;3193;0;1.0001409926555587E7
1022;3196;3;1.0001409926555587E7
1023;3200;4;1.0001409926555587E7
1024;3201;1;1.0001409926555587E7
1025;3204;3;1.0001409926555587E7
1026;3207;3;1.0001409926555587E7
1027;3209;2;1.0001409926555587E7
1028;3209;0;1.0001409926555587E7
1029;3211;2;1.0001409926555587E7
1030;3213;2;1.0001409926555587E7
1031;3214;1;1.0001409926555587E7
1032;3215;1;1.0001409926555587E7
1033;3216;1;1.0001409926555587E7
1034;3220;4;1.0001409926555587E7
1035;3221;1;1.0001409926555587E7
1036;3223;2;1.0001409926555587E7
1037;3224;1;1.0001409926555587E7
1038;3226;2;1.0001409926555587E7
1039;3227;1;1.0001409926555587E7
1040;3228;1;1.0001409926555587E7
1041;3230;2;1.0001409926555587E7
1042;3231;1;1.0001409926555587E7
1043;3231;0;1.0001409926555587E7
1044;3233;2;1.0001409926555587E7
1045;3236;3;1.0001409926555587E7
1046;3238;2;1.0001409926555587E7
1047;3239;1;1.0001409926555587E7
1048;3242;3;1.0001409926555587E7
1049;3242;0;1.0001409926555587E7
1050;3246;4;1.0001409926555587E7
1051;3247;1;1.0001409926555587E7
1052;3250;3;1.0001409926555587E7
1053;3252;2;1.0001409926555587E7
1054;3255;3;1.0001409926555587E7
1055;3255;0;1.0001409926555587E7
1056;3258;3;1.0001409926555587E7
1057;3261;3;1.0001409926555587E7
1058;3263;2;1.0001409926555587E7
1059;3265;2;1.0001409926555587E7
1060;3266;1;1.0001409926555587E7
1061;3270;4;1.0001409926555587E7
1062;3274;4;1.0001409926555587E7
1063;3277;3;1.0001409926555587E7
1064;3280;3;1.0001409926555587E7
1065;3282;2;1.0001409926555587E7
1066;3286;4;1.0001409926555587E7
1067;3286;0;1.0001409926555587E7
1068;3288;2;1.0001409926555587E7
1069;3291;3;1.0001409926555587E7
1070;3292;1;1.0001409926555587E7
1071;3295;3;1.0001409926555587E7
1072;3297;2;1.0001409926555587E7
1073;3299;2;1.0001409926555587E7
1074;3300;1;1.0001409926555587E7
1075;3302;2;1.0001409926555587E7
1076;3303;1;1.0001409926555587E7
1077;3304;1;1.0001409926555587E7
1078;3306;2;1.0001409926555587E7
1079;3308;2;1.0001409926555587E7
1080;3310;2;1.0001409926555587E7
1081;3313;3;1.0001409926555587E7
1082;3314;1;1.0001409926555587E7
1083;3314;0;1.0001409926555587E7
1084;3317;3;1.0001409926555587E7
1085;3319;2;1.0001409926555587E7
1086;3322;3;1.0001409926555587E7
1087;3324;2;1.0001409926555587E7
1088;3326;2;1.0001409926555587E7
1089;3328;2;1.0001409926555587E7
1090;3329;1;1.0001409926555587E7
1091;3330;1;1.0001409926555587E7
1092;3332;2;1.0001409926555587E7
1093;3333;1;1.0001409926555587E7
1094;3336;3;1.0001409926555587E7
1095;3338;2;1.0001409926555587E7
1096;3341;3;1.0001409926555587E7
1097;3344;3;1.0001409926555587E7
1098;3345;1;1.0001409926555587E7
1099;3348;3;1.0001409926555587E7
1100;3350;2;1.0001409926555587E7
1101;3351;1;1.0001409926555587E7
1102;3353;2;1.0001409926555587E7
1103;3353;0;1.0001409926555587E7
1104;3357;4;1.0001409926555587E7
1105;3360;3;1.0001409926555587E7
1106;3362;2;1.0001409926555587E7
1107;3367;5;1.0001409926555587E7
1108;3369;2;1.0001409926555587E7
1109;3371;2;1.0001409926555587E7
1110;3373;2;1.0001409926555587E7
1111;3374;1;1.0001409926555587E7
1112;3377;3;1.0001409926555587E7
1113;3379;2;1.0001409926555587E7
1114;3383;4;1.0001409926555587E7
1115;3384;1;1.0001409926555587E7
1116;3387;3;1.0001409926555587E7
1117;3388;1;1.0001409926555587E7
1118;3391;3;1.0001409926555587E7
1119;3395;4;1.0001409926555587E7
1120;3397;2;1.0001409926555587E7
1121;3398;1;1.0001409926555587E7
1122;3400;2;1.0001409926555587E7
1123;3402;2;1.0001409926555587E7
1124;3404;2;1.0001409926555587E7
1125;3406;2;1.0001409926555587E7
1126;3408;2;1.0001409926555587E7
1127;3410;2;1.0001409926555587E7
1128;3412;2;1.0001409926555587E7
1129;3415;3;1.0001409926555587E7
1130;3415;0;1.0001409926555587E7
1131;3418;3;1.0001409926555587E7
1132;3423;5;1.0001409926555587E7
1133;3425;2;1.0001409926555587E7
1134;3431;6;1.0001409926555587E7
1135;3432;1;1.0001409926555587E7
1136;3433;1;1.0001409926555587E7
1137;3437;4;1.0001409926555587E7
1138;3442;5;1.0001409926555587E7
1139;3447;5;1.0001409926555587E7
1140;3448;1;1.0001409926555587E7
1141;3450;2;1.0001409926555587E7
1142;3451;1;1.0001409926555587E7
1143;3454;3;1.0001409926555587E7
1144;3458;4;1.0001409926555587E7
1145;3463;5;1.0001409926555587E7
1146;3464;1;1.0001409926555587E7
1147;3465;1;1.0001409926555587E7
1148;3469;4;1.0001409926555587E7
1149;3472;3;1.0001409926555587E7
1150;3475;3;1.0001409926555587E7
1151;3479;4;1.0001409926555587E7
1152;3485;6;1.0001409926555587E7
1153;3489;4;1.0001409926555587E7
1154;3492;3;1.0001409926555587E7
1155;3497;5;1.0001409926555587E7
1156;3499;2;1.0001409926555587E7
1157;3502;3;1.0001409926555587E7
1158;3506;4;1.0001409926555587E7
1159;3513;7;1.0001409926555587E7
1160;3517;4;1.0001409926555587E7
1161;3523;6;1.0001409926555587E7
1162;3524;1;1.0001409926555587E7
1163;3526;2;1.0001409926555587E7
1164;3530;4;1.0001409926555587E7
1165;3536;6;1.0001409926555587E7
1166;3538;2;1.0001409926555587E7
1167;3543;5;1.0001409926555587E7
1168;3548;5;1.0001409926555587E7
1169;3552;4;1.0001409926555587E7
1170;3558;6;1.0001409926555587E7
1171;3559;1;1.0001409926555587E7
1172;3564;5;1.0001409926555587E7
1173;3566;2;1.0001409926555587E7
1174;3571;5;1.0001409926555587E7
1175;3578;7;1.0001409926555587E7
1176;3582;4;1.0001409926555587E7
1177;3587;5;1.0001409926555587E7
1178;3588;1;1.0001409926555587E7
1179;3591;3;1.0001409926555587E7
1180;3594;3;1.0001409926555587E7
1181;3599;5;1.0001409926555587E7
1182;3606;7;1.0001409926555587E7
1183;3611;5;1.0001409926555587E7
1184;3614;3;1.0001409926555587E7
1185;3623;9;1.0001409926555587E7
1186;3625;2;1.0001409926555587E7
1187;3629;4;1.0001409926555587E7
1188;3633;4;1.0001409926555587E7
1189;3639;6;1.0001409926555587E7
1190;3641;2;1.0001409926555587E7
1191;3646;5;1.0001409926555587E7
1192;3652;6;1.0001409926555587E7
1193;3655;3;1.0001409926555587E7
1194;3657;2;1.0001409926555587E7
1195;3660;3;1.0001409926555587E7
1196;3660;0;1.0001409926555587E7
1197;3662;2;1.0001409926555587E7
1198;3664;2;1.0001409926555587E7
1199;3668;4;1.0001409926555587E7
1200;3670;2;1.0001409926555587E7
1201;3671;1;1.0001409926555587E7
1202;3673;2;1.0001409926555587E7
1203;3675;2;1.0001409926555587E7
1204;3678;3;1.0001409926555587E7
1205;3681;3;1.0001409926555587E7
1206;3683;2;1.0001409926555587E7
1207;3687;4;1.0001409926555587E7
1208;3689;2;1.0001409926555587E7
1209;3692;3;1.0001409926555587E7
1210;3694;2;1.0001409926555587E7
1211;3697;3;1.0001409926555587E7
1212;3698;1;1.0001409926555587E7
1213;3702;4;1.0001409926555587E7
1214;3703;1;1.0001409926555587E7
1215;3708;5;1.0001409926555587E7
1216;3714;6;1.0001409926555587E7
1217;3719;5;1.0001409926555587E7
1218;3724;5;1.0001409926555587E7
1219;3728;4;1.0001409926555587E7
1220;3733;5;1.0001409926555587E7
1221;3736;3;1.0001409926555587E7
1222;3740;4;1.0001409926555587E7
1223;3744;4;1.0001409926555587E7
1224;3745;1;1.0001409926555587E7
1225;3746;1;1.0001409926555587E7
1226;3750;4;1.0001409926555587E7
1227;3753;3;1.0001409926555587E7
1228;3756;3;1.0001409926555587E7
1229;3758;2;1.0001409926555587E7
1230;3762;4;1.0001409926555587E7
1231;3772;10;1.0001409926555587E7
1232;3777;5;1.0001409926555587E7
1233;3782;5;1.0001409926555587E7
1234;3785;3;1.0001409926555587E7
1235;3788;3;1.0001409926555587E7
1236;3791;3;1.0001409926555587E7
1237;3799;8;1.0001409926555587E7
1238;3805;6;1.0001409926555587E7
1239;3810;5;1.0001409926555587E7
1240;3816;6;1.0001409926555587E7
1241;3820;4;1.0001409926555587E7
1242;3824;4;1.0001409926555587E7
1243;3830;6;1.0001409926555587E7
1244;3834;4;1.0001409926555587E7
1245;3839;5;1.0001409926555587E7
1246;3843;4;1.0001409926555587E7
1247;3844;1;1.0001409926555587E7
1248;3847;3;1.0001409926555587E7
1249;3851;4;1.0001409926555587E7
1250;3855;4;1.0001409926555587E7
1251;3856;1;1.0001409926555587E7
1252;3858;2;1.0001409926555587E7
1253;3861;3;1.0001409926555587E7
1254;3864;3;1.0001409926555587E7
1255;3867;3;1.0001409926555587E7
1256;3871;4;1.0001409926555587E7
1257;3876;5;1.0001409926555587E7
1258;3880;4;1.0001409926555587E7
1259;3882;2;1.0001409926555587E7
1260;3885;3;1.0001409926555587E7
1261;3891;6;1.0001409926555587E7
1262;3896;5;1.0001409926555587E7
1263;3899;3;1.0001409926555587E7
1264;3904;5;1.0001409926555587E7
1265;3906;2;1.0001409926555587E7
1266;3913;7;1.0001409926555587E7
1267;3920;7;1.0001409926555587E7
1268;3926;6;1.0001409926555587E7
1269;3927;1;1.0001409926555587E7
1270;3931;4;1.0001409926555587E7
1271;3933;2;1.0001409926555587E7
1272;3938;5;1.0001409926555587E7
1273;3945;7;1.0001409926555587E7
1274;3949;4;1.0001409926555587E7
1275;3952;3;1.0001409926555587E7
1276;3955;3;1.0001409926555587E7
1277;3959;4;1.0001409926555587E7
1278;3962;3;1.0001409926555587E7
1279;3962;0;1.0001409926555587E7
1280;3965;3;1.0001409926555587E7
1281;3968;3;1.0001409926555587E7
1282;3970;2;1.0001409926555587E7
1283;3971;1;1.0001409926555587E7
1284;3973;2;1.0001409926555587E7
1285;3976;3;1.0001409926555587E7
1286;3978;2;1.0001409926555587E7
1287;3981;3;1.0001409926555587E7
1288;3982;1;1.0001409926555587E7
1289;3983;1;1.0001409926555587E7
1290;3986;3;1.0001409926555587E7
1291;3987;1;1.0001409926555587E7
1292;3988;1;1.0001409926555587E7
1293;3991;3;1.0001409926555587E7
1294;3993;2;1.0001409926555587E7
1295;3994;1;1.0001409926555587E7
1296;3997;3;1.0001409926555587E7
1297;3999;2;1.0001409926555587E7
1298;4002;3;1.0001409926555587E7
1299;4005;3;1.0001409926555587E7
1300;4008;3;1.0001409926555587E7
1301;4014;6;1.0001409926555587E7
1302;4020;6;1.0001409926555587E7
1303;4024;4;1.0001409926555587E7
1304;4029;5;1.0001409926555587E7
1305;4035;6;1.0001409926555587E7
1306;4040;5;1.0001409926555587E7
1307;4043;3;1.0001409926555587E7
1308;4045;2;1.0001409926555587E7
1309;4048;3;1.0001409926555587E7
1310;4054;6;1.0001409926555587E7
1311;4057;3;1.0001409926555587E7
1312;4061;4;1.0001409926555587E7
1313;4062;1;1.0001409926555587E7
1314;4068;6;1.0001409926555587E7
1315;4071;3;1.0001409926555587E7
1316;4073;2;1.0001409926555587E7
1317;4075;2;1.0001409926555587E7
1318;4076;1;1.0001409926555587E7
1319;4077;1;1.0001409926555587E7
1320;4078;1;1.0001409926555587E7
1321;4080;2;1.0001409926555587E7
1322;4083;3;1.0001409926555587E7
1323;4086;3;1.0001409926555587E7
1324;4088;2;1.0001409926555587E7
1325;4091;3;1.0001409926555587E7
1326;4093;2;1.0001409926555587E7
1327;4094;1;1.0001409926555587E7
1328;4096;2;1.0001409926555587E7
1329;4099;3;1.0001409926555587E7
1330;4101;2;1.0001409926555587E7
1331;4104;3;1.0001409926555587E7
1332;4106;2;1.0001409926555587E7
1333;4106;0;1.0001409926555587E7
1334;4107;1;1.0001409926555587E7
1335;4108;1;1.0001409926555587E7
1336;4111;3;1.0001409926555587E7
1337;4112;1;1.0001409926555587E7
1338;4114;2;1.0001409926555587E7
1339;4116;2;1.0001409926555587E7
1340;4119;3;1.0001409926555587E7
1341;4121;2;1.0001409926555587E7
1342;4123;2;1.0001409926555587E7
1343;4124;1;1.0001409926555587E7
1344;4126;2;1.0001409926555587E7
1345;4128;2;1.0001409926555587E7
1346;4128;0;1.0001409926555587E7
1347;4129;1;1.0001409926555587E7
1348;4131;2;1.0001409926555587E7
1349;4133;2;1.0001409926555587E7
1350;4135;2;1.0001409926555587E7
1351;4137;2;1.0001409926555587E7
1352;4140;3;1.0001409926555587E7
1353;4142;2;1.0001409926555587E7
1354;4144;2;1.0001409926555587E7
1355;4145;1;1.0001409926555587E7
1356;4146;1;1.0001409926555587E7
1357;4148;2;1.0001409926555587E7
1358;4151;3;1.0001409926555587E7
1359;4154;3;1.0001409926555587E7
1360;4157;3;1.0001409926555587E7
1361;4158;1;1.0001409926555587E7
1362;4160;2;1.0001409926555587E7
1363;4164;4;1.0001409926555587E7
1364;4165;1;1.0001409926555587E7
1365;4167;2;1.0001409926555587E7
1366;4169;2;1.0001409926555587E7
1367;4170;1;1.0001409926555587E7
1368;4172;2;1.0001409926555587E7
1369;4175;3;1.0001409926555587E7
1370;4176;1;1.0001409926555587E7
1371;4177;1;1.0001409926555587E7
1372;4180;3;1.0001409926555587E7
1373;4182;2;1.0001409926555587E7
1374;4183;1;1.0001409926555587E7
1375;4185;2;1.0001409926555587E7
1376;4187;2;1.0001409926555587E7
1377;4189;2;1.0001409926555587E7
1378;4191;2;1.0001409926555587E7
1379;4193;2;1.0001409926555587E7
1380;4194;1;1.0001409926555587E7
1381;4196;2;1.0001409926555587E7
1382;4199;3;1.0001409926555587E7
1383;4204;5;1.0001409926555587E7
1384;4205;1;1.0001409926555587E7
1385;4207;2;1.0001409926555587E7
1386;4209;2;1.0001409926555587E7
1387;4211;2;1.0001409926555587E7
1388;4214;3;1.0001409926555587E7
1389;4215;1;1.0001409926555587E7
1390;4217;2;1.0001409926555587E7
1391;4218;1;1.0001409926555587E7
1392;4220;2;1.0001409926555587E7
1393;4222;2;1.0001409926555587E7
1394;4224;2;1.0001409926555587E7
1395;4226;2;1.0001409926555587E7
1396;4228;2;1.0001409926555587E7
1397;4229;1;1.0001409926555587E7
1398;4232;3;1.0001409926555587E7
1399;4234;2;1.0001409926555587E7
1400;4235;1;1.0001409926555587E7
1401;4238;3;1.0001409926555587E7
1402;4242;4;1.0001409926555587E7
1403;4243;1;1.0001409926555587E7
1404;4245;2;1.0001409926555587E7
1405;4248;3;1.0001409926555587E7
1406;4250;2;1.0001409926555587E7
1407;4252;2;1.0001409926555587E7
1408;4254;2;1.0001409926555587E7
1409;4257;3;1.0001409926555587E7
1410;4259;2;1.0001409926555587E7
1411;4261;2;1.0001409926555587E7
1412;4262;1;1.0001409926555587E7
1413;4264;2;1.0001409926555587E7
1414;4267;3;1.0001409926555587E7
1415;4268;1;1.0001409926555587E7
1416;4270;2;1.0001409926555587E7
1417;4273;3;1.0001409926555587E7
1418;4274;1;1.0001409926555587E7
1419;4274;0;1.0001409926555587E7
1420;4277;3;1.0001409926555587E7
1421;4279;2;1.0001409926555587E7
1422;4281;2;1.0001409926555587E7
1423;4283;2;1.0001409926555587E7
1424;4285;2;1.0001409926555587E7
1425;4287;2;1.0001409926555587E7
1426;4289;2;1.0001409926555587E7
1427;4292;3;1.0001409926555587E7
1428;4292;0;1.0001409926555587E7
1429;4294;2;1.0001409926555587E7
1430;4295;1;1.0001409926555587E7
1431;4295;0;1.0001409926555587E7
1432;4298;3;1.0001409926555587E7
1433;4299;1;1.0001409926555587E7
1434;4302;3;1.0001409926555587E7
1435;4303;1;1.0001409926555587E7
1436;4305;2;1.0001409926555587E7
1437;4307;2;1.0001409926555587E7
1438;4309;2;1.0001409926555587E7
1439;4311;2;1.0001409926555587E7
1440;4313;2;1.0001409926555587E7
1441;4314;1;1.0001409926555587E7
1442;4317;3;1.0001409926555587E7
1443;4320;3;1.0001409926555587E7
1444;4322;2;1.0001409926555587E7
1445;4323;1;1.0001409926555587E7
1446;4324;1;1.0001409926555587E7
1447;4327;3;1.0001409926555587E7
1448;4329;2;1.0001409926555587E7
1449;4333;4;1.0001409926555587E7
1450;4335;2;1.0001409926555587E7
1451;4337;2;1.0001409926555587E7
1452;4338;1;1.0001409926555587E7
1453;4341;3;1.0001409926555587E7
1454;4342;1;1.0001409926555587E7
1455;4344;2;1.0001409926555587E7
1456;4347;3;1.0001409926555587E7
1457;4348;1;1.0001409926555587E7
1458;4351;3;1.0001409926555587E7
1459;4352;1;1.0001409926555587E7
1460;4353;1;1.0001409926555587E7
1461;4356;3;1.0001409926555587E7
1462;4359;3;1.0001409926555587E7
1463;4361;2;1.0001409926555587E7
1464;4364;3;1.0001409926555587E7
1465;4367;3;1.0001409926555587E7
1466;4369;2;1.0001409926555587E7
1467;4370;1;1.0001409926555587E7
1468;4373;3;1.0001409926555587E7
1469;4375;2;1.0001409926555587E7
1470;4377;2;1.0001409926555587E7
1471;4379;2;1.0001409926555587E7
1472;4381;2;1.0001409926555587E7
1473;4384;3;1.0001409926555587E7
1474;4389;5;1.0001409926555587E7
1475;4393;4;1.0001409926555587E7
1476;4397;4;1.0001409926555587E7
1477;4400;3;1.0001409926555587E7
1478;4405;5;1.0001409926555587E7
1479;4406;1;1.0001409926555587E7
1480;4410;4;1.0001409926555587E7
1481;4412;2;1.0001409926555587E7
1482;4415;3;1.0001409926555587E7
1483;4417;2;1.0001409926555587E7
1484;4419;2;1.0001409926555587E7
1485;4423;4;1.0001409926555587E7
1486;4424;1;1.0001409926555587E7
1487;4427;3;1.0001409926555587E7
1488;4428;1;1.0001409926555587E7
1489;4431;3;1.0001409926555587E7
1490;4433;2;1.0001409926555587E7
1491;4433;0;1.0001409926555587E7
1492;4436;3;1.0001409926555587E7
1493;4438;2;1.0001409926555587E7
1494;4439;1;1.0001409926555587E7
1495;4442;3;1.0001409926555587E7
1496;4443;1;1.0001409926555587E7
1497;4445;2;1.0001409926555587E7
1498;4449;4;1.0001409926555587E7
1499;4451;2;1.0001409926555587E7
1500;4453;2;1.0001409926555587E7
1501;4455;2;1.0001409926555587E7
1502;4456;1;1.0001409926555587E7
1503;4458;2;1.0001409926555587E7
1504;4460;2;1.0001409926555587E7
1505;4462;2;1.0001409926555587E7
1506;4464;2;1.0001409926555587E7
1507;4466;2;1.0001409926555587E7
1508;4467;1;1.0001409926555587E7
1509;4468;1;1.0001409926555587E7
1510;4471;3;1.0001409926555587E7
1511;4472;1;1.0001409926555587E7
1512;4475;3;1.0001409926555587E7
1513;4476;1;1.0001409926555587E7
1514;4477;1;1.0001409926555587E7
1515;4478;1;1.0001409926555587E7
1516;4481;3;1.0001409926555587E7
1517;4481;0;1.0001409926555587E7
1518;4484;3;1.0001409926555587E7
1519;4487;3;1.0001409926555587E7
1520;4490;3;1.0001409926555587E7
1521;4491;1;1.0001409926555587E7
1522;4492;1;1.0001409926555587E7
1523;4493;1;1.0001409926555587E7
1524;4495;2;1.0001409926555587E7
1525;4497;2;1.0001409926555587E7
1526;4499;2;1.0001409926555587E7
1527;4502;3;1.0001409926555587E7
1528;4505;3;1.0001409926555587E7
1529;4507;2;1.0001409926555587E7
1530;4508;1;1.0001409926555587E7
1531;4509;1;1.0001409926555587E7
1532;4510;1;1.0001409926555587E7
1533;4511;1;1.0001409926555587E7
1534;4513;2;1.0001409926555587E7
1535;4515;2;1.0001409926555587E7
1536;4517;2;1.0001409926555587E7
1537;4519;2;1.0001409926555587E7
1538;4520;1;1.0001409926555587E7
1539;4522;2;1.0001409926555587E7
1540;4525;3;1.0001409926555587E7
1541;4526;1;1.0001409926555587E7
1542;4528;2;1.0001409926555587E7
1543;4530;2;1.0001403826780103E7
1544;4532;2;1.0001403826780103E7
1545;4533;1;1.0001403826780103E7
1546;4533;0;1.0001403826780103E7
1547;4536;3;1.0001403826780103E7
1548;4538;2;1.0001403826780103E7
1549;4539;1;1.0001403826780103E7
1550;4541;2;1.0001403826780103E7
1551;4542;1;1.0001403826780103E7
1552;4544;2;1.0001403826780103E7
1553;4546;2;1.0001403826780103E7
1554;4549;3;1.0001403826780103E7
1555;4551;2;1.0001403826780103E7
1556;4553;2;1.0001403826780103E7
1557;4553;0;1.0001403826780103E7
1558;4555;2;1.0001403826780103E7
1559;4558;3;1.0001403826780103E7
1560;4560;2;1.0001403826780103E7
1561;4562;2;1.0001403826780103E7
1562;4562;0;1.0001403826780103E7
1563;4565;3;1.0001403826780103E7
1564;4567;2;1.0001403826780103E7
1565;4571;4;1.0001403826780103E7
1566;4573;2;1.0001403826780103E7
1567;4575;2;1.0001403826780103E7
1568;4579;4;1.0001403826780103E7
1569;4579;0;1.0001403826780103E7
1570;4582;3;1.0001403826780103E7
1571;4585;3;1.0001403826780103E7
1572;4587;2;1.0001403826780103E7
1573;4590;3;1.0001403826780103E7
1574;4592;2;1.0001403826780103E7
1575;4594;2;1.0001403826780103E7
1576;4596;2;1.0001403826780103E7
1577;4598;2;1.0001403826780103E7
1578;4600;2;1.0001403826780103E7
1579;4601;1;1.0001403826780103E7
1580;4604;3;1.0001403826780103E7
1581;4605;1;1.0001403826780103E7
1582;4609;4;1.0001403826780103E7
1583;4610;1;1.0001403826780103E7
1584;4613;3;1.0001403826780103E7
1585;4614;1;1.0001403826780103E7
1586;4615;1;1.0001403826780103E7
1587;4616;1;1.0001403826780103E7
1588;4618;2;1.0001403826780103E7
1589;4620;2;1.0001403826780103E7
1590;4622;2;1.0001403826780103E7
1591;4623;1;1.0001403826780103E7
1592;4626;3;1.0001403826780103E7
1593;4626;0;1.0001403826780103E7
1594;4629;3;1.0001403826780103E7
1595;4629;0;1.0001403826780103E7
1596;4632;3;1.0001403826780103E7
1597;4634;2;1.0001403826780103E7
1598;4636;2;1.0001403826780103E7
1599;4637;1;1.0001403826780103E7
1600;4638;1;1.0001403826780103E7
1601;4640;2;1.0001403826780103E7
1602;4641;1;1.0001403826780103E7
1603;4643;2;1.0001403826780103E7
1604;4644;1;1.0001403826780103E7
1605;4644;0;1.0001403826780103E7
1606;4648;4;1.0001403826780103E7
1607;4650;2;1.0001403826780103E7
1608;4653;3;1.0001403826780103E7
1609;4656;3;1.0001403826780103E7
1610;4658;2;1.0001403826780103E7
1611;4661;3;1.0001403826780103E7
1612;4662;1;1.0001403826780103E7
1613;4664;2;1.0001403826780103E7
1614;4665;1;1.0001403826780103E7
1615;4667;2;1.0001403826780103E7
1616;4670;3;1.0001403826780103E7
1617;4670;0;1.0001403826780103E7
1618;4673;3;1.0001403826780103E7
1619;4675;2;1.0001403826780103E7
1620;4677;2;1.0001403826780103E7
1621;4677;0;1.0001403826780103E7
1622;4678;1;1.0001403826780103E7
1623;4680;2;1.0001403826780103E7
1624;4682;2;1.0001403826780103E7
1625;4684;2;1.0001403826780103E7
1626;4688;4;1.0001403826780103E7
1627;4692;4;1.0001403826780103E7
1628;4694;2;1.0001403826780103E7
1629;4696;2;1.0001403826780103E7
1630;4699;3;1.0001403826780103E7
1631;4699;0;1.0001403826780103E7
1632;4700;1;1.0001403826780103E7
1633;4703;3;1.0001403826780103E7
1634;4703;0;1.0001403826780103E7
1635;4706;3;1.0001403826780103E7
1636;4708;2;1.0001403826780103E7
1637;4709;1;1.0001403826780103E7
1638;4711;2;1.0001403826780103E7
1639;4713;2;1.0001403826780103E7
1640;4714;1;1.0001403826780103E7
1641;4716;2;1.0001403826780103E7
1642;4717;1;1.0001403826780103E7
1643;4719;2;1.0001403826780103E7
1644;4722;3;1.0001403826780103E7
1645;4724;2;1.0001403826780103E7
1646;4728;4;1.0001403826780103E7
1647;4729;1;1.0001403826780103E7
1648;4732;3;1.0001403826780103E7
1649;4733;1;1.0001403826780103E7
1650;4735;2;1.0001403826780103E7
1651;4738;3;1.0001403826780103E7
1652;4738;0;1.0001403826780103E7
1653;4741;3;1.0001403826780103E7
1654;4743;2;1.0001403826780103E7
1655;4745;2;1.0001403826780103E7
1656;4747;2;1.0001403826780103E7
1657;4748;1;1.0001403826780103E7
1658;4750;2;1.0001403826780103E7
1659;4750;0;1.0001403826780103E7
1660;4754;4;1.0001403826780103E7
1661;4755;1;1.0001403826780103E7
1662;4757;2;1.0001403826780103E7
1663;4760;3;1.0001403826780103E7
1664;4763;3;1.0001403826780103E7
1665;4764;1;1.0001403826780103E7
1666;4769;5;1.0001403826780103E7
1667;4770;1;1.0001403826780103E7
1668;4772;2;1.0001403826780103E7
1669;4774;2;1.0001403826780103E7
1670;4777;3;1.0001403826780103E7
1671;4778;1;1.0001403826780103E7
1672;4780;2;1.0001403826780103E7
1673;4781;1;1.0001403826780103E7
1674;4783;2;1.0001403826780103E7
1675;4784;1;1.0001403826780103E7
1676;4788;4;1.0001403826780103E7
1677;4790;2;1.0001403826780103E7
1678;4792;2;1.0001403826780103E7
1679;4794;2;1.0001403826780103E7
1680;4798;4;1.0001403826780103E7
1681;4800;2;1.0001403826780103E7
1682;4801;1;1.0001403826780103E7
1683;4803;2;1.0001403826780103E7
1684;4804;1;1.0001403826780103E7
1685;4806;2;1.0001403826780103E7
1686;4808;2;1.0001403826780103E7
1687;4810;2;1.0001403826780103E7
1688;4811;1;1.0001403826780103E7
1689;4813;2;1.0001403826780103E7
1690;4816;3;1.0001403826780103E7
1691;4818;2;1.0001403826780103E7
1692;4820;2;1.0001403826780103E7
1693;4822;2;1.0001403826780103E7
1694;4823;1;1.0001403826780103E7
1695;4825;2;1.0001403826780103E7
1696;4827;2;1.0001403826780103E7
1697;4828;1;1.0001403826780103E7
1698;4830;2;1.0001403826780103E7
1699;4831;1;1.0001403826780103E7
1700;4833;2;1.0001403826780103E7
1701;4835;2;1.0001403826780103E7
1702;4835;0;1.0001403826780103E7
1703;4837;2;1.0001403826780103E7
1704;4840;3;1.0001403826780103E7
1705;4843;3;1.0001403826780103E7
1706;4845;2;1.0001403826780103E7
1707;4848;3;1.0001403826780103E7
1708;4850;2;1.0001403826780103E7
1709;4852;2;1.0001403826780103E7
1710;4854;2;1.0001403826780103E7
1711;4855;1;1.0001403826780103E7
1712;4857;2;1.0001403826780103E7
1713;4858;1;1.0001403826780103E7
1714;4860;2;1.0001403826780103E7
1715;4861;1;1.0001403826780103E7
1716;4862;1;1.0001403826780103E7
1717;4863;1;1.0001403826780103E7
1718;4864;1;1.0001403826780103E7
1719;4866;2;1.0001403826780103E7
1720;4867;1;1.0001403826780103E7
1721;4871;4;1.0001403826780103E7
1722;4871;0;1.0001403826780103E7
1723;4873;2;1.0001403826780103E7
1724;4875;2;1.0001403826780103E7
1725;4877;2;1.0001403826780103E7
1726;4879;2;1.0001403826780103E7
1727;4883;4;1.0001403826780103E7
1728;4884;1;1.0001403826780103E7
1729;4885;1;1.0001403826780103E7
1730;4888;3;1.0001403826780103E7
1731;4891;3;1.0001403826780103E7
1732;4894;3;1.0001403826780103E7
1733;4895;1;1.0001403826780103E7
1734;4897;2;1.0001403826780103E7
1735;4899;2;1.0001403826780103E7
1736;4902;3;1.0001403826780103E7
1737;4903;1;1.0001403826780103E7
1738;4905;2;1.0001403826780103E7
1739;4907;2;1.0001403826780103E7
1740;4908;1;1.0001403826780103E7
1741;4909;1;1.0001403826780103E7
1742;4912;3;1.0001403826780103E7
1743;4914;2;1.0001403826780103E7
1744;4916;2;1.0001403826780103E7
1745;4919;3;1.0001403826780103E7
1746;4921;2;1.0001403826780103E7
1747;4924;3;1.0001403826780103E7
1748;4927;3;1.0001403826780103E7
1749;4928;1;1.0001403826780103E7
1750;4930;2;1.0001403826780103E7
1751;4932;2;1.0001403826780103E7
1752;4933;1;1.0001403826780103E7
1753;4935;2;1.0001403826780103E7
1754;4937;2;1.0001403826780103E7
1755;4940;3;1.0001403826780103E7
1756;4941;1;1.0001403826780103E7
1757;4944;3;1.0001403826780103E7
1758;4946;2;1.0001403826780103E7
1759;4948;2;1.0001403826780103E7
1760;4948;0;1.0001403826780103E7
1761;4950;2;1.0001403826780103E7
1762;4951;1;1.0001403826780103E7
1763;4953;2;1.0001403826780103E7
1764;4953;0;1.0001403826780103E7
1765;4954;1;1.0001403826780103E7
1766;4955;1;1.0001403826780103E7
1767;4956;1;1.0001403826780103E7
1768;4959;3;1.0001403826780103E7
1769;4960;1;1.0001403826780103E7
1770;4962;2;1.0001403826780103E7
1771;4964;2;1.0001403826780103E7
1772;4967;3;1.0001403826780103E7
1773;4970;3;1.0001403826780103E7
1774;4974;4;1.0001403826780103E7
1775;4977;3;1.0001403826780103E7
1776;4981;4;1.0001403826780103E7
1777;4984;3;1.0001403826780103E7
1778;4987;3;1.0001403826780103E7
1779;4988;1;1.0001403826780103E7
1780;4991;3;1.0001403826780103E7
1781;4991;0;1.0001403826780103E7
1782;4993;2;1.0001403826780103E7
1783;4994;1;1.0001403826780103E7
1784;4996;2;1.0001403826780103E7
1785;4997;1;1.0001403826780103E7
1786;4998;1;1.0001403826780103E7
1787;5000;2;1.0001403826780103E7
1788;5001;1;1.0001403826780103E7
1789;5003;2;1.0001403826780103E7
1790;5004;1;1.0001403826780103E7
1791;5007;3;1.0001403826780103E7
1792;5009;2;1.0001403826780103E7
1793;5012;3;1.0001403826780103E7
1794;5013;1;1.0001403826780103E7
1795;5015;2;1.0001403826780103E7
1796;5017;2;1.0001403826780103E7
1797;5019;2;1.0001403826780103E7
1798;5021;2;1.0001403826780103E7
1799;5023;2;1.0001403826780103E7
1800;5025;2;1.0001403826780103E7
1801;5027;2;1.0001403826780103E7
1802;5027;0;1.0001403826780103E7
1803;5030;3;1.0001403826780103E7
1804;5032;2;1.0001403826780103E7
1805;5034;2;1.0001403826780103E7
1806;5037;3;1.0001403826780103E7
1807;5039;2;1.0001403826780103E7
1808;5040;1;1.0001403826780103E7
1809;5041;1;1.0001403826780103E7
1810;5043;2;1.0001403826780103E7
1811;5045;2;1.0001403826780103E7
1812;5045;0;1.0001403826780103E7
1813;5047;2;1.0001403826780103E7
1814;5049;2;1.0001403826780103E7
1815;5051;2;1.0001403826780103E7
1816;5053;2;1.0001403826780103E7
1817;5056;3;1.0001403826780103E7
1818;5058;2;1.0001403826780103E7
1819;5059;1;1.0001403826780103E7
1820;5061;2;1.0001403826780103E7
1821;5063;2;1.0001403826780103E7
1822;5066;3;1.0001403826780103E7
1823;5069;3;1.0001403826780103E7
1824;5071;2;1.0001403826780103E7
1825;5072;1;1.0001403826780103E7
1826;5073;1;1.0001403826780103E7
1827;5074;1;1.0001403826780103E7
1828;5076;2;1.0001403826780103E7
1829;5078;2;1.0001403826780103E7
1830;5080;2;1.0001403826780103E7
1831;5084;4;1.0001403826780103E7
1832;5087;3;1.0001403826780103E7
1833;5089;2;1.0001403826780103E7
1834;5091;2;1.0001403826780103E7
1835;5093;2;1.0001403826780103E7
1836;5095;2;1.0001403826780103E7
1837;5095;0;1.0001403826780103E7
1838;5096;1;1.0001403826780103E7
1839;5097;1;1.0001403826780103E7
1840;5100;3;1.0001403826780103E7
1841;5102;2;1.0001403826780103E7
1842;5102;0;1.0001403826780103E7
1843;5104;2;1.0001403826780103E7
1844;5107;3;1.0001403826780103E7
1845;5109;2;1.0001403826780103E7
1846;5111;2;1.0001403826780103E7
1847;5113;2;1.0001403826780103E7
1848;5115;2;1.0001403826780103E7
1849;5117;2;1.0001403826780103E7
1850;5121;4;1.0001403826780103E7
1851;5123;2;1.0001403826780103E7
1852;5125;2;1.0001403826780103E7
1853;5126;1;1.0001403826780103E7
1854;5127;1;1.0001403826780103E7
1855;5129;2;1.0001403826780103E7
1856;5131;2;1.0001403826780103E7
1857;5133;2;1.0001403826780103E7
1858;5134;1;1.0001403826780103E7
1859;5136;2;1.0001403826780103E7
1860;5138;2;1.0001403826780103E7
1861;5140;2;1.0001403826780103E7
1862;5142;2;1.0001403826780103E7
1863;5145;3;1.0001403826780103E7
1864;5145;0;1.0001403826780103E7
1865;5147;2;1.0001403826780103E7
1866;5147;0;1.0001403826780103E7
1867;5149;2;1.0001403826780103E7
1868;5151;2;1.0001403826780103E7
1869;5153;2;1.0001403826780103E7
1870;5157;4;1.0001403826780103E7
1871;5158;1;1.0001403826780103E7
1872;5159;1;1.0001403826780103E7
1873;5161;2;1.0001403826780103E7
1874;5163;2;1.0001403826780103E7
1875;5163;0;1.0001403826780103E7
1876;5166;3;1.0001403826780103E7
1877;5169;3;1.0001403826780103E7
1878;5170;1;1.0001403826780103E7
1879;5172;2;1.0001403826780103E7
1880;5174;2;1.0001403826780103E7
1881;5176;2;1.0001403826780103E7
1882;5178;2;1.0001403826780103E7
1883;5180;2;1.0001403826780103E7
1884;5182;2;1.0001403826780103E7
1885;5184;2;1.0001403826780103E7
1886;5185;1;1.0001403826780103E7
1887;5186;1;1.0001403826780103E7
1888;5189;3;1.0001403826780103E7
1889;5190;1;1.0001403826780103E7
1890;5191;1;1.0001403826780103E7
1891;5192;1;1.0001403826780103E7
1892;5194;2;1.0001403826780103E7
1893;5197;3;1.0001403826780103E7
1894;5199;2;1.0001403826780103E7
1895;5200;1;1.0001403826780103E7
1896;5202;2;1.0001403826780103E7
1897;5203;1;1.0001403826780103E7
1898;5207;4;1.0001403826780103E7
1899;5208;1;1.0001403826780103E7
1900;5211;3;1.0001403826780103E7
1901;5212;1;1.0001403826780103E7
1902;5215;3;1.0001403826780103E7
1903;5216;1;1.0001403826780103E7
1904;5218;2;1.0001403826780103E7
1905;5221;3;1.0001403826780103E7
1906;5223;2;1.0001403826780103E7
1907;5224;1;1.0001403826780103E7
1908;5226;2;1.0001403826780103E7
1909;5227;1;1.0001403826780103E7
1910;5228;1;1.0001403826780103E7
1911;5229;1;1.0001403826780103E7
1912;5232;3;1.0001403826780103E7
1913;5233;1;1.0001403826780103E7
1914;5235;2;1.0001403826780103E7
1915;5238;3;1.0001403826780103E7
1916;5240;2;1.0001403826780103E7
1917;5242;2;1.0001403826780103E7
1918;5244;2;1.0001403826780103E7
1919;5246;2;1.0001403826780103E7
1920;5249;3;1.0001403826780103E7
1921;5251;2;1.0001403826780103E7
1922;5252;1;1.0001403826780103E7
1923;5255;3;1.0001403826780103E7
1924;5256;1;1.0001403826780103E7
1925;5258;2;1.0001403826780103E7
1926;5261;3;1.0001403826780103E7
1927;5263;2;1.0001403826780103E7
1928;5265;2;1.0001403826780103E7
1929;5268;3;1.0001403826780103E7
1930;5270;2;1.0001403826780103E7
1931;5272;2;1.0001403826780103E7
1932;5274;2;1.0001403826780103E7
1933;5277;3;1.0001403826780103E7
1934;5279;2;1.0001403826780103E7
1935;5281;2;1.0001403826780103E7
1936;5283;2;1.0001403826780103E7
1937;5283;0;1.0001403826780103E7
1938;5285;2;1.0001403826780103E7
1939;5285;0;1.0001403826780103E7
1940;5287;2;1.0001403826780103E7
1941;5289;2;1.0001403826780103E7
1942;5293;4;1.0001403826780103E7
1943;5296;3;1.0001403826780103E7
1944;5298;2;1.0001403826780103E7
1945;5298;0;1.0001403826780103E7
1946;5300;2;1.0001403826780103E7
1947;5302;2;1.0001403826780103E7
1948;5302;0;1.0001403826780103E7
1949;5304;2;1.0001403826780103E7
1950;5307;3;1.0001403826780103E7
1951;5308;1;1.0001403826780103E7
1952;5311;3;1.0001403826780103E7
1953;5313;2;1.0001403826780103E7
1954;5315;2;1.0001403826780103E7
1955;5317;2;1.0001403826780103E7
1956;5319;2;1.0001403826780103E7
1957;5320;1;1.0001403826780103E7
1958;5322;2;1.0001403826780103E7
1959;5324;2;1.0001403826780103E7
1960;5325;1;1.0001403826780103E7
1961;5327;2;1.0001403826780103E7
1962;5329;2;1.0001403826780103E7
1963;5333;4;1.0001403826780103E7
1964;5335;2;1.0001403826780103E7
1965;5337;2;1.0001403826780103E7
1966;5339;2;1.0001403826780103E7
1967;5341;2;1.0001403826780103E7
1968;5343;2;1.0001403826780103E7
1969;5345;2;1.0001403826780103E7
1970;5347;2;1.0001403826780103E7
1971;5349;2;1.0001403826780103E7
1972;5351;2;1.0001403826780103E7
1973;5354;3;1.0001403826780103E7
1974;5356;2;1.0001403826780103E7
1975;5357;1;1.0001403826780103E7
1976;5358;1;1.0001403826780103E7
1977;5359;1;1.0001403826780103E7
1978;5361;2;1.0001403826780103E7
1979;5363;2;1.0001403826780103E7
1980;5366;3;1.0001403826780103E7
1981;5369;3;1.0001403826780103E7
1982;5370;1;1.0001403826780103E7
1983;5372;2;1.0001403826780103E7
1984;5376;4;1.0001403826780103E7
1985;5378;2;1.0001403826780103E7
1986;5380;2;1.0001403826780103E7
1987;5381;1;1.0001403826780103E7
1988;5382;1;1.0001403826780103E7
1989;5383;1;1.0001403826780103E7
1990;5385;2;1.0001403826780103E7
1991;5386;1;1.0001403826780103E7
1992;5388;2;1.0001403826780103E7
1993;5390;2;1.0001403826780103E7
1994;5391;1;1.0001403826780103E7
1995;5394;3;1.0001403826780103E7
1996;5394;0;1.0001403826780103E7
1997;5397;3;1.0001403826780103E7
1998;5399;2;1.0001403826780103E7
1999;5400;1;1.0001403826780103E7
2000;5402;2;1.0001403826780103E7
2001;5403;1;1.0001403826780103E7
2002;5404;1;1.0001403826780103E7
2003;5406;2;1.0001403826780103E7
2004;5409;3;1.0001403826780103E7
2005;5410;1;1.0001403826780103E7
2006;5413;3;1.0001322573334638E7
2007;5415;2;1.0001322573334638E7
2008;5418;3;1.0001322573334638E7
2009;5419;1;1.0001322573334638E7
2010;5422;3;1.0001263322425235E7
2011;5425;3;1.0001263322425235E7
2012;5427;2;1.0001263322425235E7
2013;5428;1;1.0001263322425235E7
2014;5430;2;1.0001263322425235E7
2015;5430;0;1.0001263322425235E7
2016;5433;3;1.0001263322425235E7
2017;5435;2;1.0001263322425235E7
2018;5437;2;1.0001263322425235E7
2019;5439;2;1.0001263322425235E7
2020;5440;1;1.0001263322425235E7
2021;5442;2;1.0001263322425235E7
2022;5445;3;1.0001263322425235E7
2023;5447;2;1.0001263322425235E7
2024;5450;3;1.0001263322425235E7
2025;5452;2;1.0001263322425235E7
2026;5453;1;1.0001263322425235E7
2027;5455;2;1.0001263322425235E7
2028;5456;1;1.0001263322425235E7
2029;5458;2;1.0001263322425235E7
2030;5460;2;1.0001263322425235E7
2031;5461;1;1.0001263322425235E7
2032;5463;2;1.0001263322425235E7
2033;5464;1;1.0001263322425235E7
2034;5467;3;1.0001263322425235E7
2035;5468;1;1.0001263322425235E7
2036;5470;2;1.0001263322425235E7
2037;5472;2;1.0001263322425235E7
2038;5473;1;1.0001263322425235E7
2039;5474;1;1.0001263322425235E7
2040;5476;2;1.0001263322425235E7
2041;5477;1;1.0001263322425235E7
2042;5479;2;1.0001263322425235E7
2043;5481;2;1.0001263322425235E7
2044;5483;2;1.0001263322425235E7
2045;5485;2;1.0001263322425235E7
2046;5485;0;1.0001263322425235E7
2047;5487;2;1.0001263322425235E7
2048;5490;3;1.0001263322425235E7
2049;5491;1;1.0001263322425235E7
2050;5493;2;1.0001263322425235E7
2051;5495;2;1.0001263322425235E7
2052;5496;1;1.0001263322425235E7
2053;5499;3;1.0001263322425235E7
2054;5500;1;1.0001263322425235E7
2055;5501;1;1.0001263322425235E7
2056;5505;4;1.0001263322425235E7
2057;5505;0;1.0001263322425235E7
2058;5507;2;1.0001263322425235E7
2059;5508;1;1.0001263322425235E7
2060;5511;3;1.0001263322425235E7
2061;5512;1;1.0001263322425235E7
2062;5515;3;1.0001263322425235E7
2063;5517;2;1.0001263322425235E7
2064;5518;1;1.0001263322425235E7
2065;5521;3;1.0001263322425235E7
2066;5523;2;1.0001263322425235E7
2067;5526;3;1.0001263322425235E7
2068;5528;2;1.0001263322425235E7
2069;5529;1;1.0001263322425235E7
2070;5530;1;1.0001263322425235E7
2071;5532;2;1.0001263322425235E7
2072;5534;2;1.0001263322425235E7
2073;5535;1;1.0001263322425235E7
2074;5537;2;1.0001263322425235E7
2075;5538;1;1.0001263322425235E7
2076;5540;2;1.0001263322425235E7
2077;5542;2;1.0001263322425235E7
2078;5544;2;1.0001263322425235E7
2079;5547;3;1.0001263322425235E7
2080;5549;2;1.0001263322425235E7
2081;5551;2;1.0001263322425235E7
2082;5553;2;1.0001263322425235E7
2083;5553;0;1.0001263322425235E7
2084;5556;3;1.0001263322425235E7
2085;5557;1;1.0001263322425235E7
2086;5560;3;1.0001263322425235E7
2087;5561;1;1.0001263322425235E7
2088;5564;3;1.0001263322425235E7
2089;5566;2;1.0001263322425235E7
2090;5569;3;1.0001263322425235E7
2091;5571;2;1.0001263322425235E7
2092;5574;3;1.0001263322425235E7
2093;5576;2;1.0001263322425235E7
2094;5578;2;1.0001263322425235E7
2095;5579;1;1.0001263322425235E7
2096;5581;2;1.0001263322425235E7
2097;5583;2;1.0001263322425235E7
2098;5584;1;1.0001263322425235E7
2099;5587;3;1.0001263322425235E7
2100;5589;2;1.0001263322425235E7
2101;5590;1;1.0001263322425235E7
2102;5592;2;1.0001263322425235E7
2103;5594;2;1.0001263322425235E7
2104;5596;2;1.0001263322425235E7
2105;5598;2;1.0001263322425235E7
2106;5600;2;1.0001263322425235E7
2107;5601;1;1.0001263322425235E7
2108;5604;3;1.0001263322425235E7
2109;5605;1;1.0001263322425235E7
2110;5607;2;1.0001263322425235E7
2111;5608;1;1.0001263322425235E7
2112;5611;3;1.0001263322425235E7
2113;5612;1;1.0001263322425235E7
2114;5613;1;1.0001263322425235E7
2115;5615;2;1.0001263322425235E7
2116;5617;2;1.0001263322425235E7
2117;5619;2;1.0001263322425235E7
2118;5622;3;1.0001263322425235E7
2119;5623;1;1.0001263322425235E7
2120;5625;2;1.0001263322425235E7
2121;5627;2;1.0001263322425235E7
2122;5629;2;1.0001263322425235E7
2123;5630;1;1.0001263322425235E7
2124;5632;2;1.0001263322425235E7
2125;5635;3;1.0001263322425235E7
2126;5637;2;1.0001263322425235E7
2127;5640;3;1.0001263322425235E7
2128;5642;2;1.0001263322425235E7
2129;5642;0;1.0001263322425235E7
2130;5644;2;1.0001263322425235E7
2131;5645;1;1.0001263322425235E7
2132;5648;3;1.0001263322425235E7
2133;5650;2;1.0001263322425235E7
2134;5653;3;1.0001263322425235E7
2135;5657;4;1.0001263322425235E7
2136;5660;3;1.0001263322425235E7
2137;5662;2;1.0001263322425235E7
2138;5663;1;1.0001263322425235E7
2139;5663;0;1.0001263322425235E7
2140;5666;3;1.0001263322425235E7
2141;5670;4;1.0001246568130659E7
2142;5672;2;1.0001246568130659E7
2143;5674;2;1.0001246568130659E7
2144;5677;3;1.0001246568130659E7
2145;5679;2;1.0001246568130659E7
2146;5681;2;1.0001246568130659E7
2147;5684;3;1.0001246568130659E7
2148;5685;1;1.0001221374727957E7
2149;5686;1;1.0001221374727957E7
2150;5688;2;1.0001221374727957E7
2151;5689;1;1.0001221374727957E7
2152;5690;1;1.0001186061874578E7
2153;5691;1;1.0001186061874578E7
2154;5691;0;1.0001186061874578E7
2155;5693;2;1.0001186061874578E7
2156;5695;2;1.0001186061874578E7
2157;5696;1;1.0001186061874578E7
2158;5696;0;1.0001186061874578E7
2159;5699;3;1.0001186061874578E7
2160;5700;1;1.0001186061874578E7
2161;5702;2;1.0001186061874578E7
2162;5703;1;1.0001186061874578E7
2163;5705;2;1.0001186061874578E7
2164;5706;1;1.0001186061874578E7
2165;5708;2;1.0001186061874578E7
2166;5711;3;1.0001186061874578E7
2167;5713;2;1.0001186061874578E7
2168;5714;1;1.0001186061874578E7
2169;5715;1;1.0001186061874578E7
2170;5718;3;1.0001186061874578E7
2171;5720;2;1.0001186061874578E7
2172;5722;2;1.0001186061874578E7
2173;5724;2;1.0001186061874578E7
2174;5727;3;1.0001186061874578E7
2175;5728;1;1.0001186061874578E7
2176;5730;2;1.0001186061874578E7
2177;5730;0;1.0001186061874578E7
2178;5732;2;1.0001186061874578E7
2179;5733;1;1.0001186061874578E7
2180;5734;1;1.0001186061874578E7
2181;5735;1;1.0001186061874578E7
2182;5736;1;1.0001186061874578E7
2183;5737;1;1.0001186061874578E7
2184;5738;1;1.0001186061874578E7
2185;5740;2;1.0001186061874578E7
2186;5743;3;1.0001186061874578E7
2187;5743;0;1.0001186061874578E7
2188;5745;2;1.0001186061874578E7
2189;5747;2;1.0001186061874578E7
2190;5748;1;1.0001186061874578E7
2191;5748;0;1.0001186061874578E7
2192;5751;3;1.0001186061874578E7
2193;5754;3;1.0001186061874578E7
2194;5755;1;1.0001186061874578E7
2195;5757;2;1.0001186061874578E7
2196;5759;2;1.0001186061874578E7
2197;5761;2;1.0001186061874578E7
2198;5761;0;1.0001186061874578E7
2199;5763;2;1.0001186061874578E7
2200;5765;2;1.0001186061874578E7
2201;5767;2;1.0001186061874578E7
2202;5769;2;1.0001186061874578E7
2203;5771;2;1.0001186061874578E7
2204;5773;2;1.0001186061874578E7
2205;5773;0;1.0001186061874578E7
2206;5775;2;1.0001186061874578E7
2207;5777;2;1.0001186061874578E7
2208;5778;1;1.0001186061874578E7
2209;5781;3;1.0001186061874578E7
2210;5782;1;1.0001186061874578E7
2211;5784;2;1.0001186061874578E7
2212;5785;1;1.0001186061874578E7
2213;5786;1;1.0001186061874578E7
2214;5787;1;1.0001186061874578E7
2215;5789;2;1.0001186061874578E7
2216;5791;2;1.0001186061874578E7
2217;5792;1;1.0001186061874578E7
2218;5793;1;1.0001186061874578E7
2219;5795;2;1.0001186061874578E7
2220;5797;2;1.0001186061874578E7
2221;5799;2;1.0001186061874578E7
2222;5800;1;1.0001186061874578E7
2223;5801;1;1.0001186061874578E7
2224;5803;2;1.0001186061874578E7
2225;5804;1;1.0001186061874578E7
2226;5804;0;1.0001186061874578E7
2227;5806;2;1.0001186061874578E7
2228;5807;1;1.0001186061874578E7
2229;5809;2;1.0001186061874578E7
2230;5811;2;1.0001186061874578E7
2231;5815;4;1.0001186061874578E7
2232;5817;2;1.0001186061874578E7
2233;5818;1;1.0001186061874578E7
2234;5821;3;1.0001186061874578E7
2235;5823;2;1.0001186061874578E7
2236;5824;1;1.0001186061874578E7
2237;5826;2;1.0001186061874578E7
2238;5827;1;1.0001186061874578E7
2239;5829;2;1.0001186061874578E7
2240;5831;2;1.0001186061874578E7
2241;5832;1;1.0001186061874578E7
2242;5834;2;1.0001186061874578E7
2243;5837;3;1.0001186061874578E7
2244;5838;1;1.0001186061874578E7
2245;5840;2;1.0001186061874578E7
2246;5844;4;1.0001186061874578E7
2247;5846;2;1.0001186061874578E7
2248;5847;1;1.0001186061874578E7
2249;5849;2;1.0001186061874578E7
2250;5851;2;1.0001186061874578E7
2251;5852;1;1.0001186061874578E7
2252;5854;2;1.0001186061874578E7
2253;5855;1;1.0001186061874578E7
2254;5856;1;1.0001186061874578E7
2255;5857;1;1.0001186061874578E7
2256;5859;2;1.0001186061874578E7
2257;5861;2;1.0001186061874578E7
2258;5863;2;1.0001186061874578E7
2259;5865;2;1.0001186061874578E7
2260;5867;2;1.0001186061874578E7
2261;5868;1;1.0001186061874578E7
2262;5871;3;1.0001186061874578E7
2263;5874;3;1.0001186061874578E7
2264;5876;2;1.0001186061874578E7
2265;5879;3;1.0001186061874578E7
2266;5880;1;1.0001186061874578E7
2267;5882;2;1.0001186061874578E7
2268;5883;1;1.0001186061874578E7
2269;5884;1;1.0001186061874578E7
2270;5886;2;1.0001186061874578E7
2271;5888;2;1.0001186061874578E7
2272;5888;0;1.0001186061874578E7
2273;5890;2;1.0001186061874578E7
2274;5892;2;1.0001186061874578E7
2275;5894;2;1.0001186061874578E7
2276;5896;2;1.0001186061874578E7
2277;5897;1;1.0001186061874578E7
2278;5899;2;1.0001186061874578E7
2279;5901;2;1.0001186061874578E7
2280;5903;2;1.0001186061874578E7
2281;5906;3;1.0001186061874578E7
2282;5907;1;1.0001186061874578E7
2283;5908;1;1.0001186061874578E7
2284;5909;1;1.0001186061874578E7
2285;5912;3;1.0001186061874578E7
2286;5914;2;1.0001186061874578E7
2287;5915;1;1.0001186061874578E7
2288;5918;3;1.0001186061874578E7
2289;5920;2;1.0001186061874578E7
2290;5921;1;1.0001186061874578E7
2291;5922;1;1.0001186061874578E7
2292;5924;2;1.0001186061874578E7
2293;5925;1;1.0001186061874578E7
2294;5927;2;1.0001186061874578E7
2295;5928;1;1.0001186061874578E7
2296;5928;0;1.0001186061874578E7
2297;5931;3;1.0001186061874578E7
2298;5933;2;1.0001186061874578E7
2299;5934;1;1.0001186061874578E7
2300;5936;2;1.0001186061874578E7
2301;5938;2;1.0001186061874578E7
2302;5939;1;1.0001186061874578E7
2303;5942;3;1.0001155301824037E7
2304;5943;1;1.0001155301824037E7
2305;5945;2;1.0001155301824037E7
2306;5947;2;1.0001111720692012E7
2307;5948;1;1.0001111720692012E7
2308;5951;3;1.000110466685297E7
2309;5952;1;1.000110466685297E7
2310;5955;3;1.000110466685297E7
2311;5957;2;1.000110466685297E7
2312;5960;3;1.000110466685297E7
2313;5961;1;1.000110466685297E7
2314;5963;2;1.000110466685297E7
2315;5966;3;1.000110466685297E7
2316;5969;3;1.0001097717764506E7
2317;5972;3;1.0001097717764506E7
2318;5974;2;1.0001086002901249E7
2319;5977;3;1.0001086002901249E7
2320;5979;2;1.0001086002901249E7
2321;5980;1;1.0001062030815898E7
2322;5982;2;1.0001057577524448E7
2323;5984;2;1.000101210167628E7
2324;5986;2;1.000101210167628E7
2325;5988;2;1.000101210167628E7
2326;5989;1;1.000101210167628E7
2327;5989;0;1.000101210167628E7
2328;5991;2;1.000101210167628E7
2329;5994;3;1.000101210167628E7
2330;5995;1;1.000101210167628E7
2331;5996;1;1.000101210167628E7
2332;5998;2;1.000101210167628E7
2333;6000;2;1.000101210167628E7
2334;6003;3;1.000101210167628E7
2335;6005;2;1.000101210167628E7
2336;6009;4;1.000101210167628E7
2337;6010;1;1.000101210167628E7
2338;6012;2;1.000101210167628E7
2339;6014;2;1.000101210167628E7
2340;6015;1;1.000101210167628E7
2341;6016;1;1.000101210167628E7
2342;6018;2;1.000101210167628E7
2343;6020;2;1.000101210167628E7
2344;6022;2;1.000101210167628E7
2345;6023;1;1.000101210167628E7
2346;6023;0;1.000101210167628E7
2347;6025;2;1.000101210167628E7
2348;6026;1;1.000101210167628E7
2349;6028;2;1.000101210167628E7
2350;6031;3;1.000101210167628E7
2351;6032;1;1.000101210167628E7
2352;6033;1;1.000101210167628E7
2353;6034;1;1.000101210167628E7
2354;6037;3;1.000101210167628E7
2355;6039;2;1.000101210167628E7
2356;6040;1;1.000101210167628E7
2357;6041;1;1.000101210167628E7
2358;6041;0;1.000101210167628E7
2359;6043;2;1.000101210167628E7
2360;6045;2;1.000101210167628E7
2361;6049;4;1.000101210167628E7
2362;6051;2;1.000101210167628E7
2363;6053;2;1.000101210167628E7
2364;6055;2;1.000101210167628E7
2365;6057;2;1.000101210167628E7
2366;6061;4;1.000101210167628E7
2367;6063;2;1.000101210167628E7
2368;6065;2;1.000101210167628E7
2369;6068;3;1.000101210167628E7
2370;6068;0;1.000101210167628E7
2371;6071;3;1.000101210167628E7
2372;6074;3;1.000101210167628E7
2373;6078;4;1.000101210167628E7
2374;6080;2;1.000101210167628E7
2375;6083;3;1.000101210167628E7
2376;6085;2;1.000101210167628E7
2377;6086;1;1.000101210167628E7
2378;6088;2;1.000101210167628E7
2379;6089;1;1.000101210167628E7
2380;6091;2;1.000101210167628E7
2381;6093;2;1.000101210167628E7
2382;6095;2;1.000101210167628E7
2383;6099;4;1.000101210167628E7
2384;6102;3;1.000101210167628E7
2385;6103;1;1.000101210167628E7
2386;6106;3;1.000101210167628E7
2387;6109;3;1.000101210167628E7
2388;6111;2;1.000101210167628E7
2389;6112;1;1.000101210167628E7
2390;6113;1;1.000101210167628E7
2391;6117;4;1.000101210167628E7
2392;6119;2;1.000101210167628E7
2393;6122;3;1.000101210167628E7
2394;6125;3;1.000101210167628E7
2395;6129;4;1.0000981646544246E7
2396;6132;3;1.0000981646544246E7
2397;6135;3;1.0000980955393964E7
2398;6138;3;1.0000980955393964E7
2399;6141;3;1.0000980955393964E7
2400;6143;2;1.0000980942585664E7
2401;6145;2;1.0000980942585664E7
2402;6148;3;1.0000980942585664E7
2403;6151;3;1.0000980942585664E7
2404;6153;2;1.0000980942585664E7
2405;6155;2;1.0000980942585664E7
2406;6157;2;1.0000980942585664E7
2407;6160;3;1.0000980942585664E7
2408;6161;1;1.0000980942585664E7
2409;6162;1;1.0000980942585664E7
2410;6165;3;1.0000972457595218E7
2411;6167;2;1.0000972457595218E7
2412;6168;1;1.0000972457595218E7
2413;6169;1;1.0000972014332902E7
2414;6171;2;1.0000972014332902E7
2415;6174;3;1.0000972014332902E7
2416;6174;0;1.0000972014332902E7
2417;6177;3;1.0000972014332902E7
2418;6178;1;1.0000972014332902E7
2419;6180;2;1.0000972014332902E7
2420;6182;2;1.0000972014332902E7
2421;6184;2;1.0000972014332902E7
2422;6184;0;1.0000972014332902E7
2423;6187;3;1.0000972014332902E7
2424;6189;2;1.0000972014332902E7
2425;6191;2;1.0000972014332902E7
2426;6191;0;1.0000972014332902E7
2427;6192;1;1.0000972014332902E7
2428;6192;0;1.0000972014332902E7
2429;6193;1;1.0000972014332902E7
2430;6195;2;1.0000972014332902E7
2431;6196;1;1.0000972014332902E7
2432;6197;1;1.0000972014332902E7
2433;6202;5;1.0000972014332902E7
2434;6203;1;1.0000972014332902E7
2435;6205;2;1.0000972014332902E7
2436;6207;2;1.0000972014332902E7
2437;6208;1;1.0000972014332902E7
2438;6212;4;1.0000956276360564E7
2439;6214;2;1.0000956276360564E7
2440;6217;3;1.0000956276360564E7
2441;6219;2;1.0000956276360564E7
2442;6220;1;1.0000945568536265E7
2443;6221;1;1.0000945568536265E7
2444;6224;3;1.0000945568536265E7
2445;6225;1;1.0000945568536265E7
2446;6227;2;1.0000945568536265E7
2447;6229;2;1.0000945568536265E7
2448;6230;1;1.0000945568536265E7
2449;6232;2;1.0000945568536265E7
2450;6233;1;1.0000945568536265E7
2451;6235;2;1.0000945568536265E7
2452;6236;1;1.0000945568536265E7
2453;6238;2;1.0000945568536265E7
2454;6239;1;1.0000945568536265E7
2455;6240;1;1.0000945568536265E7
2456;6241;1;1.0000945568536265E7
2457;6243;2;1.0000945568536265E7
2458;6245;2;1.0000945568536265E7
2459;6246;1;1.0000945568536265E7
2460;6248;2;1.0000945568536265E7
2461;6250;2;1.0000942891647214E7
2462;6251;1;1.0000942891647214E7
2463;6252;1;1.0000942891647214E7
2464;6253;1;1.0000942891647214E7
2465;6255;2;1.0000942891647214E7
2466;6258;3;1.0000942891647214E7
2467;6260;2;1.0000942891647214E7
2468;6262;2;1.0000942891647214E7
2469;6264;2;1.0000942891647214E7
2470;6265;1;1.0000942891647214E7
2471;6267;2;1.0000942891647214E7
2472;6268;1;1.0000942891647214E7
2473;6270;2;1.0000942891647214E7
2474;6271;1;1.0000942891647214E7
2475;6273;2;1.0000942891647214E7
2476;6274;1;1.0000942891647214E7
2477;6276;2;1.0000942891647214E7
2478;6278;2;1.0000942891647214E7
2479;6279;1;1.0000942891647214E7
2480;6281;2;1.0000942891647214E7
2481;6283;2;1.0000942891647214E7
2482;6285;2;1.0000942891647214E7
2483;6285;0;1.0000942891647214E7
2484;6287;2;1.0000942891647214E7
2485;6288;1;1.0000942891647214E7
2486;6291;3;1.0000942891647214E7
2487;6293;2;1.0000942891647214E7
2488;6295;2;1.0000942891647214E7
2489;6296;1;1.0000942891647214E7
2490;6299;3;1.0000942891647214E7
2491;6300;1;1.0000942891647214E7
2492;6302;2;1.0000942891647214E7
2493;6304;2;1.0000942891647214E7
2494;6305;1;1.0000942891647214E7
2495;6308;3;1.0000942891647214E7
2496;6310;2;1.0000942891647214E7
2497;6310;0;1.0000942891647214E7
2498;6311;1;1.0000942891647214E7
2499;6313;2;1.0000942891647214E7
2500;6315;2;1.0000942891647214E7
2501;6317;2;1.0000942891647214E7
2502;6318;1;1.0000942891647214E7
2503;6321;3;1.0000942891647214E7
2504;6323;2;1.0000942891647214E7
2505;6323;0;1.0000942891647214E7
2506;6324;1;1.0000942891647214E7
2507;6326;2;1.0000942891647214E7
2508;6329;3;1.0000915291581795E7
2509;6331;2;1.0000915291581795E7
2510;6333;2;1.0000915291581795E7
2511;6335;2;1.0000915291581795E7
2512;6337;2;1.0000915291581795E7
2513;6339;2;1.0000915291581795E7
2514;6340;1;1.0000915291581795E7
2515;6343;3;1.0000915291581795E7
2516;6345;2;1.0000915291581795E7
2517;6348;3;1.0000915291581795E7
2518;6351;3;1.0000915291581795E7
2519;6353;2;1.0000915291581795E7
2520;6355;2;1.0000915291581795E7
2521;6357;2;1.0000915291581795E7
2522;6358;1;1.0000915291581795E7
2523;6360;2;1.0000915291581795E7
2524;6361;1;1.0000915291581795E7
2525;6361;0;1.0000915291581795E7
2526;6363;2;1.0000915291581795E7
2527;6368;5;1.0000915291581795E7
2528;6369;1;1.0000915291581795E7
2529;6371;2;1.0000915291581795E7
2530;6372;1;1.0000915291581795E7
2531;6373;1;1.0000915291581795E7
2532;6375;2;1.0000915291581795E7
2533;6378;3;1.0000915291581795E7
2534;6379;1;1.0000915291581795E7
2535;6381;2;1.0000915291581795E7
2536;6382;1;1.0000915291581795E7
2537;6383;1;1.0000915291581795E7
2538;6385;2;1.0000915291581795E7
2539;6387;2;1.0000915291581795E7
2540;6390;3;1.0000915291581795E7
2541;6391;1;1.0000915291581795E7
2542;6393;2;1.0000915291581795E7
2543;6395;2;1.0000915291581795E7
2544;6398;3;1.0000915291581795E7
2545;6400;2;1.0000915291581795E7
2546;6403;3;1.0000915291581795E7
2547;6405;2;1.0000915291581795E7
2548;6406;1;1.0000915291581795E7
2549;6407;1;1.0000915291581795E7
2550;6410;3;1.0000915291581795E7
2551;6412;2;1.0000915291581795E7
2552;6413;1;1.0000915291581795E7
2553;6415;2;1.0000915291581795E7
2554;6418;3;1.0000915291581795E7
2555;6420;2;1.0000912146524413E7
2556;6422;2;1.0000912146524413E7
2557;6425;3;1.0000912146524413E7
2558;6429;4;1.0000912146524413E7
2559;6431;2;1.0000912146524413E7
2560;6434;3;1.0000912146524413E7
2561;6434;0;1.0000912146524413E7
2562;6436;2;1.0000912146524413E7
2563;6437;1;1.0000912146524413E7
2564;6439;2;1.0000912146524413E7
2565;6440;1;1.0000912146524413E7
2566;6442;2;1.0000911687747026E7
2567;6445;3;1.0000911048741855E7
2568;6452;7;1.0000911048741855E7
2569;6454;2;1.0000911048741855E7
2570;6455;1;1.0000911048741855E7
2571;6456;1;1.0000911048741855E7
2572;6457;1;1.0000911048741855E7
2573;6459;2;1.0000911048741855E7
2574;6460;1;1.0000911048741855E7
2575;6462;2;1.0000911048741855E7
2576;6463;1;1.0000911048741855E7
2577;6465;2;1.0000911048741855E7
2578;6468;3;1.0000911048741855E7
2579;6470;2;1.0000911048741855E7
2580;6471;1;1.0000911048741855E7
2581;6473;2;1.0000911048741855E7
2582;6475;2;1.0000911048741855E7
2583;6476;1;1.0000911048741855E7
2584;6477;1;1.0000911048741855E7
2585;6479;2;1.0000911048741855E7
2586;6480;1;1.0000911048741855E7
2587;6481;1;1.0000911048741855E7
2588;6482;1;1.0000911048741855E7
2589;6484;2;1.0000911048741855E7
2590;6485;1;1.0000911048741855E7
2591;6488;3;1.0000911048741855E7
2592;6489;1;1.0000911048741855E7
2593;6491;2;1.0000911048741855E7
2594;6492;1;1.0000911048741855E7
2595;6493;1;1.0000911048741855E7
2596;6494;1;1.0000911048741855E7
2597;6497;3;1.0000911048741855E7
2598;6500;3;1.0000911048741855E7
2599;6503;3;1.0000911048741855E7
2600;6503;0;1.0000911048741855E7
2601;6504;1;1.0000911048741855E7
2602;6506;2;1.0000911048741855E7
2603;6509;3;1.0000911048741855E7
2604;6510;1;1.0000911048741855E7
2605;6512;2;1.0000911048741855E7
2606;6515;3;1.0000911048741855E7
2607;6516;1;1.0000911048741855E7
2608;6518;2;1.0000911048741855E7
2609;6520;2;1.0000911048741855E7
2610;6521;1;1.0000911048741855E7
2611;6522;1;1.0000911048741855E7
2612;6528;6;1.0000911048741855E7
2613;6529;1;1.0000911048741855E7
2614;6530;1;1.0000911048741855E7
2615;6533;3;1.0000911048741855E7
2616;6536;3;1.0000911048741855E7
2617;6536;0;1.0000911048741855E7
2618;6539;3;1.0000911048741855E7
2619;6541;2;1.0000911048741855E7
2620;6541;0;1.0000911048741855E7
2621;6543;2;1.0000911048741855E7
2622;6544;1;1.0000911048741855E7
2623;6549;5;1.0000911048741855E7
2624;6550;1;1.0000911048741855E7
2625;6552;2;1.0000911048741855E7
2626;6554;2;1.0000911048741855E7
2627;6554;0;1.0000911048741855E7
2628;6556;2;1.0000911048741855E7
2629;6557;1;1.0000911048741855E7
2630;6559;2;1.0000911048741855E7
2631;6560;1;1.0000911048741855E7
2632;6561;1;1.0000911048741855E7
2633;6562;1;1.0000911048741855E7
2634;6564;2;1.0000911048741855E7
2635;6567;3;1.0000911048741855E7
2636;6571;4;1.0000910516447615E7
2637;6574;3;1.0000910516447615E7
2638;6575;1;1.0000910516447615E7
2639;6578;3;1.0000910369242487E7
2640;6579;1;1.0000910369242487E7
2641;6583;4;1.0000910369242487E7
2642;6584;1;1.0000910369242487E7
2643;6587;3;1.0000910369242487E7
2644;6588;1;1.0000910369242487E7
2645;6590;2;1.0000910369242487E7
2646;6591;1;1.0000909108738666E7
2647;6594;3;1.0000909108738666E7
2648;6595;1;1.0000909108738666E7
2649;6598;3;1.0000909108738666E7
2650;6601;3;1.0000909108738666E7
2651;6602;1;1.0000909108738666E7
2652;6602;0;1.0000909108738666E7
2653;6605;3;1.000090906176384E7
2654;6607;2;1.000090906176384E7
2655;6609;2;1.000090906176384E7
2656;6611;2;1.0000908912519824E7
2657;6613;2;1.0000908912519824E7
2658;6614;1;1.0000908912519824E7
2659;6615;1;1.0000908912519824E7
2660;6617;2;1.0000908912519824E7
2661;6618;1;1.0000908912519824E7
2662;6622;4;1.0000908912519824E7
2663;6626;4;1.0000908912519824E7
2664;6629;3;1.0000908912519824E7
2665;6630;1;1.0000908912519824E7
2666;6631;1;1.0000908912519824E7
2667;6633;2;1.0000908912519824E7
2668;6635;2;1.0000908912519824E7
2669;6637;2;1.0000908912519824E7
2670;6639;2;1.0000908912519824E7
2671;6639;0;1.0000908912519824E7
2672;6642;3;1.0000908912519824E7
2673;6644;2;1.0000908912519824E7
2674;6648;4;1.0000908912519824E7
2675;6650;2;1.0000908912519824E7
2676;6651;1;1.0000908912519824E7
2677;6653;2;1.0000908912519824E7
2678;6655;2;1.0000908912519824E7
2679;6658;3;1.0000908912519824E7
2680;6659;1;1.0000908912519824E7
2681;6662;3;1.0000908912519824E7
2682;6664;2;1.0000908912519824E7
2683;6665;1;1.0000908912519824E7
2684;6667;2;1.0000908912519824E7
2685;6668;1;1.0000908912519824E7
2686;6670;2;1.0000908912519824E7
2687;6670;0;1.0000908912519824E7
2688;6672;2;1.0000908912519824E7
2689;6675;3;1.0000908912519824E7
2690;6679;4;1.0000908912519824E7
2691;6681;2;1.0000908912519824E7
2692;6684;3;1.0000908912519824E7
2693;6686;2;1.0000908912519824E7
2694;6687;1;1.0000908912519824E7
2695;6690;3;1.0000908912519824E7
2696;6693;3;1.0000908912519824E7
2697;6695;2;1.0000908912519824E7
2698;6697;2;1.0000908912519824E7
2699;6698;1;1.0000908912519824E7
2700;6700;2;1.0000908912519824E7
2701;6702;2;1.0000908912519824E7
2702;6703;1;1.0000908912519824E7
2703;6704;1;1.0000907971083082E7
2704;6706;2;1.0000907971083082E7
2705;6708;2;1.0000907971083082E7
2706;6710;2;1.0000907971083082E7
2707;6711;1;1.0000907971083082E7
2708;6713;2;1.0000907971083082E7
2709;6715;2;1.0000907971083082E7
2710;6717;2;1.0000907971083082E7
2711;6718;1;1.0000907971083082E7
2712;6719;1;1.0000907971083082E7
2713;6720;1;1.0000907971083082E7
2714;6722;2;1.0000907971083082E7
2715;6725;3;1.0000907971083082E7
2716;6726;1;1.0000907971083082E7
2717;6729;3;1.0000907971083082E7
2718;6731;2;1.0000907971083082E7
2719;6732;1;1.0000907971083082E7
2720;6735;3;1.0000907971083082E7
2721;6737;2;1.0000907971083082E7
2722;6738;1;1.0000907971083082E7
2723;6739;1;1.0000907971083082E7
2724;6740;1;1.0000907971083082E7
2725;6742;2;1.0000907971083082E7
2726;6745;3;1.0000907971083082E7
2727;6746;1;1.0000907971083082E7
2728;6747;1;1.0000907971083082E7
2729;6749;2;1.0000907971083082E7
2730;6750;1;1.0000907971083082E7
2731;6752;2;1.0000907971083082E7
2732;6754;2;1.0000907971083082E7
2733;6756;2;1.0000907971083082E7
2734;6757;1;1.0000907971083082E7
2735;6759;2;1.0000907971083082E7
2736;6760;1;1.0000907971083082E7
2737;6764;4;1.0000907971083082E7
2738;6767;3;1.0000907971083082E7
2739;6769;2;1.0000906349278426E7
2740;6771;2;1.0000906349278426E7
2741;6773;2;1.0000906349278426E7
2742;6774;1;1.0000906349278426E7
2743;6775;1;1.0000906349278426E7
2744;6776;1;1.0000906349278426E7
2745;6777;1;1.0000906349278426E7
2746;6778;1;1.0000906349278426E7
2747;6781;3;1.0000906349278426E7
2748;6783;2;1.0000905728035284E7
2749;6785;2;1.0000905728035284E7
2750;6787;2;1.0000905728035284E7
2751;6787;0;1.0000905728035284E7
2752;6788;1;1.0000905728035284E7
2753;6789;1;1.0000905728035284E7
2754;6790;1;1.0000905728035284E7
2755;6792;2;1.0000905728035284E7
2756;6794;2;1.0000905728035284E7
2757;6795;1;1.0000905728035284E7
2758;6799;4;1.0000905728035284E7
2759;6800;1;1.0000905728035284E7
2760;6801;1;1.0000905728035284E7
2761;6803;2;1.0000905728035284E7
2762;6805;2;1.0000905728035284E7
2763;6807;2;1.0000905728035284E7
2764;6809;2;1.0000905728035284E7
2765;6811;2;1.0000905728035284E7
2766;6814;3;1.0000905728035284E7
2767;6816;2;1.0000905728035284E7
2768;6817;1;1.0000905728035284E7
2769;6818;1;1.0000905728035284E7
2770;6818;0;1.0000905728035284E7
2771;6820;2;1.0000905728035284E7
2772;6821;1;1.0000905728035284E7
2773;6823;2;1.0000904833664112E7
2774;6825;2;1.0000904833664112E7
2775;6826;1;1.0000904833664112E7
2776;6828;2;1.0000904833664112E7
2777;6830;2;1.0000904833664112E7
2778;6833;3;1.0000904833664112E7
2779;6834;1;1.0000904833664112E7
2780;6836;2;1.0000904833664112E7
2781;6838;2;1.0000904833664112E7
2782;6839;1;1.0000904833664112E7
2783;6841;2;1.0000904833664112E7
2784;6842;1;1.0000904833664112E7
2785;6844;2;1.0000904833664112E7
2786;6845;1;1.0000904833664112E7
2787;6846;1;1.0000904833664112E7
2788;6847;1;1.0000904833664112E7
2789;6848;1;1.0000904833664112E7
2790;6850;2;1.0000904833664112E7
2791;6852;2;1.0000904833664112E7
2792;6853;1;1.0000904833664112E7
2793;6856;3;1.0000904833664112E7
2794;6858;2;1.0000904833664112E7
2795;6859;1;1.0000904833664112E7
2796;6860;1;1.0000904833664112E7
2797;6861;1;1.0000904833664112E7
2798;6863;2;1.0000904833664112E7
2799;6864;1;1.0000904833664112E7
2800;6867;3;1.0000904833664112E7
2801;6869;2;1.0000904833664112E7
2802;6872;3;1.0000904833664112E7
2803;6873;1;1.0000904833664112E7
2804;6877;4;1.0000904833664112E7
2805;6879;2;1.0000904833664112E7
2806;6880;1;1.0000904833664112E7
2807;6881;1;1.0000904833664112E7
2808;6882;1;1.0000904833664112E7
2809;6883;1;1.0000904833664112E7
2810;6885;2;1.0000904833664112E7
2811;6887;2;1.0000904833664112E7
2812;6888;1;1.0000904833664112E7
2813;6890;2;1.0000904833664112E7
2814;6891;1;1.0000904833664112E7
2815;6892;1;1.0000904833664112E7
2816;6894;2;1.0000904833664112E7
2817;6896;2;1.0000904833664112E7
2818;6896;0;1.0000904833664112E7
2819;6899;3;1.0000904833664112E7
2820;6902;3;1.0000904833664112E7
2821;6904;2;1.0000904833664112E7
2822;6906;2;1.0000904833664112E7
2823;6909;3;1.0000904833664112E7
2824;6910;1;1.0000904833664112E7
2825;6912;2;1.0000904833664112E7
2826;6914;2;1.0000904833664112E7
2827;6917;3;1.0000904833664112E7
2828;6918;1;1.0000904833664112E7
2829;6920;2;1.0000904833664112E7
2830;6921;1;1.0000904833664112E7
2831;6923;2;1.0000904833664112E7
2832;6924;1;1.0000904833664112E7
2833;6925;1;1.0000904833664112E7
2834;6927;2;1.0000904833664112E7
2835;6928;1;1.0000904833664112E7
2836;6931;3;1.0000904833664112E7
2837;6933;2;1.0000904833664112E7
2838;6935;2;1.0000904833664112E7
2839;6936;1;1.0000904833664112E7
2840;6939;3;1.0000904833664112E7
2841;6941;2;1.0000904833664112E7
2842;6942;1;1.0000904833664112E7
2843;6944;2;1.0000904833664112E7
2844;6946;2;1.0000904833664112E7
2845;6948;2;1.0000904833664112E7
2846;6950;2;1.0000904833664112E7
2847;6952;2;1.0000904833664112E7
2848;6952;0;1.0000904833664112E7
2849;6953;1;1.0000904833664112E7
2850;6956;3;1.0000904833664112E7
2851;6957;1;1.0000904833664112E7
2852;6957;0;1.0000904833664112E7
2853;6962;5;1.0000904833664112E7
2854;6963;1;1.0000904833664112E7
2855;6965;2;1.0000904833664112E7
2856;6967;2;1.0000904833664112E7
2857;6967;0;1.0000904833664112E7
2858;6969;2;1.0000904833664112E7
2859;6971;2;1.0000904833664112E7
2860;6973;2;1.0000882695178578E7
2861;6974;1;1.0000882695178578E7
2862;6976;2;1.0000882695178578E7
2863;6976;0;1.0000882695178578E7
2864;6979;3;1.0000882695178578E7
2865;6981;2;1.0000882695178578E7
2866;6983;2;1.0000882695178578E7
2867;6984;1;1.0000882695178578E7
2868;6985;1;1.0000882695178578E7
2869;6987;2;1.0000882695178578E7
2870;6989;2;1.0000882695178578E7
2871;6991;2;1.0000882695178578E7
2872;6992;1;1.0000882695178578E7
2873;6993;1;1.0000882695178578E7
2874;6995;2;1.0000882695178578E7
2875;6998;3;1.0000882695178578E7
2876;6999;1;1.0000882695178578E7
2877;7000;1;1.0000882695178578E7
2878;7002;2;1.0000882695178578E7
2879;7003;1;1.0000882695178578E7
2880;7005;2;1.0000882695178578E7
2881;7006;1;1.0000882695178578E7
2882;7008;2;1.0000882695178578E7
2883;7009;1;1.0000882695178578E7
2884;7016;7;1.0000882695178578E7
2885;7018;2;1.0000882695178578E7
2886;7018;0;1.0000882695178578E7
2887;7020;2;1.0000882695178578E7
2888;7021;1;1.0000882695178578E7
2889;7023;2;1.0000882695178578E7
2890;7024;1;1.0000882695178578E7
2891;7027;3;1.0000882695178578E7
2892;7028;1;1.0000882695178578E7
2893;7029;1;1.0000882695178578E7
2894;7031;2;1.0000882695178578E7
2895;7034;3;1.0000882695178578E7
2896;7035;1;1.0000882695178578E7
2897;7037;2;1.0000882695178578E7
2898;7039;2;1.0000882695178578E7
2899;7041;2;1.0000882695178578E7
2900;7042;1;1.0000882695178578E7
2901;7042;0;1.0000882695178578E7
2902;7044;2;1.0000882695178578E7
2903;7045;1;1.0000882695178578E7
2904;7048;3;1.0000882695178578E7
2905;7049;1;1.0000882695178578E7
2906;7050;1;1.0000882695178578E7
2907;7051;1;1.0000882695178578E7
2908;7053;2;1.0000881667111946E7
2909;7054;1;1.0000881667111946E7
2910;7057;3;1.0000881667111946E7
2911;7061;4;1.0000881667111946E7
2912;7064;3;1.0000881667111946E7
2913;7066;2;1.0000881667111946E7
2914;7068;2;1.0000881667111946E7
2915;7070;2;1.0000881667111946E7
2916;7071;1;1.0000881240851376E7
2917;7073;2;1.0000881240851376E7
2918;7075;2;1.0000881240851376E7
2919;7075;0;1.0000881240851376E7
2920;7077;2;1.0000881240851376E7
2921;7078;1;1.0000881240851376E7
2922;7079;1;1.0000881240851376E7
2923;7081;2;1.0000881240851376E7
2924;7084;3;1.0000881240851376E7
2925;7085;1;1.0000881240851376E7
2926;7088;3;1.0000881240851376E7
2927;7090;2;1.0000881240851376E7
2928;7090;0;1.0000881240851376E7
2929;7091;1;1.0000881240851376E7
2930;7092;1;1.0000881240851376E7
2931;7094;2;1.0000881240851376E7
2932;7094;0;1.0000881240851376E7
2933;7095;1;1.0000881240851376E7
2934;7097;2;1.0000881240851376E7
2935;7098;1;1.0000881240851376E7
2936;7099;1;1.0000881240851376E7
2937;7100;1;1.0000881240851376E7
2938;7102;2;1.0000881240851376E7
2939;7104;2;1.0000881240851376E7
2940;7106;2;1.0000881240851376E7
2941;7106;0;1.0000881240851376E7
2942;7107;1;1.0000881240851376E7
2943;7108;1;1.0000881240851376E7
2944;7110;2;1.0000881240851376E7
2945;7111;1;1.0000881240851376E7
2946;7113;2;1.0000881240851376E7
2947;7116;3;1.0000881240851376E7
2948;7119;3;1.0000881240851376E7
2949;7123;4;1.0000881240851376E7
2950;7124;1;1.0000881240851376E7
2951;7126;2;1.0000881240851376E7
2952;7127;1;1.0000881240851376E7
2953;7128;1;1.0000881240851376E7
2954;7130;2;1.0000881240851376E7
2955;7132;2;1.0000881240851376E7
2956;7133;1;1.0000881240851376E7
2957;7135;2;1.0000881240851376E7
2958;7137;2;1.0000878532694153E7
2959;7138;1;1.0000878532694153E7
2960;7139;1;1.0000878532694153E7
2961;7139;0;1.0000878532694153E7
2962;7142;3;1.0000878532694153E7
2963;7144;2;1.0000878532694153E7
2964;7146;2;1.0000878532694153E7
2965;7150;4;1.0000878532694153E7
2966;7151;1;1.0000878532694153E7
2967;7152;1;1.0000878532694153E7
2968;7153;1;1.0000878532694153E7
2969;7156;3;1.0000878532694153E7
2970;7157;1;1.0000878532694153E7
2971;7159;2;1.0000878532694153E7
2972;7161;2;1.0000878532694153E7
2973;7162;1;1.0000878532694153E7
2974;7164;2;1.0000878532694153E7
2975;7166;2;1.0000878532694153E7
2976;7167;1;1.0000878532694153E7
2977;7169;2;1.0000878532694153E7
2978;7171;2;1.0000878532694153E7
2979;7173;2;1.0000878532694153E7
2980;7175;2;1.0000878532694153E7
2981;7176;1;1.0000878532694153E7
2982;7178;2;1.0000878532694153E7
2983;7179;1;1.0000878532694153E7
2984;7181;2;1.0000878532694153E7
2985;7183;2;1.0000878532694153E7
2986;7186;3;1.0000878532694153E7
2987;7187;1;1.0000878532694153E7
2988;7189;2;1.0000878532694153E7
2989;7191;2;1.0000878532694153E7
2990;7192;1;1.0000878532694153E7
2991;7194;2;1.0000878532694153E7
2992;7194;0;1.0000878532694153E7
2993;7196;2;1.0000878532694153E7
2994;7198;2;1.0000878382972615E7
2995;7198;0;1.0000878382972615E7
2996;7200;2;1.0000878382972615E7
2997;7202;2;1.0000878382972615E7
2998;7204;2;1.0000878382972615E7
2999;7205;1;1.0000878382972615E7
