Index;Time point [ms];Iteration length [ms];Cost
0;9;9;4001498.110804653
1;16;7;4001215.065062968
2;22;6;4001049.8982939273
3;26;4;4001041.597222724
4;32;6;4001014.338623436
5;38;6;4001014.338623436
6;46;8;3000983.8649822674
7;51;5;3000983.8649822674
8;51;0;3000983.8649822674
9;57;6;3000983.8649822674
10;62;5;3000983.8649822674
11;69;7;3000983.8649822674
12;70;1;3000983.8649822674
13;73;3;3000983.8649822674
14;78;5;3000983.8649822674
15;80;2;3000983.8649822674
16;87;7;3000983.8649822674
17;93;6;3000983.8649822674
18;96;3;3000983.8649822674
19;103;7;3000983.8649822674
20;110;7;3000983.8649822674
21;114;4;3000983.8649822674
22;120;6;3000983.8649822674
23;120;0;3000983.8649822674
24;123;3;3000983.8649822674
25;126;3;3000983.8649822674
26;132;6;3000983.8649822674
27;137;5;3000983.8649822674
28;141;4;3000983.8649822674
29;148;7;3000983.8649822674
30;149;1;3000983.8649822674
31;156;7;3000983.8649822674
32;160;4;3000983.8649822674
33;166;6;3000983.8649822674
34;170;4;3000983.8649822674
35;178;8;3000983.8649822674
36;178;0;3000983.8649822674
37;183;5;3000983.8649822674
38;188;5;3000983.8649822674
39;197;9;3000983.8649822674
40;200;3;3000983.8649822674
41;201;1;3000983.8649822674
42;205;4;3000983.8649822674
43;212;7;3000983.8649822674
44;218;6;3000983.8649822674
45;224;6;3000983.8649822674
46;231;7;3000983.8649822674
47;239;8;3000983.8649822674
48;246;7;3000983.8649822674
49;255;9;3000983.8649822674
50;262;7;3000983.8649822674
51;263;1;3000983.8649822674
52;268;5;3000983.8649822674
53;275;7;3000983.8649822674
54;281;6;3000983.8649822674
55;288;7;3000983.8649822674
56;296;8;3000983.8649822674
57;297;1;3000983.8649822674
58;304;7;3000983.8649822674
59;309;5;3000983.8649822674
60;317;8;3000983.8649822674
61;324;7;3000983.8649822674
62;330;6;3000983.8649822674
63;338;8;3000983.8649822674
64;343;5;3000983.8649822674
65;344;1;3000983.8649822674
66;344;0;3000983.8649822674
67;352;8;3000983.8649822674
68;358;6;3000983.8649822674
69;364;6;3000983.8649822674
70;371;7;3000983.8649822674
71;376;5;3000983.8649822674
72;381;5;3000972.262807971
73;387;6;3000972.262807971
74;392;5;3000972.262807971
75;398;6;3000972.262807971
76;409;11;3000972.262807971
77;414;5;3000972.262807971
78;422;8;3000972.262807971
79;433;11;3000972.262807971
80;435;2;3000972.262807971
81;440;5;3000972.262807971
82;445;5;3000972.262807971
83;450;5;3000972.262807971
84;457;7;3000972.262807971
85;461;4;3000972.262807971
86;466;5;3000972.262807971
87;467;1;3000972.262807971
88;471;4;3000972.262807971
89;481;10;3000972.262807971
90;486;5;3000972.262807971
91;489;3;3000972.262807971
92;493;4;3000972.262807971
93;501;8;3000972.262807971
94;507;6;3000972.262807971
95;512;5;3000972.262807971
96;519;7;3000972.262807971
97;525;6;3000972.262807971
98;529;4;3000972.262807971
99;534;5;3000972.262807971
100;541;7;3000972.262807971
101;548;7;3000972.262807971
102;554;6;3000972.262807971
103;561;7;3000972.262807971
104;567;6;3000972.262807971
105;568;1;3000972.262807971
106;576;8;3000972.262807971
107;583;7;3000972.262807971
108;591;8;3000972.262807971
109;598;7;3000972.262807971
110;598;0;3000972.262807971
111;607;9;3000972.262807971
112;608;1;3000972.262807971
113;616;8;3000972.262807971
114;621;5;3000972.262807971
115;626;5;3000972.262807971
116;634;8;3000972.262807971
117;636;2;3000972.262807971
118;644;8;3000966.1499076844
119;651;7;3000931.533629624
120;658;7;3000919.439680463
121;661;3;3000890.401415656
122;662;1;3000890.401415656
123;668;6;3000890.401415656
124;671;3;3000890.401415656
125;672;1;3000890.401415656
126;680;8;3000890.401415656
127;687;7;3000890.401415656
128;691;4;3000890.401415656
129;697;6;3000890.401415656
130;700;3;3000890.401415656
131;706;6;3000890.401415656
132;713;7;3000890.401415656
133;714;1;3000890.401415656
134;720;6;3000890.401415656
135;726;6;3000890.401415656
136;733;7;3000890.401415656
137;738;5;3000890.401415656
138;743;5;3000890.401415656
139;751;8;3000890.401415656
140;759;8;3000890.401415656
141;763;4;3000890.401415656
142;763;0;3000890.401415656
143;770;7;3000890.401415656
144;775;5;3000890.401415656
145;780;5;3000890.401415656
146;787;7;3000890.401415656
147;792;5;3000890.401415656
148;802;10;3000890.401415656
149;806;4;3000890.401415656
150;814;8;3000890.401415656
151;820;6;3000890.401415656
152;827;7;3000890.401415656
153;835;8;3000890.401415656
154;842;7;3000890.401415656
155;847;5;3000890.401415656
156;856;9;3000890.401415656
157;860;4;3000890.401415656
158;866;6;3000890.401415656
159;870;4;3000890.401415656
160;875;5;3000890.401415656
161;879;4;3000890.401415656
162;885;6;3000890.401415656
163;886;1;3000890.401415656
164;892;6;3000890.401415656
165;902;10;3000890.401415656
166;904;2;3000890.401415656
167;909;5;3000890.401415656
168;911;2;3000890.401415656
169;919;8;3000890.401415656
170;928;9;3000890.401415656
171;938;10;3000890.401415656
172;942;4;3000890.401415656
173;948;6;3000890.401415656
174;952;4;3000890.401415656
175;957;5;3000890.401415656
176;965;8;3000890.401415656
177;973;8;3000890.401415656
178;980;7;3000890.401415656
179;984;4;3000890.401415656
180;992;8;3000890.401415656
181;998;6;3000890.401415656
182;1001;3;3000890.401415656
183;1001;0;3000890.401415656
184;1002;1;3000890.401415656
185;1006;4;3000890.401415656
186;1013;7;3000890.401415656
187;1015;2;3000890.401415656
188;1016;1;3000890.401415656
189;1022;6;3000890.401415656
190;1030;8;3000890.401415656
191;1037;7;3000890.401415656
192;1039;2;3000890.401415656
193;1049;10;3000890.401415656
194;1050;1;3000890.401415656
195;1058;8;3000890.401415656
196;1059;1;3000890.401415656
197;1073;14;3000890.401415656
198;1074;1;3000890.401415656
199;1080;6;3000890.401415656
200;1081;1;3000890.401415656
201;1089;8;3000890.401415656
202;1095;6;3000890.401415656
203;1096;1;3000890.401415656
204;1105;9;3000890.401415656
205;1113;8;3000890.401415656
206;1120;7;3000890.401415656
207;1127;7;3000890.401415656
208;1134;7;3000890.401415656
209;1140;6;3000890.401415656
210;1140;0;3000890.401415656
211;1146;6;3000890.401415656
212;1153;7;3000890.401415656
213;1160;7;3000890.401415656
214;1164;4;3000890.401415656
215;1172;8;3000890.401415656
216;1173;1;3000890.401415656
217;1177;4;3000890.401415656
218;1180;3;3000890.401415656
219;1187;7;3000890.401415656
220;1195;8;3000890.401415656
221;1200;5;3000890.401415656
222;1207;7;3000890.401415656
223;1215;8;3000890.401415656
224;1222;7;3000890.401415656
225;1231;9;3000890.401415656
226;1235;4;3000890.401415656
227;1239;4;3000890.401415656
228;1247;8;3000890.401415656
229;1250;3;3000890.401415656
230;1256;6;3000890.401415656
231;1260;4;3000890.401415656
232;1268;8;3000890.401415656
233;1273;5;3000890.401415656
234;1276;3;3000890.401415656
235;1278;2;3000890.401415656
236;1283;5;3000890.401415656
237;1287;4;3000890.401415656
238;1294;7;3000890.401415656
239;1300;6;3000890.401415656
240;1305;5;3000890.401415656
241;1306;1;3000890.401415656
242;1312;6;3000890.401415656
243;1319;7;3000890.401415656
244;1324;5;3000890.401415656
245;1329;5;3000890.401415656
246;1330;1;3000890.401415656
247;1334;4;3000890.401415656
248;1337;3;3000890.401415656
249;1344;7;3000890.401415656
250;1345;1;3000890.401415656
251;1350;5;3000890.401415656
252;1356;6;3000890.401415656
253;1363;7;3000890.401415656
254;1364;1;3000890.401415656
255;1371;7;3000890.401415656
256;1374;3;3000890.401415656
257;1383;9;3000890.401415656
258;1385;2;3000890.401415656
259;1389;4;3000890.401415656
260;1389;0;3000890.401415656
261;1390;1;3000890.401415656
262;1395;5;3000890.401415656
263;1402;7;3000890.401415656
264;1410;8;3000890.401415656
265;1418;8;3000890.401415656
266;1424;6;3000890.401415656
267;1432;8;3000890.401415656
268;1434;2;3000890.401415656
269;1440;6;3000890.401415656
270;1447;7;3000890.401415656
271;1454;7;3000890.401415656
272;1462;8;3000890.401415656
273;1462;0;3000890.401415656
274;1463;1;3000890.401415656
275;1464;1;3000890.401415656
276;1471;7;3000890.401415656
277;1478;7;3000890.401415656
278;1488;10;3000890.401415656
279;1494;6;3000890.401415656
280;1501;7;3000890.401415656
281;1506;5;3000890.401415656
282;1513;7;3000890.401415656
283;1520;7;3000890.401415656
284;1528;8;3000890.401415656
285;1535;7;3000890.401415656
286;1542;7;3000890.401415656
287;1551;9;3000890.401415656
288;1557;6;3000890.401415656
289;1565;8;3000890.401415656
290;1572;7;3000890.401415656
291;1580;8;3000890.401415656
292;1581;1;3000890.401415656
293;1589;8;3000890.401415656
294;1594;5;3000890.401415656
295;1599;5;3000890.401415656
296;1604;5;3000890.401415656
297;1611;7;3000890.401415656
298;1615;4;3000890.401415656
299;1622;7;3000890.401415656
300;1622;0;3000890.401415656
301;1629;7;3000890.401415656
302;1635;6;3000890.401415656
303;1636;1;3000890.401415656
304;1639;3;3000890.401415656
305;1646;7;3000890.401415656
306;1650;4;3000890.401415656
307;1655;5;3000890.401415656
308;1657;2;3000890.401415656
309;1662;5;3000890.401415656
310;1667;5;3000890.401415656
311;1673;6;3000890.401415656
312;1679;6;3000890.401415656
313;1685;6;3000890.401415656
314;1686;1;3000890.401415656
315;1689;3;3000890.401415656
316;1696;7;3000890.401415656
317;1701;5;3000890.401415656
318;1707;6;3000890.401415656
319;1710;3;3000890.401415656
320;1718;8;3000890.401415656
321;1718;0;3000890.401415656
322;1719;1;3000890.401415656
323;1721;2;3000890.401415656
324;1727;6;3000890.401415656
325;1733;6;3000890.401415656
326;1734;1;3000890.401415656
327;1735;1;3000890.401415656
328;1740;5;3000890.401415656
329;1747;7;3000890.401415656
330;1755;8;3000890.401415656
331;1762;7;3000890.401415656
332;1772;10;3000890.401415656
333;1773;1;3000890.401415656
334;1781;8;3000890.401415656
335;1785;4;3000890.401415656
336;1792;7;3000890.401415656
337;1798;6;3000890.401415656
338;1799;1;3000890.401415656
339;1805;6;3000890.401415656
340;1810;5;3000890.401415656
341;1816;6;3000890.401415656
342;1817;1;3000890.401415656
343;1821;4;3000890.401415656
344;1829;8;3000890.401415656
345;1835;6;3000890.401415656
346;1841;6;3000890.401415656
347;1847;6;3000890.401415656
348;1856;9;3000890.401415656
349;1867;11;3000890.401415656
350;1872;5;3000890.401415656
351;1881;9;3000890.401415656
352;1888;7;3000890.401415656
353;1889;1;3000890.401415656
354;1889;0;3000890.401415656
355;1890;1;3000890.401415656
356;1898;8;3000890.401415656
357;1903;5;3000890.401415656
358;1911;8;3000890.401415656
359;1918;7;3000890.401415656
360;1926;8;3000890.401415656
361;1933;7;3000890.401415656
362;1940;7;3000890.401415656
363;1946;6;3000890.401415656
364;1953;7;3000890.401415656
365;1961;8;3000890.401415656
366;1969;8;3000890.401415656
367;1973;4;3000890.401415656
368;1976;3;3000890.401415656
369;1981;5;3000890.401415656
370;1985;4;3000890.401415656
371;1989;4;3000890.401415656
372;1993;4;3000890.401415656
373;2000;7;3000890.401415656
374;2007;7;3000890.401415656
375;2015;8;3000890.401415656
376;2020;5;3000890.401415656
377;2025;5;3000890.401415656
378;2032;7;3000890.401415656
379;2038;6;3000890.401415656
380;2045;7;3000890.401415656
381;2046;1;3000890.401415656
382;2053;7;3000890.401415656
383;2061;8;3000890.401415656
384;2064;3;3000890.401415656
385;2065;1;3000890.401415656
386;2068;3;3000890.401415656
387;2076;8;3000890.401415656
388;2081;5;3000890.401415656
389;2086;5;3000890.401415656
390;2093;7;3000890.401415656
391;2099;6;3000890.401415656
392;2105;6;3000890.401415656
393;2107;2;3000890.401415656
394;2112;5;3000890.401415656
395;2119;7;3000890.401415656
396;2128;9;3000890.401415656
397;2134;6;3000890.401415656
398;2135;1;3000890.401415656
399;2139;4;3000890.401415656
400;2139;0;3000890.401415656
401;2146;7;3000890.401415656
402;2148;2;3000890.401415656
403;2151;3;3000890.401415656
404;2157;6;3000890.401415656
405;2161;4;3000890.401415656
406;2162;1;3000890.401415656
407;2166;4;3000890.401415656
408;2168;2;3000890.401415656
409;2173;5;3000890.401415656
410;2179;6;3000890.401415656
411;2188;9;3000890.401415656
412;2199;11;3000890.401415656
413;2201;2;3000890.401415656
414;2210;9;3000890.401415656
415;2218;8;3000890.401415656
416;2218;0;3000890.401415656
417;2226;8;3000890.401415656
418;2231;5;3000890.401415656
419;2236;5;3000890.401415656
420;2241;5;3000890.401415656
421;2246;5;3000890.401415656
422;2251;5;3000890.401415656
423;2255;4;3000890.401415656
424;2264;9;3000890.401415656
425;2268;4;3000890.401415656
426;2276;8;3000890.401415656
427;2283;7;3000890.401415656
428;2288;5;3000890.401415656
429;2294;6;3000890.401415656
430;2300;6;3000890.401415656
431;2301;1;3000890.401415656
432;2304;3;3000890.401415656
433;2305;1;3000890.401415656
434;2313;8;3000890.401415656
435;2322;9;3000890.401415656
436;2329;7;3000890.401415656
437;2334;5;3000890.401415656
438;2342;8;3000890.401415656
439;2351;9;3000890.401415656
440;2363;12;3000890.401415656
441;2372;9;3000890.401415656
442;2376;4;3000890.401415656
443;2384;8;3000890.401415656
444;2385;1;3000890.401415656
445;2389;4;3000890.401415656
446;2396;7;3000890.401415656
447;2397;1;3000890.401415656
448;2401;4;3000890.401415656
449;2404;3;3000890.401415656
450;2411;7;3000890.401415656
451;2416;5;3000890.401415656
452;2424;8;3000890.401415656
453;2432;8;3000890.401415656
454;2440;8;3000890.401415656
455;2444;4;3000890.401415656
456;2451;7;3000890.401415656
457;2458;7;3000890.401415656
458;2464;6;3000890.401415656
459;2471;7;3000890.401415656
460;2476;5;3000890.401415656
461;2483;7;3000890.401415656
462;2487;4;3000890.401415656
463;2493;6;3000890.401415656
464;2494;1;3000890.401415656
465;2497;3;3000890.401415656
466;2497;0;3000890.401415656
467;2502;5;3000890.401415656
468;2509;7;3000890.401415656
469;2515;6;3000890.401415656
470;2520;5;3000890.401415656
471;2521;1;3000890.401415656
472;2521;0;3000890.401415656
473;2529;8;3000890.401415656
474;2538;9;3000890.401415656
475;2545;7;3000890.401415656
476;2548;3;3000890.401415656
477;2554;6;3000890.401415656
478;2556;2;3000890.401415656
479;2560;4;3000890.401415656
480;2564;4;3000890.401415656
481;2572;8;3000890.401415656
482;2575;3;3000890.401415656
483;2578;3;3000890.401415656
484;2579;1;3000890.401415656
485;2583;4;3000890.401415656
486;2590;7;3000890.401415656
487;2597;7;3000890.401415656
488;2598;1;3000890.401415656
489;2604;6;3000890.401415656
490;2608;4;3000890.401415656
491;2614;6;3000890.401415656
492;2621;7;3000890.401415656
493;2630;9;3000890.401415656
494;2631;1;3000890.401415656
495;2637;6;3000890.401415656
496;2638;1;3000890.401415656
497;2638;0;3000890.401415656
498;2645;7;3000890.401415656
499;2651;6;3000890.401415656
500;2657;6;3000890.401415656
501;2663;6;3000890.401415656
502;2664;1;3000890.401415656
503;2667;3;3000890.401415656
504;2671;4;3000890.401415656
505;2679;8;3000890.401415656
506;2686;7;3000890.401415656
507;2688;2;3000890.401415656
508;2691;3;3000890.401415656
509;2692;1;3000890.401415656
510;2697;5;3000890.401415656
511;2707;10;3000890.401415656
512;2715;8;3000890.401415656
513;2720;5;3000890.401415656
514;2723;3;3000890.401415656
515;2727;4;3000890.401415656
516;2728;1;3000890.401415656
517;2729;1;3000890.401415656
518;2734;5;3000890.401415656
519;2740;6;3000890.401415656
520;2745;5;3000890.401415656
521;2752;7;3000890.401415656
522;2758;6;3000890.401415656
523;2763;5;3000890.401415656
524;2768;5;3000890.401415656
525;2777;9;3000890.401415656
526;2785;8;3000890.401415656
527;2794;9;3000890.401415656
528;2799;5;3000890.401415656
529;2804;5;3000890.401415656
530;2808;4;3000890.401415656
531;2814;6;3000890.401415656
532;2823;9;3000890.401415656
533;2829;6;3000890.401415656
534;2838;9;3000890.401415656
535;2843;5;3000890.401415656
536;2843;0;3000890.401415656
537;2853;10;3000890.401415656
538;2859;6;3000890.401415656
539;2867;8;3000890.401415656
540;2877;10;3000890.401415656
541;2882;5;3000890.401415656
542;2885;3;3000890.401415656
543;2891;6;3000890.401415656
544;2899;8;3000890.401415656
545;2904;5;3000890.401415656
546;2911;7;3000890.401415656
547;2914;3;3000890.401415656
548;2915;1;3000890.401415656
549;2921;6;3000890.401415656
550;2926;5;3000890.401415656
551;2927;1;3000890.401415656
552;2933;6;3000890.401415656
553;2938;5;3000890.401415656
554;2946;8;3000890.401415656
555;2953;7;3000890.401415656
556;2956;3;3000890.401415656
557;2959;3;3000890.401415656
558;2963;4;3000890.401415656
559;2967;4;3000890.401415656
560;2972;5;3000890.401415656
561;2979;7;3000890.401415656
562;2984;5;3000890.401415656
563;2987;3;3000890.401415656
564;2991;4;3000890.401415656
565;2997;6;3000890.401415656
566;3002;5;3000890.401415656
567;3010;8;3000890.401415656
568;3017;7;3000890.401415656
569;3018;1;3000890.401415656
570;3024;6;3000890.401415656
571;3028;4;3000890.401415656
572;3029;1;3000890.401415656
573;3034;5;3000878.2012104355
574;3035;1;3000878.2012104355
575;3042;7;3000878.2012104355
576;3048;6;3000878.2012104355
577;3053;5;3000878.2012104355
578;3054;1;3000878.2012104355
579;3056;2;3000878.2012104355
580;3063;7;3000878.2012104355
581;3070;7;3000878.2012104355
582;3074;4;3000878.2012104355
583;3077;3;3000878.2012104355
584;3083;6;3000878.2012104355
585;3088;5;3000878.2012104355
586;3097;9;3000878.2012104355
587;3103;6;3000878.2012104355
588;3104;1;3000878.2012104355
589;3108;4;3000878.2012104355
590;3112;4;3000878.2012104355
591;3120;8;3000878.2012104355
592;3125;5;3000878.2012104355
593;3130;5;3000878.2012104355
594;3134;4;3000878.2012104355
595;3140;6;3000878.2012104355
596;3150;10;3000878.2012104355
597;3157;7;3000878.2012104355
598;3168;11;3000878.2012104355
599;3169;1;3000878.2012104355
600;3180;11;3000878.2012104355
601;3196;16;3000878.2012104355
602;3206;10;3000878.2012104355
603;3219;13;3000878.2012104355
604;3229;10;3000878.2012104355
605;3234;5;3000878.2012104355
606;3242;8;3000878.2012104355
607;3255;13;3000878.2012104355
608;3262;7;3000878.2012104355
609;3269;7;3000878.2012104355
610;3275;6;3000878.2012104355
611;3276;1;3000878.2012104355
612;3284;8;3000878.2012104355
613;3288;4;3000878.2012104355
614;3289;1;3000878.2012104355
615;3297;8;3000878.2012104355
616;3305;8;3000878.2012104355
617;3310;5;3000878.2012104355
618;3320;10;3000878.2012104355
619;3328;8;3000878.2012104355
620;3333;5;3000878.2012104355
621;3341;8;3000878.2012104355
622;3345;4;3000878.2012104355
623;3353;8;3000878.2012104355
624;3358;5;3000878.2012104355
625;3358;0;3000878.2012104355
626;3363;5;3000878.2012104355
627;3365;2;3000878.2012104355
628;3372;7;3000878.2012104355
629;3380;8;3000878.2012104355
630;3398;18;3000878.2012104355
631;3404;6;3000878.2012104355
632;3412;8;3000878.2012104355
633;3413;1;3000878.2012104355
634;3421;8;3000878.2012104355
635;3430;9;3000878.2012104355
636;3444;14;3000878.2012104355
637;3455;11;3000878.2012104355
638;3459;4;3000878.2012104355
639;3465;6;3000878.2012104355
640;3472;7;3000878.2012104355
641;3479;7;3000878.2012104355
642;3493;14;3000878.2012104355
643;3505;12;3000878.2012104355
644;3519;14;3000878.2012104355
645;3530;11;3000878.2012104355
646;3540;10;3000878.2012104355
647;3540;0;3000878.2012104355
648;3545;5;3000878.2012104355
649;3550;5;3000878.2012104355
650;3562;12;3000878.2012104355
651;3570;8;3000878.2012104355
652;3575;5;3000878.2012104355
653;3582;7;3000878.2012104355
654;3585;3;3000878.2012104355
655;3591;6;3000878.2012104355
656;3599;8;3000878.2012104355
657;3600;1;3000878.2012104355
658;3607;7;3000878.2012104355
659;3612;5;3000878.2012104355
660;3618;6;3000878.2012104355
661;3625;7;3000878.2012104355
662;3629;4;3000878.2012104355
663;3634;5;3000878.2012104355
664;3641;7;3000878.2012104355
665;3648;7;3000878.2012104355
666;3655;7;3000878.2012104355
667;3661;6;3000878.2012104355
668;3668;7;3000878.2012104355
669;3675;7;3000878.2012104355
670;3682;7;3000878.2012104355
671;3690;8;3000878.2012104355
672;3706;16;3000878.2012104355
673;3712;6;3000878.2012104355
674;3714;2;3000878.2012104355
675;3720;6;3000878.2012104355
676;3728;8;3000878.2012104355
677;3738;10;3000878.2012104355
678;3750;12;3000878.2012104355
679;3751;1;3000878.2012104355
680;3760;9;3000878.2012104355
681;3770;10;3000878.2012104355
682;3779;9;3000878.2012104355
683;3785;6;3000878.2012104355
684;3787;2;3000878.2012104355
685;3790;3;3000878.2012104355
686;3800;10;3000878.2012104355
687;3809;9;3000878.2012104355
688;3820;11;3000878.2012104355
689;3828;8;3000878.2012104355
690;3830;2;3000878.2012104355
691;3831;1;3000878.2012104355
692;3839;8;3000878.2012104355
693;3840;1;3000878.2012104355
694;3852;12;3000878.2012104355
695;3853;1;3000878.2012104355
696;3862;9;3000878.2012104355
697;3873;11;3000878.2012104355
698;3877;4;3000878.2012104355
699;3882;5;3000878.2012104355
700;3885;3;3000878.2012104355
701;3886;1;3000878.2012104355
702;3888;2;3000878.2012104355
703;3889;1;3000878.2012104355
704;3895;6;3000878.2012104355
705;3897;2;3000878.2012104355
706;3905;8;3000878.2012104355
707;3906;1;3000878.2012104355
708;3908;2;3000878.2012104355
709;3919;11;3000878.2012104355
710;3929;10;3000878.2012104355
711;3933;4;3000878.2012104355
712;3942;9;3000878.2012104355
713;3952;10;3000878.2012104355
714;3962;10;3000878.2012104355
715;3968;6;3000878.2012104355
716;3973;5;3000878.2012104355
717;3978;5;3000878.2012104355
718;3979;1;3000878.2012104355
719;3989;10;3000878.2012104355
720;3990;1;3000878.2012104355
721;3994;4;3000878.2012104355
722;4004;10;3000878.2012104355
723;4011;7;3000878.2012104355
724;4021;10;3000878.2012104355
725;4023;2;3000878.2012104355
726;4033;10;3000878.2012104355
727;4039;6;3000878.2012104355
728;4039;0;3000878.2012104355
729;4050;11;3000878.2012104355
730;4052;2;3000878.2012104355
731;4061;9;3000878.2012104355
732;4065;4;3000878.2012104355
733;4072;7;3000878.2012104355
734;4081;9;3000878.2012104355
735;4087;6;3000878.2012104355
736;4107;20;3000878.2012104355
737;4115;8;3000878.2012104355
738;4123;8;3000878.2012104355
739;4136;13;3000878.2012104355
740;4147;11;3000878.2012104355
741;4168;21;3000878.2012104355
742;4183;15;3000878.2012104355
743;4197;14;3000878.2012104355
744;4209;12;3000878.2012104355
745;4210;1;3000878.2012104355
746;4222;12;3000878.2012104355
747;4233;11;3000878.2012104355
748;4240;7;3000878.2012104355
749;4249;9;3000878.2012104355
750;4255;6;3000878.2012104355
751;4262;7;3000878.2012104355
752;4272;10;3000878.2012104355
753;4280;8;3000878.2012104355
754;4285;5;3000878.2012104355
755;4290;5;3000878.2012104355
756;4295;5;3000878.2012104355
757;4304;9;3000878.2012104355
758;4312;8;3000878.2012104355
759;4321;9;3000878.2012104355
760;4329;8;3000878.2012104355
761;4339;10;3000878.2012104355
762;4345;6;3000878.2012104355
763;4346;1;3000878.2012104355
764;4351;5;3000878.2012104355
765;4361;10;3000878.2012104355
766;4369;8;3000878.2012104355
767;4387;18;3000878.2012104355
768;4392;5;3000878.2012104355
769;4393;1;3000878.2012104355
770;4394;1;3000878.2012104355
771;4404;10;3000878.2012104355
772;4415;11;3000878.2012104355
773;4417;2;3000878.2012104355
774;4421;4;3000878.2012104355
775;4433;12;3000878.2012104355
776;4441;8;3000878.2012104355
777;4442;1;3000878.2012104355
778;4450;8;3000878.2012104355
779;4460;10;3000878.2012104355
780;4469;9;3000878.2012104355
781;4477;8;3000878.2012104355
782;4488;11;3000878.2012104355
783;4491;3;3000878.2012104355
784;4500;9;3000878.2012104355
785;4503;3;3000878.2012104355
786;4507;4;3000878.2012104355
787;4513;6;3000878.2012104355
788;4517;4;3000878.2012104355
789;4525;8;3000878.2012104355
790;4534;9;3000878.2012104355
791;4542;8;3000878.2012104355
792;4546;4;3000878.2012104355
793;4555;9;3000878.2012104355
794;4558;3;3000878.2012104355
795;4563;5;3000878.2012104355
796;4564;1;3000878.2012104355
797;4570;6;3000878.2012104355
798;4573;3;3000878.2012104355
799;4578;5;3000878.2012104355
800;4587;9;3000878.2012104355
801;4591;4;3000878.2012104355
802;4596;5;3000878.2012104355
803;4605;9;3000878.2012104355
804;4612;7;3000878.2012104355
805;4617;5;3000878.2012104355
806;4619;2;3000878.2012104355
807;4624;5;3000878.2012104355
808;4626;2;3000878.2012104355
809;4629;3;3000878.2012104355
810;4638;9;3000878.2012104355
811;4643;5;3000878.2012104355
812;4648;5;3000878.2012104355
813;4656;8;3000878.2012104355
814;4661;5;3000878.2012104355
815;4676;15;3000878.2012104355
816;4688;12;3000878.2012104355
817;4699;11;3000878.2012104355
818;4712;13;3000878.2012104355
819;4722;10;3000878.2012104355
820;4728;6;3000878.2012104355
821;4736;8;3000878.2012104355
822;4742;6;3000878.2012104355
823;4742;0;3000878.2012104355
824;4750;8;3000878.2012104355
825;4757;7;3000878.2012104355
826;4768;11;3000878.2012104355
827;4774;6;3000878.2012104355
828;4780;6;3000878.2012104355
829;4790;10;3000878.2012104355
830;4799;9;3000878.2012104355
831;4807;8;3000878.2012104355
832;4812;5;3000878.2012104355
833;4822;10;3000878.2012104355
834;4829;7;3000878.2012104355
835;4839;10;3000878.2012104355
836;4844;5;3000878.2012104355
837;4863;19;3000878.2012104355
838;4875;12;3000878.2012104355
839;4886;11;3000878.2012104355
840;4893;7;3000878.2012104355
841;4905;12;3000878.2012104355
842;4921;16;3000878.2012104355
843;4932;11;3000878.2012104355
844;4941;9;3000878.2012104355
845;4948;7;3000878.2012104355
846;4955;7;3000878.2012104355
847;4969;14;3000878.2012104355
848;4973;4;3000878.2012104355
849;4977;4;3000878.2012104355
850;4988;11;3000878.2012104355
851;4992;4;3000878.2012104355
852;5001;9;3000878.2012104355
853;5008;7;3000878.2012104355
854;5013;5;3000878.2012104355
855;5022;9;3000878.2012104355
856;5028;6;3000878.2012104355
857;5037;9;3000878.2012104355
858;5038;1;3000878.2012104355
859;5043;5;3000878.2012104355
860;5054;11;3000878.2012104355
861;5058;4;3000878.2012104355
862;5064;6;3000878.2012104355
863;5072;8;3000878.2012104355
864;5082;10;3000878.2012104355
865;5092;10;3000878.2012104355
866;5103;11;3000878.2012104355
867;5107;4;3000878.2012104355
868;5109;2;3000878.2012104355
869;5118;9;3000813.8213827233
870;5123;5;3000813.8213827233
871;5132;9;3000813.8213827233
872;5142;10;3000813.8213827233
873;5152;10;3000813.8213827233
874;5159;7;3000813.8213827233
875;5168;9;3000813.8213827233
876;5174;6;3000813.8213827233
877;5184;10;3000813.8213827233
878;5192;8;3000813.8213827233
879;5203;11;3000813.8213827233
880;5218;15;3000813.8213827233
881;5220;2;3000813.8213827233
882;5226;6;3000813.8213827233
883;5230;4;3000813.8213827233
884;5239;9;3000813.8213827233
885;5249;10;3000813.8213827233
886;5251;2;3000813.8213827233
887;5264;13;3000813.8213827233
888;5273;9;3000813.8213827233
889;5283;10;3000813.8213827233
890;5291;8;3000813.8213827233
891;5292;1;3000813.8213827233
892;5298;6;3000813.8213827233
893;5306;8;3000813.8213827233
894;5318;12;3000813.8213827233
895;5326;8;3000813.8213827233
896;5334;8;3000813.8213827233
897;5342;8;3000813.8213827233
898;5350;8;3000813.8213827233
899;5357;7;3000813.8213827233
900;5370;13;3000813.8213827233
901;5379;9;3000813.8213827233
902;5394;15;3000813.8213827233
903;5411;17;3000813.8213827233
904;5423;12;3000813.8213827233
905;5431;8;3000813.8213827233
906;5447;16;3000813.8213827233
907;5460;13;3000813.8213827233
908;5462;2;3000813.8213827233
909;5478;16;3000813.8213827233
910;5494;16;3000813.8213827233
911;5510;16;3000813.8213827233
912;5511;1;3000813.8213827233
913;5530;19;3000813.8213827233
914;5556;26;3000813.8213827233
915;5570;14;3000813.8213827233
916;5571;1;3000813.8213827233
917;5575;4;3000813.8213827233
918;5588;13;3000813.8213827233
919;5593;5;3000813.8213827233
920;5605;12;3000813.8213827233
921;5607;2;3000813.8213827233
922;5612;5;3000813.8213827233
923;5613;1;3000813.8213827233
924;5622;9;3000813.8213827233
925;5632;10;3000813.8213827233
926;5640;8;3000813.8213827233
927;5653;13;3000813.8213827233
928;5660;7;3000813.8213827233
929;5661;1;3000813.8213827233
930;5669;8;3000813.8213827233
931;5676;7;3000813.8213827233
932;5682;6;3000813.8213827233
933;5691;9;3000813.8213827233
934;5695;4;3000813.8213827233
935;5705;10;3000813.8213827233
936;5710;5;3000813.8213827233
937;5720;10;3000813.8213827233
938;5724;4;3000813.8213827233
939;5729;5;3000813.8213827233
940;5740;11;3000813.8213827233
941;5743;3;3000813.8213827233
942;5750;7;3000813.8213827233
943;5754;4;3000813.8213827233
944;5760;6;3000813.8213827233
945;5768;8;3000813.8213827233
946;5768;0;3000813.8213827233
947;5771;3;3000813.8213827233
948;5778;7;3000813.8213827233
949;5786;8;3000813.8213827233
950;5792;6;3000813.8213827233
951;5800;8;3000813.8213827233
952;5808;8;3000813.8213827233
953;5817;9;3000813.8213827233
954;5832;15;3000813.8213827233
955;5852;20;3000813.8213827233
956;5857;5;3000813.8213827233
957;5861;4;3000813.8213827233
958;5900;39;3000813.8213827233
959;5920;20;3000813.8213827233
960;5936;16;3000813.8213827233
961;5943;7;3000813.8213827233
962;5948;5;3000813.8213827233
963;5954;6;3000813.8213827233
964;5955;1;3000813.8213827233
965;5963;8;3000813.8213827233
966;5966;3;3000813.8213827233
967;5969;3;3000813.8213827233
968;5973;4;3000813.8213827233
969;5980;7;3000813.8213827233
970;5982;2;3000813.8213827233
971;5988;6;3000813.8213827233
972;5991;3;3000813.8213827233
973;5999;8;3000813.8213827233
974;6006;7;3000813.8213827233
975;6007;1;3000813.8213827233
976;6015;8;3000813.8213827233
977;6022;7;3000813.8213827233
978;6031;9;3000813.8213827233
979;6035;4;3000813.8213827233
980;6044;9;3000813.8213827233
981;6049;5;3000813.8213827233
982;6052;3;3000813.8213827233
983;6057;5;3000813.8213827233
984;6064;7;3000813.8213827233
985;6068;4;3000813.8213827233
986;6074;6;3000813.8213827233
987;6082;8;3000813.8213827233
988;6083;1;3000813.8213827233
989;6089;6;3000813.8213827233
990;6095;6;3000813.8213827233
991;6100;5;3000813.8213827233
992;6103;3;3000813.8213827233
993;6108;5;3000813.8213827233
994;6114;6;3000813.8213827233
995;6120;6;3000813.8213827233
996;6132;12;3000813.8213827233
997;6133;1;3000813.8213827233
998;6139;6;3000813.8213827233
999;6145;6;3000813.8213827233
1000;6145;0;3000813.8213827233
1001;6152;7;3000813.8213827233
1002;6161;9;3000813.8213827233
1003;6166;5;3000813.8213827233
1004;6172;6;3000813.8213827233
1005;6178;6;3000813.8213827233
1006;6183;5;3000813.8213827233
1007;6188;5;3000813.8213827233
1008;6192;4;3000813.8213827233
1009;6198;6;3000813.8213827233
1010;6202;4;3000813.8213827233
1011;6205;3;3000813.8213827233
1012;6205;0;3000813.8213827233
1013;6210;5;3000813.8213827233
1014;6216;6;3000813.8213827233
1015;6216;0;3000813.8213827233
1016;6221;5;3000813.8213827233
1017;6228;7;3000813.8213827233
1018;6235;7;3000813.8213827233
1019;6241;6;3000813.8213827233
1020;6248;7;3000813.8213827233
1021;6253;5;3000813.8213827233
1022;6261;8;3000813.8213827233
1023;6271;10;3000813.8213827233
1024;6277;6;3000813.8213827233
1025;6278;1;3000813.8213827233
1026;6287;9;3000813.8213827233
1027;6292;5;3000813.8213827233
1028;6298;6;3000813.8213827233
1029;6304;6;3000813.8213827233
1030;6309;5;3000813.8213827233
1031;6310;1;3000813.8213827233
1032;6317;7;3000813.8213827233
1033;6323;6;3000813.8213827233
1034;6329;6;3000813.8213827233
1035;6335;6;3000813.8213827233
1036;6344;9;3000813.8213827233
1037;6350;6;3000813.8213827233
1038;6355;5;3000813.8213827233
1039;6361;6;3000813.8213827233
1040;6369;8;3000813.8213827233
1041;6374;5;3000813.8213827233
1042;6379;5;3000813.8213827233
1043;6386;7;3000813.8213827233
1044;6387;1;3000813.8213827233
1045;6388;1;3000813.8213827233
1046;6393;5;3000813.8213827233
1047;6398;5;3000813.8213827233
1048;6401;3;3000813.8213827233
1049;6403;2;3000813.8213827233
1050;6408;5;3000813.8213827233
1051;6417;9;3000813.8213827233
1052;6418;1;3000813.8213827233
1053;6418;0;3000813.8213827233
1054;6425;7;3000813.8213827233
1055;6431;6;3000813.8213827233
1056;6434;3;3000813.8213827233
1057;6438;4;3000813.8213827233
1058;6438;0;3000813.8213827233
1059;6448;10;3000813.8213827233
1060;6455;7;3000813.8213827233
1061;6459;4;3000813.8213827233
1062;6467;8;3000813.8213827233
1063;6475;8;3000813.8213827233
1064;6483;8;3000813.8213827233
1065;6489;6;3000813.8213827233
1066;6493;4;3000813.8213827233
1067;6500;7;3000813.8213827233
1068;6506;6;3000813.8213827233
1069;6512;6;3000813.8213827233
1070;6516;4;3000813.8213827233
1071;6517;1;3000813.8213827233
1072;6522;5;3000813.8213827233
1073;6524;2;3000813.8213827233
1074;6531;7;3000813.8213827233
1075;6540;9;3000813.8213827233
1076;6542;2;3000813.8213827233
1077;6547;5;3000813.8213827233
1078;6555;8;3000813.8213827233
1079;6562;7;3000813.8213827233
1080;6568;6;3000813.8213827233
1081;6573;5;3000813.8213827233
1082;6582;9;3000813.8213827233
1083;6588;6;3000813.8213827233
1084;6593;5;3000813.8213827233
1085;6601;8;3000813.8213827233
1086;6604;3;3000813.8213827233
1087;6607;3;3000813.8213827233
1088;6612;5;3000813.8213827233
1089;6616;4;3000813.8213827233
1090;6620;4;3000813.8213827233
1091;6621;1;3000813.8213827233
1092;6627;6;3000813.8213827233
1093;6636;9;3000813.8213827233
1094;6638;2;3000813.8213827233
1095;6645;7;3000813.8213827233
1096;6651;6;3000813.8213827233
1097;6655;4;3000813.8213827233
1098;6663;8;3000813.8213827233
1099;6668;5;3000813.8213827233
1100;6675;7;3000813.8213827233
1101;6681;6;3000813.8213827233
1102;6684;3;3000813.8213827233
1103;6690;6;3000813.8213827233
1104;6696;6;3000813.8213827233
1105;6702;6;3000813.8213827233
1106;6706;4;3000813.8213827233
1107;6712;6;3000813.8213827233
1108;6719;7;3000813.8213827233
1109;6726;7;3000813.8213827233
1110;6730;4;3000813.8213827233
1111;6737;7;3000813.8213827233
1112;6744;7;3000813.8213827233
1113;6745;1;3000813.8213827233
1114;6749;4;3000813.8213827233
1115;6753;4;3000813.8213827233
1116;6761;8;3000813.8213827233
1117;6767;6;3000813.8213827233
1118;6772;5;3000813.8213827233
1119;6778;6;3000813.8213827233
1120;6779;1;3000813.8213827233
1121;6780;1;3000813.8213827233
1122;6780;0;3000813.8213827233
1123;6781;1;3000813.8213827233
1124;6788;7;3000813.8213827233
1125;6795;7;3000813.8213827233
1126;6802;7;3000813.8213827233
1127;6806;4;3000813.8213827233
1128;6808;2;3000813.8213827233
1129;6813;5;3000813.8213827233
1130;6821;8;3000813.8213827233
1131;6823;2;3000813.8213827233
1132;6826;3;3000813.8213827233
1133;6829;3;3000813.8213827233
1134;6832;3;3000813.8213827233
1135;6838;6;3000813.8213827233
1136;6840;2;3000813.8213827233
1137;6844;4;3000813.8213827233
1138;6847;3;3000813.8213827233
1139;6853;6;3000813.8213827233
1140;6861;8;3000813.8213827233
1141;6869;8;3000813.8213827233
1142;6874;5;3000813.8213827233
1143;6879;5;3000813.8213827233
1144;6880;1;3000813.8213827233
1145;6881;1;3000813.8213827233
1146;6887;6;3000813.8213827233
1147;6893;6;3000813.8213827233
1148;6896;3;3000813.8213827233
1149;6897;1;3000813.8213827233
1150;6902;5;3000813.8213827233
1151;6903;1;3000813.8213827233
1152;6914;11;3000813.8213827233
1153;6918;4;3000813.8213827233
1154;6922;4;3000813.8213827233
1155;6925;3;3000813.8213827233
1156;6930;5;3000813.8213827233
1157;6931;1;3000813.8213827233
1158;6935;4;3000813.8213827233
1159;6942;7;3000813.8213827233
1160;6943;1;3000813.8213827233
1161;6950;7;3000813.8213827233
1162;6954;4;3000813.8213827233
1163;6959;5;3000813.8213827233
1164;6966;7;3000813.8213827233
1165;6972;6;3000813.8213827233
1166;6978;6;3000813.8213827233
1167;6980;2;3000813.8213827233
1168;6984;4;3000813.8213827233
1169;6985;1;3000813.8213827233
1170;6986;1;3000813.8213827233
1171;6991;5;3000813.8213827233
1172;6992;1;3000813.8213827233
1173;7001;9;3000813.8213827233
1174;7002;1;3000813.8213827233
1175;7004;2;3000813.8213827233
1176;7004;0;3000813.8213827233
1177;7012;8;3000813.8213827233
1178;7013;1;3000813.8213827233
1179;7019;6;3000813.8213827233
1180;7024;5;3000813.8213827233
1181;7031;7;3000813.8213827233
1182;7035;4;3000813.8213827233
1183;7041;6;3000813.8213827233
1184;7046;5;3000813.8213827233
1185;7051;5;3000813.8213827233
1186;7057;6;3000813.8213827233
1187;7058;1;3000813.8213827233
1188;7063;5;3000813.8213827233
1189;7067;4;3000813.8213827233
1190;7073;6;3000813.8213827233
1191;7079;6;3000813.8213827233
1192;7080;1;3000813.8213827233
1193;7087;7;3000813.8213827233
1194;7090;3;3000813.8213827233
1195;7096;6;3000813.8213827233
1196;7100;4;3000813.8213827233
1197;7106;6;3000813.8213827233
1198;7114;8;3000813.8213827233
1199;7121;7;3000813.8213827233
1200;7131;10;3000813.8213827233
1201;7134;3;3000813.8213827233
1202;7138;4;3000813.8213827233
1203;7145;7;3000813.8213827233
1204;7156;11;3000813.8213827233
1205;7156;0;3000813.8213827233
1206;7165;9;3000813.8213827233
1207;7170;5;3000813.8213827233
1208;7176;6;3000813.8213827233
1209;7183;7;3000813.8213827233
1210;7186;3;3000813.8213827233
1211;7191;5;3000813.8213827233
1212;7195;4;3000813.8213827233
1213;7202;7;3000813.8213827233
1214;7203;1;3000813.8213827233
1215;7207;4;3000813.8213827233
1216;7215;8;3000813.8213827233
1217;7221;6;3000813.8213827233
1218;7224;3;3000813.8213827233
1219;7230;6;3000813.8213827233
1220;7236;6;3000813.8213827233
1221;7241;5;3000813.8213827233
1222;7247;6;3000813.8213827233
1223;7252;5;3000813.8213827233
1224;7255;3;3000813.8213827233
1225;7260;5;3000813.8213827233
1226;7265;5;3000813.8213827233
1227;7271;6;3000813.8213827233
1228;7278;7;3000813.8213827233
1229;7285;7;3000813.8213827233
1230;7288;3;3000813.8213827233
1231;7292;4;3000813.8213827233
1232;7295;3;3000813.8213827233
1233;7296;1;3000813.8213827233
1234;7296;0;3000813.8213827233
1235;7302;6;3000813.8213827233
1236;7306;4;3000813.8213827233
1237;7307;1;3000813.8213827233
1238;7315;8;3000813.8213827233
1239;7322;7;3000813.8213827233
1240;7327;5;3000813.8213827233
1241;7330;3;3000813.8213827233
1242;7335;5;3000813.8213827233
1243;7343;8;3000813.8213827233
1244;7349;6;3000813.8213827233
1245;7354;5;3000813.8213827233
1246;7359;5;3000813.8213827233
1247;7363;4;3000813.8213827233
1248;7366;3;3000813.8213827233
1249;7371;5;3000813.8213827233
1250;7377;6;3000813.8213827233
1251;7382;5;3000813.8213827233
1252;7385;3;3000813.8213827233
1253;7392;7;3000813.8213827233
1254;7399;7;3000813.8213827233
1255;7404;5;3000813.8213827233
1256;7410;6;3000813.8213827233
1257;7416;6;3000813.8213827233
1258;7421;5;3000813.8213827233
1259;7427;6;3000813.8213827233
1260;7430;3;3000813.8213827233
1261;7434;4;3000813.8213827233
1262;7438;4;3000813.8213827233
1263;7444;6;3000813.8213827233
1264;7449;5;3000813.8213827233
1265;7451;2;3000813.8213827233
1266;7457;6;3000813.8213827233
1267;7464;7;3000813.8213827233
1268;7468;4;3000813.8213827233
1269;7472;4;3000813.8213827233
1270;7477;5;3000813.8213827233
1271;7481;4;3000813.8213827233
1272;7485;4;3000813.8213827233
1273;7490;5;3000813.8213827233
1274;7496;6;3000813.8213827233
1275;7502;6;3000813.8213827233
1276;7503;1;3000813.8213827233
1277;7509;6;3000813.8213827233
1278;7510;1;3000813.8213827233
1279;7515;5;3000813.8213827233
1280;7517;2;3000813.8213827233
1281;7517;0;3000813.8213827233
1282;7520;3;3000813.8213827233
1283;7521;1;3000813.8213827233
1284;7525;4;3000813.8213827233
1285;7529;4;3000813.8213827233
1286;7534;5;3000813.8213827233
1287;7538;4;3000813.8213827233
1288;7539;1;3000813.8213827233
1289;7547;8;3000813.8213827233
1290;7550;3;3000813.8213827233
1291;7550;0;3000813.8213827233
1292;7561;11;3000813.8213827233
1293;7568;7;3000813.8213827233
1294;7572;4;3000813.8213827233
1295;7573;1;3000813.8213827233
1296;7579;6;3000813.8213827233
1297;7585;6;3000813.8213827233
1298;7591;6;3000813.8213827233
1299;7598;7;3000813.8213827233
1300;7603;5;3000813.8213827233
1301;7608;5;3000813.8213827233
1302;7610;2;3000813.8213827233
1303;7613;3;3000813.8213827233
1304;7617;4;3000813.8213827233
1305;7618;1;3000813.8213827233
1306;7619;1;3000813.8213827233
1307;7626;7;3000813.8213827233
1308;7629;3;3000813.8213827233
1309;7633;4;3000813.8213827233
1310;7638;5;3000813.8213827233
1311;7643;5;3000813.8213827233
1312;7648;5;3000813.8213827233
1313;7653;5;3000813.8213827233
1314;7658;5;3000813.8213827233
1315;7664;6;3000813.8213827233
1316;7666;2;3000813.8213827233
1317;7673;7;3000813.8213827233
1318;7676;3;3000813.8213827233
1319;7683;7;3000813.8213827233
1320;7687;4;3000813.8213827233
1321;7692;5;3000813.8213827233
1322;7693;1;3000813.8213827233
1323;7698;5;3000813.8213827233
1324;7704;6;3000813.8213827233
1325;7705;1;3000813.8213827233
1326;7709;4;3000813.8213827233
1327;7715;6;3000813.8213827233
1328;7719;4;3000813.8213827233
1329;7723;4;3000813.8213827233
1330;7727;4;3000813.8213827233
1331;7728;1;3000813.8213827233
1332;7734;6;3000813.8213827233
1333;7739;5;3000813.8213827233
1334;7743;4;3000813.8213827233
1335;7746;3;3000813.8213827233
1336;7750;4;3000813.8213827233
1337;7755;5;3000813.8213827233
1338;7757;2;3000813.8213827233
1339;7762;5;3000813.8213827233
1340;7765;3;3000813.8213827233
1341;7774;9;3000813.8213827233
1342;7777;3;3000813.8213827233
1343;7781;4;3000813.8213827233
1344;7787;6;3000813.8213827233
1345;7794;7;3000813.8213827233
1346;7800;6;3000813.8213827233
1347;7810;10;3000813.8213827233
1348;7818;8;3000813.8213827233
1349;7827;9;3000813.8213827233
1350;7834;7;3000813.8213827233
1351;7839;5;3000813.8213827233
1352;7844;5;3000813.8213827233
1353;7850;6;3000813.8213827233
1354;7854;4;3000813.8213827233
1355;7859;5;3000813.8213827233
1356;7867;8;3000813.8213827233
1357;7872;5;3000813.8213827233
1358;7877;5;3000813.8213827233
1359;7881;4;3000813.8213827233
1360;7889;8;3000813.8213827233
1361;7894;5;3000813.8213827233
1362;7895;1;3000813.8213827233
1363;7897;2;3000813.8213827233
1364;7905;8;3000813.8213827233
1365;7915;10;3000813.8213827233
1366;7916;1;3000813.8213827233
1367;7921;5;3000813.8213827233
1368;7928;7;3000813.8213827233
1369;7933;5;3000813.8213827233
1370;7938;5;3000813.8213827233
1371;7943;5;3000813.8213827233
1372;7950;7;3000813.8213827233
1373;7955;5;3000813.8213827233
1374;7959;4;3000813.8213827233
1375;7966;7;3000813.8213827233
1376;7972;6;3000813.8213827233
1377;7976;4;3000813.8213827233
1378;7981;5;3000813.8213827233
1379;7987;6;3000813.8213827233
1380;7996;9;3000813.8213827233
1381;8001;5;3000813.8213827233
1382;8007;6;3000813.8213827233
1383;8011;4;3000813.8213827233
1384;8016;5;3000813.8213827233
1385;8021;5;3000813.8213827233
1386;8025;4;3000813.8213827233
1387;8029;4;3000813.8213827233
1388;8033;4;3000813.8213827233
1389;8039;6;3000813.8213827233
1390;8040;1;3000813.8213827233
1391;8047;7;3000813.8213827233
1392;8048;1;3000813.8213827233
1393;8053;5;3000813.8213827233
1394;8059;6;3000813.8213827233
1395;8064;5;3000813.8213827233
1396;8069;5;3000813.8213827233
1397;8074;5;3000813.8213827233
1398;8077;3;3000813.8213827233
1399;8081;4;3000813.8213827233
1400;8089;8;3000813.8213827233
1401;8092;3;3000813.8213827233
1402;8095;3;3000813.8213827233
1403;8100;5;3000813.8213827233
1404;8104;4;3000813.8213827233
1405;8109;5;3000813.8213827233
1406;8113;4;3000813.8213827233
1407;8120;7;3000813.8213827233
1408;8127;7;3000813.8213827233
1409;8128;1;3000813.8213827233
1410;8133;5;3000813.8213827233
1411;8138;5;3000813.8213827233
1412;8143;5;3000813.8213827233
1413;8145;2;3000813.8213827233
1414;8149;4;3000813.8213827233
1415;8152;3;3000813.8213827233
1416;8157;5;3000813.8213827233
1417;8161;4;3000813.8213827233
1418;8169;8;3000813.8213827233
1419;8177;8;3000813.8213827233
1420;8184;7;3000813.8213827233
1421;8191;7;3000813.8213827233
1422;8192;1;3000813.8213827233
1423;8195;3;3000813.8213827233
1424;8202;7;3000813.8213827233
1425;8207;5;3000813.8213827233
1426;8215;8;3000813.8213827233
1427;8221;6;3000813.8213827233
1428;8227;6;3000813.8213827233
1429;8234;7;3000813.8213827233
1430;8239;5;3000813.8213827233
1431;8240;1;3000813.8213827233
1432;8244;4;3000813.8213827233
1433;8245;1;3000813.8213827233
1434;8251;6;3000813.8213827233
1435;8252;1;3000813.8213827233
1436;8259;7;3000813.8213827233
1437;8267;8;3000813.8213827233
1438;8272;5;3000813.8213827233
1439;8280;8;3000813.8213827233
1440;8283;3;3000813.8213827233
1441;8286;3;3000813.8213827233
1442;8290;4;3000813.8213827233
1443;8294;4;3000813.8213827233
1444;8297;3;3000813.8213827233
1445;8300;3;3000813.8213827233
1446;8310;10;3000813.8213827233
1447;8317;7;3000813.8213827233
1448;8323;6;3000813.8213827233
1449;8329;6;3000813.8213827233
1450;8337;8;3000813.8213827233
1451;8344;7;3000813.8213827233
1452;8347;3;3000813.8213827233
1453;8354;7;3000813.8213827233
1454;8361;7;3000813.8213827233
1455;8367;6;3000813.8213827233
1456;8373;6;3000813.8213827233
1457;8380;7;3000813.8213827233
1458;8386;6;3000813.8213827233
1459;8387;1;3000813.8213827233
1460;8394;7;3000813.8213827233
1461;8395;1;3000813.8213827233
1462;8402;7;3000813.8213827233
1463;8403;1;3000813.8213827233
1464;8410;7;3000813.8213827233
1465;8411;1;3000813.8213827233
1466;8418;7;3000813.8213827233
1467;8425;7;3000813.8213827233
1468;8426;1;3000813.8213827233
1469;8434;8;3000813.8213827233
1470;8435;1;3000813.8213827233
1471;8435;0;3000813.8213827233
1472;8436;1;3000813.8213827233
1473;8437;1;3000813.8213827233
1474;8441;4;3000813.8213827233
1475;8447;6;3000813.8213827233
1476;8453;6;3000813.8213827233
1477;8462;9;3000813.8213827233
1478;8473;11;3000813.8213827233
1479;8478;5;3000813.8213827233
1480;8483;5;3000813.8213827233
1481;8488;5;3000813.8213827233
1482;8494;6;3000813.8213827233
1483;8501;7;3000813.8213827233
1484;8502;1;3000813.8213827233
1485;8506;4;3000813.8213827233
1486;8511;5;3000813.8213827233
1487;8516;5;3000813.8213827233
1488;8524;8;3000813.8213827233
1489;8526;2;3000813.8213827233
1490;8530;4;3000813.8213827233
1491;8532;2;3000813.8213827233
1492;8540;8;3000813.8213827233
1493;8544;4;3000813.8213827233
1494;8548;4;3000813.8213827233
1495;8551;3;3000813.8213827233
1496;8555;4;3000813.8213827233
1497;8561;6;3000813.8213827233
1498;8566;5;3000813.8213827233
1499;8570;4;3000813.8213827233
1500;8576;6;3000813.8213827233
1501;8580;4;3000813.8213827233
1502;8586;6;3000813.8213827233
1503;8591;5;3000813.8213827233
1504;8597;6;3000813.8213827233
1505;8602;5;3000813.8213827233
1506;8605;3;3000813.8213827233
1507;8611;6;3000813.8213827233
1508;8615;4;3000813.8213827233
1509;8620;5;3000813.8213827233
1510;8620;0;3000813.8213827233
1511;8622;2;3000813.8213827233
1512;8625;3;3000813.8213827233
1513;8628;3;3000813.8213827233
1514;8631;3;3000813.8213827233
1515;8635;4;3000813.8213827233
1516;8642;7;3000813.8213827233
1517;8646;4;3000813.8213827233
1518;8653;7;3000813.8213827233
1519;8661;8;3000813.8213827233
1520;8665;4;3000813.8213827233
1521;8677;12;3000813.8213827233
1522;8679;2;3000813.8213827233
1523;8692;13;3000813.8213827233
1524;8694;2;3000813.8213827233
1525;8700;6;3000813.8213827233
1526;8701;1;3000813.8213827233
1527;8707;6;3000813.8213827233
1528;8707;0;3000813.8213827233
1529;8708;1;3000813.8213827233
1530;8718;10;3000813.8213827233
1531;8720;2;3000813.8213827233
1532;8721;1;3000813.8213827233
1533;8725;4;3000813.8213827233
1534;8728;3;3000813.8213827233
1535;8737;9;3000813.8213827233
1536;8740;3;3000813.8213827233
1537;8748;8;3000813.8213827233
1538;8756;8;3000813.8213827233
1539;8757;1;3000813.8213827233
1540;8761;4;3000813.8213827233
1541;8767;6;3000813.8213827233
1542;8774;7;3000813.8213827233
1543;8776;2;3000813.8213827233
1544;8777;1;3000813.8213827233
1545;8781;4;3000813.8213827233
1546;8784;3;3000813.8213827233
1547;8789;5;3000813.8213827233
1548;8794;5;3000813.8213827233
1549;8799;5;3000813.8213827233
1550;8803;4;3000813.8213827233
1551;8808;5;3000813.8213827233
1552;8814;6;3000813.8213827233
1553;8820;6;3000813.8213827233
1554;8826;6;3000813.8213827233
1555;8830;4;3000813.8213827233
1556;8837;7;3000813.8213827233
1557;8844;7;3000813.8213827233
1558;8848;4;3000813.8213827233
1559;8856;8;3000813.8213827233
1560;8861;5;3000813.8213827233
1561;8868;7;3000813.8213827233
1562;8874;6;3000813.8213827233
1563;8875;1;3000813.8213827233
1564;8881;6;3000813.8213827233
1565;8888;7;3000813.8213827233
1566;8889;1;3000813.8213827233
1567;8894;5;3000813.8213827233
1568;8897;3;3000813.8213827233
1569;8902;5;3000813.8213827233
1570;8907;5;3000813.8213827233
1571;8912;5;3000813.8213827233
1572;8915;3;3000813.8213827233
1573;8915;0;3000813.8213827233
1574;8923;8;3000813.8213827233
1575;8927;4;3000813.8213827233
1576;8927;0;3000813.8213827233
1577;8935;8;3000813.8213827233
1578;8935;0;3000813.8213827233
1579;8943;8;3000813.8213827233
1580;8947;4;3000813.8213827233
1581;8951;4;3000813.8213827233
1582;8957;6;3000813.8213827233
1583;8962;5;3000813.8213827233
1584;8968;6;3000813.8213827233
1585;8974;6;3000813.8213827233
1586;8974;0;3000813.8213827233
1587;8982;8;3000813.8213827233
1588;8988;6;3000813.8213827233
1589;8994;6;3000813.8213827233
1590;8995;1;3000813.8213827233
1591;9001;6;3000813.8213827233
1592;9005;4;3000813.8213827233
1593;9009;4;3000813.8213827233
1594;9014;5;3000813.8213827233
1595;9021;7;3000813.8213827233
1596;9024;3;3000813.8213827233
1597;9026;2;3000813.8213827233
1598;9034;8;3000813.8213827233
1599;9039;5;3000813.8213827233
1600;9046;7;3000813.8213827233
1601;9051;5;3000813.8213827233
1602;9055;4;3000813.8213827233
1603;9056;1;3000813.8213827233
1604;9060;4;3000813.8213827233
1605;9065;5;3000813.8213827233
1606;9071;6;3000813.8213827233
1607;9078;7;3000813.8213827233
1608;9083;5;3000813.8213827233
1609;9084;1;3000813.8213827233
1610;9090;6;3000813.8213827233
1611;9094;4;3000813.8213827233
1612;9102;8;3000813.8213827233
1613;9108;6;3000813.8213827233
1614;9112;4;3000813.8213827233
1615;9114;2;3000813.8213827233
1616;9118;4;3000813.8213827233
1617;9123;5;3000813.8213827233
1618;9131;8;3000813.8213827233
1619;9136;5;3000813.8213827233
1620;9139;3;3000813.8213827233
1621;9142;3;3000813.8213827233
1622;9147;5;3000813.8213827233
1623;9153;6;3000813.8213827233
1624;9159;6;3000813.8213827233
1625;9163;4;3000813.8213827233
1626;9169;6;3000813.8213827233
1627;9174;5;3000813.8213827233
1628;9179;5;3000813.8213827233
1629;9183;4;3000813.8213827233
1630;9188;5;3000813.8213827233
1631;9193;5;3000813.8213827233
1632;9198;5;3000813.8213827233
1633;9202;4;3000813.8213827233
1634;9204;2;3000813.8213827233
1635;9208;4;3000813.8213827233
1636;9212;4;3000813.8213827233
1637;9214;2;3000813.8213827233
1638;9220;6;3000813.8213827233
1639;9222;2;3000813.8213827233
1640;9227;5;3000813.8213827233
1641;9228;1;3000813.8213827233
1642;9231;3;3000813.8213827233
1643;9233;2;3000813.8213827233
1644;9240;7;3000813.8213827233
1645;9243;3;3000813.8213827233
1646;9249;6;3000813.8213827233
1647;9256;7;3000813.8213827233
1648;9261;5;3000813.8213827233
1649;9262;1;3000813.8213827233
1650;9265;3;3000813.8213827233
1651;9269;4;3000813.8213827233
1652;9275;6;3000813.8213827233
1653;9276;1;3000813.8213827233
1654;9279;3;3000813.8213827233
1655;9282;3;3000813.8213827233
1656;9286;4;3000813.8213827233
1657;9288;2;3000813.8213827233
1658;9289;1;3000813.8213827233
1659;9303;14;3000813.8213827233
1660;9325;22;3000813.8213827233
1661;9331;6;3000813.8213827233
1662;9332;1;3000813.8213827233
1663;9333;1;3000813.8213827233
1664;9334;1;3000813.8213827233
1665;9335;1;3000813.8213827233
1666;9356;21;3000813.8213827233
1667;9357;1;3000813.8213827233
1668;9365;8;3000813.8213827233
1669;9366;1;3000813.8213827233
1670;9374;8;3000813.8213827233
1671;9382;8;3000813.8213827233
1672;9388;6;3000813.8213827233
1673;9391;3;3000813.8213827233
1674;9396;5;3000813.8213827233
1675;9405;9;3000813.8213827233
1676;9411;6;3000813.8213827233
1677;9415;4;3000813.8213827233
1678;9420;5;3000813.8213827233
1679;9421;1;3000813.8213827233
1680;9429;8;3000813.8213827233
1681;9432;3;3000813.8213827233
1682;9439;7;3000813.8213827233
1683;9440;1;3000813.8213827233
1684;9444;4;3000813.8213827233
1685;9446;2;3000813.8213827233
1686;9451;5;3000813.8213827233
1687;9456;5;3000813.8213827233
1688;9459;3;3000813.8213827233
1689;9463;4;3000813.8213827233
1690;9469;6;3000813.8213827233
1691;9475;6;3000813.8213827233
1692;9476;1;3000813.8213827233
1693;9477;1;3000813.8213827233
1694;9477;0;3000813.8213827233
1695;9479;2;3000813.8213827233
1696;9483;4;3000813.8213827233
1697;9488;5;3000813.8213827233
1698;9495;7;3000813.8213827233
1699;9495;0;3000813.8213827233
1700;9502;7;3000813.8213827233
1701;9507;5;3000813.8213827233
1702;9510;3;3000813.8213827233
1703;9514;4;3000813.8213827233
1704;9518;4;3000813.8213827233
1705;9519;1;3000813.8213827233
1706;9523;4;3000813.8213827233
1707;9529;6;3000813.8213827233
1708;9530;1;3000813.8213827233
1709;9534;4;3000813.8213827233
1710;9538;4;3000813.8213827233
1711;9543;5;3000813.8213827233
1712;9548;5;3000813.8213827233
1713;9555;7;3000813.8213827233
1714;9559;4;3000813.8213827233
1715;9560;1;3000813.8213827233
1716;9564;4;3000813.8213827233
1717;9570;6;3000813.8213827233
1718;9577;7;3000813.8213827233
1719;9583;6;3000813.8213827233
1720;9589;6;3000813.8213827233
1721;9596;7;3000813.8213827233
1722;9596;0;3000813.8213827233
1723;9602;6;3000813.8213827233
1724;9605;3;3000813.8213827233
1725;9610;5;3000813.8213827233
1726;9614;4;3000813.8213827233
1727;9621;7;3000813.8213827233
1728;9624;3;3000813.8213827233
1729;9630;6;3000813.8213827233
1730;9637;7;3000813.8213827233
1731;9642;5;3000813.8213827233
1732;9647;5;3000813.8213827233
1733;9651;4;3000813.8213827233
1734;9656;5;3000813.8213827233
1735;9660;4;3000813.8213827233
1736;9661;1;3000813.8213827233
1737;9667;6;3000813.8213827233
1738;9668;1;3000813.8213827233
1739;9673;5;3000813.8213827233
1740;9678;5;3000813.8213827233
1741;9681;3;3000813.8213827233
1742;9685;4;3000813.8213827233
1743;9693;8;3000813.8213827233
1744;9697;4;3000813.8213827233
1745;9702;5;3000813.8213827233
1746;9709;7;3000813.8213827233
1747;9716;7;3000813.8213827233
1748;9717;1;3000813.8213827233
1749;9721;4;3000813.8213827233
1750;9724;3;3000813.8213827233
1751;9732;8;3000813.8213827233
1752;9737;5;3000813.8213827233
1753;9739;2;3000813.8213827233
1754;9741;2;3000813.8213827233
1755;9742;1;3000813.8213827233
1756;9752;10;3000813.8213827233
1757;9758;6;3000813.8213827233
1758;9760;2;3000813.8213827233
1759;9764;4;3000813.8213827233
1760;9765;1;3000813.8213827233
1761;9766;1;3000813.8213827233
1762;9773;7;3000813.8213827233
1763;9778;5;3000813.8213827233
1764;9784;6;3000813.8213827233
1765;9788;4;3000813.8213827233
1766;9793;5;3000813.8213827233
1767;9796;3;3000813.8213827233
1768;9803;7;3000813.8213827233
1769;9803;0;3000813.8213827233
1770;9809;6;3000813.8213827233
1771;9813;4;3000812.1464817584
1772;9820;7;3000812.1464817584
1773;9822;2;3000802.852752581
1774;9829;7;3000802.852752581
1775;9834;5;3000802.852752581
1776;9843;9;3000802.852752581
1777;9849;6;3000802.852752581
1778;9854;5;3000802.852752581
1779;9858;4;3000802.852752581
1780;9864;6;3000802.852752581
1781;9869;5;3000802.852752581
1782;9874;5;3000802.5658604577
1783;9877;3;3000799.0056402576
1784;9883;6;3000799.0056402576
1785;9886;3;3000796.260348744
1786;9894;8;3000796.260348744
1787;9899;5;3000791.256158067
1788;9902;3;3000791.256158067
1789;9906;4;3000791.256158067
1790;9913;7;3000791.256158067
1791;9915;2;3000791.256158067
1792;9920;5;3000791.256158067
1793;9926;6;3000791.256158067
1794;9932;6;3000791.256158067
1795;9939;7;3000791.256158067
1796;9944;5;3000791.256158067
1797;9945;1;3000791.256158067
1798;9951;6;3000791.256158067
1799;9955;4;3000791.256158067
1800;9956;1;3000791.256158067
1801;9957;1;3000791.256158067
1802;9961;4;3000791.256158067
1803;9966;5;3000791.256158067
1804;9967;1;3000791.256158067
1805;9970;3;3000791.256158067
1806;9974;4;3000791.256158067
1807;9978;4;3000791.256158067
1808;9982;4;3000791.256158067
1809;9982;0;3000791.256158067
1810;9987;5;3000791.256158067
1811;9990;3;3000791.256158067
1812;9996;6;3000791.256158067
1813;9997;1;3000791.256158067
1814;10003;6;3000791.256158067
1815;10006;3;3000791.256158067
1816;10009;3;3000791.256158067
1817;10015;6;3000791.256158067
1818;10021;6;3000791.256158067
1819;10023;2;3000791.256158067
1820;10028;5;3000791.256158067
1821;10033;5;3000791.256158067
1822;10038;5;3000791.256158067
1823;10045;7;3000791.256158067
1824;10050;5;3000791.256158067
1825;10053;3;3000791.256158067
1826;10056;3;3000791.256158067
1827;10061;5;3000791.256158067
1828;10065;4;3000791.256158067
1829;10072;7;3000791.256158067
1830;10076;4;3000791.256158067
1831;10076;0;3000791.256158067
1832;10081;5;3000791.256158067
1833;10085;4;3000791.256158067
1834;10087;2;3000791.256158067
1835;10091;4;3000791.256158067
1836;10098;7;3000791.256158067
1837;10102;4;3000791.256158067
1838;10106;4;3000791.256158067
1839;10111;5;3000791.256158067
1840;10117;6;3000791.256158067
1841;10122;5;3000791.256158067
1842;10126;4;3000791.256158067
1843;10132;6;3000791.256158067
1844;10138;6;3000791.256158067
1845;10144;6;3000791.256158067
1846;10148;4;3000791.256158067
1847;10150;2;3000791.256158067
1848;10156;6;3000791.256158067
1849;10157;1;3000791.256158067
1850;10159;2;3000791.256158067
1851;10163;4;3000791.256158067
1852;10169;6;3000791.256158067
1853;10172;3;3000791.256158067
1854;10179;7;3000791.256158067
1855;10186;7;3000791.256158067
1856;10187;1;3000791.256158067
1857;10192;5;3000791.256158067
1858;10197;5;3000791.256158067
1859;10198;1;3000791.256158067
1860;10202;4;3000791.256158067
1861;10209;7;3000791.256158067
1862;10216;7;3000791.256158067
1863;10222;6;3000791.256158067
1864;10227;5;3000791.256158067
1865;10232;5;3000791.256158067
1866;10235;3;3000791.256158067
1867;10235;0;3000791.256158067
1868;10238;3;3000791.256158067
1869;10238;0;3000791.256158067
1870;10245;7;3000791.256158067
1871;10245;0;3000791.256158067
1872;10246;1;3000791.256158067
1873;10252;6;3000791.256158067
1874;10258;6;3000791.256158067
1875;10263;5;3000791.256158067
1876;10269;6;3000791.256158067
1877;10274;5;3000791.256158067
1878;10279;5;3000791.256158067
1879;10285;6;3000791.256158067
1880;10286;1;3000791.256158067
1881;10290;4;3000791.256158067
1882;10296;6;3000791.256158067
1883;10297;1;3000791.256158067
1884;10302;5;3000791.256158067
1885;10303;1;3000791.256158067
1886;10309;6;3000791.256158067
1887;10317;8;3000791.256158067
1888;10320;3;3000791.256158067
1889;10321;1;3000791.256158067
1890;10328;7;3000791.256158067
1891;10331;3;3000791.256158067
1892;10336;5;3000791.256158067
1893;10340;4;3000791.256158067
1894;10342;2;3000791.256158067
1895;10347;5;3000791.256158067
1896;10352;5;3000791.256158067
1897;10359;7;3000791.256158067
1898;10360;1;3000791.256158067
1899;10363;3;3000791.256158067
1900;10367;4;3000791.256158067
1901;10372;5;3000791.256158067
1902;10376;4;3000791.256158067
1903;10382;6;3000791.256158067
1904;10385;3;3000791.256158067
1905;10392;7;3000791.256158067
1906;10398;6;3000791.256158067
1907;10402;4;3000791.256158067
1908;10409;7;3000791.256158067
1909;10409;0;3000791.256158067
1910;10415;6;3000791.256158067
1911;10419;4;3000791.256158067
1912;10422;3;3000791.256158067
1913;10427;5;3000791.256158067
1914;10433;6;3000791.256158067
1915;10439;6;3000791.256158067
1916;10443;4;3000791.256158067
1917;10451;8;3000791.256158067
1918;10457;6;3000791.256158067
1919;10461;4;3000791.256158067
1920;10466;5;3000791.256158067
1921;10484;18;3000791.256158067
1922;10487;3;3000791.256158067
1923;10505;18;3000791.256158067
1924;10512;7;3000791.256158067
1925;10522;10;3000791.256158067
1926;10530;8;3000791.256158067
1927;10543;13;3000791.256158067
1928;10554;11;3000791.256158067
1929;10567;13;3000791.256158067
1930;10580;13;3000791.256158067
1931;10584;4;3000791.256158067
1932;10590;6;3000791.256158067
1933;10599;9;3000791.256158067
1934;10610;11;3000791.256158067
1935;10615;5;3000791.256158067
1936;10623;8;3000791.256158067
1937;10626;3;3000791.256158067
1938;10632;6;3000791.256158067
1939;10645;13;3000791.256158067
1940;10657;12;3000791.256158067
1941;10667;10;3000791.256158067
1942;10673;6;3000791.256158067
1943;10693;20;3000791.256158067
1944;10705;12;3000791.256158067
1945;10713;8;3000791.256158067
1946;10723;10;3000791.256158067
1947;10728;5;3000791.256158067
1948;10736;8;3000791.256158067
1949;10737;1;3000791.256158067
1950;10741;4;3000791.256158067
1951;10752;11;3000791.256158067
1952;10756;4;3000791.256158067
1953;10761;5;3000791.256158067
1954;10764;3;3000791.256158067
1955;10768;4;3000791.256158067
1956;10773;5;3000791.256158067
1957;10779;6;3000791.256158067
1958;10786;7;3000791.256158067
1959;10787;1;3000791.256158067
1960;10791;4;3000791.256158067
1961;10793;2;3000791.256158067
1962;10797;4;3000791.256158067
1963;10801;4;3000791.256158067
1964;10806;5;3000791.256158067
1965;10815;9;3000791.256158067
1966;10820;5;3000791.256158067
1967;10831;11;3000791.256158067
1968;10837;6;3000791.256158067
1969;10845;8;3000791.256158067
1970;10857;12;3000791.256158067
1971;10863;6;3000791.256158067
1972;10865;2;3000791.256158067
1973;10869;4;3000791.256158067
1974;10872;3;3000791.256158067
1975;10874;2;3000791.256158067
1976;10878;4;3000791.256158067
1977;10879;1;3000791.256158067
1978;10880;1;3000791.256158067
1979;10882;2;3000791.256158067
1980;10889;7;3000791.256158067
1981;10895;6;3000791.256158067
1982;10899;4;3000791.256158067
1983;10905;6;3000791.256158067
1984;10914;9;3000791.256158067
1985;10921;7;3000791.256158067
1986;10925;4;3000791.256158067
1987;10931;6;3000791.256158067
1988;10933;2;3000791.256158067
1989;10938;5;3000791.256158067
1990;10943;5;3000791.256158067
1991;10950;7;3000791.256158067
1992;10957;7;3000791.256158067
1993;10960;3;3000791.256158067
1994;10965;5;3000791.256158067
1995;10972;7;3000791.256158067
1996;10978;6;3000791.256158067
1997;10983;5;3000791.256158067
1998;10988;5;3000791.256158067
1999;10995;7;3000791.256158067
2000;11000;5;3000791.256158067
2001;11002;2;3000791.256158067
2002;11006;4;3000791.256158067
2003;11010;4;3000791.256158067
2004;11014;4;3000791.256158067
2005;11019;5;3000791.256158067
2006;11019;0;3000791.256158067
2007;11020;1;3000791.256158067
2008;11021;1;3000791.256158067
2009;11027;6;3000791.256158067
2010;11035;8;3000791.256158067
2011;11042;7;3000791.256158067
2012;11043;1;3000791.256158067
2013;11054;11;3000791.256158067
2014;11060;6;3000791.256158067
2015;11070;10;3000791.256158067
2016;11077;7;3000791.256158067
2017;11084;7;3000791.256158067
2018;11094;10;3000791.256158067
2019;11098;4;3000791.256158067
2020;11105;7;3000791.256158067
2021;11106;1;3000791.256158067
2022;11115;9;3000791.256158067
2023;11116;1;3000791.256158067
2024;11120;4;3000791.256158067
2025;11123;3;3000791.256158067
2026;11130;7;3000791.256158067
2027;11133;3;3000791.256158067
2028;11137;4;3000791.256158067
2029;11141;4;3000791.256158067
2030;11142;1;3000791.256158067
2031;11146;4;3000791.256158067
2032;11150;4;3000791.256158067
2033;11153;3;3000791.256158067
2034;11164;11;3000791.256158067
2035;11174;10;3000791.256158067
2036;11185;11;3000791.256158067
2037;11191;6;3000791.256158067
2038;11200;9;3000791.256158067
2039;11203;3;3000791.256158067
2040;11211;8;3000791.256158067
2041;11219;8;3000791.256158067
2042;11223;4;3000791.256158067
2043;11231;8;3000791.256158067
2044;11238;7;3000791.256158067
2045;11242;4;3000791.256158067
2046;11247;5;3000791.256158067
2047;11250;3;3000791.256158067
2048;11256;6;3000791.256158067
2049;11258;2;3000791.256158067
2050;11263;5;3000791.256158067
2051;11273;10;3000791.256158067
2052;11274;1;3000791.256158067
2053;11285;11;3000791.256158067
2054;11293;8;3000791.256158067
2055;11303;10;3000791.256158067
2056;11309;6;3000791.256158067
2057;11318;9;3000791.256158067
2058;11320;2;3000791.256158067
2059;11327;7;3000791.256158067
2060;11332;5;3000791.256158067
2061;11338;6;3000791.256158067
2062;11342;4;3000791.256158067
2063;11348;6;3000791.256158067
2064;11356;8;3000791.256158067
2065;11362;6;3000791.256158067
2066;11373;11;3000791.256158067
2067;11377;4;3000791.256158067
2068;11388;11;3000791.256158067
2069;11391;3;3000791.256158067
2070;11401;10;3000791.256158067
2071;11408;7;3000791.256158067
2072;11423;15;3000791.256158067
2073;11434;11;3000791.256158067
2074;11441;7;3000791.256158067
2075;11445;4;3000791.256158067
2076;11450;5;3000791.256158067
2077;11454;4;3000791.256158067
2078;11458;4;3000791.256158067
2079;11459;1;3000791.256158067
2080;11473;14;3000791.256158067
2081;11485;12;3000791.256158067
2082;11494;9;3000791.256158067
2083;11503;9;3000791.256158067
2084;11517;14;3000791.256158067
2085;11529;12;3000791.256158067
2086;11535;6;3000791.256158067
2087;11539;4;3000791.256158067
2088;11544;5;3000791.256158067
2089;11553;9;3000791.256158067
2090;11563;10;3000791.256158067
2091;11571;8;3000791.256158067
2092;11577;6;3000791.256158067
2093;11586;9;3000791.256158067
2094;11587;1;3000791.256158067
2095;11590;3;3000791.256158067
2096;11598;8;3000791.256158067
2097;11603;5;3000791.256158067
2098;11609;6;3000791.256158067
2099;11615;6;3000791.256158067
2100;11619;4;3000791.256158067
2101;11628;9;3000791.256158067
2102;11633;5;3000791.256158067
2103;11640;7;3000791.256158067
2104;11648;8;3000791.256158067
2105;11672;24;3000791.256158067
2106;11687;15;3000791.256158067
2107;11693;6;3000791.256158067
2108;11707;14;3000791.256158067
2109;11716;9;3000791.256158067
2110;11719;3;3000791.256158067
2111;11720;1;3000791.256158067
2112;11727;7;3000791.256158067
2113;11738;11;3000791.256158067
2114;11746;8;3000791.256158067
2115;11757;11;3000791.256158067
2116;11762;5;3000791.256158067
2117;11770;8;3000791.256158067
2118;11784;14;3000791.256158067
2119;11787;3;3000791.256158067
2120;11790;3;3000791.256158067
2121;11801;11;3000791.256158067
2122;11808;7;3000791.256158067
2123;11816;8;3000791.256158067
2124;11816;0;3000791.256158067
2125;11818;2;3000791.256158067
2126;11826;8;3000791.256158067
2127;11830;4;3000791.256158067
2128;11835;5;3000791.256158067
2129;11840;5;3000791.256158067
2130;11841;1;3000791.256158067
2131;11845;4;3000791.256158067
2132;11855;10;3000791.256158067
2133;11863;8;3000791.256158067
2134;11875;12;3000791.256158067
2135;11877;2;3000791.256158067
2136;11883;6;3000791.256158067
2137;11893;10;3000791.256158067
2138;11897;4;3000791.256158067
2139;11900;3;3000791.256158067
2140;11911;11;3000791.256158067
2141;11922;11;3000791.256158067
2142;11929;7;3000791.256158067
2143;11939;10;3000791.256158067
2144;11946;7;3000791.256158067
2145;11947;1;3000791.256158067
2146;11955;8;3000791.256158067
2147;11963;8;3000791.256158067
2148;11970;7;3000791.256158067
2149;11978;8;3000791.256158067
2150;11983;5;3000791.256158067
2151;11987;4;3000791.256158067
2152;11995;8;3000791.256158067
2153;11996;1;3000791.256158067
2154;12005;9;3000791.256158067
2155;12010;5;3000791.256158067
2156;12010;0;3000791.256158067
2157;12019;9;3000791.256158067
2158;12023;4;3000791.256158067
2159;12028;5;3000791.256158067
2160;12031;3;3000791.256158067
2161;12040;9;3000791.256158067
2162;12052;12;3000791.256158067
2163;12062;10;3000791.256158067
2164;12066;4;3000791.256158067
2165;12068;2;3000791.256158067
2166;12071;3;3000791.256158067
2167;12074;3;3000791.256158067
2168;12077;3;3000791.256158067
2169;12087;10;3000791.256158067
2170;12091;4;3000791.256158067
2171;12097;6;3000791.256158067
2172;12105;8;3000791.256158067
2173;12112;7;3000791.256158067
2174;12118;6;3000791.256158067
2175;12119;1;3000791.256158067
2176;12125;6;3000791.256158067
2177;12131;6;3000791.256158067
2178;12149;18;3000791.256158067
2179;12150;1;3000791.256158067
2180;12157;7;3000791.256158067
2181;12162;5;3000791.256158067
2182;12167;5;3000791.256158067
2183;12182;15;3000791.256158067
2184;12184;2;3000791.256158067
2185;12197;13;3000791.256158067
2186;12208;11;3000791.256158067
2187;12214;6;3000791.256158067
2188;12224;10;3000791.256158067
2189;12229;5;3000791.256158067
2190;12236;7;3000791.256158067
2191;12252;16;3000791.256158067
2192;12263;11;3000791.256158067
2193;12270;7;3000791.256158067
2194;12281;11;3000791.256158067
2195;12292;11;3000791.256158067
2196;12300;8;3000791.256158067
2197;12310;10;3000791.256158067
2198;12319;9;3000791.256158067
2199;12329;10;3000791.256158067
2200;12331;2;3000791.256158067
2201;12334;3;3000791.256158067
2202;12342;8;3000791.256158067
2203;12347;5;3000791.256158067
2204;12356;9;3000791.256158067
2205;12357;1;3000791.256158067
2206;12374;17;3000791.256158067
2207;12383;9;3000791.256158067
2208;12395;12;3000791.256158067
2209;12400;5;3000791.256158067
2210;12409;9;3000791.256158067
2211;12412;3;3000791.256158067
2212;12422;10;3000791.256158067
2213;12432;10;3000791.256158067
2214;12446;14;3000791.256158067
2215;12454;8;3000791.256158067
2216;12458;4;3000791.256158067
2217;12459;1;3000791.256158067
2218;12464;5;3000791.256158067
2219;12478;14;3000791.256158067
2220;12479;1;3000791.256158067
2221;12487;8;3000791.256158067
2222;12496;9;3000791.256158067
2223;12509;13;3000791.256158067
2224;12519;10;3000791.256158067
2225;12520;1;3000791.256158067
2226;12529;9;3000791.256158067
2227;12538;9;3000791.256158067
2228;12539;1;3000791.256158067
2229;12555;16;3000791.256158067
2230;12561;6;3000791.256158067
2231;12572;11;3000791.256158067
2232;12577;5;3000791.256158067
2233;12585;8;3000791.256158067
2234;12596;11;3000791.256158067
2235;12605;9;3000791.256158067
2236;12633;28;3000791.256158067
2237;12656;23;3000791.256158067
2238;12661;5;3000791.256158067
2239;12665;4;3000791.256158067
2240;12691;26;3000791.256158067
2241;12699;8;3000791.256158067
2242;12702;3;3000791.256158067
2243;12709;7;3000791.256158067
2244;12714;5;3000791.256158067
2245;12721;7;3000791.256158067
2246;12730;9;3000791.256158067
2247;12733;3;3000791.256158067
2248;12742;9;3000791.256158067
2249;12750;8;3000791.256158067
2250;12757;7;3000791.256158067
2251;12773;16;3000791.256158067
2252;12786;13;3000791.256158067
2253;12787;1;3000791.256158067
2254;12795;8;3000791.256158067
2255;12799;4;3000791.256158067
2256;12806;7;3000791.256158067
2257;12817;11;3000791.256158067
2258;12828;11;3000791.256158067
2259;12838;10;3000791.256158067
2260;12850;12;3000791.256158067
2261;12851;1;3000791.256158067
2262;12862;11;3000791.256158067
2263;12876;14;3000791.256158067
2264;12884;8;3000791.256158067
2265;12892;8;3000791.256158067
2266;12897;5;3000791.256158067
2267;12907;10;3000791.256158067
2268;12908;1;3000791.256158067
2269;12914;6;3000791.256158067
2270;12922;8;3000791.256158067
2271;12935;13;3000791.256158067
2272;12945;10;3000791.256158067
2273;12957;12;3000791.256158067
2274;12959;2;3000791.256158067
2275;12971;12;3000791.256158067
2276;12976;5;3000791.256158067
2277;12989;13;3000791.256158067
2278;13000;11;3000791.256158067
2279;13016;16;3000791.256158067
2280;13026;10;3000791.256158067
2281;13040;14;3000791.256158067
2282;13050;10;3000791.256158067
2283;13063;13;3000791.256158067
2284;13071;8;3000791.256158067
2285;13072;1;3000791.256158067
2286;13078;6;3000791.256158067
2287;13086;8;3000791.256158067
2288;13092;6;3000791.256158067
2289;13094;2;3000791.256158067
2290;13100;6;3000791.256158067
2291;13107;7;3000791.256158067
2292;13116;9;3000791.256158067
2293;13126;10;3000791.256158067
2294;13131;5;3000791.256158067
2295;13138;7;3000791.256158067
2296;13140;2;3000791.256158067
2297;13146;6;3000791.256158067
2298;13151;5;3000791.256158067
2299;13152;1;3000791.256158067
2300;13158;6;3000791.256158067
2301;13166;8;3000791.256158067
2302;13173;7;3000791.256158067
2303;13181;8;3000791.256158067
2304;13185;4;3000788.7255831254
2305;13192;7;3000786.21637736
2306;13194;2;3000786.21637736
2307;13195;1;3000786.21637736
2308;13202;7;3000786.21637736
2309;13210;8;3000786.21637736
2310;13211;1;3000786.21637736
2311;13215;4;3000786.21637736
2312;13222;7;3000786.21637736
2313;13227;5;3000786.21637736
2314;13234;7;3000786.21637736
2315;13240;6;3000786.21637736
2316;13241;1;3000786.21637736
2317;13245;4;3000786.21637736
2318;13252;7;3000786.21637736
2319;13255;3;3000786.21637736
2320;13262;7;3000786.21637736
2321;13272;10;3000786.21637736
2322;13280;8;3000786.21637736
2323;13287;7;3000786.21637736
2324;13292;5;3000786.21637736
2325;13301;9;3000786.21637736
2326;13306;5;3000786.21637736
2327;13312;6;3000786.21637736
2328;13316;4;3000786.21637736
2329;13322;6;3000786.21637736
2330;13326;4;3000786.21637736
2331;13329;3;3000784.070505259
2332;13333;4;3000784.070505259
2333;13336;3;3000784.070505259
2334;13336;0;3000784.070505259
2335;13339;3;3000784.070505259
2336;13342;3;3000783.4964920976
2337;13344;2;3000778.1331231273
2338;13352;8;3000778.1331231273
2339;13353;1;3000778.1331231273
2340;13361;8;3000778.1331231273
2341;13364;3;3000778.1331231273
2342;13370;6;3000778.1331231273
2343;13372;2;3000778.1331231273
2344;13373;1;3000778.1331231273
2345;13379;6;3000778.1331231273
2346;13383;4;3000778.1331231273
2347;13392;9;3000778.1331231273
2348;13397;5;3000778.1331231273
2349;13400;3;3000778.1331231273
2350;13402;2;3000776.985179363
2351;13407;5;3000776.985179363
2352;13409;2;3000776.985179363
2353;13413;4;3000775.7076659827
2354;13418;5;3000775.7076659827
2355;13421;3;3000775.7076659827
2356;13425;4;3000775.7076659827
2357;13430;5;3000775.7076659827
2358;13433;3;3000775.7076659827
2359;13435;2;3000775.7076659827
2360;13442;7;3000775.7076659827
2361;13447;5;3000775.7076659827
2362;13447;0;3000775.7076659827
2363;13452;5;3000775.7076659827
2364;13453;1;3000775.7076659827
2365;13460;7;3000773.0260675396
2366;13465;5;3000773.0260675396
2367;13466;1;3000773.0260675396
2368;13470;4;3000773.0260675396
2369;13473;3;3000773.0260675396
2370;13480;7;3000773.0260675396
2371;13482;2;3000773.0260675396
2372;13485;3;3000773.0260675396
2373;13486;1;3000773.0260675396
2374;13491;5;3000773.0260675396
2375;13495;4;3000773.0260675396
2376;13498;3;3000773.0260675396
2377;13499;1;3000773.0260675396
2378;13502;3;3000773.0260675396
2379;13506;4;3000773.0260675396
2380;13509;3;3000773.0260675396
2381;13509;0;3000773.0260675396
2382;13511;2;3000773.0260675396
2383;13517;6;3000773.0260675396
2384;13518;1;3000773.0260675396
2385;13523;5;3000773.0260675396
2386;13524;1;3000773.0260675396
2387;13529;5;3000773.0260675396
2388;13533;4;3000773.0260675396
2389;13539;6;3000773.0260675396
2390;13542;3;3000773.0260675396
2391;13545;3;3000773.0260675396
2392;13551;6;3000773.0260675396
2393;13552;1;3000773.0260675396
2394;13560;8;3000773.0260675396
2395;13566;6;3000773.0260675396
2396;13567;1;3000773.0260675396
2397;13570;3;3000773.0260675396
2398;13575;5;3000773.0260675396
2399;13579;4;3000773.0260675396
2400;13583;4;3000773.0260675396
2401;13587;4;3000773.0260675396
2402;13589;2;3000773.0260675396
2403;13594;5;3000773.0260675396
2404;13595;1;3000773.0260675396
2405;13602;7;3000773.0260675396
2406;13608;6;3000773.0260675396
2407;13613;5;3000773.0260675396
2408;13617;4;3000773.0260675396
2409;13618;1;3000773.0260675396
2410;13621;3;3000773.0260675396
2411;13624;3;3000773.0260675396
2412;13631;7;3000773.0260675396
2413;13636;5;3000773.0260675396
2414;13642;6;3000773.0260675396
2415;13643;1;3000773.0260675396
2416;13649;6;3000773.0260675396
2417;13654;5;3000773.0260675396
2418;13655;1;3000773.0260675396
2419;13659;4;3000773.0260675396
2420;13665;6;3000773.0260675396
2421;13671;6;3000773.0260675396
2422;13675;4;3000773.0260675396
2423;13677;2;3000773.0260675396
2424;13679;2;3000773.0260675396
2425;13681;2;3000773.0260675396
2426;13684;3;3000773.0260675396
2427;13688;4;3000773.0260675396
2428;13692;4;3000773.0260675396
2429;13697;5;3000773.0260675396
2430;13701;4;3000773.0260675396
2431;13704;3;3000773.0260675396
2432;13709;5;3000773.0260675396
2433;13714;5;3000773.0260675396
2434;13715;1;3000773.0260675396
2435;13719;4;3000773.0260675396
2436;13719;0;3000773.0260675396
2437;13724;5;3000773.0260675396
2438;13728;4;3000773.0260675396
2439;13732;4;3000773.0260675396
2440;13735;3;3000773.0260675396
2441;13739;4;3000773.0260675396
2442;13743;4;3000773.0260675396
2443;13749;6;3000773.0260675396
2444;13753;4;3000773.0260675396
2445;13759;6;3000773.0260675396
2446;13766;7;3000773.0260675396
2447;13770;4;3000773.0260675396
2448;13771;1;3000773.0260675396
2449;13774;3;3000773.0260675396
2450;13779;5;3000773.0260675396
2451;13783;4;3000773.0260675396
2452;13788;5;3000773.0260675396
2453;13792;4;3000773.0260675396
2454;13797;5;3000773.0260675396
2455;13798;1;3000773.0260675396
2456;13801;3;3000773.0260675396
2457;13802;1;3000773.0260675396
2458;13805;3;3000773.0260675396
2459;13809;4;3000773.0260675396
2460;13814;5;3000773.0260675396
2461;13817;3;3000773.0260675396
2462;13821;4;3000773.0260675396
2463;13826;5;3000773.0260675396
2464;13831;5;3000773.0260675396
2465;13832;1;3000773.0260675396
2466;13837;5;3000773.0260675396
2467;13843;6;3000773.0260675396
2468;13847;4;3000773.0260675396
2469;13855;8;3000773.0260675396
2470;13859;4;3000773.0260675396
2471;13863;4;3000773.0260675396
2472;13864;1;3000773.0260675396
2473;13871;7;3000773.0260675396
2474;13876;5;3000773.0260675396
2475;13882;6;3000773.0260675396
2476;13886;4;3000773.0260675396
2477;13888;2;3000773.0260675396
2478;13890;2;3000773.0260675396
2479;13894;4;3000773.0260675396
2480;13898;4;3000773.0260675396
2481;13902;4;3000773.0260675396
2482;13905;3;3000773.0260675396
2483;13913;8;3000773.0260675396
2484;13919;6;3000773.0260675396
2485;13923;4;3000773.0260675396
2486;13929;6;3000773.0260675396
2487;13935;6;3000773.0260675396
2488;13939;4;3000773.0260675396
2489;13944;5;3000773.0260675396
2490;13949;5;3000773.0260675396
2491;13954;5;3000773.0260675396
2492;13959;5;3000773.0260675396
2493;13963;4;3000773.0260675396
2494;13969;6;3000773.0260675396
2495;13972;3;3000772.982043993
2496;13976;4;3000772.982043993
2497;13979;3;3000772.982043993
2498;13985;6;3000770.6167270397
2499;13992;7;3000770.6167270397
2500;13999;7;3000770.6167270397
2501;14003;4;3000770.6167270397
2502;14008;5;3000770.6167270397
2503;14012;4;3000770.6167270397
2504;14014;2;3000770.6167270397
2505;14020;6;3000770.6167270397
2506;14023;3;3000770.6167270397
2507;14027;4;3000770.6167270397
2508;14028;1;3000770.6167270397
2509;14030;2;3000770.6167270397
2510;14036;6;3000770.6167270397
2511;14042;6;3000770.6167270397
2512;14043;1;3000770.6167270397
2513;14047;4;3000770.6167270397
2514;14053;6;3000770.6167270397
2515;14060;7;3000770.6167270397
2516;14066;6;3000770.6167270397
2517;14071;5;3000770.6167270397
2518;14077;6;3000770.6167270397
2519;14083;6;3000770.6167270397
2520;14084;1;3000770.6167270397
2521;14087;3;3000770.6167270397
2522;14091;4;3000770.6167270397
2523;14097;6;3000770.6167270397
2524;14102;5;3000770.6167270397
2525;14108;6;3000770.6167270397
2526;14112;4;3000770.6167270397
2527;14118;6;3000770.6167270397
2528;14121;3;3000770.6167270397
2529;14122;1;3000770.6167270397
2530;14128;6;3000770.6167270397
2531;14131;3;3000770.6167270397
2532;14131;0;3000770.6167270397
2533;14134;3;3000770.6167270397
2534;14139;5;3000770.6167270397
2535;14140;1;3000770.6167270397
2536;14147;7;3000770.6167270397
2537;14147;0;3000770.6167270397
2538;14154;7;3000770.6167270397
2539;14161;7;3000770.6167270397
2540;14163;2;3000770.6167270397
2541;14167;4;3000770.6167270397
2542;14168;1;3000770.6167270397
2543;14173;5;3000770.6167270397
2544;14175;2;3000770.6167270397
2545;14179;4;3000770.6167270397
2546;14186;7;3000770.6167270397
2547;14191;5;3000770.6167270397
2548;14198;7;3000770.6167270397
2549;14202;4;3000770.6167270397
2550;14205;3;3000770.6167270397
2551;14206;1;3000770.6167270397
2552;14209;3;3000770.6167270397
2553;14214;5;3000770.6167270397
2554;14219;5;3000770.6167270397
2555;14224;5;3000770.6167270397
2556;14230;6;3000770.6167270397
2557;14231;1;3000770.6167270397
2558;14236;5;3000770.6167270397
2559;14244;8;3000770.6167270397
2560;14250;6;3000770.6167270397
2561;14252;2;3000770.6167270397
2562;14257;5;3000770.6167270397
2563;14263;6;3000770.6167270397
2564;14269;6;3000770.6167270397
2565;14272;3;3000770.6167270397
2566;14277;5;3000770.6167270397
2567;14281;4;3000770.6167270397
2568;14284;3;3000770.6167270397
2569;14285;1;3000770.6167270397
2570;14292;7;3000770.6167270397
2571;14299;7;3000770.6167270397
2572;14301;2;3000770.6167270397
2573;14305;4;3000770.6167270397
2574;14310;5;3000770.6167270397
2575;14313;3;3000770.6167270397
2576;14315;2;3000770.6167270397
2577;14320;5;3000770.6167270397
2578;14325;5;3000770.6167270397
2579;14330;5;3000770.6167270397
2580;14331;1;3000770.6167270397
2581;14334;3;3000770.6167270397
2582;14340;6;3000770.6167270397
2583;14342;2;3000770.6167270397
2584;14345;3;3000770.6167270397
2585;14349;4;3000770.6167270397
2586;14361;12;3000770.6167270397
2587;14362;1;3000770.6167270397
2588;14367;5;3000770.6167270397
2589;14374;7;3000770.6167270397
2590;14379;5;3000770.6167270397
2591;14384;5;3000770.6167270397
2592;14388;4;3000770.6167270397
2593;14392;4;3000770.6167270397
2594;14396;4;3000770.6167270397
2595;14400;4;3000770.6167270397
2596;14404;4;3000770.6167270397
2597;14411;7;3000770.6167270397
2598;14415;4;3000770.6167270397
2599;14420;5;3000770.6167270397
2600;14423;3;3000770.6167270397
2601;14432;9;3000770.6167270397
2602;14435;3;3000770.6167270397
2603;14438;3;3000770.6167270397
2604;14442;4;3000770.6167270397
2605;14443;1;3000770.6167270397
2606;14445;2;3000770.6167270397
2607;14451;6;3000770.6167270397
2608;14454;3;3000770.6167270397
2609;14457;3;3000770.6167270397
2610;14462;5;3000770.6167270397
2611;14466;4;3000770.6167270397
2612;14469;3;3000770.6167270397
2613;14472;3;3000770.6167270397
2614;14475;3;3000770.6167270397
2615;14478;3;3000770.6167270397
2616;14479;1;3000770.6167270397
2617;14483;4;3000770.6167270397
2618;14487;4;3000770.6167270397
2619;14491;4;3000770.6167270397
2620;14495;4;3000770.6167270397
2621;14498;3;3000770.6167270397
2622;14499;1;3000770.6167270397
2623;14501;2;3000770.6167270397
2624;14506;5;3000770.6167270397
2625;14507;1;3000770.6167270397
2626;14512;5;3000770.6167270397
2627;14516;4;3000770.6167270397
2628;14521;5;3000770.6167270397
2629;14526;5;3000770.6167270397
2630;14534;8;3000770.6167270397
2631;14535;1;3000770.6167270397
2632;14538;3;3000770.6167270397
2633;14542;4;3000770.6167270397
2634;14548;6;3000770.6167270397
2635;14549;1;3000770.6167270397
2636;14552;3;3000770.6167270397
2637;14556;4;3000770.6167270397
2638;14557;1;3000770.6167270397
2639;14560;3;3000770.6167270397
2640;14564;4;3000770.6167270397
2641;14565;1;3000770.6167270397
2642;14573;8;3000770.6167270397
2643;14579;6;3000770.6167270397
2644;14581;2;3000770.6167270397
2645;14586;5;3000770.6167270397
2646;14590;4;3000770.6167270397
2647;14594;4;3000770.6167270397
2648;14599;5;3000770.6167270397
2649;14602;3;3000770.6167270397
2650;14604;2;3000770.6167270397
2651;14610;6;3000770.6167270397
2652;14615;5;3000770.6167270397
2653;14620;5;3000770.6167270397
2654;14621;1;3000770.6167270397
2655;14624;3;3000770.6167270397
2656;14625;1;3000770.6167270397
2657;14627;2;3000770.6167270397
2658;14630;3;3000770.6167270397
2659;14636;6;3000770.6167270397
2660;14638;2;3000770.6167270397
2661;14643;5;3000770.6167270397
2662;14647;4;3000770.6167270397
2663;14653;6;3000770.6167270397
2664;14655;2;3000770.6167270397
2665;14655;0;3000770.6167270397
2666;14660;5;3000770.6167270397
2667;14664;4;3000770.6167270397
2668;14669;5;3000770.6167270397
2669;14672;3;3000770.6167270397
2670;14679;7;3000770.6167270397
2671;14680;1;3000770.6167270397
2672;14683;3;3000770.6167270397
2673;14684;1;3000770.6167270397
2674;14688;4;3000770.6167270397
2675;14691;3;3000770.6167270397
2676;14692;1;3000770.6167270397
2677;14697;5;3000770.6167270397
2678;14699;2;3000770.6167270397
2679;14704;5;3000770.6167270397
2680;14704;0;3000770.6167270397
2681;14707;3;3000770.6167270397
2682;14710;3;3000770.6167270397
2683;14714;4;3000770.6167270397
2684;14718;4;3000770.6167270397
2685;14719;1;3000770.6167270397
2686;14724;5;3000770.6167270397
2687;14727;3;3000770.6167270397
2688;14733;6;3000770.6167270397
2689;14737;4;3000770.6167270397
2690;14740;3;3000770.6167270397
2691;14747;7;3000770.6167270397
2692;14753;6;3000770.6167270397
2693;14759;6;3000770.6167270397
2694;14763;4;3000770.6167270397
2695;14765;2;3000770.6167270397
2696;14765;0;3000770.6167270397
2697;14771;6;3000770.6167270397
2698;14777;6;3000770.6167270397
2699;14781;4;3000770.6167270397
2700;14786;5;3000770.6167270397
2701;14788;2;3000770.6167270397
2702;14796;8;3000770.6167270397
2703;14807;11;3000770.6167270397
2704;14817;10;3000770.6167270397
2705;14826;9;3000770.6167270397
2706;14831;5;3000770.6167270397
2707;14836;5;3000770.6167270397
2708;14840;4;3000770.6167270397
2709;14843;3;3000770.6167270397
2710;14844;1;3000770.6167270397
2711;14850;6;3000770.6167270397
2712;14856;6;3000770.6167270397
2713;14861;5;3000770.6167270397
2714;14864;3;3000770.6167270397
2715;14868;4;3000770.6167270397
2716;14871;3;3000770.6167270397
2717;14875;4;3000770.6167270397
2718;14880;5;3000770.6167270397
2719;14882;2;3000770.6167270397
2720;14889;7;3000770.6167270397
2721;14894;5;3000770.6167270397
2722;14898;4;3000770.6167270397
2723;14903;5;3000770.6167270397
2724;14906;3;3000770.6167270397
2725;14915;9;3000770.6167270397
2726;14922;7;3000770.6167270397
2727;14928;6;3000770.6167270397
2728;14936;8;3000770.6167270397
2729;14942;6;3000770.6167270397
2730;14947;5;3000770.6167270397
2731;14952;5;3000770.6167270397
2732;14958;6;3000770.6167270397
2733;14959;1;3000770.6167270397
2734;14962;3;3000770.6167270397
2735;14963;1;3000770.6167270397
2736;14964;1;3000770.6167270397
2737;14968;4;3000770.6167270397
2738;14974;6;3000770.6167270397
2739;14978;4;3000770.6167270397
2740;14983;5;3000770.6167270397
2741;14987;4;3000770.6167270397
2742;14987;0;3000770.6167270397
2743;14992;5;3000770.6167270397
2744;14996;4;3000770.6167270397
2745;15001;5;3000770.6167270397
2746;15007;6;3000770.6167270397
2747;15010;3;3000770.6167270397
2748;15020;10;3000770.6167270397
2749;15025;5;3000770.6167270397
2750;15029;4;3000770.6167270397
2751;15034;5;3000770.241706167
2752;15035;1;3000770.241706167
2753;15036;1;3000770.241706167
2754;15040;4;3000770.241706167
2755;15047;7;3000770.241706167
2756;15052;5;3000770.241706167
2757;15053;1;3000770.241706167
2758;15056;3;3000770.241706167
2759;15058;2;3000770.241706167
2760;15062;4;3000770.241706167
2761;15063;1;3000770.241706167
2762;15067;4;3000770.241706167
2763;15072;5;3000770.241706167
2764;15076;4;3000770.241706167
2765;15078;2;3000770.241706167
2766;15082;4;3000770.241706167
2767;15085;3;3000770.241706167
2768;15091;6;3000770.241706167
2769;15095;4;3000770.241706167
2770;15095;0;3000770.241706167
2771;15101;6;3000770.241706167
2772;15104;3;3000770.241706167
2773;15107;3;3000770.241706167
2774;15114;7;3000770.241706167
2775;15120;6;3000770.241706167
2776;15126;6;3000770.241706167
2777;15131;5;3000770.241706167
2778;15132;1;3000770.241706167
2779;15135;3;3000770.241706167
2780;15139;4;3000770.241706167
2781;15145;6;3000770.241706167
2782;15150;5;3000770.241706167
2783;15151;1;3000770.241706167
2784;15151;0;3000770.241706167
2785;15157;6;3000770.241706167
2786;15161;4;3000770.241706167
2787;15165;4;3000770.241706167
2788;15170;5;3000770.241706167
2789;15175;5;3000770.241706167
2790;15178;3;3000770.241706167
2791;15181;3;3000770.241706167
2792;15182;1;3000770.241706167
2793;15183;1;3000770.241706167
2794;15186;3;3000770.241706167
2795;15191;5;3000770.241706167
2796;15194;3;3000770.241706167
2797;15197;3;3000770.241706167
2798;15199;2;3000770.241706167
2799;15200;1;3000770.241706167
2800;15208;8;3000770.241706167
2801;15214;6;3000770.241706167
2802;15221;7;3000770.241706167
2803;15226;5;3000770.241706167
2804;15232;6;3000770.241706167
2805;15238;6;3000770.241706167
2806;15244;6;3000770.241706167
2807;15244;0;3000770.241706167
2808;15247;3;3000770.241706167
2809;15250;3;3000770.241706167
2810;15253;3;3000770.241706167
2811;15256;3;3000770.241706167
2812;15257;1;3000770.241706167
2813;15261;4;3000770.241706167
2814;15265;4;3000770.241706167
2815;15269;4;3000770.241706167
2816;15271;2;3000770.241706167
2817;15275;4;3000770.241706167
2818;15278;3;3000770.241706167
2819;15279;1;3000770.241706167
2820;15280;1;3000770.241706167
2821;15283;3;3000770.241706167
2822;15286;3;3000770.241706167
2823;15288;2;3000770.241706167
2824;15291;3;3000770.241706167
2825;15292;1;3000770.241706167
2826;15298;6;3000770.241706167
2827;15301;3;3000770.241706167
2828;15303;2;3000770.241706167
2829;15305;2;3000770.241706167
2830;15307;2;3000770.241706167
2831;15313;6;3000770.241706167
2832;15315;2;3000770.241706167
2833;15316;1;3000770.241706167
2834;15320;4;3000770.241706167
2835;15324;4;3000770.241706167
2836;15327;3;3000770.241706167
2837;15328;1;3000770.241706167
2838;15332;4;3000770.241706167
2839;15338;6;3000770.241706167
2840;15341;3;3000770.241706167
2841;15345;4;3000770.241706167
2842;15350;5;3000770.241706167
2843;15353;3;3000770.241706167
2844;15355;2;3000770.241706167
2845;15360;5;3000770.241706167
2846;15363;3;3000770.241706167
2847;15368;5;3000770.241706167
2848;15374;6;3000770.241706167
2849;15378;4;3000770.241706167
2850;15380;2;3000770.241706167
2851;15382;2;3000770.241706167
2852;15390;8;3000770.241706167
2853;15395;5;3000770.241706167
2854;15401;6;3000770.241706167
2855;15406;5;3000770.241706167
2856;15407;1;3000770.241706167
2857;15413;6;3000770.241706167
2858;15417;4;3000770.241706167
2859;15422;5;3000770.241706167
2860;15427;5;3000770.241706167
2861;15432;5;3000770.241706167
2862;15437;5;3000770.241706167
2863;15440;3;3000770.241706167
2864;15445;5;3000770.241706167
2865;15447;2;3000770.241706167
2866;15449;2;3000770.241706167
2867;15457;8;3000770.241706167
2868;15464;7;3000770.241706167
2869;15468;4;3000770.241706167
2870;15469;1;3000770.241706167
2871;15475;6;3000770.241706167
2872;15476;1;3000770.241706167
2873;15477;1;3000770.241706167
2874;15479;2;3000770.241706167
2875;15484;5;3000770.241706167
2876;15489;5;3000770.241706167
2877;15493;4;3000770.241706167
2878;15498;5;3000770.241706167
2879;15501;3;3000770.241706167
2880;15506;5;3000770.241706167
2881;15512;6;3000770.241706167
2882;15518;6;3000770.241706167
2883;15520;2;3000770.241706167
2884;15528;8;3000770.241706167
2885;15535;7;3000770.241706167
2886;15540;5;3000770.241706167
2887;15546;6;3000770.241706167
2888;15552;6;3000770.241706167
2889;15556;4;3000770.241706167
2890;15559;3;3000770.241706167
2891;15562;3;3000770.241706167
2892;15566;4;3000770.241706167
2893;15567;1;3000770.241706167
2894;15570;3;3000770.241706167
2895;15575;5;3000770.241706167
2896;15581;6;3000770.241706167
2897;15585;4;3000770.241706167
2898;15591;6;3000770.241706167
2899;15594;3;3000770.241706167
2900;15601;7;3000770.241706167
2901;15605;4;3000770.241706167
2902;15605;0;3000770.241706167
2903;15608;3;3000770.241706167
2904;15611;3;3000770.241706167
2905;15614;3;3000770.241706167
2906;15620;6;3000770.241706167
2907;15623;3;3000770.241706167
2908;15630;7;3000770.241706167
2909;15634;4;3000770.241706167
2910;15640;6;3000770.241706167
2911;15642;2;3000770.241706167
2912;15644;2;3000770.237173076
2913;15649;5;3000770.237173076
2914;15650;1;3000770.237173076
2915;15656;6;3000770.237173076
2916;15660;4;3000770.237173076
2917;15663;3;3000770.237173076
2918;15668;5;3000770.237173076
2919;15673;5;3000770.237173076
2920;15676;3;3000770.237173076
2921;15681;5;3000770.237173076
2922;15684;3;3000770.237173076
2923;15689;5;3000770.237173076
2924;15696;7;3000770.237173076
2925;15701;5;3000770.237173076
2926;15708;7;3000770.237173076
2927;15711;3;3000770.237173076
2928;15719;8;3000770.237173076
2929;15725;6;3000770.237173076
2930;15733;8;3000770.237173076
2931;15737;4;3000770.237173076
2932;15739;2;3000770.237173076
2933;15742;3;3000770.237173076
2934;15747;5;3000770.237173076
2935;15751;4;3000770.237173076
2936;15752;1;3000770.237173076
2937;15754;2;3000770.237173076
2938;15759;5;3000770.237173076
2939;15764;5;3000770.237173076
2940;15770;6;3000770.237173076
2941;15774;4;3000770.237173076
2942;15777;3;3000770.237173076
2943;15783;6;3000770.237173076
2944;15786;3;3000770.237173076
2945;15790;4;3000770.237173076
2946;15794;4;3000770.237173076
2947;15798;4;3000770.237173076
2948;15801;3;3000770.237173076
2949;15806;5;3000770.237173076
2950;15811;5;3000770.237173076
2951;15814;3;3000770.237173076
2952;15818;4;3000770.237173076
2953;15821;3;3000770.237173076
2954;15824;3;3000770.237173076
2955;15828;4;3000770.237173076
2956;15834;6;3000770.237173076
2957;15837;3;3000770.237173076
2958;15841;4;3000770.237173076
2959;15845;4;3000770.237173076
2960;15853;8;3000770.237173076
2961;15859;6;3000770.237173076
2962;15864;5;3000770.237173076
2963;15870;6;3000770.237173076
2964;15873;3;3000770.237173076
2965;15876;3;3000770.237173076
2966;15879;3;3000770.237173076
2967;15882;3;3000770.237173076
2968;15883;1;3000770.237173076
2969;15887;4;3000770.237173076
2970;15892;5;3000770.237173076
2971;15895;3;3000770.237173076
2972;15899;4;3000770.237173076
2973;15905;6;3000770.237173076
2974;15910;5;3000770.237173076
2975;15915;5;3000770.237173076
2976;15916;1;3000770.237173076
2977;15923;7;3000770.237173076
2978;15928;5;3000770.237173076
2979;15929;1;3000770.237173076
2980;15933;4;3000770.237173076
2981;15936;3;3000770.237173076
2982;15941;5;3000770.237173076
2983;15944;3;3000770.237173076
2984;15947;3;3000770.237173076
2985;15951;4;3000770.237173076
2986;15958;7;3000770.237173076
2987;15963;5;3000770.237173076
2988;15967;4;3000770.237173076
2989;15971;4;3000770.237173076
2990;15978;7;3000770.237173076
2991;15980;2;3000770.237173076
2992;15985;5;3000770.237173076
2993;15988;3;3000770.237173076
2994;15994;6;3000770.237173076
2995;15995;1;3000770.237173076
2996;16002;7;3000770.237173076
2997;16007;5;3000770.237173076
2998;16007;0;3000770.237173076
2999;16011;4;3000770.237173076
