Index;Time point [ms];Iteration length [ms];Cost
0;5;5;1.9002209785671122E7
1;6;1;1.900220915286158E7
2;9;3;1.700198356840542E7
3;13;4;1.600193849345711E7
4;18;5;1.6001772166786762E7
5;27;9;1.6001772166786762E7
6;33;6;1.6001772166786762E7
7;35;2;1.6001772166786762E7
8;41;6;1.6001772166786762E7
9;49;8;1.6001772166786762E7
10;55;6;1.6001772166786762E7
11;55;0;1.6001772166786762E7
12;57;2;1.6001772166786762E7
13;62;5;1.6001772166786762E7
14;63;1;1.6001772166786762E7
15;65;2;1.6001772166786762E7
16;70;5;1.50017675808819E7
17;72;2;1.5001674475231111E7
18;74;2;1.5001648853814382E7
19;83;9;1.5001648853814382E7
20;87;4;1.5001648853814382E7
21;91;4;1.5001648853814382E7
22;97;6;1.5001648853814382E7
23;104;7;1.5001648853814382E7
24;106;2;1.5001648853814382E7
25;106;0;1.5001648853814382E7
26;110;4;1.5001648853814382E7
27;116;6;1.5001648853814382E7
28;124;8;1.5001648853814382E7
29;131;7;1.5001648853814382E7
30;136;5;1.5001648853814382E7
31;142;6;1.5001648853814382E7
32;146;4;1.5001648853814382E7
33;152;6;1.5001648853814382E7
34;161;9;1.5001648853814382E7
35;164;3;1.5001648853814382E7
36;165;1;1.5001648853814382E7
37;167;2;1.5001648853814382E7
38;167;0;1.5001648853814382E7
39;171;4;1.5001648853814382E7
40;174;3;1.5001648853814382E7
41;177;3;1.5001648853814382E7
42;179;2;1.5001648853814382E7
43;182;3;1.5001648853814382E7
44;185;3;1.5001648853814382E7
45;189;4;1.5001648853814382E7
46;189;0;1.5001648853814382E7
47;193;4;1.5001648853814382E7
48;196;3;1.5001648853814382E7
49;198;2;1.5001648853814382E7
50;201;3;1.5001648853814382E7
51;204;3;1.4001546343724057E7
52;208;4;1.4001546343724057E7
53;212;4;1.4001546343724057E7
54;218;6;1.4001546343724057E7
55;221;3;1.4001546343724057E7
56;226;5;1.4001546343724057E7
57;228;2;1.4001546343724057E7
58;232;4;1.4001546343724057E7
59;234;2;1.4001546343724057E7
60;238;4;1.4001546343724057E7
61;241;3;1.4001546343724057E7
62;242;1;1.4001546343724057E7
63;244;2;1.4001546343724057E7
64;247;3;1.4001546343724057E7
65;250;3;1.4001546343724057E7
66;254;4;1.4001546343724057E7
67;256;2;1.4001546343724057E7
68;260;4;1.4001546343724057E7
69;261;1;1.4001546343724057E7
70;267;6;1.4001546343724057E7
71;271;4;1.4001546343724057E7
72;276;5;1.4001546343724057E7
73;281;5;1.4001546343724057E7
74;286;5;1.4001546343724057E7
75;290;4;1.4001546343724057E7
76;292;2;1.4001546343724057E7
77;299;7;1.4001546343724057E7
78;301;2;1.4001546343724057E7
79;307;6;1.4001546343724057E7
80;309;2;1.4001546343724057E7
81;312;3;1.4001546343724057E7
82;316;4;1.4001546343724057E7
83;318;2;1.4001546343724057E7
84;319;1;1.4001546343724057E7
85;322;3;1.4001546343724057E7
86;325;3;1.4001546343724057E7
87;328;3;1.4001546343724057E7
88;329;1;1.4001546343724057E7
89;331;2;1.4001546343724057E7
90;335;4;1.4001546343724057E7
91;338;3;1.4001546343724057E7
92;341;3;1.4001546343724057E7
93;344;3;1.4001546343724057E7
94;346;2;1.4001546343724057E7
95;346;0;1.4001546343724057E7
96;351;5;1.4001546343724057E7
97;354;3;1.4001546343724057E7
98;356;2;1.4001546343724057E7
99;359;3;1.4001546343724057E7
100;365;6;1.4001546343724057E7
101;372;7;1.4001546343724057E7
102;374;2;1.4001546343724057E7
103;377;3;1.4001546343724057E7
104;379;2;1.4001546343724057E7
105;382;3;1.4001546343724057E7
106;385;3;1.4001546343724057E7
107;388;3;1.4001546343724057E7
108;392;4;1.4001546343724057E7
109;395;3;1.4001546343724057E7
110;398;3;1.4001546343724057E7
111;400;2;1.4001546343724057E7
112;403;3;1.4001546343724057E7
113;408;5;1.4001546343724057E7
114;413;5;1.4001546343724057E7
115;414;1;1.4001546343724057E7
116;419;5;1.4001546343724057E7
117;422;3;1.4001546343724057E7
118;423;1;1.4001546343724057E7
119;426;3;1.4001546343724057E7
120;431;5;1.4001546343724057E7
121;435;4;1.4001546343724057E7
122;441;6;1.4001546343724057E7
123;445;4;1.4001546343724057E7
124;446;1;1.4001546343724057E7
125;450;4;1.4001546343724057E7
126;455;5;1.4001546343724057E7
127;456;1;1.4001546343724057E7
128;457;1;1.4001546343724057E7
129;462;5;1.4001546343724057E7
130;466;4;1.4001546343724057E7
131;472;6;1.4001546343724057E7
132;476;4;1.4001546343724057E7
133;477;1;1.4001546343724057E7
134;479;2;1.4001546343724057E7
135;484;5;1.4001546343724057E7
136;485;1;1.4001546343724057E7
137;487;2;1.4001546343724057E7
138;490;3;1.4001546343724057E7
139;492;2;1.4001546343724057E7
140;497;5;1.4001546343724057E7
141;501;4;1.4001546343724057E7
142;504;3;1.4001546343724057E7
143;508;4;1.4001546343724057E7
144;513;5;1.4001546343724057E7
145;519;6;1.4001546343724057E7
146;525;6;1.4001546343724057E7
147;531;6;1.4001546343724057E7
148;536;5;1.4001546343724057E7
149;541;5;1.4001546343724057E7
150;544;3;1.4001546343724057E7
151;547;3;1.4001546343724057E7
152;551;4;1.4001546343724057E7
153;554;3;1.4001546343724057E7
154;558;4;1.4001546343724057E7
155;561;3;1.4001546343724057E7
156;565;4;1.4001546343724057E7
157;566;1;1.4001546343724057E7
158;569;3;1.4001546343724057E7
159;575;6;1.4001546343724057E7
160;578;3;1.4001546343724057E7
161;583;5;1.4001546343724057E7
162;585;2;1.4001546343724057E7
163;590;5;1.4001546343724057E7
164;601;11;1.4001546343724057E7
165;606;5;1.4001546343724057E7
166;612;6;1.4001546343724057E7
167;619;7;1.4001546343724057E7
168;623;4;1.4001546343724057E7
169;626;3;1.4001546343724057E7
170;633;7;1.4001546343724057E7
171;637;4;1.4001546343724057E7
172;647;10;1.4001546343724057E7
173;664;17;1.4001546343724057E7
174;665;1;1.4001546343724057E7
175;674;9;1.4001546343724057E7
176;675;1;1.4001546343724057E7
177;678;3;1.4001546343724057E7
178;681;3;1.4001546343724057E7
179;686;5;1.4001546343724057E7
180;692;6;1.4001546343724057E7
181;698;6;1.4001546343724057E7
182;706;8;1.4001546343724057E7
183;708;2;1.4001546343724057E7
184;713;5;1.4001546343724057E7
185;719;6;1.4001546343724057E7
186;722;3;1.4001546343724057E7
187;724;2;1.4001546343724057E7
188;734;10;1.4001546343724057E7
189;741;7;1.4001546343724057E7
190;748;7;1.400141977863989E7
191;754;6;1.400141977863989E7
192;759;5;1.400141977863989E7
193;760;1;1.400141977863989E7
194;769;9;1.400141977863989E7
195;772;3;1.400141977863989E7
196;773;1;1.400141977863989E7
197;778;5;1.400141977863989E7
198;785;7;1.400141977863989E7
199;791;6;1.400141977863989E7
200;800;9;1.400141977863989E7
201;801;1;1.400141977863989E7
202;808;7;1.400141977863989E7
203;826;18;1.400141977863989E7
204;827;1;1.400141977863989E7
205;832;5;1.400141977863989E7
206;833;1;1.400141977863989E7
207;838;5;1.400141977863989E7
208;844;6;1.400141977863989E7
209;846;2;1.400141977863989E7
210;853;7;1.400141977863989E7
211;859;6;1.400141977863989E7
212;860;1;1.400141977863989E7
213;867;7;1.400141977863989E7
214;877;10;1.400141977863989E7
215;888;11;1.400141977863989E7
216;894;6;1.400141977863989E7
217;895;1;1.400141977863989E7
218;901;6;1.400141977863989E7
219;903;2;1.400141977863989E7
220;907;4;1.400141977863989E7
221;908;1;1.400141977863989E7
222;910;2;1.400141977863989E7
223;914;4;1.400141977863989E7
224;917;3;1.400141977863989E7
225;921;4;1.400141977863989E7
226;923;2;1.400141977863989E7
227;924;1;1.400141977863989E7
228;929;5;1.400141977863989E7
229;933;4;1.400141977863989E7
230;938;5;1.400141977863989E7
231;947;9;1.400141977863989E7
232;951;4;1.400141977863989E7
233;952;1;1.400141977863989E7
234;955;3;1.400141977863989E7
235;959;4;1.400141977863989E7
236;963;4;1.400141977863989E7
237;967;4;1.400141977863989E7
238;972;5;1.400141977863989E7
239;974;2;1.400141977863989E7
240;978;4;1.400141977863989E7
241;983;5;1.400141977863989E7
242;986;3;1.400141977863989E7
243;988;2;1.400141977863989E7
244;991;3;1.400141977863989E7
245;994;3;1.400141977863989E7
246;997;3;1.400141977863989E7
247;1001;4;1.400141977863989E7
248;1006;5;1.400141977863989E7
249;1008;2;1.400141977863989E7
250;1009;1;1.400141977863989E7
251;1010;1;1.400141977863989E7
252;1012;2;1.400141977863989E7
253;1017;5;1.400141977863989E7
254;1020;3;1.400141977863989E7
255;1020;0;1.400141977863989E7
256;1021;1;1.400141977863989E7
257;1024;3;1.400141977863989E7
258;1027;3;1.400141977863989E7
259;1030;3;1.400141977863989E7
260;1033;3;1.400141977863989E7
261;1033;0;1.400141977863989E7
262;1034;1;1.400141977863989E7
263;1037;3;1.400141977863989E7
264;1039;2;1.400141977863989E7
265;1041;2;1.400141977863989E7
266;1045;4;1.400141977863989E7
267;1048;3;1.400141977863989E7
268;1050;2;1.400141977863989E7
269;1053;3;1.400141977863989E7
270;1054;1;1.400141977863989E7
271;1057;3;1.400141977863989E7
272;1061;4;1.400141977863989E7
273;1064;3;1.400141977863989E7
274;1067;3;1.400141977863989E7
275;1070;3;1.400141977863989E7
276;1071;1;1.400141977863989E7
277;1072;1;1.400141977863989E7
278;1075;3;1.400141977863989E7
279;1082;7;1.400141977863989E7
280;1087;5;1.400141977863989E7
281;1090;3;1.400141977863989E7
282;1096;6;1.400141977863989E7
283;1097;1;1.400141977863989E7
284;1102;5;1.400141977863989E7
285;1103;1;1.400141977863989E7
286;1109;6;1.400141977863989E7
287;1111;2;1.400141977863989E7
288;1112;1;1.400141977863989E7
289;1114;2;1.400141977863989E7
290;1117;3;1.400141977863989E7
291;1119;2;1.400141977863989E7
292;1122;3;1.400141977863989E7
293;1127;5;1.400141977863989E7
294;1134;7;1.400141977863989E7
295;1136;2;1.400141977863989E7
296;1139;3;1.400141977863989E7
297;1142;3;1.400141977863989E7
298;1145;3;1.400141977863989E7
299;1149;4;1.400141977863989E7
300;1153;4;1.400141977863989E7
301;1158;5;1.400141977863989E7
302;1159;1;1.400141977863989E7
303;1160;1;1.400141977863989E7
304;1164;4;1.400141977863989E7
305;1167;3;1.400141977863989E7
306;1169;2;1.400141977863989E7
307;1173;4;1.400141977863989E7
308;1176;3;1.400141977863989E7
309;1179;3;1.400141977863989E7
310;1181;2;1.400141977863989E7
311;1183;2;1.400141977863989E7
312;1185;2;1.400141977863989E7
313;1189;4;1.400141977863989E7
314;1194;5;1.400141977863989E7
315;1197;3;1.400141977863989E7
316;1199;2;1.400141977863989E7
317;1202;3;1.400141977863989E7
318;1204;2;1.400141977863989E7
319;1211;7;1.400141977863989E7
320;1213;2;1.400141977863989E7
321;1216;3;1.400141977863989E7
322;1219;3;1.400141977863989E7
323;1221;2;1.400141977863989E7
324;1226;5;1.400141977863989E7
325;1230;4;1.400141977863989E7
326;1233;3;1.400141977863989E7
327;1236;3;1.400141977863989E7
328;1239;3;1.400141977863989E7
329;1241;2;1.400141977863989E7
330;1244;3;1.400141977863989E7
331;1245;1;1.400141977863989E7
332;1248;3;1.400141977863989E7
333;1250;2;1.400141977863989E7
334;1251;1;1.400141977863989E7
335;1254;3;1.400141977863989E7
336;1258;4;1.400141977863989E7
337;1259;1;1.400141977863989E7
338;1260;1;1.400141977863989E7
339;1263;3;1.400141977863989E7
340;1267;4;1.400141977863989E7
341;1270;3;1.400141977863989E7
342;1271;1;1.400141977863989E7
343;1274;3;1.400141977863989E7
344;1278;4;1.400141977863989E7
345;1279;1;1.400141977863989E7
346;1281;2;1.400141977863989E7
347;1282;1;1.400141977863989E7
348;1284;2;1.400141977863989E7
349;1287;3;1.400141977863989E7
350;1288;1;1.400141977863989E7
351;1291;3;1.400141977863989E7
352;1293;2;1.400141977863989E7
353;1295;2;1.400141977863989E7
354;1297;2;1.400141977863989E7
355;1299;2;1.400141977863989E7
356;1300;1;1.400141977863989E7
357;1301;1;1.400141977863989E7
358;1303;2;1.400141977863989E7
359;1306;3;1.400141977863989E7
360;1309;3;1.400141977863989E7
361;1311;2;1.400141977863989E7
362;1315;4;1.400141977863989E7
363;1320;5;1.400141977863989E7
364;1324;4;1.400141977863989E7
365;1326;2;1.400141977863989E7
366;1331;5;1.400141977863989E7
367;1331;0;1.400141977863989E7
368;1334;3;1.400141977863989E7
369;1335;1;1.400141977863989E7
370;1336;1;1.400141977863989E7
371;1339;3;1.400141977863989E7
372;1343;4;1.400141977863989E7
373;1347;4;1.400141977863989E7
374;1349;2;1.400141977863989E7
375;1352;3;1.400141977863989E7
376;1353;1;1.400141977863989E7
377;1356;3;1.400141977863989E7
378;1360;4;1.400141977863989E7
379;1361;1;1.400141977863989E7
380;1363;2;1.400141977863989E7
381;1366;3;1.400141977863989E7
382;1369;3;1.400141977863989E7
383;1374;5;1.400141977863989E7
384;1379;5;1.400141977863989E7
385;1385;6;1.400141977863989E7
386;1388;3;1.400141977863989E7
387;1391;3;1.400141977863989E7
388;1392;1;1.400141977863989E7
389;1394;2;1.400141977863989E7
390;1396;2;1.400141977863989E7
391;1399;3;1.400141977863989E7
392;1401;2;1.400141977863989E7
393;1402;1;1.400141977863989E7
394;1405;3;1.400141977863989E7
395;1407;2;1.400141977863989E7
396;1408;1;1.400141977863989E7
397;1413;5;1.400141977863989E7
398;1416;3;1.400141977863989E7
399;1417;1;1.400141977863989E7
400;1420;3;1.400141977863989E7
401;1423;3;1.400141977863989E7
402;1425;2;1.400141977863989E7
403;1426;1;1.400141977863989E7
404;1428;2;1.400141977863989E7
405;1432;4;1.400141977863989E7
406;1434;2;1.400141977863989E7
407;1436;2;1.400141977863989E7
408;1439;3;1.400141977863989E7
409;1443;4;1.400141977863989E7
410;1445;2;1.400141977863989E7
411;1445;0;1.400141977863989E7
412;1447;2;1.400141977863989E7
413;1450;3;1.400141977863989E7
414;1452;2;1.400141977863989E7
415;1454;2;1.400141977863989E7
416;1456;2;1.400141977863989E7
417;1460;4;1.400141977863989E7
418;1462;2;1.400141977863989E7
419;1465;3;1.400141977863989E7
420;1468;3;1.400141977863989E7
421;1470;2;1.400141977863989E7
422;1471;1;1.400141977863989E7
423;1471;0;1.400141977863989E7
424;1474;3;1.400141977863989E7
425;1477;3;1.400141977863989E7
426;1478;1;1.400141977863989E7
427;1482;4;1.400141977863989E7
428;1482;0;1.400141977863989E7
429;1483;1;1.400141977863989E7
430;1485;2;1.400141977863989E7
431;1488;3;1.400141977863989E7
432;1491;3;1.400141977863989E7
433;1494;3;1.400141977863989E7
434;1499;5;1.400141977863989E7
435;1503;4;1.400141977863989E7
436;1508;5;1.400141977863989E7
437;1510;2;1.400141977863989E7
438;1514;4;1.400141977863989E7
439;1515;1;1.400141977863989E7
440;1517;2;1.400141977863989E7
441;1520;3;1.400141977863989E7
442;1522;2;1.400141977863989E7
443;1524;2;1.400141977863989E7
444;1527;3;1.400141977863989E7
445;1530;3;1.400141977863989E7
446;1532;2;1.400141977863989E7
447;1535;3;1.400141977863989E7
448;1538;3;1.400141977863989E7
449;1540;2;1.400141977863989E7
450;1542;2;1.400141977863989E7
451;1542;0;1.400141977863989E7
452;1544;2;1.400141977863989E7
453;1546;2;1.400141977863989E7
454;1550;4;1.400141977863989E7
455;1552;2;1.400141977863989E7
456;1556;4;1.400141977863989E7
457;1559;3;1.400141977863989E7
458;1560;1;1.400141977863989E7
459;1560;0;1.400141977863989E7
460;1562;2;1.400141977863989E7
461;1562;0;1.400141977863989E7
462;1565;3;1.400141977863989E7
463;1568;3;1.400141977863989E7
464;1570;2;1.400141977863989E7
465;1573;3;1.400141977863989E7
466;1576;3;1.400141977863989E7
467;1579;3;1.400141977863989E7
468;1582;3;1.400141977863989E7
469;1584;2;1.400141977863989E7
470;1586;2;1.400141977863989E7
471;1588;2;1.400141977863989E7
472;1590;2;1.400141977863989E7
473;1594;4;1.400141977863989E7
474;1594;0;1.400141977863989E7
475;1595;1;1.400141977863989E7
476;1597;2;1.400141977863989E7
477;1600;3;1.400141977863989E7
478;1606;6;1.400141977863989E7
479;1608;2;1.400141977863989E7
480;1612;4;1.400141977863989E7
481;1615;3;1.400141977863989E7
482;1621;6;1.400141977863989E7
483;1624;3;1.400141977863989E7
484;1625;1;1.400141977863989E7
485;1628;3;1.400141977863989E7
486;1631;3;1.400141977863989E7
487;1632;1;1.400141977863989E7
488;1633;1;1.400141977863989E7
489;1635;2;1.400141977863989E7
490;1639;4;1.400141977863989E7
491;1641;2;1.400141977863989E7
492;1645;4;1.400141977863989E7
493;1648;3;1.400141977863989E7
494;1650;2;1.400141977863989E7
495;1652;2;1.400141977863989E7
496;1655;3;1.400141977863989E7
497;1657;2;1.400141977863989E7
498;1659;2;1.400141977863989E7
499;1663;4;1.400141977863989E7
500;1665;2;1.400141977863989E7
501;1667;2;1.400141977863989E7
502;1668;1;1.400141977863989E7
503;1669;1;1.400141977863989E7
504;1671;2;1.400141977863989E7
505;1674;3;1.400141977863989E7
506;1676;2;1.400141977863989E7
507;1680;4;1.400141977863989E7
508;1681;1;1.400141977863989E7
509;1684;3;1.400141977863989E7
510;1687;3;1.400141977863989E7
511;1690;3;1.400141977863989E7
512;1693;3;1.400141977863989E7
513;1696;3;1.400141977863989E7
514;1697;1;1.400141977863989E7
515;1700;3;1.400141977863989E7
516;1704;4;1.400141977863989E7
517;1705;1;1.400141977863989E7
518;1708;3;1.400141977863989E7
519;1710;2;1.400141977863989E7
520;1713;3;1.400141977863989E7
521;1716;3;1.400141977863989E7
522;1716;0;1.400141977863989E7
523;1720;4;1.400141977863989E7
524;1721;1;1.400141977863989E7
525;1723;2;1.400141977863989E7
526;1725;2;1.400141977863989E7
527;1728;3;1.400141977863989E7
528;1731;3;1.400141977863989E7
529;1732;1;1.400141977863989E7
530;1735;3;1.400141977863989E7
531;1736;1;1.400141977863989E7
532;1738;2;1.400141977863989E7
533;1741;3;1.400141977863989E7
534;1742;1;1.400141977863989E7
535;1742;0;1.400141977863989E7
536;1746;4;1.400141977863989E7
537;1749;3;1.400141977863989E7
538;1751;2;1.400141977863989E7
539;1754;3;1.400141977863989E7
540;1755;1;1.400141977863989E7
541;1758;3;1.400141977863989E7
542;1760;2;1.400141977863989E7
543;1763;3;1.400141977863989E7
544;1765;2;1.400141977863989E7
545;1767;2;1.400141977863989E7
546;1772;5;1.400141977863989E7
547;1773;1;1.400141977863989E7
548;1777;4;1.400141977863989E7
549;1778;1;1.400141977863989E7
550;1781;3;1.400141977863989E7
551;1785;4;1.400141977863989E7
552;1788;3;1.400141977863989E7
553;1793;5;1.400141977863989E7
554;1795;2;1.400141977863989E7
555;1798;3;1.400141977863989E7
556;1798;0;1.400141977863989E7
557;1801;3;1.400141977863989E7
558;1801;0;1.400141977863989E7
559;1803;2;1.400141977863989E7
560;1806;3;1.400141977863989E7
561;1808;2;1.400141977863989E7
562;1811;3;1.400141977863989E7
563;1815;4;1.400141977863989E7
564;1818;3;1.400141977863989E7
565;1821;3;1.400141977863989E7
566;1825;4;1.400141977863989E7
567;1830;5;1.400141977863989E7
568;1833;3;1.400141977863989E7
569;1834;1;1.400141977863989E7
570;1835;1;1.400141977863989E7
571;1838;3;1.400141977863989E7
572;1839;1;1.400141977863989E7
573;1840;1;1.400141977863989E7
574;1844;4;1.400141977863989E7
575;1846;2;1.400141977863989E7
576;1847;1;1.400141977863989E7
577;1851;4;1.400141977863989E7
578;1854;3;1.400141977863989E7
579;1855;1;1.400141977863989E7
580;1859;4;1.400141977863989E7
581;1862;3;1.400141977863989E7
582;1865;3;1.400141977863989E7
583;1867;2;1.400141977863989E7
584;1868;1;1.400141977863989E7
585;1869;1;1.400141977863989E7
586;1873;4;1.400141977863989E7
587;1874;1;1.400141977863989E7
588;1876;2;1.400141977863989E7
589;1879;3;1.400141977863989E7
590;1890;11;1.400141977863989E7
591;1894;4;1.400141977863989E7
592;1897;3;1.400141977863989E7
593;1900;3;1.400141977863989E7
594;1902;2;1.400141977863989E7
595;1904;2;1.400141977863989E7
596;1905;1;1.400141977863989E7
597;1908;3;1.400141977863989E7
598;1911;3;1.400141977863989E7
599;1911;0;1.400141977863989E7
600;1913;2;1.400141977863989E7
601;1916;3;1.400141977863989E7
602;1918;2;1.400141977863989E7
603;1918;0;1.400141977863989E7
604;1920;2;1.400141977863989E7
605;1923;3;1.400141977863989E7
606;1929;6;1.400141977863989E7
607;1932;3;1.400141977863989E7
608;1932;0;1.400141977863989E7
609;1935;3;1.400141977863989E7
610;1936;1;1.400141977863989E7
611;1937;1;1.400141977863989E7
612;1941;4;1.400141977863989E7
613;1944;3;1.400141977863989E7
614;1949;5;1.400141977863989E7
615;1952;3;1.400141977863989E7
616;1952;0;1.400141977863989E7
617;1954;2;1.400141977863989E7
618;1957;3;1.400141977863989E7
619;1961;4;1.400141977863989E7
620;1961;0;1.400141977863989E7
621;1964;3;1.400141977863989E7
622;1966;2;1.400141977863989E7
623;1968;2;1.400141977863989E7
624;1972;4;1.400141977863989E7
625;1975;3;1.400141977863989E7
626;1979;4;1.400141977863989E7
627;1981;2;1.400141977863989E7
628;1984;3;1.400141977863989E7
629;1987;3;1.400141977863989E7
630;1988;1;1.400141977863989E7
631;1991;3;1.400141977863989E7
632;1994;3;1.400141977863989E7
633;1997;3;1.400141977863989E7
634;1998;1;1.400141977863989E7
635;2000;2;1.400141977863989E7
636;2001;1;1.400141977863989E7
637;2003;2;1.400141977863989E7
638;2006;3;1.400141977863989E7
639;2008;2;1.400141977863989E7
640;2009;1;1.400141977863989E7
641;2012;3;1.400141977863989E7
642;2016;4;1.400141977863989E7
643;2018;2;1.4001399437512375E7
644;2020;2;1.4001399437512375E7
645;2021;1;1.4001399437512375E7
646;2022;1;1.4001399437512375E7
647;2024;2;1.4001399437512375E7
648;2027;3;1.4001399437512375E7
649;2029;2;1.4001399437512375E7
650;2030;1;1.4001399437512375E7
651;2032;2;1.4001399437512375E7
652;2033;1;1.4001399437512375E7
653;2034;1;1.4001399437512375E7
654;2036;2;1.4001399437512375E7
655;2037;1;1.4001399437512375E7
656;2040;3;1.4001399437512375E7
657;2040;0;1.4001399437512375E7
658;2042;2;1.4001399437512375E7
659;2042;0;1.4001399437512375E7
660;2045;3;1.4001399437512375E7
661;2047;2;1.4001399437512375E7
662;2048;1;1.4001399437512375E7
663;2049;1;1.4001399437512375E7
664;2050;1;1.4001399437512375E7
665;2053;3;1.4001399437512375E7
666;2054;1;1.4001399437512375E7
667;2057;3;1.4001399437512375E7
668;2058;1;1.4001399437512375E7
669;2060;2;1.4001399437512375E7
670;2063;3;1.4001399437512375E7
671;2066;3;1.4001399437512375E7
672;2068;2;1.4001399437512375E7
673;2072;4;1.4001399437512375E7
674;2076;4;1.4001399437512375E7
675;2079;3;1.4001399437512375E7
676;2082;3;1.4001399437512375E7
677;2084;2;1.4001399437512375E7
678;2086;2;1.4001399437512375E7
679;2088;2;1.4001399437512375E7
680;2090;2;1.4001399437512375E7
681;2094;4;1.4001399437512375E7
682;2097;3;1.4001399437512375E7
683;2099;2;1.4001399437512375E7
684;2102;3;1.4001399437512375E7
685;2104;2;1.4001399437512375E7
686;2104;0;1.4001399437512375E7
687;2108;4;1.4001399437512375E7
688;2110;2;1.4001399437512375E7
689;2111;1;1.4001399437512375E7
690;2114;3;1.4001399437512375E7
691;2115;1;1.4001399437512375E7
692;2118;3;1.4001399437512375E7
693;2118;0;1.4001399437512375E7
694;2120;2;1.4001399437512375E7
695;2124;4;1.4001399437512375E7
696;2124;0;1.4001399437512375E7
697;2125;1;1.4001399437512375E7
698;2127;2;1.4001399437512375E7
699;2128;1;1.4001399437512375E7
700;2130;2;1.4001399437512375E7
701;2132;2;1.4001399437512375E7
702;2136;4;1.4001399437512375E7
703;2138;2;1.4001399437512375E7
704;2142;4;1.4001399437512375E7
705;2144;2;1.4001399437512375E7
706;2147;3;1.4001399437512375E7
707;2149;2;1.4001399437512375E7
708;2152;3;1.4001399437512375E7
709;2154;2;1.4001399437512375E7
710;2157;3;1.4001399437512375E7
711;2159;2;1.4001399437512375E7
712;2161;2;1.4001399437512375E7
713;2165;4;1.4001399437512375E7
714;2168;3;1.4001399437512375E7
715;2172;4;1.4001399437512375E7
716;2173;1;1.4001399437512375E7
717;2173;0;1.4001399437512375E7
718;2175;2;1.4001399437512375E7
719;2177;2;1.4001399437512375E7
720;2181;4;1.4001399437512375E7
721;2184;3;1.4001399437512375E7
722;2186;2;1.4001399437512375E7
723;2189;3;1.4001399437512375E7
724;2191;2;1.4001399437512375E7
725;2193;2;1.4001399437512375E7
726;2195;2;1.4001399437512375E7
727;2199;4;1.4001399437512375E7
728;2204;5;1.4001399437512375E7
729;2207;3;1.4001399437512375E7
730;2208;1;1.4001399437512375E7
731;2211;3;1.4001399437512375E7
732;2213;2;1.4001399437512375E7
733;2215;2;1.4001399437512375E7
734;2217;2;1.4001399437512375E7
735;2221;4;1.4001399437512375E7
736;2223;2;1.4001399437512375E7
737;2227;4;1.4001399437512375E7
738;2229;2;1.4001399437512375E7
739;2234;5;1.4001399437512375E7
740;2237;3;1.4001399437512375E7
741;2239;2;1.4001399437512375E7
742;2242;3;1.4001399437512375E7
743;2246;4;1.4001399437512375E7
744;2249;3;1.4001399437512375E7
745;2250;1;1.4001399437512375E7
746;2253;3;1.4001399437512375E7
747;2254;1;1.4001399437512375E7
748;2258;4;1.4001399437512375E7
749;2262;4;1.4001399437512375E7
750;2265;3;1.4001399437512375E7
751;2268;3;1.4001399437512375E7
752;2271;3;1.4001399437512375E7
753;2275;4;1.4001399437512375E7
754;2279;4;1.4001399437512375E7
755;2284;5;1.4001399437512375E7
756;2289;5;1.4001399437512375E7
757;2293;4;1.4001399437512375E7
758;2295;2;1.4001399437512375E7
759;2296;1;1.4001399437512375E7
760;2299;3;1.4001399437512375E7
761;2302;3;1.4001399437512375E7
762;2305;3;1.4001399437512375E7
763;2308;3;1.4001399437512375E7
764;2309;1;1.4001399437512375E7
765;2312;3;1.4001399437512375E7
766;2313;1;1.4001399437512375E7
767;2317;4;1.4001399437512375E7
768;2320;3;1.4001399437512375E7
769;2320;0;1.4001399437512375E7
770;2322;2;1.4001399437512375E7
771;2324;2;1.4001399437512375E7
772;2327;3;1.4001399437512375E7
773;2328;1;1.4001399437512375E7
774;2330;2;1.4001399437512375E7
775;2332;2;1.4001399437512375E7
776;2333;1;1.4001399437512375E7
777;2335;2;1.4001399437512375E7
778;2337;2;1.4001399437512375E7
779;2338;1;1.4001399437512375E7
780;2341;3;1.4001399437512375E7
781;2344;3;1.4001399437512375E7
782;2348;4;1.4001399437512375E7
783;2349;1;1.4001399437512375E7
784;2352;3;1.4001399437512375E7
785;2355;3;1.4001399437512375E7
786;2355;0;1.4001399437512375E7
787;2358;3;1.4001399437512375E7
788;2362;4;1.4001399437512375E7
789;2363;1;1.4001399437512375E7
790;2365;2;1.4001399437512375E7
791;2366;1;1.4001399437512375E7
792;2367;1;1.4001399437512375E7
793;2368;1;1.4001399437512375E7
794;2371;3;1.4001399437512375E7
795;2374;3;1.4001399437512375E7
796;2376;2;1.4001399437512375E7
797;2379;3;1.4001399437512375E7
798;2384;5;1.4001399437512375E7
799;2388;4;1.4001399437512375E7
800;2391;3;1.4001399437512375E7
801;2394;3;1.4001399437512375E7
802;2395;1;1.4001399437512375E7
803;2399;4;1.4001399437512375E7
804;2402;3;1.4001399437512375E7
805;2403;1;1.4001399437512375E7
806;2404;1;1.4001399437512375E7
807;2407;3;1.4001399437512375E7
808;2411;4;1.4001399437512375E7
809;2412;1;1.4001399437512375E7
810;2413;1;1.4001399437512375E7
811;2415;2;1.4001399437512375E7
812;2416;1;1.4001399437512375E7
813;2418;2;1.4001399437512375E7
814;2419;1;1.4001399437512375E7
815;2421;2;1.4001399437512375E7
816;2423;2;1.4001399437512375E7
817;2425;2;1.4001399437512375E7
818;2427;2;1.4001399437512375E7
819;2430;3;1.4001399437512375E7
820;2433;3;1.4001399437512375E7
821;2438;5;1.4001399437512375E7
822;2441;3;1.4001399437512375E7
823;2443;2;1.4001399437512375E7
824;2445;2;1.4001399437512375E7
825;2447;2;1.4001399437512375E7
826;2448;1;1.4001399437512375E7
827;2451;3;1.4001399437512375E7
828;2454;3;1.4001399437512375E7
829;2456;2;1.4001399437512375E7
830;2459;3;1.4001399437512375E7
831;2461;2;1.4001399437512375E7
832;2465;4;1.4001399437512375E7
833;2469;4;1.4001399437512375E7
834;2472;3;1.4001399437512375E7
835;2473;1;1.4001399437512375E7
836;2475;2;1.4001399437512375E7
837;2478;3;1.4001399437512375E7
838;2481;3;1.4001399437512375E7
839;2481;0;1.4001399437512375E7
840;2482;1;1.4001399437512375E7
841;2485;3;1.4001399437512375E7
842;2487;2;1.4001399437512375E7
843;2490;3;1.4001399437512375E7
844;2491;1;1.4001399437512375E7
845;2492;1;1.4001399437512375E7
846;2492;0;1.4001399437512375E7
847;2494;2;1.4001399437512375E7
848;2497;3;1.4001399437512375E7
849;2497;0;1.4001399437512375E7
850;2499;2;1.4001399437512375E7
851;2501;2;1.4001399437512375E7
852;2503;2;1.4001399437512375E7
853;2506;3;1.4001399437512375E7
854;2508;2;1.4001399437512375E7
855;2511;3;1.4001399437512375E7
856;2514;3;1.4001399437512375E7
857;2516;2;1.4001399437512375E7
858;2519;3;1.4001399437512375E7
859;2521;2;1.4001399437512375E7
860;2524;3;1.4001399437512375E7
861;2525;1;1.4001399437512375E7
862;2527;2;1.4001399437512375E7
863;2528;1;1.4001399437512375E7
864;2530;2;1.4001399437512375E7
865;2533;3;1.4001399437512375E7
866;2534;1;1.4001399437512375E7
867;2535;1;1.4001399437512375E7
868;2537;2;1.4001399437512375E7
869;2540;3;1.4001399437512375E7
870;2543;3;1.4001399437512375E7
871;2545;2;1.4001399437512375E7
872;2546;1;1.4001399437512375E7
873;2548;2;1.4001399437512375E7
874;2551;3;1.4001399437512375E7
875;2552;1;1.4001399437512375E7
876;2554;2;1.4001399437512375E7
877;2557;3;1.4001399437512375E7
878;2559;2;1.4001399437512375E7
879;2560;1;1.4001399437512375E7
880;2563;3;1.4001399437512375E7
881;2566;3;1.4001399437512375E7
882;2567;1;1.4001399437512375E7
883;2570;3;1.4001399437512375E7
884;2572;2;1.4001399437512375E7
885;2573;1;1.4001399437512375E7
886;2577;4;1.4001399437512375E7
887;2580;3;1.4001399437512375E7
888;2583;3;1.4001399437512375E7
889;2586;3;1.4001399437512375E7
890;2586;0;1.4001399437512375E7
891;2589;3;1.4001399437512375E7
892;2589;0;1.4001399437512375E7
893;2592;3;1.4001399437512375E7
894;2593;1;1.4001399437512375E7
895;2593;0;1.4001399437512375E7
896;2594;1;1.4001399437512375E7
897;2597;3;1.4001399437512375E7
898;2597;0;1.4001399437512375E7
899;2599;2;1.4001399437512375E7
900;2599;0;1.4001399437512375E7
901;2600;1;1.4001399437512375E7
902;2603;3;1.4001399437512375E7
903;2606;3;1.4001399437512375E7
904;2608;2;1.4001399437512375E7
905;2610;2;1.4001399437512375E7
906;2612;2;1.4001399437512375E7
907;2613;1;1.4001399437512375E7
908;2616;3;1.4001399437512375E7
909;2618;2;1.4001399437512375E7
910;2618;0;1.4001399437512375E7
911;2621;3;1.4001399437512375E7
912;2622;1;1.4001399437512375E7
913;2625;3;1.4001399437512375E7
914;2628;3;1.4001399437512375E7
915;2630;2;1.4001399437512375E7
916;2633;3;1.4001399437512375E7
917;2636;3;1.4001399437512375E7
918;2637;1;1.4001399437512375E7
919;2638;1;1.4001399437512375E7
920;2641;3;1.4001399437512375E7
921;2643;2;1.4001399437512375E7
922;2647;4;1.4001399437512375E7
923;2649;2;1.4001399437512375E7
924;2650;1;1.4001399437512375E7
925;2653;3;1.4001399437512375E7
926;2653;0;1.4001399437512375E7
927;2655;2;1.4001399437512375E7
928;2657;2;1.4001399437512375E7
929;2660;3;1.4001399437512375E7
930;2664;4;1.4001399437512375E7
931;2667;3;1.4001399437512375E7
932;2672;5;1.4001399437512375E7
933;2674;2;1.4001399437512375E7
934;2676;2;1.4001399437512375E7
935;2679;3;1.4001399437512375E7
936;2681;2;1.4001399437512375E7
937;2683;2;1.4001399437512375E7
938;2684;1;1.4001399437512375E7
939;2686;2;1.4001399437512375E7
940;2688;2;1.4001399437512375E7
941;2689;1;1.4001399437512375E7
942;2691;2;1.4001399437512375E7
943;2693;2;1.4001399437512375E7
944;2694;1;1.4001399437512375E7
945;2696;2;1.4001399437512375E7
946;2699;3;1.4001399437512375E7
947;2703;4;1.4001399437512375E7
948;2706;3;1.4001399437512375E7
949;2708;2;1.4001399437512375E7
950;2709;1;1.4001399437512375E7
951;2712;3;1.4001399437512375E7
952;2715;3;1.4001399437512375E7
953;2717;2;1.4001399437512375E7
954;2718;1;1.4001399437512375E7
955;2723;5;1.4001399437512375E7
956;2728;5;1.4001399437512375E7
957;2734;6;1.4001399437512375E7
958;2737;3;1.4001399437512375E7
959;2739;2;1.4001399437512375E7
960;2742;3;1.4001399437512375E7
961;2745;3;1.4001399437512375E7
962;2749;4;1.4001399437512375E7
963;2753;4;1.4001399437512375E7
964;2755;2;1.4001399437512375E7
965;2760;5;1.4001399437512375E7
966;2763;3;1.4001399437512375E7
967;2764;1;1.4001399437512375E7
968;2765;1;1.4001399437512375E7
969;2768;3;1.4001399437512375E7
970;2774;6;1.4001399437512375E7
971;2775;1;1.4001399437512375E7
972;2776;1;1.4001399437512375E7
973;2782;6;1.4001399437512375E7
974;2783;1;1.4001399437512375E7
975;2790;7;1.4001399437512375E7
976;2790;0;1.4001399437512375E7
977;2796;6;1.4001399437512375E7
978;2799;3;1.4001399437512375E7
979;2804;5;1.4001399437512375E7
980;2808;4;1.4001399437512375E7
981;2812;4;1.4001399437512375E7
982;2816;4;1.4001399437512375E7
983;2820;4;1.4001399437512375E7
984;2822;2;1.4001399437512375E7
985;2825;3;1.4001399437512375E7
986;2829;4;1.4001399437512375E7
987;2831;2;1.4001399437512375E7
988;2833;2;1.4001399437512375E7
989;2836;3;1.4001399437512375E7
990;2839;3;1.4001399437512375E7
991;2845;6;1.4001399437512375E7
992;2848;3;1.4001399437512375E7
993;2850;2;1.4001399437512375E7
994;2851;1;1.4001399437512375E7
995;2854;3;1.4001399437512375E7
996;2857;3;1.4001399437512375E7
997;2861;4;1.4001399437512375E7
998;2862;1;1.4001399437512375E7
999;2864;2;1.4001399437512375E7
1000;2866;2;1.4001399437512375E7
1001;2871;5;1.4001399437512375E7
1002;2873;2;1.4001399437512375E7
1003;2873;0;1.4001399437512375E7
1004;2875;2;1.4001399437512375E7
1005;2876;1;1.4001399437512375E7
1006;2879;3;1.4001399437512375E7
1007;2882;3;1.4001399437512375E7
1008;2884;2;1.4001399437512375E7
1009;2885;1;1.4001399437512375E7
1010;2887;2;1.4001399437512375E7
1011;2888;1;1.4001399437512375E7
1012;2890;2;1.4001399437512375E7
1013;2892;2;1.4001399437512375E7
1014;2894;2;1.4001399437512375E7
1015;2898;4;1.4001399437512375E7
1016;2898;0;1.4001399437512375E7
1017;2901;3;1.4001399437512375E7
1018;2903;2;1.4001399437512375E7
1019;2905;2;1.4001399437512375E7
1020;2907;2;1.4001399437512375E7
1021;2910;3;1.4001399437512375E7
1022;2912;2;1.4001399437512375E7
1023;2914;2;1.4001399437512375E7
1024;2917;3;1.4001399437512375E7
1025;2919;2;1.4001399437512375E7
1026;2921;2;1.4001399437512375E7
1027;2923;2;1.4001399437512375E7
1028;2926;3;1.4001399437512375E7
1029;2927;1;1.4001399437512375E7
1030;2928;1;1.4001399437512375E7
1031;2930;2;1.4001399437512375E7
1032;2932;2;1.4001399437512375E7
1033;2934;2;1.4001399437512375E7
1034;2936;2;1.4001399437512375E7
1035;2938;2;1.4001399437512375E7
1036;2941;3;1.4001399437512375E7
1037;2943;2;1.4001399437512375E7
1038;2946;3;1.4001399437512375E7
1039;2947;1;1.4001399437512375E7
1040;2950;3;1.4001399437512375E7
1041;2952;2;1.4001399437512375E7
1042;2954;2;1.4001399437512375E7
1043;2954;0;1.4001399437512375E7
1044;2956;2;1.4001399437512375E7
1045;2960;4;1.4001399437512375E7
1046;2960;0;1.4001399437512375E7
1047;2962;2;1.4001399437512375E7
1048;2964;2;1.4001399437512375E7
1049;2966;2;1.4001399437512375E7
1050;2971;5;1.4001399437512375E7
1051;2973;2;1.4001399437512375E7
1052;2973;0;1.4001399437512375E7
1053;2976;3;1.4001399437512375E7
1054;2979;3;1.4001399437512375E7
1055;2983;4;1.4001399437512375E7
1056;2985;2;1.4001399437512375E7
1057;2987;2;1.4001399437512375E7
1058;2988;1;1.4001399437512375E7
1059;2990;2;1.4001399437512375E7
1060;2993;3;1.4001399437512375E7
1061;2995;2;1.4001399437512375E7
1062;2998;3;1.4001399437512375E7
1063;3001;3;1.4001399437512375E7
1064;3003;2;1.4001399437512375E7
1065;3005;2;1.4001399437512375E7
1066;3007;2;1.4001399437512375E7
1067;3009;2;1.4001399437512375E7
1068;3012;3;1.4001399437512375E7
1069;3014;2;1.4001399437512375E7
1070;3018;4;1.4001399437512375E7
1071;3019;1;1.4001399437512375E7
1072;3021;2;1.4001399437512375E7
1073;3024;3;1.4001399437512375E7
1074;3026;2;1.4001399437512375E7
1075;3028;2;1.4001399437512375E7
1076;3029;1;1.4001399437512375E7
1077;3032;3;1.4001399437512375E7
1078;3035;3;1.4001399437512375E7
1079;3035;0;1.4001399437512375E7
1080;3038;3;1.4001399437512375E7
1081;3039;1;1.4001399437512375E7
1082;3042;3;1.4001399437512375E7
1083;3042;0;1.4001399437512375E7
1084;3045;3;1.4001399437512375E7
1085;3048;3;1.4001399437512375E7
1086;3050;2;1.4001399437512375E7
1087;3052;2;1.4001399437512375E7
1088;3054;2;1.4001399437512375E7
1089;3056;2;1.4001399437512375E7
1090;3057;1;1.4001399437512375E7
1091;3060;3;1.4001399437512375E7
1092;3062;2;1.4001399437512375E7
1093;3065;3;1.4001399437512375E7
1094;3070;5;1.4001399437512375E7
1095;3073;3;1.4001399437512375E7
1096;3076;3;1.4001399437512375E7
1097;3078;2;1.4001399437512375E7
1098;3081;3;1.4001399437512375E7
1099;3083;2;1.4001399437512375E7
1100;3086;3;1.4001399437512375E7
1101;3089;3;1.4001399437512375E7
1102;3092;3;1.4001399437512375E7
1103;3094;2;1.4001399437512375E7
1104;3094;0;1.4001399437512375E7
1105;3098;4;1.4001399437512375E7
1106;3100;2;1.4001399437512375E7
1107;3103;3;1.4001399437512375E7
1108;3104;1;1.4001399437512375E7
1109;3107;3;1.4001399437512375E7
1110;3110;3;1.4001399437512375E7
1111;3110;0;1.4001399437512375E7
1112;3111;1;1.4001399437512375E7
1113;3113;2;1.4001399437512375E7
1114;3116;3;1.4001399437512375E7
1115;3117;1;1.4001399437512375E7
1116;3120;3;1.4001399437512375E7
1117;3123;3;1.4001399437512375E7
1118;3124;1;1.4001399437512375E7
1119;3125;1;1.4001399437512375E7
1120;3128;3;1.4001399437512375E7
1121;3131;3;1.4001399437512375E7
1122;3133;2;1.4001399437512375E7
1123;3133;0;1.4001399437512375E7
1124;3136;3;1.4001399437512375E7
1125;3136;0;1.4001399437512375E7
1126;3138;2;1.4001399437512375E7
1127;3141;3;1.4001399437512375E7
1128;3143;2;1.4001399437512375E7
1129;3144;1;1.4001399437512375E7
1130;3146;2;1.4001399437512375E7
1131;3147;1;1.4001399437512375E7
1132;3150;3;1.4001399437512375E7
1133;3152;2;1.4001399437512375E7
1134;3154;2;1.4001399437512375E7
1135;3158;4;1.4001399437512375E7
1136;3160;2;1.4001399437512375E7
1137;3161;1;1.4001399437512375E7
1138;3165;4;1.4001399437512375E7
1139;3166;1;1.4001399437512375E7
1140;3168;2;1.4001399437512375E7
1141;3170;2;1.4001399437512375E7
1142;3173;3;1.4001399437512375E7
1143;3176;3;1.4001399437512375E7
1144;3178;2;1.4001399437512375E7
1145;3179;1;1.4001399437512375E7
1146;3181;2;1.4001399437512375E7
1147;3185;4;1.4001399437512375E7
1148;3188;3;1.4001399437512375E7
1149;3188;0;1.4001399437512375E7
1150;3191;3;1.4001399437512375E7
1151;3191;0;1.4001399437512375E7
1152;3194;3;1.4001399437512375E7
1153;3196;2;1.4001399437512375E7
1154;3198;2;1.4001399437512375E7
1155;3200;2;1.4001399437512375E7
1156;3203;3;1.4001399437512375E7
1157;3205;2;1.4001399437512375E7
1158;3207;2;1.4001399437512375E7
1159;3210;3;1.4001399437512375E7
1160;3211;1;1.4001399437512375E7
1161;3212;1;1.4001399437512375E7
1162;3215;3;1.4001399437512375E7
1163;3217;2;1.4001399437512375E7
1164;3217;0;1.4001399437512375E7
1165;3218;1;1.4001399437512375E7
1166;3218;0;1.4001399437512375E7
1167;3222;4;1.4001399437512375E7
1168;3226;4;1.4001399437512375E7
1169;3228;2;1.4001399437512375E7
1170;3228;0;1.4001399437512375E7
1171;3230;2;1.4001399437512375E7
1172;3231;1;1.4001399437512375E7
1173;3234;3;1.4001399437512375E7
1174;3237;3;1.4001399437512375E7
1175;3239;2;1.4001399437512375E7
1176;3241;2;1.4001399437512375E7
1177;3244;3;1.4001399437512375E7
1178;3244;0;1.4001399437512375E7
1179;3247;3;1.4001399437512375E7
1180;3248;1;1.4001399437512375E7
1181;3250;2;1.4001399437512375E7
1182;3253;3;1.4001399437512375E7
1183;3256;3;1.4001399437512375E7
1184;3258;2;1.4001399437512375E7
1185;3261;3;1.4001399437512375E7
1186;3264;3;1.4001399437512375E7
1187;3267;3;1.4001399437512375E7
1188;3269;2;1.4001399437512375E7
1189;3272;3;1.4001399437512375E7
1190;3275;3;1.4001399437512375E7
1191;3276;1;1.4001399437512375E7
1192;3279;3;1.4001399437512375E7
1193;3280;1;1.4001399437512375E7
1194;3281;1;1.4001399437512375E7
1195;3283;2;1.4001399437512375E7
1196;3285;2;1.4001399437512375E7
1197;3285;0;1.4001399437512375E7
1198;3288;3;1.4001399437512375E7
1199;3292;4;1.4001399437512375E7
1200;3295;3;1.4001399437512375E7
1201;3299;4;1.4001399437512375E7
1202;3300;1;1.4001399437512375E7
1203;3301;1;1.4001399437512375E7
1204;3304;3;1.4001399437512375E7
1205;3307;3;1.4001399437512375E7
1206;3310;3;1.4001399437512375E7
1207;3311;1;1.4001399437512375E7
1208;3313;2;1.4001399437512375E7
1209;3314;1;1.4001399437512375E7
1210;3316;2;1.4001399437512375E7
1211;3318;2;1.4001399437512375E7
1212;3321;3;1.4001399437512375E7
1213;3322;1;1.4001399437512375E7
1214;3324;2;1.4001399437512375E7
1215;3327;3;1.4001399437512375E7
1216;3329;2;1.4001399437512375E7
1217;3331;2;1.4001399437512375E7
1218;3332;1;1.4001399437512375E7
1219;3333;1;1.4001399437512375E7
1220;3336;3;1.4001399437512375E7
1221;3339;3;1.4001399437512375E7
1222;3339;0;1.4001399437512375E7
1223;3343;4;1.4001399437512375E7
1224;3345;2;1.4001399437512375E7
1225;3348;3;1.4001399437512375E7
1226;3349;1;1.4001399437512375E7
1227;3351;2;1.4001399437512375E7
1228;3352;1;1.4001399437512375E7
1229;3354;2;1.4001399437512375E7
1230;3357;3;1.4001399437512375E7
1231;3359;2;1.4001399437512375E7
1232;3364;5;1.4001399437512375E7
1233;3367;3;1.4001399437512375E7
1234;3369;2;1.4001399437512375E7
1235;3371;2;1.4001399437512375E7
1236;3373;2;1.4001399437512375E7
1237;3376;3;1.4001399437512375E7
1238;3379;3;1.4001399437512375E7
1239;3381;2;1.4001399437512375E7
1240;3384;3;1.4001399437512375E7
1241;3387;3;1.4001399437512375E7
1242;3390;3;1.4001399437512375E7
1243;3393;3;1.4001399437512375E7
1244;3395;2;1.4001399437512375E7
1245;3398;3;1.4001399437512375E7
1246;3401;3;1.4001399437512375E7
1247;3403;2;1.4001399437512375E7
1248;3406;3;1.4001399437512375E7
1249;3408;2;1.4001399437512375E7
1250;3410;2;1.4001399437512375E7
1251;3413;3;1.4001399437512375E7
1252;3415;2;1.4001399437512375E7
1253;3417;2;1.4001399437512375E7
1254;3420;3;1.4001399437512375E7
1255;3420;0;1.4001399437512375E7
1256;3422;2;1.4001399437512375E7
1257;3424;2;1.4001399437512375E7
1258;3425;1;1.4001399437512375E7
1259;3427;2;1.4001399437512375E7
1260;3430;3;1.4001399437512375E7
1261;3433;3;1.4001399437512375E7
1262;3435;2;1.4001399437512375E7
1263;3436;1;1.4001399437512375E7
1264;3438;2;1.4001399437512375E7
1265;3440;2;1.4001399437512375E7
1266;3443;3;1.4001399437512375E7
1267;3443;0;1.4001399437512375E7
1268;3444;1;1.4001399437512375E7
1269;3446;2;1.4001399437512375E7
1270;3448;2;1.4001399437512375E7
1271;3449;1;1.4001399437512375E7
1272;3452;3;1.4001399437512375E7
1273;3454;2;1.4001399437512375E7
1274;3456;2;1.4001399437512375E7
1275;3458;2;1.4001399437512375E7
1276;3459;1;1.4001399437512375E7
1277;3459;0;1.4001399437512375E7
1278;3462;3;1.4001399437512375E7
1279;3465;3;1.4001399437512375E7
1280;3467;2;1.4001399437512375E7
1281;3468;1;1.4001399437512375E7
1282;3470;2;1.4001399437512375E7
1283;3473;3;1.4001399437512375E7
1284;3475;2;1.4001399437512375E7
1285;3478;3;1.4001399437512375E7
1286;3480;2;1.4001399437512375E7
1287;3480;0;1.4001399437512375E7
1288;3481;1;1.4001399437512375E7
1289;3483;2;1.4001399437512375E7
1290;3486;3;1.4001399437512375E7
1291;3487;1;1.4001399437512375E7
1292;3490;3;1.4001399437512375E7
1293;3492;2;1.4001399437512375E7
1294;3494;2;1.4001399437512375E7
1295;3496;2;1.4001399437512375E7
1296;3499;3;1.4001399437512375E7
1297;3501;2;1.4001399437512375E7
1298;3504;3;1.4001399437512375E7
1299;3506;2;1.4001399437512375E7
1300;3506;0;1.4001399437512375E7
1301;3510;4;1.4001399437512375E7
1302;3512;2;1.4001399437512375E7
1303;3514;2;1.4001399437512375E7
1304;3515;1;1.4001399437512375E7
1305;3517;2;1.4001399437512375E7
1306;3518;1;1.4001399437512375E7
1307;3521;3;1.4001399437512375E7
1308;3523;2;1.4001399437512375E7
1309;3525;2;1.4001399437512375E7
1310;3528;3;1.4001399437512375E7
1311;3530;2;1.4001399437512375E7
1312;3532;2;1.4001399437512375E7
1313;3535;3;1.4001399437512375E7
1314;3536;1;1.4001399437512375E7
1315;3538;2;1.4001399437512375E7
1316;3540;2;1.4001399437512375E7
1317;3542;2;1.4001399437512375E7
1318;3544;2;1.4001399437512375E7
1319;3546;2;1.4001399437512375E7
1320;3548;2;1.4001399437512375E7
1321;3549;1;1.4001399437512375E7
1322;3552;3;1.4001399437512375E7
1323;3554;2;1.4001399437512375E7
1324;3557;3;1.4001399437512375E7
1325;3558;1;1.4001399437512375E7
1326;3561;3;1.4001399437512375E7
1327;3563;2;1.4001399437512375E7
1328;3565;2;1.4001399437512375E7
1329;3568;3;1.4001399437512375E7
1330;3571;3;1.4001399437512375E7
1331;3574;3;1.4001399437512375E7
1332;3574;0;1.4001399437512375E7
1333;3577;3;1.4001399437512375E7
1334;3580;3;1.4001399437512375E7
1335;3582;2;1.4001399437512375E7
1336;3584;2;1.4001399437512375E7
1337;3587;3;1.4001399437512375E7
1338;3590;3;1.4001399437512375E7
1339;3592;2;1.4001399437512375E7
1340;3594;2;1.4001399437512375E7
1341;3596;2;1.4001399437512375E7
1342;3597;1;1.4001399437512375E7
1343;3599;2;1.4001399437512375E7
1344;3603;4;1.4001399437512375E7
1345;3605;2;1.4001399437512375E7
1346;3605;0;1.4001399437512375E7
1347;3608;3;1.4001399437512375E7
1348;3609;1;1.4001399437512375E7
1349;3612;3;1.4001399437512375E7
1350;3614;2;1.4001399437512375E7
1351;3617;3;1.4001399437512375E7
1352;3619;2;1.4001399437512375E7
1353;3620;1;1.4001399437512375E7
1354;3623;3;1.4001399437512375E7
1355;3625;2;1.4001399437512375E7
1356;3628;3;1.4001399437512375E7
1357;3631;3;1.4001399437512375E7
1358;3635;4;1.4001399437512375E7
1359;3636;1;1.4001399437512375E7
1360;3638;2;1.4001399437512375E7
1361;3641;3;1.4001399437512375E7
1362;3643;2;1.4001399437512375E7
1363;3643;0;1.4001399437512375E7
1364;3646;3;1.4001399437512375E7
1365;3647;1;1.4001399437512375E7
1366;3649;2;1.4001399437512375E7
1367;3650;1;1.4001399437512375E7
1368;3652;2;1.4001399437512375E7
1369;3655;3;1.4001399437512375E7
1370;3660;5;1.4001399437512375E7
1371;3665;5;1.4001399437512375E7
1372;3667;2;1.4001399437512375E7
1373;3670;3;1.4001399437512375E7
1374;3672;2;1.4001399437512375E7
1375;3673;1;1.4001399437512375E7
1376;3675;2;1.4001399437512375E7
1377;3677;2;1.4001399437512375E7
1378;3681;4;1.4001399437512375E7
1379;3684;3;1.4001399437512375E7
1380;3687;3;1.4001399437512375E7
1381;3689;2;1.4001399437512375E7
1382;3690;1;1.4001399437512375E7
1383;3692;2;1.4001399437512375E7
1384;3695;3;1.4001399437512375E7
1385;3696;1;1.4001399437512375E7
1386;3698;2;1.4001399437512375E7
1387;3699;1;1.4001399437512375E7
1388;3700;1;1.4001399437512375E7
1389;3702;2;1.4001399437512375E7
1390;3707;5;1.4001399437512375E7
1391;3711;4;1.4001399437512375E7
1392;3714;3;1.4001399437512375E7
1393;3717;3;1.4001399437512375E7
1394;3719;2;1.4001399437512375E7
1395;3722;3;1.4001399437512375E7
1396;3725;3;1.4001399437512375E7
1397;3726;1;1.4001399437512375E7
1398;3728;2;1.4001399437512375E7
1399;3730;2;1.4001399437512375E7
1400;3732;2;1.4001399437512375E7
1401;3732;0;1.4001399437512375E7
1402;3733;1;1.4001399437512375E7
1403;3733;0;1.4001399437512375E7
1404;3736;3;1.4001399437512375E7
1405;3738;2;1.4001399437512375E7
1406;3738;0;1.4001399437512375E7
1407;3740;2;1.4001399437512375E7
1408;3741;1;1.4001399437512375E7
1409;3741;0;1.4001399437512375E7
1410;3744;3;1.4001399437512375E7
1411;3746;2;1.4001399437512375E7
1412;3748;2;1.4001399437512375E7
1413;3751;3;1.4001399437512375E7
1414;3751;0;1.4001399437512375E7
1415;3755;4;1.4001399437512375E7
1416;3757;2;1.4001399437512375E7
1417;3758;1;1.4001399437512375E7
1418;3761;3;1.4001399437512375E7
1419;3765;4;1.4001399437512375E7
1420;3769;4;1.4001399437512375E7
1421;3770;1;1.4001399437512375E7
1422;3774;4;1.4001399437512375E7
1423;3775;1;1.4001399437512375E7
1424;3777;2;1.4001399437512375E7
1425;3779;2;1.4001399437512375E7
1426;3781;2;1.4001399437512375E7
1427;3786;5;1.4001399437512375E7
1428;3789;3;1.4001399437512375E7
1429;3791;2;1.4001399437512375E7
1430;3793;2;1.4001399437512375E7
1431;3794;1;1.4001399437512375E7
1432;3795;1;1.4001399437512375E7
1433;3796;1;1.4001399437512375E7
1434;3798;2;1.4001399437512375E7
1435;3799;1;1.4001399437512375E7
1436;3802;3;1.4001399437512375E7
1437;3804;2;1.4001399437512375E7
1438;3806;2;1.4001399437512375E7
1439;3809;3;1.4001399437512375E7
1440;3812;3;1.4001399437512375E7
1441;3814;2;1.4001399437512375E7
1442;3817;3;1.4001399437512375E7
1443;3818;1;1.4001399437512375E7
1444;3821;3;1.4001399437512375E7
1445;3823;2;1.4001399437512375E7
1446;3827;4;1.4001399437512375E7
1447;3829;2;1.4001399437512375E7
1448;3832;3;1.4001399437512375E7
1449;3834;2;1.4001399437512375E7
1450;3837;3;1.4001399437512375E7
1451;3839;2;1.4001399437512375E7
1452;3842;3;1.4001399437512375E7
1453;3845;3;1.4001399437512375E7
1454;3848;3;1.4001399437512375E7
1455;3850;2;1.4001399437512375E7
1456;3851;1;1.4001399437512375E7
1457;3854;3;1.4001399437512375E7
1458;3856;2;1.4001399437512375E7
1459;3860;4;1.4001399437512375E7
1460;3864;4;1.4001399437512375E7
1461;3868;4;1.4001399437512375E7
1462;3869;1;1.4001399437512375E7
1463;3872;3;1.4001399437512375E7
1464;3872;0;1.4001399437512375E7
1465;3873;1;1.4001399437512375E7
1466;3875;2;1.4001399437512375E7
1467;3877;2;1.4001399437512375E7
1468;3881;4;1.4001399437512375E7
1469;3885;4;1.4001399437512375E7
1470;3889;4;1.4001399437512375E7
1471;3890;1;1.4001399437512375E7
1472;3892;2;1.4001399437512375E7
1473;3893;1;1.4001399437512375E7
1474;3895;2;1.4001399437512375E7
1475;3896;1;1.4001399437512375E7
1476;3899;3;1.4001399437512375E7
1477;3903;4;1.4001399437512375E7
1478;3905;2;1.4001399437512375E7
1479;3908;3;1.4001399437512375E7
1480;3910;2;1.4001399437512375E7
1481;3912;2;1.4001399437512375E7
1482;3913;1;1.4001399437512375E7
1483;3915;2;1.4001399437512375E7
1484;3918;3;1.4001399437512375E7
1485;3920;2;1.4001399437512375E7
1486;3924;4;1.4001399437512375E7
1487;3927;3;1.4001399437512375E7
1488;3930;3;1.4001399437512375E7
1489;3931;1;1.4001399437512375E7
1490;3934;3;1.4001399437512375E7
1491;3937;3;1.4001399437512375E7
1492;3939;2;1.4001399437512375E7
1493;3942;3;1.4001399437512375E7
1494;3943;1;1.4001399437512375E7
1495;3946;3;1.4001399437512375E7
1496;3946;0;1.4001399437512375E7
1497;3948;2;1.4001399437512375E7
1498;3950;2;1.4001399437512375E7
1499;3953;3;1.4001399437512375E7
1500;3954;1;1.4001399437512375E7
1501;3956;2;1.4001399437512375E7
1502;3960;4;1.4001399437512375E7
1503;3961;1;1.4001399437512375E7
1504;3967;6;1.4001399437512375E7
1505;3971;4;1.4001399437512375E7
1506;3973;2;1.4001399437512375E7
1507;3973;0;1.4001399437512375E7
1508;3974;1;1.4001399437512375E7
1509;3976;2;1.4001399437512375E7
1510;3978;2;1.4001399437512375E7
1511;3980;2;1.4001399437512375E7
1512;3982;2;1.4001399437512375E7
1513;3984;2;1.4001399437512375E7
1514;3985;1;1.4001399437512375E7
1515;3987;2;1.4001399437512375E7
1516;3989;2;1.4001399437512375E7
1517;3990;1;1.4001399437512375E7
1518;3992;2;1.4001399437512375E7
1519;3993;1;1.4001399437512375E7
1520;3995;2;1.4001399437512375E7
1521;3998;3;1.4001399437512375E7
1522;4000;2;1.4001399437512375E7
1523;4000;0;1.4001399437512375E7
1524;4004;4;1.4001399437512375E7
1525;4006;2;1.4001399437512375E7
1526;4009;3;1.4001399437512375E7
1527;4011;2;1.4001399437512375E7
1528;4014;3;1.4001399437512375E7
1529;4016;2;1.4001399437512375E7
1530;4018;2;1.4001399437512375E7
1531;4021;3;1.4001399437512375E7
1532;4022;1;1.4001399437512375E7
1533;4024;2;1.4001399437512375E7
1534;4027;3;1.4001399437512375E7
1535;4028;1;1.4001399437512375E7
1536;4030;2;1.4001399437512375E7
1537;4034;4;1.4001399437512375E7
1538;4036;2;1.4001399437512375E7
1539;4039;3;1.4001399437512375E7
1540;4039;0;1.4001399437512375E7
1541;4042;3;1.4001399437512375E7
1542;4044;2;1.4001399437512375E7
1543;4047;3;1.4001399437512375E7
1544;4048;1;1.4001399437512375E7
1545;4050;2;1.4001399437512375E7
1546;4052;2;1.4001399437512375E7
1547;4054;2;1.4001399437512375E7
1548;4055;1;1.4001399437512375E7
1549;4059;4;1.4001399437512375E7
1550;4064;5;1.4001399437512375E7
1551;4067;3;1.4001399437512375E7
1552;4069;2;1.4001399437512375E7
1553;4070;1;1.4001399437512375E7
1554;4071;1;1.4001399437512375E7
1555;4072;1;1.4001399437512375E7
1556;4075;3;1.4001399437512375E7
1557;4077;2;1.4001399437512375E7
1558;4079;2;1.4001399437512375E7
1559;4081;2;1.4001399437512375E7
1560;4083;2;1.4001399437512375E7
1561;4084;1;1.4001399437512375E7
1562;4086;2;1.4001399437512375E7
1563;4088;2;1.4001399437512375E7
1564;4089;1;1.4001399437512375E7
1565;4091;2;1.4001399437512375E7
1566;4094;3;1.4001399437512375E7
1567;4098;4;1.4001399437512375E7
1568;4099;1;1.4001399437512375E7
1569;4100;1;1.4001399437512375E7
1570;4103;3;1.4001399437512375E7
1571;4105;2;1.4001399437512375E7
1572;4107;2;1.4001399437512375E7
1573;4109;2;1.4001399437512375E7
1574;4112;3;1.4001399437512375E7
1575;4114;2;1.4001399437512375E7
1576;4118;4;1.4001399437512375E7
1577;4120;2;1.4001399437512375E7
1578;4123;3;1.4001399437512375E7
1579;4125;2;1.4001399437512375E7
1580;4128;3;1.4001399437512375E7
1581;4129;1;1.4001399437512375E7
1582;4131;2;1.4001399437512375E7
1583;4132;1;1.4001399437512375E7
1584;4135;3;1.4001399437512375E7
1585;4135;0;1.4001399437512375E7
1586;4138;3;1.4001399437512375E7
1587;4140;2;1.4001399437512375E7
1588;4141;1;1.4001399437512375E7
1589;4142;1;1.4001399437512375E7
1590;4144;2;1.4001399437512375E7
1591;4146;2;1.4001399437512375E7
1592;4147;1;1.4001399437512375E7
1593;4149;2;1.4001399437512375E7
1594;4150;1;1.4001399437512375E7
1595;4152;2;1.4001399437512375E7
1596;4154;2;1.4001399437512375E7
1597;4156;2;1.4001399437512375E7
1598;4158;2;1.4001399437512375E7
1599;4160;2;1.4001399437512375E7
1600;4162;2;1.4001399437512375E7
1601;4165;3;1.4001399437512375E7
1602;4167;2;1.4001399437512375E7
1603;4169;2;1.4001399437512375E7
1604;4170;1;1.4001399437512375E7
1605;4173;3;1.4001399437512375E7
1606;4176;3;1.4001399437512375E7
1607;4178;2;1.4001399437512375E7
1608;4179;1;1.4001399437512375E7
1609;4181;2;1.4001399437512375E7
1610;4182;1;1.4001399437512375E7
1611;4184;2;1.4001399437512375E7
1612;4185;1;1.4001399437512375E7
1613;4187;2;1.4001399437512375E7
1614;4190;3;1.4001399437512375E7
1615;4194;4;1.4001399437512375E7
1616;4196;2;1.4001399437512375E7
1617;4199;3;1.4001399437512375E7
1618;4202;3;1.4001399437512375E7
1619;4205;3;1.4001399437512375E7
1620;4207;2;1.4001399437512375E7
1621;4211;4;1.4001399437512375E7
1622;4212;1;1.4001399437512375E7
1623;4213;1;1.4001399437512375E7
1624;4216;3;1.4001399437512375E7
1625;4218;2;1.4001399437512375E7
1626;4221;3;1.4001399437512375E7
1627;4222;1;1.4001399437512375E7
1628;4223;1;1.4001399437512375E7
1629;4224;1;1.4001399437512375E7
1630;4228;4;1.4001399437512375E7
1631;4231;3;1.4001399437512375E7
1632;4233;2;1.4001387747038601E7
1633;4235;2;1.4001385278462939E7
1634;4236;1;1.4001385278462939E7
1635;4239;3;1.4001385278462939E7
1636;4242;3;1.4001385278462939E7
1637;4245;3;1.4001385278462939E7
1638;4248;3;1.4001385278462939E7
1639;4250;2;1.4001385278462939E7
1640;4253;3;1.4001385278462939E7
1641;4256;3;1.4001385278462939E7
1642;4258;2;1.4001385278462939E7
1643;4260;2;1.4001385278462939E7
1644;4263;3;1.4001385278462939E7
1645;4265;2;1.4001385278462939E7
1646;4267;2;1.4001385278462939E7
1647;4269;2;1.4001385278462939E7
1648;4272;3;1.4001385278462939E7
1649;4273;1;1.4001385278462939E7
1650;4274;1;1.4001385278462939E7
1651;4276;2;1.4001385278462939E7
1652;4278;2;1.4001385278462939E7
1653;4280;2;1.4001385278462939E7
1654;4280;0;1.4001385278462939E7
1655;4282;2;1.4001385278462939E7
1656;4284;2;1.4001385278462939E7
1657;4286;2;1.4001385278462939E7
1658;4288;2;1.4001385278462939E7
1659;4289;1;1.4001385278462939E7
1660;4290;1;1.4001385278462939E7
1661;4293;3;1.4001385278462939E7
1662;4295;2;1.4001385278462939E7
1663;4297;2;1.4001385278462939E7
1664;4298;1;1.4001385278462939E7
1665;4300;2;1.4001385278462939E7
1666;4301;1;1.4001385278462939E7
1667;4302;1;1.4001385278462939E7
1668;4304;2;1.4001385278462939E7
1669;4307;3;1.4001385278462939E7
1670;4309;2;1.4001385278462939E7
1671;4312;3;1.4001385278462939E7
1672;4315;3;1.4001385278462939E7
1673;4317;2;1.4001385278462939E7
1674;4319;2;1.4001385278462939E7
1675;4321;2;1.4001385278462939E7
1676;4324;3;1.4001385278462939E7
1677;4326;2;1.4001385278462939E7
1678;4328;2;1.4001385278462939E7
1679;4332;4;1.4001385278462939E7
1680;4335;3;1.4001385278462939E7
1681;4337;2;1.4001385278462939E7
1682;4339;2;1.4001385278462939E7
1683;4341;2;1.4001385278462939E7
1684;4344;3;1.4001385278462939E7
1685;4345;1;1.4001385278462939E7
1686;4346;1;1.4001385278462939E7
1687;4350;4;1.4001385278462939E7
1688;4352;2;1.4001385278462939E7
1689;4355;3;1.4001385278462939E7
1690;4355;0;1.4001385278462939E7
1691;4357;2;1.4001385278462939E7
1692;4360;3;1.4001385278462939E7
1693;4363;3;1.4001385278462939E7
1694;4365;2;1.4001385278462939E7
1695;4368;3;1.4001385278462939E7
1696;4371;3;1.4001385278462939E7
1697;4373;2;1.4001385278462939E7
1698;4374;1;1.4001385278462939E7
1699;4377;3;1.4001385278462939E7
1700;4377;0;1.4001385278462939E7
1701;4380;3;1.4001385278462939E7
1702;4382;2;1.4001385278462939E7
1703;4385;3;1.4001385278462939E7
1704;4388;3;1.4001385278462939E7
1705;4391;3;1.4001385278462939E7
1706;4393;2;1.4001385278462939E7
1707;4396;3;1.4001385278462939E7
1708;4397;1;1.4001385278462939E7
1709;4400;3;1.4001385278462939E7
1710;4402;2;1.4001385278462939E7
1711;4404;2;1.4001385278462939E7
1712;4407;3;1.4001385278462939E7
1713;4409;2;1.4001385278462939E7
1714;4411;2;1.4001385278462939E7
1715;4414;3;1.4001385278462939E7
1716;4415;1;1.4001385278462939E7
1717;4417;2;1.4001385278462939E7
1718;4420;3;1.4001385278462939E7
1719;4420;0;1.4001385278462939E7
1720;4423;3;1.4001385278462939E7
1721;4423;0;1.4001385278462939E7
1722;4425;2;1.4001385278462939E7
1723;4427;2;1.4001385278462939E7
1724;4429;2;1.4001385278462939E7
1725;4431;2;1.4001385278462939E7
1726;4432;1;1.4001385278462939E7
1727;4432;0;1.4001385278462939E7
1728;4435;3;1.4001385278462939E7
1729;4440;5;1.4001385278462939E7
1730;4442;2;1.4001385278462939E7
1731;4445;3;1.4001385278462939E7
1732;4447;2;1.4001385278462939E7
1733;4449;2;1.4001385278462939E7
1734;4452;3;1.4001385278462939E7
1735;4453;1;1.4001385278462939E7
1736;4454;1;1.4001385278462939E7
1737;4456;2;1.4001385278462939E7
1738;4459;3;1.4001385278462939E7
1739;4459;0;1.4001385278462939E7
1740;4461;2;1.4001385278462939E7
1741;4463;2;1.4001385278462939E7
1742;4467;4;1.4001385278462939E7
1743;4471;4;1.4001385278462939E7
1744;4473;2;1.4001385278462939E7
1745;4475;2;1.4001385278462939E7
1746;4477;2;1.4001385278462939E7
1747;4479;2;1.4001385278462939E7
1748;4483;4;1.4001385278462939E7
1749;4485;2;1.4001385278462939E7
1750;4488;3;1.4001385278462939E7
1751;4491;3;1.4001385278462939E7
1752;4492;1;1.4001385278462939E7
1753;4494;2;1.4001385278462939E7
1754;4495;1;1.4001385278462939E7
1755;4497;2;1.4001385278462939E7
1756;4499;2;1.4001385278462939E7
1757;4502;3;1.4001385278462939E7
1758;4505;3;1.4001385278462939E7
1759;4506;1;1.4001385278462939E7
1760;4509;3;1.4001385278462939E7
1761;4511;2;1.4001385278462939E7
1762;4515;4;1.4001385278462939E7
1763;4517;2;1.4001385278462939E7
1764;4520;3;1.4001385278462939E7
1765;4521;1;1.4001385278462939E7
1766;4523;2;1.4001385278462939E7
1767;4524;1;1.4001385278462939E7
1768;4526;2;1.4001385278462939E7
1769;4529;3;1.4001385278462939E7
1770;4529;0;1.4001385278462939E7
1771;4530;1;1.4001385278462939E7
1772;4530;0;1.4001385278462939E7
1773;4532;2;1.4001385278462939E7
1774;4535;3;1.4001385278462939E7
1775;4535;0;1.4001385278462939E7
1776;4537;2;1.4001385278462939E7
1777;4539;2;1.4001385278462939E7
1778;4542;3;1.4001385278462939E7
1779;4544;2;1.4001385278462939E7
1780;4546;2;1.4001385278462939E7
1781;4549;3;1.4001385278462939E7
1782;4553;4;1.4001385278462939E7
1783;4555;2;1.4001385278462939E7
1784;4557;2;1.4001385278462939E7
1785;4559;2;1.4001385278462939E7
1786;4561;2;1.4001385278462939E7
1787;4564;3;1.4001385278462939E7
1788;4565;1;1.4001385278462939E7
1789;4567;2;1.4001385278462939E7
1790;4570;3;1.4001385278462939E7
1791;4572;2;1.4001385278462939E7
1792;4575;3;1.4001385278462939E7
1793;4575;0;1.4001385278462939E7
1794;4577;2;1.4001385278462939E7
1795;4578;1;1.4001385278462939E7
1796;4580;2;1.4001385278462939E7
1797;4581;1;1.4001385278462939E7
1798;4582;1;1.4001385278462939E7
1799;4584;2;1.4001385278462939E7
1800;4584;0;1.4001385278462939E7
1801;4587;3;1.4001385278462939E7
1802;4590;3;1.4001385278462939E7
1803;4592;2;1.4001385278462939E7
1804;4595;3;1.4001385278462939E7
1805;4597;2;1.4001385278462939E7
1806;4597;0;1.4001385278462939E7
1807;4599;2;1.4001385278462939E7
1808;4602;3;1.4001385278462939E7
1809;4605;3;1.4001385278462939E7
1810;4608;3;1.4001385278462939E7
1811;4610;2;1.4001385278462939E7
1812;4613;3;1.4001385278462939E7
1813;4615;2;1.4001385278462939E7
1814;4616;1;1.4001385278462939E7
1815;4620;4;1.4001385278462939E7
1816;4623;3;1.4001385278462939E7
1817;4625;2;1.4001385278462939E7
1818;4628;3;1.4001385278462939E7
1819;4630;2;1.4001385278462939E7
1820;4630;0;1.4001385278462939E7
1821;4632;2;1.4001385278462939E7
1822;4633;1;1.4001385278462939E7
1823;4634;1;1.4001385278462939E7
1824;4636;2;1.4001385278462939E7
1825;4638;2;1.4001385278462939E7
1826;4640;2;1.4001385278462939E7
1827;4642;2;1.4001385278462939E7
1828;4643;1;1.4001385278462939E7
1829;4644;1;1.4001385278462939E7
1830;4646;2;1.4001385278462939E7
1831;4648;2;1.4001385278462939E7
1832;4650;2;1.4001385278462939E7
1833;4652;2;1.4001385278462939E7
1834;4654;2;1.4001385278462939E7
1835;4657;3;1.4001385278462939E7
1836;4658;1;1.4001385278462939E7
1837;4660;2;1.4001385278462939E7
1838;4661;1;1.4001385278462939E7
1839;4664;3;1.4001385278462939E7
1840;4666;2;1.4001385278462939E7
1841;4666;0;1.4001385278462939E7
1842;4668;2;1.4001385278462939E7
1843;4669;1;1.4001385278462939E7
1844;4672;3;1.4001385278462939E7
1845;4674;2;1.4001385278462939E7
1846;4676;2;1.4001385278462939E7
1847;4679;3;1.4001385278462939E7
1848;4681;2;1.4001385278462939E7
1849;4682;1;1.4001385278462939E7
1850;4684;2;1.4001385278462939E7
1851;4688;4;1.4001385278462939E7
1852;4690;2;1.3001492873328084E7
1853;4695;5;1.3001492873328084E7
1854;4696;1;1.3001492873328084E7
1855;4698;2;1.3001492873328084E7
1856;4701;3;1.3001492873328084E7
1857;4702;1;1.3001492873328084E7
1858;4703;1;1.3001492873328084E7
1859;4705;2;1.3001492873328084E7
1860;4707;2;1.3001492873328084E7
1861;4709;2;1.3001492873328084E7
1862;4711;2;1.3001492873328084E7
1863;4712;1;1.3001492873328084E7
1864;4715;3;1.3001492873328084E7
1865;4716;1;1.3001492873328084E7
1866;4717;1;1.3001492873328084E7
1867;4720;3;1.3001492873328084E7
1868;4722;2;1.3001492873328084E7
1869;4725;3;1.3001492873328084E7
1870;4728;3;1.3001492873328084E7
1871;4730;2;1.3001492873328084E7
1872;4731;1;1.3001492873328084E7
1873;4733;2;1.3001492873328084E7
1874;4735;2;1.3001492873328084E7
1875;4737;2;1.3001492873328084E7
1876;4738;1;1.3001492873328084E7
1877;4740;2;1.3001492873328084E7
1878;4742;2;1.3001492873328084E7
1879;4745;3;1.3001492873328084E7
1880;4749;4;1.3001492873328084E7
1881;4752;3;1.3001492873328084E7
1882;4754;2;1.3001492873328084E7
1883;4757;3;1.3001492873328084E7
1884;4759;2;1.3001492873328084E7
1885;4760;1;1.3001492873328084E7
1886;4763;3;1.3001492873328084E7
1887;4764;1;1.3001492873328084E7
1888;4769;5;1.3001492873328084E7
1889;4772;3;1.3001492873328084E7
1890;4775;3;1.3001492873328084E7
1891;4779;4;1.3001492873328084E7
1892;4782;3;1.3001492873328084E7
1893;4786;4;1.3001492873328084E7
1894;4789;3;1.3001492873328084E7
1895;4793;4;1.3001492873328084E7
1896;4797;4;1.3001492873328084E7
1897;4800;3;1.3001492873328084E7
1898;4803;3;1.3001492873328084E7
1899;4807;4;1.3001492873328084E7
1900;4810;3;1.3001492873328084E7
1901;4812;2;1.3001492873328084E7
1902;4814;2;1.3001492873328084E7
1903;4818;4;1.3001492873328084E7
1904;4823;5;1.3001492873328084E7
1905;4826;3;1.3001492873328084E7
1906;4829;3;1.3001492873328084E7
1907;4831;2;1.3001492873328084E7
1908;4834;3;1.3001492873328084E7
1909;4836;2;1.3001492873328084E7
1910;4839;3;1.3001492873328084E7
1911;4841;2;1.3001492873328084E7
1912;4843;2;1.3001492873328084E7
1913;4844;1;1.3001492873328084E7
1914;4845;1;1.3001492873328084E7
1915;4847;2;1.3001492873328084E7
1916;4850;3;1.3001492873328084E7
1917;4853;3;1.3001492873328084E7
1918;4857;4;1.3001492873328084E7
1919;4861;4;1.3001492873328084E7
1920;4862;1;1.3001492873328084E7
1921;4865;3;1.3001492873328084E7
1922;4868;3;1.3001492873328084E7
1923;4871;3;1.3001492873328084E7
1924;4873;2;1.3001492873328084E7
1925;4877;4;1.3001492873328084E7
1926;4880;3;1.3001492873328084E7
1927;4881;1;1.3001492873328084E7
1928;4884;3;1.3001492873328084E7
1929;4887;3;1.3001492873328084E7
1930;4888;1;1.3001492873328084E7
1931;4891;3;1.3001492873328084E7
1932;4895;4;1.3001492873328084E7
1933;4898;3;1.3001492873328084E7
1934;4901;3;1.3001492873328084E7
1935;4901;0;1.3001492873328084E7
1936;4904;3;1.3001492873328084E7
1937;4904;0;1.3001492873328084E7
1938;4908;4;1.3001492873328084E7
1939;4910;2;1.3001492873328084E7
1940;4912;2;1.3001492873328084E7
1941;4914;2;1.3001492873328084E7
1942;4917;3;1.3001492873328084E7
1943;4918;1;1.3001492873328084E7
1944;4921;3;1.3001492873328084E7
1945;4921;0;1.3001492873328084E7
1946;4923;2;1.3001492873328084E7
1947;4925;2;1.3001492873328084E7
1948;4927;2;1.3001492873328084E7
1949;4928;1;1.3001492873328084E7
1950;4932;4;1.3001492873328084E7
1951;4935;3;1.3001492873328084E7
1952;4939;4;1.3001492873328084E7
1953;4940;1;1.3001492873328084E7
1954;4942;2;1.3001492873328084E7
1955;4943;1;1.3001492873328084E7
1956;4944;1;1.3001492873328084E7
1957;4947;3;1.3001492873328084E7
1958;4949;2;1.3001492873328084E7
1959;4950;1;1.3001492873328084E7
1960;4951;1;1.3001492873328084E7
1961;4953;2;1.3001492873328084E7
1962;4956;3;1.3001492873328084E7
1963;4958;2;1.3001492873328084E7
1964;4960;2;1.3001492873328084E7
1965;4963;3;1.3001492873328084E7
1966;4965;2;1.3001492873328084E7
1967;4967;2;1.3001492873328084E7
1968;4970;3;1.3001492873328084E7
1969;4972;2;1.3001492873328084E7
1970;4974;2;1.3001492873328084E7
1971;4975;1;1.3001492873328084E7
1972;4977;2;1.3001492873328084E7
1973;4978;1;1.3001492873328084E7
1974;4978;0;1.3001492873328084E7
1975;4981;3;1.3001492873328084E7
1976;4986;5;1.3001492873328084E7
1977;4986;0;1.3001492873328084E7
1978;4989;3;1.3001492873328084E7
1979;4991;2;1.3001492873328084E7
1980;4993;2;1.3001492873328084E7
1981;4996;3;1.3001492873328084E7
1982;4997;1;1.3001492873328084E7
1983;4999;2;1.3001492873328084E7
1984;5001;2;1.3001492873328084E7
1985;5003;2;1.3001492873328084E7
1986;5005;2;1.3001492873328084E7
1987;5006;1;1.3001492873328084E7
1988;5009;3;1.3001492873328084E7
1989;5011;2;1.3001492873328084E7
1990;5014;3;1.3001492873328084E7
1991;5015;1;1.3001492873328084E7
1992;5016;1;1.3001492873328084E7
1993;5016;0;1.3001492873328084E7
1994;5020;4;1.3001492873328084E7
1995;5023;3;1.3001492873328084E7
1996;5027;4;1.3001492873328084E7
1997;5030;3;1.3001492873328084E7
1998;5031;1;1.3001492873328084E7
1999;5036;5;1.3001492873328084E7
2000;5037;1;1.3001492873328084E7
2001;5037;0;1.3001492873328084E7
2002;5039;2;1.3001492873328084E7
2003;5041;2;1.3001492873328084E7
2004;5043;2;1.300148550051034E7
2005;5045;2;1.300148550051034E7
2006;5048;3;1.300148550051034E7
2007;5048;0;1.300148550051034E7
2008;5050;2;1.300148550051034E7
2009;5053;3;1.300148550051034E7
2010;5053;0;1.300148550051034E7
2011;5054;1;1.300148550051034E7
2012;5056;2;1.300148550051034E7
2013;5058;2;1.300148550051034E7
2014;5065;7;1.300148550051034E7
2015;5068;3;1.300148550051034E7
2016;5069;1;1.300148550051034E7
2017;5072;3;1.300148550051034E7
2018;5075;3;1.3001474370529534E7
2019;5076;1;1.3001474370529534E7
2020;5077;1;1.3001474370529534E7
2021;5078;1;1.3001474370529534E7
2022;5080;2;1.3001474370529534E7
2023;5083;3;1.3001474370529534E7
2024;5085;2;1.3001474370529534E7
2025;5087;2;1.3001474370529534E7
2026;5089;2;1.3001474370529534E7
2027;5090;1;1.3001474370529534E7
2028;5093;3;1.3001474370529534E7
2029;5095;2;1.3001474370529534E7
2030;5097;2;1.3001474370529534E7
2031;5102;5;1.3001474370529534E7
2032;5104;2;1.3001474370529534E7
2033;5106;2;1.3001474370529534E7
2034;5109;3;1.3001467629235573E7
2035;5112;3;1.3001467629235573E7
2036;5114;2;1.3001467629235573E7
2037;5116;2;1.3001462693380369E7
2038;5118;2;1.3001462693380369E7
2039;5121;3;1.3001462693380369E7
2040;5123;2;1.3001462693380369E7
2041;5126;3;1.3001462693380369E7
2042;5128;2;1.300146142621246E7
2043;5131;3;1.300146142621246E7
2044;5132;1;1.300146142621246E7
2045;5135;3;1.300146142621246E7
2046;5137;2;1.300146142621246E7
2047;5139;2;1.300146142621246E7
2048;5139;0;1.300146142621246E7
2049;5140;1;1.300146142621246E7
2050;5142;2;1.300146142621246E7
2051;5144;2;1.300146142621246E7
2052;5145;1;1.300146142621246E7
2053;5148;3;1.300146142621246E7
2054;5152;4;1.300146142621246E7
2055;5154;2;1.300146142621246E7
2056;5155;1;1.300146142621246E7
2057;5158;3;1.300146142621246E7
2058;5160;2;1.300146142621246E7
2059;5162;2;1.300146142621246E7
2060;5166;4;1.300146142621246E7
2061;5168;2;1.300146142621246E7
2062;5171;3;1.300146142621246E7
2063;5173;2;1.300146142621246E7
2064;5174;1;1.300146142621246E7
2065;5177;3;1.300146142621246E7
2066;5179;2;1.300146142621246E7
2067;5181;2;1.300146142621246E7
2068;5183;2;1.300146142621246E7
2069;5184;1;1.300146142621246E7
2070;5186;2;1.300146142621246E7
2071;5187;1;1.300146142621246E7
2072;5189;2;1.300146142621246E7
2073;5191;2;1.300146142621246E7
2074;5193;2;1.300146142621246E7
2075;5194;1;1.300146142621246E7
2076;5196;2;1.300146142621246E7
2077;5198;2;1.300146142621246E7
2078;5201;3;1.300146142621246E7
2079;5203;2;1.300146142621246E7
2080;5204;1;1.300146142621246E7
2081;5206;2;1.300146142621246E7
2082;5207;1;1.300146142621246E7
2083;5208;1;1.300146142621246E7
2084;5210;2;1.300146142621246E7
2085;5212;2;1.300146142621246E7
2086;5212;0;1.300146142621246E7
2087;5215;3;1.300146142621246E7
2088;5218;3;1.300146142621246E7
2089;5218;0;1.300146142621246E7
2090;5220;2;1.300146142621246E7
2091;5223;3;1.300146142621246E7
2092;5225;2;1.300146142621246E7
2093;5226;1;1.300146142621246E7
2094;5229;3;1.300146142621246E7
2095;5232;3;1.300146142621246E7
2096;5234;2;1.300146142621246E7
2097;5235;1;1.300146142621246E7
2098;5237;2;1.300146142621246E7
2099;5239;2;1.300146142621246E7
2100;5242;3;1.300146142621246E7
2101;5244;2;1.3001439193988185E7
2102;5246;2;1.3001439193988185E7
2103;5247;1;1.3001439193988185E7
2104;5249;2;1.3001439193988185E7
2105;5252;3;1.3001437477459569E7
2106;5254;2;1.3001437477459569E7
2107;5255;1;1.3001437477459569E7
2108;5257;2;1.3001437477459569E7
2109;5259;2;1.3001437477459569E7
2110;5260;1;1.3001437477459569E7
2111;5262;2;1.3001437477459569E7
2112;5265;3;1.3001437477459569E7
2113;5268;3;1.3001437477459569E7
2114;5269;1;1.3001437477459569E7
2115;5270;1;1.3001437477459569E7
2116;5272;2;1.3001437477459569E7
2117;5273;1;1.3001437477459569E7
2118;5274;1;1.3001437477459569E7
2119;5276;2;1.3001437477459569E7
2120;5278;2;1.3001437477459569E7
2121;5280;2;1.3001437477459569E7
2122;5282;2;1.3001437477459569E7
2123;5283;1;1.3001437477459569E7
2124;5285;2;1.3001437477459569E7
2125;5286;1;1.3001437477459569E7
2126;5288;2;1.3001437477459569E7
2127;5291;3;1.3001437477459569E7
2128;5292;1;1.3001437477459569E7
2129;5295;3;1.3001437477459569E7
2130;5300;5;1.3001437477459569E7
2131;5304;4;1.3001437477459569E7
2132;5306;2;1.3001437477459569E7
2133;5308;2;1.3001437477459569E7
2134;5311;3;1.3001437477459569E7
2135;5313;2;1.3001437477459569E7
2136;5314;1;1.3001437477459569E7
2137;5316;2;1.3001437477459569E7
2138;5317;1;1.3001437477459569E7
2139;5320;3;1.3001437477459569E7
2140;5323;3;1.3001437477459569E7
2141;5325;2;1.3001437477459569E7
2142;5327;2;1.3001437477459569E7
2143;5329;2;1.3001437477459569E7
2144;5331;2;1.3001437477459569E7
2145;5334;3;1.3001437477459569E7
2146;5334;0;1.3001437477459569E7
2147;5336;2;1.3001437477459569E7
2148;5337;1;1.3001437477459569E7
2149;5338;1;1.3001437477459569E7
2150;5341;3;1.3001437477459569E7
2151;5343;2;1.3001437477459569E7
2152;5345;2;1.3001437477459569E7
2153;5348;3;1.3001437477459569E7
2154;5350;2;1.3001437477459569E7
2155;5351;1;1.3001437477459569E7
2156;5354;3;1.3001437477459569E7
2157;5356;2;1.3001437477459569E7
2158;5357;1;1.3001437477459569E7
2159;5357;0;1.3001437477459569E7
2160;5359;2;1.3001437477459569E7
2161;5363;4;1.3001437477459569E7
2162;5364;1;1.3001437477459569E7
2163;5366;2;1.3001437477459569E7
2164;5368;2;1.3001437477459569E7
2165;5369;1;1.3001437477459569E7
2166;5370;1;1.3001437477459569E7
2167;5373;3;1.3001437477459569E7
2168;5376;3;1.3001437477459569E7
2169;5378;2;1.3001437477459569E7
2170;5379;1;1.3001437477459569E7
2171;5381;2;1.3001437477459569E7
2172;5383;2;1.3001437477459569E7
2173;5386;3;1.3001437477459569E7
2174;5388;2;1.3001437477459569E7
2175;5391;3;1.3001437477459569E7
2176;5393;2;1.3001437477459569E7
2177;5395;2;1.3001437477459569E7
2178;5397;2;1.3001437477459569E7
2179;5398;1;1.3001437477459569E7
2180;5400;2;1.3001437477459569E7
2181;5402;2;1.3001437477459569E7
2182;5403;1;1.3001437477459569E7
2183;5405;2;1.3001437477459569E7
2184;5406;1;1.3001437477459569E7
2185;5409;3;1.3001437477459569E7
2186;5411;2;1.3001437477459569E7
2187;5412;1;1.3001437477459569E7
2188;5414;2;1.3001437477459569E7
2189;5418;4;1.3001437477459569E7
2190;5421;3;1.3001437477459569E7
2191;5422;1;1.3001437477459569E7
2192;5422;0;1.3001437477459569E7
2193;5425;3;1.3001437477459569E7
2194;5427;2;1.3001437477459569E7
2195;5430;3;1.3001437296420492E7
2196;5430;0;1.3001437296420492E7
2197;5432;2;1.3001437296420492E7
2198;5436;4;1.3001431068223752E7
2199;5439;3;1.3001431068223752E7
2200;5440;1;1.3001431068223752E7
2201;5443;3;1.3001431068223752E7
2202;5444;1;1.3001431068223752E7
2203;5446;2;1.3001431068223752E7
2204;5449;3;1.3001431068223752E7
2205;5452;3;1.3001431068223752E7
2206;5453;1;1.3001431068223752E7
2207;5456;3;1.3001431068223752E7
2208;5458;2;1.3001431068223752E7
2209;5461;3;1.3001431068223752E7
2210;5465;4;1.3001431068223752E7
2211;5470;5;1.3001431068223752E7
2212;5472;2;1.3001426955479968E7
2213;5479;7;1.3001426955479968E7
2214;5484;5;1.3001426955479968E7
2215;5486;2;1.3001426955479968E7
2216;5487;1;1.3001426955479968E7
2217;5490;3;1.3001426955479968E7
2218;5494;4;1.3001426955479968E7
2219;5499;5;1.3001426955479968E7
2220;5503;4;1.3001426955479968E7
2221;5504;1;1.3001426955479968E7
2222;5504;0;1.3001426955479968E7
2223;5505;1;1.3001426955479968E7
2224;5509;4;1.3001426955479968E7
2225;5511;2;1.3001426955479968E7
2226;5512;1;1.3001426955479968E7
2227;5512;0;1.3001426955479968E7
2228;5516;4;1.3001426955479968E7
2229;5520;4;1.3001426955479968E7
2230;5521;1;1.3001426955479968E7
2231;5522;1;1.3001426955479968E7
2232;5525;3;1.3001426955479968E7
2233;5528;3;1.3001426955479968E7
2234;5529;1;1.3001426955479968E7
2235;5532;3;1.3001426955479968E7
2236;5534;2;1.3001426955479968E7
2237;5537;3;1.3001426955479968E7
2238;5538;1;1.3001426955479968E7
2239;5542;4;1.3001426955479968E7
2240;5544;2;1.3001426955479968E7
2241;5547;3;1.3001426955479968E7
2242;5549;2;1.3001426955479968E7
2243;5552;3;1.3001426955479968E7
2244;5555;3;1.3001426955479968E7
2245;5558;3;1.3001426955479968E7
2246;5561;3;1.3001426955479968E7
2247;5562;1;1.3001426955479968E7
2248;5564;2;1.3001426955479968E7
2249;5572;8;1.3001426955479968E7
2250;5573;1;1.3001426955479968E7
2251;5575;2;1.3001426955479968E7
2252;5576;1;1.3001426955479968E7
2253;5579;3;1.3001426955479968E7
2254;5582;3;1.3001426955479968E7
2255;5583;1;1.3001426955479968E7
2256;5584;1;1.3001426955479968E7
2257;5586;2;1.3001426955479968E7
2258;5588;2;1.3001426955479968E7
2259;5590;2;1.3001426955479968E7
2260;5592;2;1.3001426955479968E7
2261;5596;4;1.3001426955479968E7
2262;5598;2;1.3001426955479968E7
2263;5600;2;1.3001426955479968E7
2264;5601;1;1.3001426955479968E7
2265;5603;2;1.3001426955479968E7
2266;5604;1;1.3001426955479968E7
2267;5606;2;1.3001426955479968E7
2268;5609;3;1.3001426955479968E7
2269;5610;1;1.3001426955479968E7
2270;5612;2;1.3001426955479968E7
2271;5616;4;1.3001426955479968E7
2272;5620;4;1.3001426955479968E7
2273;5623;3;1.3001426955479968E7
2274;5626;3;1.3001426955479968E7
2275;5627;1;1.3001426955479968E7
2276;5629;2;1.3001426955479968E7
2277;5629;0;1.3001426955479968E7
2278;5632;3;1.3001426955479968E7
2279;5633;1;1.3001426955479968E7
2280;5636;3;1.3001426955479968E7
2281;5636;0;1.3001426955479968E7
2282;5637;1;1.3001426955479968E7
2283;5639;2;1.3001426955479968E7
2284;5641;2;1.3001426955479968E7
2285;5642;1;1.3001426955479968E7
2286;5643;1;1.3001426955479968E7
2287;5644;1;1.3001426955479968E7
2288;5646;2;1.3001426955479968E7
2289;5648;2;1.3001426955479968E7
2290;5652;4;1.3001426955479968E7
2291;5653;1;1.3001426955479968E7
2292;5656;3;1.3001426955479968E7
2293;5659;3;1.3001426955479968E7
2294;5661;2;1.3001426955479968E7
2295;5663;2;1.3001392313382927E7
2296;5664;1;1.3001392313382927E7
2297;5664;0;1.3001392313382927E7
2298;5666;2;1.3001392313382927E7
2299;5668;2;1.3001392313382927E7
2300;5671;3;1.3001392313382927E7
2301;5676;5;1.3001392313382927E7
2302;5678;2;1.3001392313382927E7
2303;5681;3;1.3001392313382927E7
2304;5684;3;1.3001392313382927E7
2305;5685;1;1.3001392132398298E7
2306;5688;3;1.3001392132398298E7
2307;5692;4;1.3001392132398298E7
2308;5694;2;1.3001392132398298E7
2309;5695;1;1.3001392132398298E7
2310;5696;1;1.3001392132398298E7
2311;5701;5;1.3001392132398298E7
2312;5708;7;1.3001392132398298E7
2313;5713;5;1.3001392132398298E7
2314;5717;4;1.3001392132398298E7
2315;5721;4;1.3001392132398298E7
2316;5722;1;1.3001392132398298E7
2317;5727;5;1.3001392132398298E7
2318;5730;3;1.3001392132398298E7
2319;5731;1;1.3001392132398298E7
2320;5737;6;1.3001392132398298E7
2321;5739;2;1.3001392132398298E7
2322;5742;3;1.3001392132398298E7
2323;5744;2;1.3001392132398298E7
2324;5746;2;1.3001392132398298E7
2325;5749;3;1.3001392132398298E7
2326;5753;4;1.3001392132398298E7
2327;5755;2;1.3001392132398298E7
2328;5759;4;1.3001392132398298E7
2329;5763;4;1.3001392132398298E7
2330;5767;4;1.3001392132398298E7
2331;5771;4;1.3001392132398298E7
2332;5775;4;1.3001392132398298E7
2333;5777;2;1.3001392132398298E7
2334;5779;2;1.3001392132398298E7
2335;5782;3;1.3001392132398298E7
2336;5787;5;1.3001392132398298E7
2337;5790;3;1.3001392132398298E7
2338;5792;2;1.3001392132398298E7
2339;5794;2;1.3001392132398298E7
2340;5796;2;1.3001392132398298E7
2341;5798;2;1.3001392132398298E7
2342;5799;1;1.3001392132398298E7
2343;5802;3;1.3001392132398298E7
2344;5803;1;1.3001392132398298E7
2345;5803;0;1.3001392132398298E7
2346;5806;3;1.3001392132398298E7
2347;5808;2;1.3001392132398298E7
2348;5811;3;1.3001392132398298E7
2349;5811;0;1.3001392132398298E7
2350;5812;1;1.3001392132398298E7
2351;5812;0;1.3001392132398298E7
2352;5814;2;1.3001392132398298E7
2353;5815;1;1.3001392132398298E7
2354;5816;1;1.3001392132398298E7
2355;5819;3;1.3001392132398298E7
2356;5821;2;1.3001392132398298E7
2357;5822;1;1.3001392132398298E7
2358;5824;2;1.3001392132398298E7
2359;5825;1;1.3001392132398298E7
2360;5825;0;1.3001392132398298E7
2361;5826;1;1.3001392132398298E7
2362;5830;4;1.3001392132398298E7
2363;5831;1;1.3001392132398298E7
2364;5833;2;1.3001392132398298E7
2365;5835;2;1.3001392132398298E7
2366;5837;2;1.3001392132398298E7
2367;5839;2;1.3001392132398298E7
2368;5841;2;1.3001392132398298E7
2369;5843;2;1.3001392132398298E7
2370;5845;2;1.3001392132398298E7
2371;5849;4;1.3001392132398298E7
2372;5851;2;1.3001392132398298E7
2373;5853;2;1.3001392132398298E7
2374;5855;2;1.3001392132398298E7
2375;5859;4;1.3001392132398298E7
2376;5863;4;1.3001392132398298E7
2377;5864;1;1.3001392132398298E7
2378;5867;3;1.300138119520289E7
2379;5871;4;1.300138119520289E7
2380;5874;3;1.300138119520289E7
2381;5874;0;1.300138119520289E7
2382;5875;1;1.300138119520289E7
2383;5877;2;1.300138119520289E7
2384;5880;3;1.300138119520289E7
2385;5885;5;1.300138119520289E7
2386;5887;2;1.300138119520289E7
2387;5889;2;1.300138119520289E7
2388;5892;3;1.300138119520289E7
2389;5897;5;1.300138119520289E7
2390;5901;4;1.300138119520289E7
2391;5904;3;1.300138119520289E7
2392;5906;2;1.300138119520289E7
2393;5910;4;1.300138119520289E7
2394;5912;2;1.300138119520289E7
2395;5913;1;1.300138119520289E7
2396;5917;4;1.300138119520289E7
2397;5923;6;1.300138119520289E7
2398;5925;2;1.300138119520289E7
2399;5927;2;1.300138119520289E7
2400;5929;2;1.300138119520289E7
2401;5931;2;1.300138119520289E7
2402;5932;1;1.300138119520289E7
2403;5937;5;1.300138119520289E7
2404;5939;2;1.300138119520289E7
2405;5942;3;1.300138119520289E7
2406;5945;3;1.300138119520289E7
2407;5950;5;1.300138119520289E7
2408;5953;3;1.300138119520289E7
2409;5957;4;1.300138119520289E7
2410;5958;1;1.300138119520289E7
2411;5962;4;1.300138119520289E7
2412;5964;2;1.300138119520289E7
2413;5969;5;1.300138119520289E7
2414;5972;3;1.3001372751368662E7
2415;5974;2;1.3001372751368662E7
2416;5975;1;1.3001372751368662E7
2417;5977;2;1.3001372751368662E7
2418;5977;0;1.3001372751368662E7
2419;5980;3;1.3001372691208916E7
2420;5982;2;1.3001372691208916E7
2421;5986;4;1.3001372691208916E7
2422;5988;2;1.3001372691208916E7
2423;5991;3;1.3001372691208916E7
2424;5992;1;1.3001372691208916E7
2425;5993;1;1.3001372691208916E7
2426;5994;1;1.3001359969807105E7
2427;5997;3;1.3001359969807105E7
2428;6000;3;1.3001359969807105E7
2429;6004;4;1.3001359969807105E7
2430;6006;2;1.3001359969807105E7
2431;6008;2;1.3001359969807105E7
2432;6009;1;1.3001359969807105E7
2433;6010;1;1.3001359969807105E7
2434;6013;3;1.3001359969807105E7
2435;6015;2;1.3001359969807105E7
2436;6018;3;1.3001359969807105E7
2437;6023;5;1.3001359969807105E7
2438;6025;2;1.3001359969807105E7
2439;6029;4;1.3001359969807105E7
2440;6035;6;1.3001359969807105E7
2441;6039;4;1.3001359969807105E7
2442;6040;1;1.3001359969807105E7
2443;6043;3;1.3001359969807105E7
2444;6044;1;1.3001359969807105E7
2445;6048;4;1.3001359969807105E7
2446;6051;3;1.3001359969807105E7
2447;6053;2;1.3001359969807105E7
2448;6058;5;1.3001359969807105E7
2449;6059;1;1.3001359969807105E7
2450;6065;6;1.3001359969807105E7
2451;6068;3;1.3001359969807105E7
2452;6072;4;1.3001359969807105E7
2453;6078;6;1.3001359969807105E7
2454;6079;1;1.3001359969807105E7
2455;6084;5;1.3001359969807105E7
2456;6089;5;1.3001359969807105E7
2457;6090;1;1.3001359969807105E7
2458;6096;6;1.3001359969807105E7
2459;6098;2;1.3001359969807105E7
2460;6100;2;1.3001359969807105E7
2461;6103;3;1.3001359969807105E7
2462;6105;2;1.3001359969807105E7
2463;6109;4;1.3001359969807105E7
2464;6110;1;1.3001359969807105E7
2465;6111;1;1.3001359969807105E7
2466;6112;1;1.3001359969807105E7
2467;6114;2;1.3001359969807105E7
2468;6116;2;1.3001359969807105E7
2469;6119;3;1.3001359969807105E7
2470;6120;1;1.3001359969807105E7
2471;6123;3;1.3001359969807105E7
2472;6124;1;1.3001359969807105E7
2473;6125;1;1.3001359969807105E7
2474;6127;2;1.3001359969807105E7
2475;6129;2;1.3001359969807105E7
2476;6131;2;1.3001359969807105E7
2477;6134;3;1.3001359969807105E7
2478;6135;1;1.3001359969807105E7
2479;6137;2;1.3001359969807105E7
2480;6139;2;1.3001359969807105E7
2481;6139;0;1.3001359969807105E7
2482;6141;2;1.3001359969807105E7
2483;6143;2;1.3001359969807105E7
2484;6145;2;1.3001359969807105E7
2485;6148;3;1.3001359969807105E7
2486;6150;2;1.3001359969807105E7
2487;6151;1;1.3001359969807105E7
2488;6154;3;1.3001359969807105E7
2489;6154;0;1.3001359969807105E7
2490;6156;2;1.3001359969807105E7
2491;6159;3;1.3001359969807105E7
2492;6159;0;1.3001359969807105E7
2493;6162;3;1.3001359969807105E7
2494;6163;1;1.3001359969807105E7
2495;6165;2;1.3001359969807105E7
2496;6166;1;1.3001359969807105E7
2497;6168;2;1.3001359969807105E7
2498;6171;3;1.3001359969807105E7
2499;6172;1;1.3001359969807105E7
2500;6175;3;1.3001359969807105E7
2501;6177;2;1.3001359969807105E7
2502;6178;1;1.3001359969807105E7
2503;6181;3;1.3001359969807105E7
2504;6182;1;1.3001359969807105E7
2505;6188;6;1.3001359969807105E7
2506;6189;1;1.3001359969807105E7
2507;6191;2;1.3001359969807105E7
2508;6194;3;1.3001359969807105E7
2509;6194;0;1.3001359969807105E7
2510;6196;2;1.3001359969807105E7
2511;6198;2;1.3001359969807105E7
2512;6200;2;1.3001359969807105E7
2513;6201;1;1.3001359969807105E7
2514;6203;2;1.3001359969807105E7
2515;6206;3;1.3001359969807105E7
2516;6207;1;1.3001359969807105E7
2517;6209;2;1.3001359969807105E7
2518;6210;1;1.3001359969807105E7
2519;6212;2;1.3001359969807105E7
2520;6214;2;1.3001359969807105E7
2521;6214;0;1.3001359969807105E7
2522;6215;1;1.3001359969807105E7
2523;6217;2;1.3001359969807105E7
2524;6217;0;1.3001359969807105E7
2525;6218;1;1.3001359969807105E7
2526;6220;2;1.3001359969807105E7
2527;6221;1;1.3001359969807105E7
2528;6222;1;1.3001359969807105E7
2529;6223;1;1.3001359969807105E7
2530;6225;2;1.3001359969807105E7
2531;6226;1;1.3001359969807105E7
2532;6227;1;1.3001359969807105E7
2533;6230;3;1.3001359969807105E7
2534;6232;2;1.3001359969807105E7
2535;6236;4;1.3001359969807105E7
2536;6238;2;1.3001359969807105E7
2537;6239;1;1.3001359969807105E7
2538;6241;2;1.3001359969807105E7
2539;6244;3;1.3001359969807105E7
2540;6246;2;1.3001359969807105E7
2541;6248;2;1.3001359969807105E7
2542;6249;1;1.3001359969807105E7
2543;6251;2;1.3001359969807105E7
2544;6253;2;1.3001359969807105E7
2545;6255;2;1.3001359969807105E7
2546;6256;1;1.3001359969807105E7
2547;6258;2;1.3001359969807105E7
2548;6260;2;1.3001359969807105E7
2549;6260;0;1.3001359969807105E7
2550;6263;3;1.3001359969807105E7
2551;6263;0;1.3001359969807105E7
2552;6264;1;1.3001359969807105E7
2553;6266;2;1.3001359969807105E7
2554;6267;1;1.3001359969807105E7
2555;6270;3;1.3001359969807105E7
2556;6272;2;1.3001359969807105E7
2557;6274;2;1.3001359969807105E7
2558;6278;4;1.3001359969807105E7
2559;6281;3;1.3001359969807105E7
2560;6282;1;1.3001359969807105E7
2561;6283;1;1.3001359969807105E7
2562;6287;4;1.3001359969807105E7
2563;6289;2;1.3001359969807105E7
2564;6293;4;1.3001359969807105E7
2565;6297;4;1.3001359969807105E7
2566;6300;3;1.3001359969807105E7
2567;6305;5;1.3001359969807105E7
2568;6306;1;1.3001359969807105E7
2569;6309;3;1.3001359969807105E7
2570;6311;2;1.3001359969807105E7
2571;6313;2;1.3001359969807105E7
2572;6316;3;1.3001359969807105E7
2573;6316;0;1.3001359969807105E7
2574;6317;1;1.3001359969807105E7
2575;6319;2;1.3001359969807105E7
2576;6321;2;1.3001359969807105E7
2577;6322;1;1.3001359969807105E7
2578;6325;3;1.3001359969807105E7
2579;6326;1;1.3001359969807105E7
2580;6328;2;1.3001359969807105E7
2581;6329;1;1.3001359969807105E7
2582;6331;2;1.3001359969807105E7
2583;6332;1;1.3001359969807105E7
2584;6337;5;1.3001359969807105E7
2585;6340;3;1.3001359969807105E7
2586;6343;3;1.3001359969807105E7
2587;6346;3;1.3001359969807105E7
2588;6350;4;1.3001359969807105E7
2589;6354;4;1.3001359969807105E7
2590;6358;4;1.3001359969807105E7
2591;6363;5;1.3001359969807105E7
2592;6367;4;1.3001359969807105E7
2593;6371;4;1.3001359969807105E7
2594;6373;2;1.3001359969807105E7
2595;6378;5;1.3001359969807105E7
2596;6381;3;1.3001359969807105E7
2597;6385;4;1.3001359969807105E7
2598;6389;4;1.3001359969807105E7
2599;6392;3;1.3001359969807105E7
2600;6397;5;1.3001359969807105E7
2601;6402;5;1.3001359969807105E7
2602;6405;3;1.3001359969807105E7
2603;6406;1;1.3001359969807105E7
2604;6408;2;1.3001359969807105E7
2605;6411;3;1.3001359969807105E7
2606;6412;1;1.3001359969807105E7
2607;6415;3;1.3001359969807105E7
2608;6418;3;1.3001359969807105E7
2609;6425;7;1.3001359969807105E7
2610;6429;4;1.3001359969807105E7
2611;6432;3;1.3001359969807105E7
2612;6439;7;1.3001359969807105E7
2613;6442;3;1.3001359969807105E7
2614;6447;5;1.3001359969807105E7
2615;6451;4;1.3001359969807105E7
2616;6453;2;1.3001359969807105E7
2617;6456;3;1.3001359969807105E7
2618;6464;8;1.3001359969807105E7
2619;6469;5;1.3001359969807105E7
2620;6473;4;1.3001359969807105E7
2621;6476;3;1.3001359969807105E7
2622;6477;1;1.3001359969807105E7
2623;6480;3;1.3001359969807105E7
2624;6485;5;1.3001359969807105E7
2625;6488;3;1.3001359969807105E7
2626;6491;3;1.3001359969807105E7
2627;6493;2;1.3001359969807105E7
2628;6494;1;1.3001359969807105E7
2629;6496;2;1.3001359969807105E7
2630;6497;1;1.3001359969807105E7
2631;6500;3;1.3001359969807105E7
2632;6502;2;1.3001359969807105E7
2633;6509;7;1.3001359969807105E7
2634;6513;4;1.3001359969807105E7
2635;6517;4;1.3001359969807105E7
2636;6520;3;1.3001359969807105E7
2637;6521;1;1.3001359969807105E7
2638;6525;4;1.3001359969807105E7
2639;6527;2;1.3001359969807105E7
2640;6532;5;1.3001359969807105E7
2641;6538;6;1.3001359969807105E7
2642;6543;5;1.3001359969807105E7
2643;6546;3;1.3001359969807105E7
2644;6550;4;1.3001359969807105E7
2645;6555;5;1.3001359969807105E7
2646;6559;4;1.3001359969807105E7
2647;6563;4;1.3001359969807105E7
2648;6567;4;1.3001359969807105E7
2649;6570;3;1.3001359969807105E7
2650;6573;3;1.3001359969807105E7
2651;6576;3;1.3001359969807105E7
2652;6581;5;1.3001359969807105E7
2653;6586;5;1.3001359969807105E7
2654;6590;4;1.3001359969807105E7
2655;6594;4;1.3001359969807105E7
2656;6598;4;1.3001359969807105E7
2657;6604;6;1.3001359969807105E7
2658;6605;1;1.3001359969807105E7
2659;6609;4;1.3001359969807105E7
2660;6613;4;1.3001359969807105E7
2661;6617;4;1.3001359969807105E7
2662;6619;2;1.3001359969807105E7
2663;6623;4;1.3001359969807105E7
2664;6626;3;1.3001359969807105E7
2665;6628;2;1.3001359969807105E7
2666;6631;3;1.3001359969807105E7
2667;6636;5;1.3001359969807105E7
2668;6637;1;1.3001359969807105E7
2669;6639;2;1.3001359969807105E7
2670;6643;4;1.3001359969807105E7
2671;6647;4;1.3001359969807105E7
2672;6653;6;1.3001359969807105E7
2673;6656;3;1.3001359969807105E7
2674;6660;4;1.3001359969807105E7
2675;6664;4;1.3001359969807105E7
2676;6670;6;1.3001359969807105E7
2677;6672;2;1.3001359969807105E7
2678;6676;4;1.3001359969807105E7
2679;6679;3;1.3001359969807105E7
2680;6682;3;1.3001359969807105E7
2681;6684;2;1.3001359969807105E7
2682;6687;3;1.3001359969807105E7
2683;6695;8;1.3001359969807105E7
2684;6696;1;1.3001359969807105E7
2685;6698;2;1.3001359969807105E7
2686;6701;3;1.3001359969807105E7
2687;6704;3;1.3001359969807105E7
2688;6706;2;1.3001359969807105E7
2689;6709;3;1.3001359969807105E7
2690;6713;4;1.3001359969807105E7
2691;6715;2;1.3001359969807105E7
2692;6719;4;1.3001359969807105E7
2693;6722;3;1.3001359969807105E7
2694;6726;4;1.3001330155898266E7
2695;6727;1;1.3001330155898266E7
2696;6731;4;1.3001330155898266E7
2697;6736;5;1.3001318871595044E7
2698;6739;3;1.3001318871595044E7
2699;6741;2;1.3001318871595044E7
2700;6744;3;1.3001318871595044E7
2701;6745;1;1.300131483090693E7
2702;6747;2;1.300131483090693E7
2703;6750;3;1.300131483090693E7
2704;6753;3;1.300131483090693E7
2705;6756;3;1.300131483090693E7
2706;6758;2;1.300131483090693E7
2707;6762;4;1.300131483090693E7
2708;6766;4;1.3001314144942509E7
2709;6774;8;1.3001314144942509E7
2710;6776;2;1.3001314144942509E7
2711;6780;4;1.3001314144942509E7
2712;6783;3;1.3001314144942509E7
2713;6788;5;1.3001314144942509E7
2714;6789;1;1.3001314144942509E7
2715;6792;3;1.3001314003296087E7
2716;6794;2;1.3001314003296087E7
2717;6797;3;1.3001314003296087E7
2718;6800;3;1.3001309879097626E7
2719;6801;1;1.3001309879097626E7
2720;6805;4;1.3001309879097626E7
2721;6809;4;1.3001309879097626E7
2722;6813;4;1.3001309879097626E7
2723;6816;3;1.3001309879097626E7
2724;6820;4;1.3001309879097626E7
2725;6821;1;1.3001309879097626E7
2726;6822;1;1.3001309879097626E7
2727;6824;2;1.3001309879097626E7
2728;6828;4;1.3001309879097626E7
2729;6830;2;1.3001309879097626E7
2730;6831;1;1.3001309879097626E7
2731;6837;6;1.3001309879097626E7
2732;6839;2;1.3001309879097626E7
2733;6841;2;1.3001309879097626E7
2734;6842;1;1.3001309879097626E7
2735;6845;3;1.3001309879097626E7
2736;6847;2;1.3001309879097626E7
2737;6849;2;1.3001309879097626E7
2738;6851;2;1.3001309879097626E7
2739;6854;3;1.3001309879097626E7
2740;6858;4;1.3001309879097626E7
2741;6861;3;1.3001309879097626E7
2742;6863;2;1.3001309879097626E7
2743;6868;5;1.3001309879097626E7
2744;6874;6;1.3001309879097626E7
2745;6879;5;1.3001309879097626E7
2746;6882;3;1.3001309879097626E7
2747;6883;1;1.3001309879097626E7
2748;6885;2;1.3001309879097626E7
2749;6889;4;1.3001309879097626E7
2750;6894;5;1.3001309879097626E7
2751;6901;7;1.3001309879097626E7
2752;6903;2;1.3001309879097626E7
2753;6905;2;1.3001309879097626E7
2754;6909;4;1.3001309879097626E7
2755;6911;2;1.3001309879097626E7
2756;6914;3;1.3001309879097626E7
2757;6917;3;1.3001308134714281E7
2758;6920;3;1.3001308134714281E7
2759;6924;4;1.3001308134714281E7
2760;6927;3;1.3001307975037562E7
2761;6930;3;1.3001307975037562E7
2762;6931;1;1.3001307975037562E7
2763;6938;7;1.3001307975037562E7
2764;6940;2;1.3001307975037562E7
2765;6944;4;1.3001307975037562E7
2766;6945;1;1.3001307975037562E7
2767;6947;2;1.3001307975037562E7
2768;6952;5;1.3001307975037562E7
2769;6960;8;1.3001307975037562E7
2770;6965;5;1.3001307975037562E7
2771;6972;7;1.3001307975037562E7
2772;6979;7;1.3001307975037562E7
2773;6984;5;1.3001307975037562E7
2774;6988;4;1.3001307975037562E7
2775;6991;3;1.3001307975037562E7
2776;6993;2;1.3001307975037562E7
2777;6997;4;1.3001307975037562E7
2778;6999;2;1.3001307975037562E7
2779;7003;4;1.3001307119961118E7
2780;7008;5;1.3001307119961118E7
2781;7011;3;1.3001307119961118E7
2782;7013;2;1.3001307119961118E7
2783;7015;2;1.3001307119961118E7
2784;7017;2;1.3001307119961118E7
2785;7021;4;1.3001307119961118E7
2786;7023;2;1.3001307119961118E7
2787;7028;5;1.3001307119961118E7
2788;7030;2;1.3001307119961118E7
2789;7033;3;1.3001307119961118E7
2790;7034;1;1.3001307119961118E7
2791;7039;5;1.3001307119961118E7
2792;7040;1;1.3001307119961118E7
2793;7043;3;1.3001307119961118E7
2794;7047;4;1.3001307119961118E7
2795;7050;3;1.3001307119961118E7
2796;7055;5;1.3001307119961118E7
2797;7058;3;1.3001307119961118E7
2798;7060;2;1.3001307119961118E7
2799;7065;5;1.3001307119961118E7
2800;7070;5;1.3001307119961118E7
2801;7072;2;1.3001307119961118E7
2802;7074;2;1.3001307119961118E7
2803;7077;3;1.3001307119961118E7
2804;7080;3;1.3001307119961118E7
2805;7084;4;1.3001307119961118E7
2806;7088;4;1.3001307119961118E7
2807;7090;2;1.3001307119961118E7
2808;7094;4;1.3001307119961118E7
2809;7096;2;1.3001307119961118E7
2810;7099;3;1.3001307119961118E7
2811;7103;4;1.3001307119961118E7
2812;7105;2;1.3001307119961118E7
2813;7108;3;1.3001307119961118E7
2814;7111;3;1.3001307119961118E7
2815;7114;3;1.3001307119961118E7
2816;7115;1;1.3001307119961118E7
2817;7120;5;1.3001307119961118E7
2818;7123;3;1.3001307119961118E7
2819;7125;2;1.3001307119961118E7
2820;7127;2;1.3001307119961118E7
2821;7130;3;1.3001307119961118E7
2822;7133;3;1.3001307119961118E7
2823;7137;4;1.3001307119961118E7
2824;7139;2;1.3001307119961118E7
2825;7142;3;1.3001307119961118E7
2826;7144;2;1.3001307119961118E7
2827;7147;3;1.3001307119961118E7
2828;7149;2;1.3001307119961118E7
2829;7153;4;1.3001307119961118E7
2830;7154;1;1.3001307119961118E7
2831;7162;8;1.3001307119961118E7
2832;7168;6;1.3001307119961118E7
2833;7174;6;1.3001307119961118E7
2834;7178;4;1.3001307119961118E7
2835;7187;9;1.3001307119961118E7
2836;7190;3;1.3001307119961118E7
2837;7191;1;1.3001307119961118E7
2838;7192;1;1.3001307119961118E7
2839;7196;4;1.3001307119961118E7
2840;7197;1;1.3001307119961118E7
2841;7203;6;1.3001307119961118E7
2842;7206;3;1.3001307119961118E7
2843;7208;2;1.3001307119961118E7
2844;7210;2;1.3001307119961118E7
2845;7211;1;1.3001307119961118E7
2846;7211;0;1.3001307119961118E7
2847;7214;3;1.3001307119961118E7
2848;7216;2;1.3001307119961118E7
2849;7220;4;1.3001307119961118E7
2850;7223;3;1.3001307119961118E7
2851;7226;3;1.3001307119961118E7
2852;7229;3;1.3001307119961118E7
2853;7233;4;1.3001307119961118E7
2854;7238;5;1.3001307119961118E7
2855;7242;4;1.3001307119961118E7
2856;7245;3;1.3001307119961118E7
2857;7247;2;1.3001307119961118E7
2858;7251;4;1.3001307119961118E7
2859;7255;4;1.3001305941631125E7
2860;7258;3;1.3001305941631125E7
2861;7260;2;1.3001305941631125E7
2862;7264;4;1.3001305941631125E7
2863;7267;3;1.3001305941631125E7
2864;7269;2;1.3001305941631125E7
2865;7276;7;1.3001305941631125E7
2866;7279;3;1.3001305941631125E7
2867;7283;4;1.3001305941631125E7
2868;7288;5;1.3001305941631125E7
2869;7290;2;1.3001305941631125E7
2870;7293;3;1.3001302793779036E7
2871;7294;1;1.3001302793779036E7
2872;7298;4;1.3001302793779036E7
2873;7299;1;1.3001302793779036E7
2874;7302;3;1.300130276236966E7
2875;7304;2;1.300130276236966E7
2876;7305;1;1.300130276236966E7
2877;7307;2;1.300130276236966E7
2878;7308;1;1.300130276236966E7
2879;7308;0;1.300130276236966E7
2880;7309;1;1.300130276236966E7
2881;7309;0;1.300130276236966E7
2882;7311;2;1.300130276236966E7
2883;7314;3;1.300130276236966E7
2884;7315;1;1.300130276236966E7
2885;7318;3;1.300130276236966E7
2886;7321;3;1.300130276236966E7
2887;7321;0;1.300130276236966E7
2888;7323;2;1.300130276236966E7
2889;7324;1;1.300130276236966E7
2890;7326;2;1.300130276236966E7
2891;7327;1;1.300130276236966E7
2892;7330;3;1.300130276236966E7
2893;7331;1;1.300130276236966E7
2894;7335;4;1.300130276236966E7
2895;7336;1;1.300130276236966E7
2896;7339;3;1.300130276236966E7
2897;7341;2;1.300130276236966E7
2898;7343;2;1.300130276236966E7
2899;7345;2;1.3001295484669087E7
2900;7347;2;1.3001295484669087E7
2901;7349;2;1.3001295484669087E7
2902;7354;5;1.3001295484669087E7
2903;7356;2;1.3001295484669087E7
2904;7358;2;1.3001295484669087E7
2905;7361;3;1.3001295484669087E7
2906;7362;1;1.3001295484669087E7
2907;7365;3;1.3001295484669087E7
2908;7369;4;1.3001295484669087E7
2909;7372;3;1.3001295484669087E7
2910;7373;1;1.3001295484669087E7
2911;7376;3;1.3001295484669087E7
2912;7379;3;1.3001294730246255E7
2913;7381;2;1.3001294730246255E7
2914;7384;3;1.3001294730246255E7
2915;7386;2;1.3001294730246255E7
2916;7388;2;1.3001294730246255E7
2917;7390;2;1.3001294730246255E7
2918;7393;3;1.3001294730246255E7
2919;7393;0;1.3001294730246255E7
2920;7395;2;1.3001294730246255E7
2921;7397;2;1.3001294730246255E7
2922;7400;3;1.3001294730246255E7
2923;7402;2;1.3001294730246255E7
2924;7404;2;1.3001294730246255E7
2925;7406;2;1.3001294730246255E7
2926;7408;2;1.3001294730246255E7
2927;7410;2;1.3001294730246255E7
2928;7412;2;1.3001294730246255E7
2929;7415;3;1.3001294730246255E7
2930;7418;3;1.3001294730246255E7
2931;7419;1;1.3001294730246255E7
2932;7421;2;1.3001294730246255E7
2933;7423;2;1.3001294730246255E7
2934;7426;3;1.3001294730246255E7
2935;7427;1;1.3001294730246255E7
2936;7429;2;1.3001293779029967E7
2937;7431;2;1.3001293779029967E7
2938;7434;3;1.3001293779029967E7
2939;7437;3;1.3001292230179718E7
2940;7438;1;1.3001292076651463E7
2941;7441;3;1.3001292076651463E7
2942;7441;0;1.3001292076651463E7
2943;7443;2;1.3001292076651463E7
2944;7445;2;1.3001292076651463E7
2945;7448;3;1.3001292076651463E7
2946;7450;2;1.3001292076651463E7
2947;7453;3;1.3001292076651463E7
2948;7455;2;1.3001292076651463E7
2949;7458;3;1.3001292076651463E7
2950;7460;2;1.3001292076651463E7
2951;7462;2;1.3001292076651463E7
2952;7464;2;1.3001292076651463E7
2953;7467;3;1.3001292076651463E7
2954;7470;3;1.3001292076651463E7
2955;7472;2;1.3001292076651463E7
2956;7474;2;1.3001292076651463E7
2957;7475;1;1.3001292076651463E7
2958;7476;1;1.3001292076651463E7
2959;7479;3;1.3001292076651463E7
2960;7480;1;1.3001292076651463E7
2961;7482;2;1.3001292076651463E7
2962;7485;3;1.3001292076651463E7
2963;7487;2;1.3001292076651463E7
2964;7489;2;1.3001292076651463E7
2965;7489;0;1.3001292076651463E7
2966;7490;1;1.3001292076651463E7
2967;7491;1;1.3001292076651463E7
2968;7492;1;1.3001292076651463E7
2969;7494;2;1.3001292076651463E7
2970;7497;3;1.3001292076651463E7
2971;7498;1;1.3001292076651463E7
2972;7501;3;1.3001292076651463E7
2973;7502;1;1.3001292076651463E7
2974;7503;1;1.3001292076651463E7
2975;7506;3;1.3001292076651463E7
2976;7509;3;1.3001292076651463E7
2977;7512;3;1.3001292076651463E7
2978;7514;2;1.3001292076651463E7
2979;7514;0;1.3001292076651463E7
2980;7518;4;1.3001292076651463E7
2981;7520;2;1.3001292076651463E7
2982;7521;1;1.3001292076651463E7
2983;7524;3;1.3001292076651463E7
2984;7525;1;1.3001292076651463E7
2985;7526;1;1.3001292076651463E7
2986;7530;4;1.3001292076651463E7
2987;7530;0;1.3001292076651463E7
2988;7533;3;1.3001292076651463E7
2989;7536;3;1.3001292076651463E7
2990;7537;1;1.3001292076651463E7
2991;7539;2;1.3001292076651463E7
2992;7541;2;1.3001292076651463E7
2993;7542;1;1.3001292076651463E7
2994;7545;3;1.3001292076651463E7
2995;7547;2;1.3001292076651463E7
2996;7549;2;1.3001292076651463E7
2997;7552;3;1.3001292076651463E7
2998;7554;2;1.3001292076651463E7
2999;7555;1;1.3001292076651463E7
