Index;Time point [ms];Iteration length [ms];Cost
0;5;5;1.8002501436769243E7
1;9;4;1.8002501436769243E7
2;12;3;1.8002501436769243E7
3;15;3;1.8002501436769243E7
4;18;3;1.8002501436769243E7
5;20;2;1.8002501436769243E7
6;22;2;1.8002501436769243E7
7;27;5;1.8002501436769243E7
8;30;3;1.8002268116624117E7
9;34;4;1.8002268116624117E7
10;37;3;1.8001951595787473E7
11;41;4;1.7002156012439407E7
12;46;5;1.7002156012439407E7
13;51;5;1.700205502606609E7
14;54;3;1.700205502606609E7
15;55;1;1.700205502606609E7
16;60;5;1.7002006109749712E7
17;62;2;1.7002006109749712E7
18;63;1;1.7002006109749712E7
19;66;3;1.7002006109749712E7
20;69;3;1.7002006109749712E7
21;72;3;1.7002006109749712E7
22;74;2;1.7002006109749712E7
23;77;3;1.7002006109749712E7
24;81;4;1.7002006109749712E7
25;83;2;1.7002006109749712E7
26;85;2;1.7002006109749712E7
27;90;5;1.7002006109749712E7
28;91;1;1.7002006109749712E7
29;94;3;1.7002006109749712E7
30;95;1;1.7002006109749712E7
31;99;4;1.7002006109749712E7
32;99;0;1.7002006109749712E7
33;102;3;1.7002006109749712E7
34;106;4;1.7002006109749712E7
35;110;4;1.7002006109749712E7
36;113;3;1.7002006109749712E7
37;115;2;1.7002006109749712E7
38;118;3;1.7001869858745225E7
39;120;2;1.7001869858745225E7
40;124;4;1.6001859459228018E7
41;128;4;1.6001859459228018E7
42;130;2;1.6001859459228018E7
43;133;3;1.6001859459228018E7
44;134;1;1.6001859459228018E7
45;137;3;1.6001859459228018E7
46;145;8;1.6001859459228018E7
47;146;1;1.6001859459228018E7
48;149;3;1.6001859459228018E7
49;150;1;1.6001859459228018E7
50;153;3;1.6001859459228018E7
51;157;4;1.6001859459228018E7
52;160;3;1.6001859459228018E7
53;162;2;1.6001859459228018E7
54;164;2;1.6001859459228018E7
55;167;3;1.6001859459228018E7
56;170;3;1.6001859459228018E7
57;175;5;1.6001859459228018E7
58;178;3;1.6001859459228018E7
59;181;3;1.6001859459228018E7
60;184;3;1.6001859459228018E7
61;187;3;1.6001859459228018E7
62;191;4;1.6001859459228018E7
63;195;4;1.6001859459228018E7
64;197;2;1.6001859459228018E7
65;200;3;1.6001859459228018E7
66;201;1;1.6001859459228018E7
67;201;0;1.6001859459228018E7
68;204;3;1.6001859459228018E7
69;206;2;1.6001859459228018E7
70;206;0;1.6001859459228018E7
71;207;1;1.6001859459228018E7
72;212;5;1.6001859459228018E7
73;215;3;1.6001859459228018E7
74;217;2;1.6001859459228018E7
75;219;2;1.6001859459228018E7
76;225;6;1.6001859459228018E7
77;229;4;1.6001859459228018E7
78;229;0;1.6001859459228018E7
79;233;4;1.6001859459228018E7
80;235;2;1.6001859459228018E7
81;239;4;1.6001859459228018E7
82;242;3;1.6001859459228018E7
83;245;3;1.6001859459228018E7
84;248;3;1.6001859459228018E7
85;251;3;1.6001859459228018E7
86;255;4;1.6001859459228018E7
87;257;2;1.6001859459228018E7
88;261;4;1.6001859459228018E7
89;265;4;1.6001859459228018E7
90;266;1;1.6001859459228018E7
91;268;2;1.6001859459228018E7
92;271;3;1.6001859459228018E7
93;275;4;1.6001859459228018E7
94;279;4;1.6001859459228018E7
95;280;1;1.6001859459228018E7
96;282;2;1.6001859459228018E7
97;286;4;1.6001859459228018E7
98;291;5;1.6001859459228018E7
99;294;3;1.6001859459228018E7
100;299;5;1.6001859459228018E7
101;301;2;1.6001859459228018E7
102;304;3;1.6001859459228018E7
103;308;4;1.6001859459228018E7
104;312;4;1.6001859459228018E7
105;315;3;1.6001859459228018E7
106;318;3;1.6001859459228018E7
107;320;2;1.6001859459228018E7
108;325;5;1.6001859459228018E7
109;328;3;1.6001859459228018E7
110;330;2;1.6001859459228018E7
111;334;4;1.6001859459228018E7
112;338;4;1.6001859459228018E7
113;342;4;1.6001859459228018E7
114;344;2;1.6001859459228018E7
115;348;4;1.6001859459228018E7
116;351;3;1.6001859459228018E7
117;352;1;1.6001859459228018E7
118;354;2;1.6001859459228018E7
119;358;4;1.6001859459228018E7
120;361;3;1.6001859459228018E7
121;364;3;1.6001859459228018E7
122;366;2;1.6001859459228018E7
123;369;3;1.6001794480252443E7
124;372;3;1.6001794480252443E7
125;374;2;1.6001794480252443E7
126;377;3;1.6001794480252443E7
127;380;3;1.6001794480252443E7
128;383;3;1.6001794480252443E7
129;384;1;1.6001794480252443E7
130;386;2;1.6001794480252443E7
131;389;3;1.6001794480252443E7
132;391;2;1.6001794480252443E7
133;394;3;1.6001794480252443E7
134;399;5;1.6001794480252443E7
135;405;6;1.6001794480252443E7
136;410;5;1.6001794480252443E7
137;416;6;1.6001794480252443E7
138;418;2;1.6001794480252443E7
139;420;2;1.6001794480252443E7
140;422;2;1.6001794480252443E7
141;423;1;1.6001794480252443E7
142;427;4;1.6001794480252443E7
143;429;2;1.6001794480252443E7
144;432;3;1.6001794480252443E7
145;434;2;1.6001794480252443E7
146;437;3;1.6001794480252443E7
147;438;1;1.6001794480252443E7
148;442;4;1.6001794480252443E7
149;445;3;1.50019439758311E7
150;446;1;1.5001939511635534E7
151;448;2;1.5001939511635534E7
152;450;2;1.5001939511635534E7
153;454;4;1.5001939511635534E7
154;455;1;1.5001939511635534E7
155;460;5;1.5001939511635534E7
156;464;4;1.5001939511635534E7
157;466;2;1.5001939511635534E7
158;469;3;1.5001939511635534E7
159;474;5;1.5001939511635534E7
160;478;4;1.5001939511635534E7
161;481;3;1.5001939511635534E7
162;484;3;1.5001939511635534E7
163;486;2;1.5001939511635534E7
164;489;3;1.5001939511635534E7
165;493;4;1.5001939511635534E7
166;495;2;1.5001939511635534E7
167;499;4;1.5001939511635534E7
168;501;2;1.5001939511635534E7
169;503;2;1.5001939511635534E7
170;505;2;1.5001939511635534E7
171;508;3;1.5001939511635534E7
172;509;1;1.5001939511635534E7
173;511;2;1.5001939511635534E7
174;516;5;1.5001939511635534E7
175;518;2;1.5001939511635534E7
176;522;4;1.5001939511635534E7
177;526;4;1.5001939511635534E7
178;526;0;1.5001939511635534E7
179;529;3;1.5001939511635534E7
180;531;2;1.5001939511635534E7
181;535;4;1.5001939511635534E7
182;539;4;1.5001939511635534E7
183;543;4;1.5001939511635534E7
184;543;0;1.5001939511635534E7
185;546;3;1.5001939511635534E7
186;549;3;1.5001939511635534E7
187;552;3;1.5001939511635534E7
188;554;2;1.5001939511635534E7
189;559;5;1.5001939511635534E7
190;562;3;1.5001939511635534E7
191;563;1;1.5001939511635534E7
192;564;1;1.5001939511635534E7
193;569;5;1.5001939511635534E7
194;576;7;1.5001939511635534E7
195;582;6;1.5001939511635534E7
196;584;2;1.5001939511635534E7
197;589;5;1.5001939511635534E7
198;595;6;1.5001939511635534E7
199;598;3;1.5001939511635534E7
200;603;5;1.5001939511635534E7
201;609;6;1.5001939511635534E7
202;616;7;1.5001939511635534E7
203;621;5;1.5001939511635534E7
204;627;6;1.5001939511635534E7
205;633;6;1.5001939511635534E7
206;638;5;1.5001939511635534E7
207;644;6;1.5001939511635534E7
208;647;3;1.5001939511635534E7
209;656;9;1.5001939511635534E7
210;660;4;1.5001939511635534E7
211;665;5;1.5001939511635534E7
212;669;4;1.5001939511635534E7
213;675;6;1.5001939511635534E7
214;678;3;1.5001939511635534E7
215;681;3;1.5001939511635534E7
216;685;4;1.5001939511635534E7
217;688;3;1.5001939511635534E7
218;695;7;1.5001939511635534E7
219;696;1;1.5001939511635534E7
220;702;6;1.50017763757307E7
221;703;1;1.5001772230983054E7
222;707;4;1.5001772230983054E7
223;710;3;1.5001772230983054E7
224;714;4;1.500177172383502E7
225;718;4;1.500177172383502E7
226;725;7;1.500177172383502E7
227;727;2;1.500177172383502E7
228;731;4;1.500177172383502E7
229;734;3;1.500177172383502E7
230;738;4;1.500177172383502E7
231;740;2;1.500177172383502E7
232;741;1;1.500177172383502E7
233;743;2;1.500177172383502E7
234;746;3;1.500177172383502E7
235;749;3;1.500177172383502E7
236;750;1;1.500177172383502E7
237;750;0;1.500177172383502E7
238;753;3;1.500177172383502E7
239;759;6;1.500177172383502E7
240;763;4;1.500177172383502E7
241;765;2;1.500177172383502E7
242;767;2;1.500177172383502E7
243;769;2;1.500177172383502E7
244;771;2;1.500177172383502E7
245;773;2;1.500177172383502E7
246;777;4;1.500177172383502E7
247;779;2;1.500177172383502E7
248;781;2;1.500177172383502E7
249;786;5;1.500177172383502E7
250;789;3;1.500177172383502E7
251;792;3;1.500177172383502E7
252;797;5;1.500177172383502E7
253;800;3;1.500177172383502E7
254;802;2;1.500177172383502E7
255;804;2;1.500177172383502E7
256;808;4;1.500177172383502E7
257;808;0;1.500177172383502E7
258;812;4;1.500177172383502E7
259;813;1;1.500177172383502E7
260;816;3;1.500177172383502E7
261;819;3;1.500177172383502E7
262;822;3;1.500177172383502E7
263;826;4;1.500177172383502E7
264;828;2;1.500177172383502E7
265;830;2;1.500177172383502E7
266;833;3;1.500177172383502E7
267;836;3;1.500177172383502E7
268;838;2;1.500177172383502E7
269;840;2;1.500177172383502E7
270;843;3;1.500177172383502E7
271;845;2;1.500177172383502E7
272;848;3;1.500177172383502E7
273;852;4;1.500177172383502E7
274;854;2;1.500177172383502E7
275;857;3;1.500177172383502E7
276;860;3;1.500177172383502E7
277;862;2;1.500177172383502E7
278;864;2;1.500177172383502E7
279;866;2;1.500177172383502E7
280;868;2;1.500177172383502E7
281;870;2;1.500177172383502E7
282;872;2;1.500177172383502E7
283;875;3;1.500177172383502E7
284;877;2;1.500177172383502E7
285;881;4;1.500177172383502E7
286;883;2;1.500177172383502E7
287;887;4;1.500177172383502E7
288;887;0;1.500177172383502E7
289;888;1;1.500177172383502E7
290;889;1;1.500177172383502E7
291;893;4;1.500177172383502E7
292;897;4;1.500177172383502E7
293;902;5;1.500177172383502E7
294;906;4;1.500177172383502E7
295;910;4;1.500177172383502E7
296;913;3;1.500177172383502E7
297;916;3;1.500177172383502E7
298;918;2;1.500177172383502E7
299;921;3;1.500177172383502E7
300;923;2;1.500177172383502E7
301;927;4;1.500177172383502E7
302;928;1;1.500177172383502E7
303;930;2;1.500177172383502E7
304;932;2;1.500177172383502E7
305;932;0;1.500177172383502E7
306;934;2;1.500177172383502E7
307;936;2;1.500177172383502E7
308;938;2;1.500177172383502E7
309;939;1;1.500177172383502E7
310;943;4;1.500177172383502E7
311;945;2;1.500177172383502E7
312;947;2;1.500177172383502E7
313;950;3;1.500177172383502E7
314;952;2;1.500177172383502E7
315;954;2;1.500177172383502E7
316;957;3;1.500177172383502E7
317;958;1;1.500177172383502E7
318;960;2;1.500177172383502E7
319;962;2;1.500177172383502E7
320;962;0;1.500177172383502E7
321;963;1;1.500177172383502E7
322;967;4;1.500177172383502E7
323;968;1;1.500177172383502E7
324;971;3;1.500177172383502E7
325;974;3;1.500177172383502E7
326;979;5;1.500177172383502E7
327;982;3;1.500177172383502E7
328;983;1;1.500177172383502E7
329;986;3;1.500177172383502E7
330;987;1;1.500177172383502E7
331;988;1;1.500177172383502E7
332;988;0;1.500177172383502E7
333;991;3;1.500177172383502E7
334;992;1;1.500177172383502E7
335;995;3;1.500177172383502E7
336;997;2;1.500177172383502E7
337;1000;3;1.500177172383502E7
338;1003;3;1.500177172383502E7
339;1006;3;1.500177172383502E7
340;1009;3;1.500177172383502E7
341;1010;1;1.500177172383502E7
342;1012;2;1.500177172383502E7
343;1014;2;1.500177172383502E7
344;1015;1;1.500177172383502E7
345;1016;1;1.500177172383502E7
346;1019;3;1.500177172383502E7
347;1024;5;1.500177172383502E7
348;1027;3;1.500177172383502E7
349;1030;3;1.500177172383502E7
350;1033;3;1.500177172383502E7
351;1034;1;1.500177172383502E7
352;1037;3;1.500177172383502E7
353;1037;0;1.500177172383502E7
354;1038;1;1.500177172383502E7
355;1039;1;1.500177172383502E7
356;1043;4;1.500177172383502E7
357;1044;1;1.500177172383502E7
358;1048;4;1.500177172383502E7
359;1052;4;1.500177172383502E7
360;1056;4;1.500177172383502E7
361;1058;2;1.500177172383502E7
362;1058;0;1.500177172383502E7
363;1060;2;1.500177172383502E7
364;1063;3;1.500177172383502E7
365;1065;2;1.500177172383502E7
366;1068;3;1.500177172383502E7
367;1071;3;1.500177172383502E7
368;1075;4;1.500177172383502E7
369;1078;3;1.500177172383502E7
370;1082;4;1.500177172383502E7
371;1082;0;1.500177172383502E7
372;1084;2;1.500177172383502E7
373;1087;3;1.500177172383502E7
374;1087;0;1.500177172383502E7
375;1091;4;1.500177172383502E7
376;1093;2;1.500177172383502E7
377;1094;1;1.500177172383502E7
378;1097;3;1.500177172383502E7
379;1100;3;1.500177172383502E7
380;1101;1;1.500177172383502E7
381;1105;4;1.500177172383502E7
382;1106;1;1.500177172383502E7
383;1107;1;1.500177172383502E7
384;1110;3;1.500177172383502E7
385;1113;3;1.500177172383502E7
386;1115;2;1.500177172383502E7
387;1116;1;1.500177172383502E7
388;1119;3;1.500177172383502E7
389;1124;5;1.500177172383502E7
390;1127;3;1.500177172383502E7
391;1129;2;1.500177172383502E7
392;1132;3;1.500177172383502E7
393;1136;4;1.500177172383502E7
394;1138;2;1.500177172383502E7
395;1143;5;1.500177172383502E7
396;1144;1;1.500177172383502E7
397;1147;3;1.500177172383502E7
398;1150;3;1.500177172383502E7
399;1152;2;1.500177172383502E7
400;1154;2;1.500177172383502E7
401;1156;2;1.500177172383502E7
402;1160;4;1.500177172383502E7
403;1164;4;1.500177172383502E7
404;1167;3;1.500177172383502E7
405;1171;4;1.500177172383502E7
406;1175;4;1.500177172383502E7
407;1181;6;1.500177172383502E7
408;1182;1;1.500177172383502E7
409;1185;3;1.500177172383502E7
410;1188;3;1.500177172383502E7
411;1190;2;1.500177172383502E7
412;1193;3;1.500177172383502E7
413;1196;3;1.500177172383502E7
414;1198;2;1.500177172383502E7
415;1199;1;1.500177172383502E7
416;1202;3;1.500177172383502E7
417;1205;3;1.500177172383502E7
418;1208;3;1.500177172383502E7
419;1210;2;1.500177172383502E7
420;1213;3;1.500177172383502E7
421;1215;2;1.500177172383502E7
422;1216;1;1.500177172383502E7
423;1220;4;1.500177172383502E7
424;1220;0;1.500177172383502E7
425;1223;3;1.500177172383502E7
426;1225;2;1.500177172383502E7
427;1228;3;1.500177172383502E7
428;1231;3;1.500177172383502E7
429;1234;3;1.500177172383502E7
430;1237;3;1.500177172383502E7
431;1239;2;1.500177172383502E7
432;1245;6;1.500177172383502E7
433;1246;1;1.500177172383502E7
434;1249;3;1.500177172383502E7
435;1251;2;1.500177172383502E7
436;1253;2;1.500177172383502E7
437;1256;3;1.500177172383502E7
438;1258;2;1.500177172383502E7
439;1261;3;1.500177172383502E7
440;1263;2;1.500177172383502E7
441;1265;2;1.500177172383502E7
442;1267;2;1.500177172383502E7
443;1269;2;1.500177172383502E7
444;1273;4;1.500177172383502E7
445;1275;2;1.500177172383502E7
446;1276;1;1.500177172383502E7
447;1279;3;1.500177172383502E7
448;1280;1;1.500177172383502E7
449;1281;1;1.500177172383502E7
450;1282;1;1.500177172383502E7
451;1286;4;1.500177172383502E7
452;1290;4;1.500177172383502E7
453;1294;4;1.500177172383502E7
454;1298;4;1.500177172383502E7
455;1299;1;1.500177172383502E7
456;1302;3;1.500177172383502E7
457;1305;3;1.500177172383502E7
458;1309;4;1.500177172383502E7
459;1309;0;1.500177172383502E7
460;1313;4;1.500177172383502E7
461;1313;0;1.500177172383502E7
462;1317;4;1.500177172383502E7
463;1320;3;1.500177172383502E7
464;1329;9;1.500177172383502E7
465;1333;4;1.500177172383502E7
466;1337;4;1.500177172383502E7
467;1340;3;1.500177172383502E7
468;1340;0;1.500177172383502E7
469;1343;3;1.500177172383502E7
470;1345;2;1.500177172383502E7
471;1348;3;1.500177172383502E7
472;1351;3;1.500177172383502E7
473;1354;3;1.500177172383502E7
474;1357;3;1.500177172383502E7
475;1358;1;1.500177172383502E7
476;1362;4;1.500177172383502E7
477;1365;3;1.500177172383502E7
478;1368;3;1.500177172383502E7
479;1372;4;1.500177172383502E7
480;1374;2;1.500177172383502E7
481;1377;3;1.500177172383502E7
482;1380;3;1.500177172383502E7
483;1380;0;1.500177172383502E7
484;1381;1;1.500177172383502E7
485;1383;2;1.500177172383502E7
486;1384;1;1.500177172383502E7
487;1387;3;1.500177172383502E7
488;1390;3;1.500177172383502E7
489;1393;3;1.500177172383502E7
490;1395;2;1.500177172383502E7
491;1398;3;1.500177172383502E7
492;1401;3;1.500177172383502E7
493;1404;3;1.500177172383502E7
494;1407;3;1.500177172383502E7
495;1408;1;1.500177172383502E7
496;1412;4;1.500177172383502E7
497;1415;3;1.500177172383502E7
498;1419;4;1.500177172383502E7
499;1422;3;1.500177172383502E7
500;1423;1;1.500177172383502E7
501;1427;4;1.500177172383502E7
502;1430;3;1.500177172383502E7
503;1432;2;1.500177172383502E7
504;1433;1;1.500177172383502E7
505;1436;3;1.500177172383502E7
506;1439;3;1.500177172383502E7
507;1442;3;1.500177172383502E7
508;1443;1;1.500177172383502E7
509;1447;4;1.500177172383502E7
510;1452;5;1.500177172383502E7
511;1454;2;1.500177172383502E7
512;1458;4;1.500177172383502E7
513;1459;1;1.500177172383502E7
514;1460;1;1.500177172383502E7
515;1463;3;1.500177172383502E7
516;1466;3;1.500177172383502E7
517;1468;2;1.500177172383502E7
518;1470;2;1.500177172383502E7
519;1472;2;1.500177172383502E7
520;1475;3;1.500177172383502E7
521;1475;0;1.500177172383502E7
522;1477;2;1.500177172383502E7
523;1480;3;1.500177172383502E7
524;1482;2;1.500177172383502E7
525;1484;2;1.5001754268732581E7
526;1485;1;1.5001751763844525E7
527;1488;3;1.5001751763844525E7
528;1492;4;1.5001751763844525E7
529;1494;2;1.5001751763844525E7
530;1498;4;1.5001751763844525E7
531;1501;3;1.5001751763844525E7
532;1503;2;1.5001751763844525E7
533;1506;3;1.5001751763844525E7
534;1510;4;1.5001751763844525E7
535;1512;2;1.5001751763844525E7
536;1512;0;1.5001751763844525E7
537;1516;4;1.5001751763844525E7
538;1517;1;1.5001751763844525E7
539;1520;3;1.5001751763844525E7
540;1522;2;1.5001751763844525E7
541;1526;4;1.5001751763844525E7
542;1528;2;1.5001751763844525E7
543;1532;4;1.5001751763844525E7
544;1534;2;1.5001751763844525E7
545;1536;2;1.5001751763844525E7
546;1540;4;1.5001751763844525E7
547;1543;3;1.5001751763844525E7
548;1545;2;1.5001747644130843E7
549;1546;1;1.5001747644130843E7
550;1549;3;1.5001747644130843E7
551;1552;3;1.5001747644130843E7
552;1555;3;1.5001747644130843E7
553;1556;1;1.5001747644130843E7
554;1557;1;1.5001747644130843E7
555;1561;4;1.5001747644130843E7
556;1564;3;1.5001747644130843E7
557;1564;0;1.5001747644130843E7
558;1567;3;1.5001747644130843E7
559;1569;2;1.5001747644130843E7
560;1573;4;1.5001747644130843E7
561;1575;2;1.5001747644130843E7
562;1578;3;1.5001747644130843E7
563;1579;1;1.5001747644130843E7
564;1581;2;1.5001747644130843E7
565;1584;3;1.5001747644130843E7
566;1587;3;1.5001747644130843E7
567;1590;3;1.5001747644130843E7
568;1593;3;1.5001747644130843E7
569;1594;1;1.5001747644130843E7
570;1598;4;1.5001747644130843E7
571;1602;4;1.5001747644130843E7
572;1602;0;1.5001747644130843E7
573;1604;2;1.5001747644130843E7
574;1605;1;1.5001747644130843E7
575;1608;3;1.5001747644130843E7
576;1612;4;1.5001747644130843E7
577;1615;3;1.5001747644130843E7
578;1618;3;1.5001747644130843E7
579;1620;2;1.5001747644130843E7
580;1623;3;1.5001747644130843E7
581;1624;1;1.5001747644130843E7
582;1627;3;1.5001747644130843E7
583;1629;2;1.5001747644130843E7
584;1631;2;1.5001747644130843E7
585;1632;1;1.5001747644130843E7
586;1635;3;1.5001747644130843E7
587;1637;2;1.5001747644130843E7
588;1638;1;1.5001747644130843E7
589;1641;3;1.5001747644130843E7
590;1644;3;1.5001747644130843E7
591;1644;0;1.5001747644130843E7
592;1646;2;1.5001747644130843E7
593;1649;3;1.5001747644130843E7
594;1651;2;1.5001747644130843E7
595;1653;2;1.5001747644130843E7
596;1656;3;1.5001747644130843E7
597;1658;2;1.5001747644130843E7
598;1660;2;1.5001747644130843E7
599;1660;0;1.5001747644130843E7
600;1661;1;1.5001747644130843E7
601;1663;2;1.5001747644130843E7
602;1664;1;1.5001747644130843E7
603;1666;2;1.5001747644130843E7
604;1668;2;1.5001747644130843E7
605;1672;4;1.5001747644130843E7
606;1677;5;1.5001747644130843E7
607;1679;2;1.5001747644130843E7
608;1681;2;1.5001747644130843E7
609;1686;5;1.5001747644130843E7
610;1689;3;1.5001747644130843E7
611;1690;1;1.5001747644130843E7
612;1694;4;1.5001747644130843E7
613;1700;6;1.5001747644130843E7
614;1704;4;1.5001747644130843E7
615;1709;5;1.5001747644130843E7
616;1712;3;1.5001747644130843E7
617;1715;3;1.5001747644130843E7
618;1717;2;1.5001747644130843E7
619;1722;5;1.5001747644130843E7
620;1726;4;1.5001747644130843E7
621;1726;0;1.5001747644130843E7
622;1730;4;1.5001747644130843E7
623;1733;3;1.5001747644130843E7
624;1736;3;1.5001747644130843E7
625;1740;4;1.5001747644130843E7
626;1742;2;1.5001747644130843E7
627;1744;2;1.5001747644130843E7
628;1747;3;1.5001747644130843E7
629;1750;3;1.5001747644130843E7
630;1753;3;1.5001747644130843E7
631;1756;3;1.5001747644130843E7
632;1758;2;1.5001747644130843E7
633;1760;2;1.5001747644130843E7
634;1764;4;1.5001747644130843E7
635;1765;1;1.5001747644130843E7
636;1769;4;1.5001747644130843E7
637;1773;4;1.5001747644130843E7
638;1777;4;1.5001747644130843E7
639;1781;4;1.5001747644130843E7
640;1784;3;1.5001747644130843E7
641;1785;1;1.5001747644130843E7
642;1787;2;1.5001747644130843E7
643;1790;3;1.5001747644130843E7
644;1793;3;1.5001747644130843E7
645;1795;2;1.5001747644130843E7
646;1798;3;1.5001747644130843E7
647;1800;2;1.5001747644130843E7
648;1803;3;1.5001747644130843E7
649;1807;4;1.5001747644130843E7
650;1812;5;1.5001747644130843E7
651;1813;1;1.5001747644130843E7
652;1816;3;1.5001747644130843E7
653;1816;0;1.5001747644130843E7
654;1820;4;1.5001747644130843E7
655;1823;3;1.5001747644130843E7
656;1829;6;1.5001747644130843E7
657;1834;5;1.5001747644130843E7
658;1837;3;1.5001747644130843E7
659;1840;3;1.5001747644130843E7
660;1844;4;1.5001747644130843E7
661;1848;4;1.5001747644130843E7
662;1851;3;1.5001747644130843E7
663;1854;3;1.5001747644130843E7
664;1857;3;1.5001747644130843E7
665;1860;3;1.5001747644130843E7
666;1863;3;1.5001747644130843E7
667;1866;3;1.5001747644130843E7
668;1867;1;1.5001747644130843E7
669;1870;3;1.5001747644130843E7
670;1874;4;1.5001747644130843E7
671;1880;6;1.5001747644130843E7
672;1881;1;1.5001747644130843E7
673;1883;2;1.5001747644130843E7
674;1885;2;1.5001747644130843E7
675;1889;4;1.5001747644130843E7
676;1891;2;1.5001747644130843E7
677;1893;2;1.5001747644130843E7
678;1897;4;1.5001747644130843E7
679;1898;1;1.5001747644130843E7
680;1903;5;1.5001747644130843E7
681;1906;3;1.5001747644130843E7
682;1912;6;1.5001747644130843E7
683;1916;4;1.5001747644130843E7
684;1918;2;1.5001747644130843E7
685;1922;4;1.5001747644130843E7
686;1926;4;1.5001747644130843E7
687;1932;6;1.5001747644130843E7
688;1933;1;1.5001747644130843E7
689;1938;5;1.5001747644130843E7
690;1945;7;1.5001747644130843E7
691;1949;4;1.5001747644130843E7
692;1954;5;1.5001747644130843E7
693;1957;3;1.5001747644130843E7
694;1959;2;1.5001747644130843E7
695;1961;2;1.5001747644130843E7
696;1964;3;1.5001747644130843E7
697;1967;3;1.5001747644130843E7
698;1973;6;1.5001747644130843E7
699;1976;3;1.5001747644130843E7
700;1978;2;1.5001747644130843E7
701;1983;5;1.5001747644130843E7
702;1986;3;1.5001747644130843E7
703;1989;3;1.5001747644130843E7
704;1995;6;1.5001747644130843E7
705;1996;1;1.5001747644130843E7
706;1998;2;1.5001747644130843E7
707;1999;1;1.5001747644130843E7
708;2002;3;1.5001747644130843E7
709;2008;6;1.5001747644130843E7
710;2012;4;1.5001747644130843E7
711;2015;3;1.5001747644130843E7
712;2017;2;1.5001747644130843E7
713;2019;2;1.5001747644130843E7
714;2022;3;1.5001747644130843E7
715;2029;7;1.5001747644130843E7
716;2032;3;1.5001747644130843E7
717;2033;1;1.5001747644130843E7
718;2036;3;1.5001747644130843E7
719;2040;4;1.5001747644130843E7
720;2044;4;1.5001747644130843E7
721;2047;3;1.5001747644130843E7
722;2051;4;1.5001747644130843E7
723;2052;1;1.5001747644130843E7
724;2055;3;1.5001747644130843E7
725;2060;5;1.5001747644130843E7
726;2063;3;1.5001747644130843E7
727;2065;2;1.5001747644130843E7
728;2067;2;1.5001747644130843E7
729;2069;2;1.5001747644130843E7
730;2071;2;1.5001747644130843E7
731;2077;6;1.5001747644130843E7
732;2081;4;1.5001747644130843E7
733;2085;4;1.5001747644130843E7
734;2087;2;1.5001747644130843E7
735;2090;3;1.5001747644130843E7
736;2097;7;1.5001747644130843E7
737;2100;3;1.5001747644130843E7
738;2102;2;1.5001747644130843E7
739;2106;4;1.5001747644130843E7
740;2110;4;1.5001747644130843E7
741;2113;3;1.5001747644130843E7
742;2115;2;1.5001747644130843E7
743;2117;2;1.5001747644130843E7
744;2119;2;1.5001747644130843E7
745;2122;3;1.5001747644130843E7
746;2126;4;1.5001747644130843E7
747;2129;3;1.5001747644130843E7
748;2132;3;1.5001747644130843E7
749;2133;1;1.5001747644130843E7
750;2135;2;1.5001747644130843E7
751;2141;6;1.5001747644130843E7
752;2144;3;1.5001747644130843E7
753;2150;6;1.5001747644130843E7
754;2153;3;1.5001747644130843E7
755;2160;7;1.5001747644130843E7
756;2165;5;1.5001747644130843E7
757;2167;2;1.5001747644130843E7
758;2171;4;1.5001747644130843E7
759;2173;2;1.5001747644130843E7
760;2177;4;1.5001747644130843E7
761;2181;4;1.5001747644130843E7
762;2184;3;1.5001747644130843E7
763;2189;5;1.5001747644130843E7
764;2195;6;1.5001747644130843E7
765;2200;5;1.5001747644130843E7
766;2205;5;1.5001747644130843E7
767;2210;5;1.5001747644130843E7
768;2213;3;1.5001747644130843E7
769;2216;3;1.5001747644130843E7
770;2219;3;1.5001747644130843E7
771;2224;5;1.5001747644130843E7
772;2227;3;1.5001747644130843E7
773;2230;3;1.5001747644130843E7
774;2234;4;1.5001747644130843E7
775;2237;3;1.5001747644130843E7
776;2238;1;1.5001747644130843E7
777;2240;2;1.5001747644130843E7
778;2244;4;1.5001747644130843E7
779;2246;2;1.5001747644130843E7
780;2249;3;1.5001747644130843E7
781;2252;3;1.5001747644130843E7
782;2252;0;1.5001747644130843E7
783;2255;3;1.5001747644130843E7
784;2258;3;1.5001747644130843E7
785;2262;4;1.5001747644130843E7
786;2264;2;1.5001747644130843E7
787;2268;4;1.5001747644130843E7
788;2270;2;1.5001747644130843E7
789;2271;1;1.5001747644130843E7
790;2275;4;1.5001747644130843E7
791;2278;3;1.5001747644130843E7
792;2281;3;1.5001747644130843E7
793;2285;4;1.5001747644130843E7
794;2286;1;1.5001747644130843E7
795;2288;2;1.5001747644130843E7
796;2291;3;1.5001747644130843E7
797;2298;7;1.5001747644130843E7
798;2304;6;1.5001747644130843E7
799;2305;1;1.5001747644130843E7
800;2313;8;1.5001747644130843E7
801;2319;6;1.5001747644130843E7
802;2325;6;1.5001747644130843E7
803;2332;7;1.5001747644130843E7
804;2337;5;1.5001747644130843E7
805;2342;5;1.5001747644130843E7
806;2343;1;1.5001747644130843E7
807;2349;6;1.5001747644130843E7
808;2351;2;1.5001747644130843E7
809;2354;3;1.5001747644130843E7
810;2358;4;1.5001747644130843E7
811;2361;3;1.5001747644130843E7
812;2362;1;1.5001747644130843E7
813;2365;3;1.5001747644130843E7
814;2369;4;1.5001747644130843E7
815;2370;1;1.5001747644130843E7
816;2372;2;1.5001747644130843E7
817;2374;2;1.5001747644130843E7
818;2375;1;1.5001747644130843E7
819;2379;4;1.5001747644130843E7
820;2382;3;1.5001747644130843E7
821;2388;6;1.5001747644130843E7
822;2389;1;1.5001747644130843E7
823;2394;5;1.5001747644130843E7
824;2394;0;1.5001747644130843E7
825;2396;2;1.5001747644130843E7
826;2399;3;1.5001747644130843E7
827;2403;4;1.5001747644130843E7
828;2410;7;1.5001747644130843E7
829;2414;4;1.5001747644130843E7
830;2417;3;1.5001747644130843E7
831;2419;2;1.5001747644130843E7
832;2422;3;1.5001747644130843E7
833;2426;4;1.5001747644130843E7
834;2427;1;1.5001747644130843E7
835;2430;3;1.5001740298047101E7
836;2431;1;1.5001740298047101E7
837;2431;0;1.5001740298047101E7
838;2433;2;1.5001740298047101E7
839;2437;4;1.5001740298047101E7
840;2440;3;1.5001740298047101E7
841;2443;3;1.5001740298047101E7
842;2446;3;1.5001740298047101E7
843;2449;3;1.5001740298047101E7
844;2449;0;1.5001740298047101E7
845;2451;2;1.5001740298047101E7
846;2453;2;1.5001740298047101E7
847;2457;4;1.5001740298047101E7
848;2460;3;1.5001740298047101E7
849;2464;4;1.5001740298047101E7
850;2469;5;1.5001740298047101E7
851;2476;7;1.5001740298047101E7
852;2479;3;1.5001740298047101E7
853;2480;1;1.5001740298047101E7
854;2483;3;1.5001737077868901E7
855;2488;5;1.5001736905130211E7
856;2489;1;1.5001736905130211E7
857;2491;2;1.5001736905130211E7
858;2495;4;1.5001736905130211E7
859;2501;6;1.5001736905130211E7
860;2508;7;1.5001736905130211E7
861;2511;3;1.5001736905130211E7
862;2514;3;1.5001736905130211E7
863;2516;2;1.5001736905130211E7
864;2521;5;1.5001736905130211E7
865;2526;5;1.5001736905130211E7
866;2531;5;1.5001736905130211E7
867;2535;4;1.5001736905130211E7
868;2539;4;1.5001736905130211E7
869;2542;3;1.5001736905130211E7
870;2544;2;1.5001736905130211E7
871;2547;3;1.5001736905130211E7
872;2550;3;1.5001736905130211E7
873;2551;1;1.5001736905130211E7
874;2553;2;1.5001736905130211E7
875;2557;4;1.5001723164689247E7
876;2562;5;1.5001723164689247E7
877;2564;2;1.500171395393706E7
878;2566;2;1.5001705959489621E7
879;2567;1;1.5001705959489621E7
880;2568;1;1.5001705959489621E7
881;2569;1;1.5001705959489621E7
882;2572;3;1.5001705959489621E7
883;2575;3;1.5001705959489621E7
884;2578;3;1.5001705959489621E7
885;2582;4;1.5001705959489621E7
886;2584;2;1.5001705959489621E7
887;2585;1;1.5001705959489621E7
888;2589;4;1.5001705959489621E7
889;2591;2;1.5001705959489621E7
890;2592;1;1.5001705959489621E7
891;2595;3;1.5001705959489621E7
892;2598;3;1.5001705959489621E7
893;2600;2;1.5001705959489621E7
894;2602;2;1.5001705959489621E7
895;2604;2;1.5001705959489621E7
896;2608;4;1.5001705959489621E7
897;2610;2;1.5001705959489621E7
898;2611;1;1.5001705959489621E7
899;2613;2;1.5001705959489621E7
900;2616;3;1.5001705959489621E7
901;2617;1;1.5001705959489621E7
902;2619;2;1.5001705959489621E7
903;2622;3;1.5001705959489621E7
904;2624;2;1.5001705959489621E7
905;2627;3;1.5001705959489621E7
906;2630;3;1.5001705959489621E7
907;2636;6;1.5001705959489621E7
908;2637;1;1.5001705959489621E7
909;2640;3;1.5001705959489621E7
910;2642;2;1.5001705959489621E7
911;2644;2;1.5001705959489621E7
912;2647;3;1.5001705959489621E7
913;2650;3;1.5001705959489621E7
914;2650;0;1.5001705959489621E7
915;2654;4;1.5001705959489621E7
916;2657;3;1.5001705959489621E7
917;2663;6;1.5001705959489621E7
918;2665;2;1.5001705959489621E7
919;2667;2;1.5001705959489621E7
920;2667;0;1.5001705959489621E7
921;2669;2;1.5001705959489621E7
922;2672;3;1.5001705959489621E7
923;2675;3;1.5001705959489621E7
924;2678;3;1.5001705959489621E7
925;2681;3;1.5001705959489621E7
926;2681;0;1.5001705959489621E7
927;2684;3;1.5001705959489621E7
928;2686;2;1.5001705959489621E7
929;2692;6;1.5001705959489621E7
930;2693;1;1.5001705959489621E7
931;2694;1;1.5001705959489621E7
932;2698;4;1.5001705959489621E7
933;2702;4;1.5001705959489621E7
934;2703;1;1.5001705959489621E7
935;2709;6;1.5001705959489621E7
936;2712;3;1.5001705959489621E7
937;2714;2;1.5001705959489621E7
938;2718;4;1.5001705959489621E7
939;2721;3;1.5001705959489621E7
940;2723;2;1.5001705959489621E7
941;2725;2;1.5001705959489621E7
942;2727;2;1.5001705959489621E7
943;2728;1;1.5001705959489621E7
944;2729;1;1.5001705959489621E7
945;2732;3;1.5001705959489621E7
946;2735;3;1.5001705959489621E7
947;2737;2;1.5001705959489621E7
948;2739;2;1.5001705959489621E7
949;2741;2;1.5001705959489621E7
950;2743;2;1.5001705959489621E7
951;2746;3;1.5001705959489621E7
952;2747;1;1.5001705959489621E7
953;2749;2;1.5001705959489621E7
954;2752;3;1.5001705959489621E7
955;2757;5;1.5001705959489621E7
956;2762;5;1.5001705959489621E7
957;2764;2;1.5001705959489621E7
958;2766;2;1.5001705959489621E7
959;2769;3;1.5001705959489621E7
960;2774;5;1.5001705959489621E7
961;2777;3;1.5001705959489621E7
962;2779;2;1.5001705959489621E7
963;2780;1;1.5001705959489621E7
964;2783;3;1.5001705959489621E7
965;2783;0;1.5001705959489621E7
966;2786;3;1.5001705959489621E7
967;2789;3;1.5001705959489621E7
968;2791;2;1.5001705959489621E7
969;2793;2;1.5001705959489621E7
970;2793;0;1.5001705959489621E7
971;2796;3;1.5001705959489621E7
972;2801;5;1.5001705959489621E7
973;2806;5;1.5001705959489621E7
974;2809;3;1.5001705959489621E7
975;2812;3;1.5001705959489621E7
976;2814;2;1.5001705959489621E7
977;2817;3;1.5001705959489621E7
978;2822;5;1.5001705959489621E7
979;2825;3;1.5001705959489621E7
980;2828;3;1.5001705959489621E7
981;2828;0;1.5001705959489621E7
982;2830;2;1.5001705959489621E7
983;2833;3;1.5001705959489621E7
984;2835;2;1.5001705959489621E7
985;2838;3;1.5001705959489621E7
986;2842;4;1.5001705959489621E7
987;2844;2;1.5001705959489621E7
988;2847;3;1.5001705959489621E7
989;2848;1;1.5001705959489621E7
990;2851;3;1.5001705959489621E7
991;2854;3;1.5001705959489621E7
992;2859;5;1.5001705959489621E7
993;2861;2;1.5001705959489621E7
994;2863;2;1.5001705959489621E7
995;2864;1;1.5001705959489621E7
996;2865;1;1.5001705959489621E7
997;2867;2;1.5001705959489621E7
998;2870;3;1.5001705959489621E7
999;2872;2;1.5001705959489621E7
1000;2875;3;1.5001705959489621E7
1001;2879;4;1.5001705959489621E7
1002;2881;2;1.5001705959489621E7
1003;2882;1;1.5001705959489621E7
1004;2885;3;1.5001705959489621E7
1005;2890;5;1.5001705959489621E7
1006;2893;3;1.5001705959489621E7
1007;2896;3;1.5001705959489621E7
1008;2897;1;1.5001705959489621E7
1009;2900;3;1.5001705959489621E7
1010;2905;5;1.5001705959489621E7
1011;2908;3;1.5001705959489621E7
1012;2911;3;1.5001705959489621E7
1013;2911;0;1.5001705959489621E7
1014;2913;2;1.5001705959489621E7
1015;2914;1;1.5001705959489621E7
1016;2916;2;1.5001705959489621E7
1017;2919;3;1.5001705959489621E7
1018;2924;5;1.5001705959489621E7
1019;2927;3;1.5001705959489621E7
1020;2929;2;1.5001705959489621E7
1021;2931;2;1.5001705959489621E7
1022;2933;2;1.5001705959489621E7
1023;2935;2;1.5001705959489621E7
1024;2939;4;1.5001705959489621E7
1025;2941;2;1.5001705959489621E7
1026;2943;2;1.5001705959489621E7
1027;2943;0;1.5001705959489621E7
1028;2944;1;1.5001705959489621E7
1029;2945;1;1.5001705959489621E7
1030;2947;2;1.5001705959489621E7
1031;2949;2;1.5001687219279256E7
1032;2951;2;1.5001687219279256E7
1033;2954;3;1.5001687219279256E7
1034;2957;3;1.5001687219279256E7
1035;2960;3;1.5001687219279256E7
1036;2961;1;1.5001687219279256E7
1037;2964;3;1.5001687219279256E7
1038;2964;0;1.5001687219279256E7
1039;2967;3;1.5001687219279256E7
1040;2970;3;1.5001687219279256E7
1041;2972;2;1.5001687219279256E7
1042;2974;2;1.5001687219279256E7
1043;2977;3;1.5001687219279256E7
1044;2979;2;1.5001687219279256E7
1045;2981;2;1.5001687219279256E7
1046;2984;3;1.5001687219279256E7
1047;2989;5;1.5001687219279256E7
1048;2991;2;1.5001687219279256E7
1049;2994;3;1.5001687219279256E7
1050;2995;1;1.5001687219279256E7
1051;2996;1;1.5001687219279256E7
1052;2996;0;1.5001687219279256E7
1053;2998;2;1.5001687219279256E7
1054;3000;2;1.5001687219279256E7
1055;3002;2;1.5001687219279256E7
1056;3003;1;1.5001687219279256E7
1057;3005;2;1.5001687219279256E7
1058;3007;2;1.5001687219279256E7
1059;3008;1;1.5001687219279256E7
1060;3010;2;1.5001687219279256E7
1061;3012;2;1.5001687219279256E7
1062;3015;3;1.5001687219279256E7
1063;3018;3;1.5001687219279256E7
1064;3020;2;1.5001687219279256E7
1065;3021;1;1.5001687219279256E7
1066;3024;3;1.5001687219279256E7
1067;3025;1;1.5001687219279256E7
1068;3028;3;1.5001687219279256E7
1069;3028;0;1.5001687219279256E7
1070;3032;4;1.5001687219279256E7
1071;3032;0;1.5001687219279256E7
1072;3034;2;1.5001687219279256E7
1073;3037;3;1.5001687219279256E7
1074;3041;4;1.5001687219279256E7
1075;3045;4;1.5001687219279256E7
1076;3047;2;1.5001687219279256E7
1077;3050;3;1.5001687219279256E7
1078;3051;1;1.5001687219279256E7
1079;3054;3;1.5001687219279256E7
1080;3058;4;1.5001687219279256E7
1081;3060;2;1.5001687219279256E7
1082;3062;2;1.5001687219279256E7
1083;3067;5;1.5001687219279256E7
1084;3069;2;1.5001687219279256E7
1085;3073;4;1.5001687219279256E7
1086;3079;6;1.5001687219279256E7
1087;3080;1;1.5001687219279256E7
1088;3082;2;1.5001687219279256E7
1089;3083;1;1.5001687219279256E7
1090;3086;3;1.5001687219279256E7
1091;3089;3;1.5001687219279256E7
1092;3091;2;1.5001687219279256E7
1093;3092;1;1.5001687219279256E7
1094;3094;2;1.5001687219279256E7
1095;3097;3;1.5001687219279256E7
1096;3099;2;1.5001687219279256E7
1097;3102;3;1.5001687219279256E7
1098;3103;1;1.5001687219279256E7
1099;3106;3;1.5001687219279256E7
1100;3109;3;1.5001687219279256E7
1101;3110;1;1.5001687219279256E7
1102;3113;3;1.5001687219279256E7
1103;3115;2;1.5001687219279256E7
1104;3118;3;1.5001687219279256E7
1105;3121;3;1.5001687219279256E7
1106;3123;2;1.5001687219279256E7
1107;3127;4;1.5001687219279256E7
1108;3129;2;1.5001687219279256E7
1109;3131;2;1.5001687219279256E7
1110;3132;1;1.5001687219279256E7
1111;3134;2;1.5001687219279256E7
1112;3137;3;1.5001687219279256E7
1113;3139;2;1.5001687219279256E7
1114;3142;3;1.5001687219279256E7
1115;3145;3;1.5001687219279256E7
1116;3147;2;1.5001687219279256E7
1117;3149;2;1.5001687219279256E7
1118;3152;3;1.5001687219279256E7
1119;3154;2;1.5001687219279256E7
1120;3157;3;1.5001687219279256E7
1121;3160;3;1.5001687219279256E7
1122;3162;2;1.5001687219279256E7
1123;3165;3;1.5001687219279256E7
1124;3166;1;1.5001687219279256E7
1125;3170;4;1.5001687219279256E7
1126;3177;7;1.5001687219279256E7
1127;3179;2;1.5001687219279256E7
1128;3182;3;1.5001687219279256E7
1129;3184;2;1.5001687219279256E7
1130;3186;2;1.5001687219279256E7
1131;3189;3;1.5001687219279256E7
1132;3192;3;1.5001687219279256E7
1133;3192;0;1.5001687219279256E7
1134;3193;1;1.5001687219279256E7
1135;3195;2;1.5001687219279256E7
1136;3198;3;1.5001687219279256E7
1137;3202;4;1.5001687219279256E7
1138;3205;3;1.5001687219279256E7
1139;3206;1;1.5001687219279256E7
1140;3209;3;1.5001687219279256E7
1141;3212;3;1.5001687219279256E7
1142;3215;3;1.5001687219279256E7
1143;3217;2;1.5001687219279256E7
1144;3220;3;1.5001687219279256E7
1145;3222;2;1.5001687219279256E7
1146;3225;3;1.5001687219279256E7
1147;3228;3;1.5001687219279256E7
1148;3229;1;1.5001687219279256E7
1149;3230;1;1.5001687219279256E7
1150;3230;0;1.5001687219279256E7
1151;3232;2;1.5001687219279256E7
1152;3234;2;1.5001687219279256E7
1153;3236;2;1.5001687219279256E7
1154;3240;4;1.5001687219279256E7
1155;3242;2;1.5001687219279256E7
1156;3242;0;1.5001687219279256E7
1157;3243;1;1.5001687219279256E7
1158;3245;2;1.5001687219279256E7
1159;3247;2;1.5001687219279256E7
1160;3249;2;1.5001687219279256E7
1161;3252;3;1.5001687219279256E7
1162;3252;0;1.5001687219279256E7
1163;3257;5;1.5001687219279256E7
1164;3260;3;1.5001687219279256E7
1165;3264;4;1.5001687219279256E7
1166;3267;3;1.5001687219279256E7
1167;3270;3;1.5001687219279256E7
1168;3272;2;1.5001687219279256E7
1169;3276;4;1.5001687219279256E7
1170;3278;2;1.5001687219279256E7
1171;3280;2;1.5001687219279256E7
1172;3282;2;1.5001687219279256E7
1173;3282;0;1.5001687219279256E7
1174;3284;2;1.5001687219279256E7
1175;3287;3;1.5001687219279256E7
1176;3291;4;1.5001687219279256E7
1177;3291;0;1.5001687219279256E7
1178;3293;2;1.5001687219279256E7
1179;3294;1;1.5001687219279256E7
1180;3298;4;1.5001687219279256E7
1181;3299;1;1.5001687219279256E7
1182;3302;3;1.5001687219279256E7
1183;3306;4;1.5001687219279256E7
1184;3310;4;1.5001687219279256E7
1185;3312;2;1.5001687219279256E7
1186;3315;3;1.5001687219279256E7
1187;3318;3;1.5001687219279256E7
1188;3322;4;1.5001687219279256E7
1189;3325;3;1.5001687219279256E7
1190;3327;2;1.5001687219279256E7
1191;3330;3;1.5001687219279256E7
1192;3333;3;1.5001687219279256E7
1193;3335;2;1.5001687219279256E7
1194;3338;3;1.5001687219279256E7
1195;3339;1;1.5001687219279256E7
1196;3341;2;1.5001687219279256E7
1197;3342;1;1.5001687219279256E7
1198;3343;1;1.5001687219279256E7
1199;3344;1;1.5001687219279256E7
1200;3344;0;1.5001687219279256E7
1201;3346;2;1.5001687219279256E7
1202;3347;1;1.5001687219279256E7
1203;3347;0;1.5001687219279256E7
1204;3349;2;1.5001687219279256E7
1205;3352;3;1.5001687219279256E7
1206;3355;3;1.5001687219279256E7
1207;3358;3;1.5001687219279256E7
1208;3361;3;1.5001687219279256E7
1209;3363;2;1.5001687219279256E7
1210;3365;2;1.5001687219279256E7
1211;3367;2;1.5001687219279256E7
1212;3370;3;1.5001687219279256E7
1213;3373;3;1.5001687219279256E7
1214;3376;3;1.5001687219279256E7
1215;3378;2;1.5001687219279256E7
1216;3380;2;1.5001687219279256E7
1217;3383;3;1.5001687219279256E7
1218;3384;1;1.5001687219279256E7
1219;3387;3;1.5001687219279256E7
1220;3389;2;1.5001687219279256E7
1221;3391;2;1.5001687219279256E7
1222;3394;3;1.5001687219279256E7
1223;3396;2;1.5001687219279256E7
1224;3398;2;1.5001687219279256E7
1225;3398;0;1.5001687219279256E7
1226;3401;3;1.5001687219279256E7
1227;3404;3;1.5001687219279256E7
1228;3409;5;1.5001687219279256E7
1229;3410;1;1.5001687219279256E7
1230;3413;3;1.5001687219279256E7
1231;3414;1;1.5001687219279256E7
1232;3419;5;1.5001687219279256E7
1233;3421;2;1.5001687219279256E7
1234;3424;3;1.5001687219279256E7
1235;3425;1;1.5001687219279256E7
1236;3427;2;1.5001687219279256E7
1237;3430;3;1.5001687219279256E7
1238;3432;2;1.5001687219279256E7
1239;3434;2;1.5001687219279256E7
1240;3437;3;1.5001687219279256E7
1241;3441;4;1.5001687219279256E7
1242;3443;2;1.5001687219279256E7
1243;3443;0;1.5001687219279256E7
1244;3446;3;1.5001687219279256E7
1245;3447;1;1.5001687219279256E7
1246;3450;3;1.5001687219279256E7
1247;3452;2;1.5001687219279256E7
1248;3457;5;1.5001687219279256E7
1249;3460;3;1.5001687219279256E7
1250;3463;3;1.5001687219279256E7
1251;3466;3;1.5001687219279256E7
1252;3468;2;1.5001687219279256E7
1253;3470;2;1.5001687219279256E7
1254;3473;3;1.5001687219279256E7
1255;3476;3;1.5001687219279256E7
1256;3477;1;1.5001687219279256E7
1257;3479;2;1.5001687219279256E7
1258;3481;2;1.5001687219279256E7
1259;3482;1;1.5001687219279256E7
1260;3484;2;1.5001687219279256E7
1261;3488;4;1.5001687219279256E7
1262;3490;2;1.5001687219279256E7
1263;3493;3;1.5001687219279256E7
1264;3497;4;1.5001687219279256E7
1265;3500;3;1.5001687219279256E7
1266;3503;3;1.5001687219279256E7
1267;3504;1;1.5001687219279256E7
1268;3507;3;1.5001687219279256E7
1269;3511;4;1.5001687219279256E7
1270;3512;1;1.5001687219279256E7
1271;3516;4;1.5001687219279256E7
1272;3516;0;1.5001687219279256E7
1273;3518;2;1.5001687219279256E7
1274;3524;6;1.5001687219279256E7
1275;3527;3;1.5001687219279256E7
1276;3529;2;1.5001687219279256E7
1277;3532;3;1.5001687219279256E7
1278;3534;2;1.5001687219279256E7
1279;3534;0;1.5001687219279256E7
1280;3537;3;1.5001687219279256E7
1281;3539;2;1.5001687219279256E7
1282;3540;1;1.5001687219279256E7
1283;3540;0;1.5001687219279256E7
1284;3542;2;1.5001687219279256E7
1285;3544;2;1.5001687219279256E7
1286;3546;2;1.5001687219279256E7
1287;3549;3;1.5001687219279256E7
1288;3553;4;1.5001687219279256E7
1289;3555;2;1.5001687219279256E7
1290;3558;3;1.5001687219279256E7
1291;3559;1;1.5001687219279256E7
1292;3562;3;1.5001687219279256E7
1293;3563;1;1.5001687219279256E7
1294;3565;2;1.5001687219279256E7
1295;3567;2;1.5001687219279256E7
1296;3570;3;1.5001687219279256E7
1297;3573;3;1.5001687219279256E7
1298;3575;2;1.5001687219279256E7
1299;3577;2;1.5001687219279256E7
1300;3580;3;1.5001687219279256E7
1301;3580;0;1.5001687219279256E7
1302;3582;2;1.5001687219279256E7
1303;3585;3;1.5001687219279256E7
1304;3587;2;1.5001687219279256E7
1305;3589;2;1.5001687219279256E7
1306;3592;3;1.5001687219279256E7
1307;3594;2;1.5001687219279256E7
1308;3597;3;1.5001687219279256E7
1309;3599;2;1.5001687219279256E7
1310;3603;4;1.5001687219279256E7
1311;3605;2;1.5001687219279256E7
1312;3607;2;1.5001687219279256E7
1313;3610;3;1.5001687219279256E7
1314;3612;2;1.5001687219279256E7
1315;3614;2;1.5001687219279256E7
1316;3617;3;1.5001687219279256E7
1317;3619;2;1.5001687219279256E7
1318;3622;3;1.5001687219279256E7
1319;3625;3;1.5001687219279256E7
1320;3627;2;1.5001687219279256E7
1321;3629;2;1.5001687219279256E7
1322;3631;2;1.5001687219279256E7
1323;3633;2;1.5001687219279256E7
1324;3636;3;1.5001687219279256E7
1325;3639;3;1.5001687219279256E7
1326;3640;1;1.5001687219279256E7
1327;3643;3;1.5001687219279256E7
1328;3643;0;1.5001687219279256E7
1329;3646;3;1.5001687219279256E7
1330;3648;2;1.5001687219279256E7
1331;3650;2;1.5001687219279256E7
1332;3653;3;1.5001687219279256E7
1333;3653;0;1.5001687219279256E7
1334;3655;2;1.5001687219279256E7
1335;3658;3;1.5001687219279256E7
1336;3660;2;1.5001687219279256E7
1337;3661;1;1.5001687219279256E7
1338;3664;3;1.5001687219279256E7
1339;3667;3;1.5001687219279256E7
1340;3669;2;1.5001687219279256E7
1341;3670;1;1.5001687219279256E7
1342;3670;0;1.5001687219279256E7
1343;3672;2;1.5001687219279256E7
1344;3674;2;1.5001687219279256E7
1345;3675;1;1.5001687219279256E7
1346;3677;2;1.5001687219279256E7
1347;3679;2;1.5001687219279256E7
1348;3680;1;1.5001687219279256E7
1349;3683;3;1.5001687219279256E7
1350;3685;2;1.5001687219279256E7
1351;3687;2;1.5001687219279256E7
1352;3689;2;1.5001687219279256E7
1353;3691;2;1.5001687219279256E7
1354;3695;4;1.5001687219279256E7
1355;3697;2;1.5001687219279256E7
1356;3701;4;1.5001687219279256E7
1357;3704;3;1.5001687219279256E7
1358;3707;3;1.5001687219279256E7
1359;3710;3;1.5001687219279256E7
1360;3713;3;1.5001687219279256E7
1361;3716;3;1.5001687219279256E7
1362;3716;0;1.5001687219279256E7
1363;3719;3;1.5001687219279256E7
1364;3720;1;1.5001687219279256E7
1365;3723;3;1.5001687219279256E7
1366;3725;2;1.5001687219279256E7
1367;3726;1;1.5001687219279256E7
1368;3729;3;1.5001687219279256E7
1369;3730;1;1.5001687219279256E7
1370;3731;1;1.5001687219279256E7
1371;3734;3;1.5001687219279256E7
1372;3737;3;1.5001687219279256E7
1373;3739;2;1.5001687219279256E7
1374;3742;3;1.5001687219279256E7
1375;3745;3;1.5001687219279256E7
1376;3747;2;1.5001687219279256E7
1377;3750;3;1.5001687219279256E7
1378;3752;2;1.5001687219279256E7
1379;3755;3;1.5001687219279256E7
1380;3756;1;1.5001687219279256E7
1381;3758;2;1.5001687219279256E7
1382;3759;1;1.5001687219279256E7
1383;3762;3;1.5001687219279256E7
1384;3765;3;1.5001687219279256E7
1385;3766;1;1.5001687219279256E7
1386;3767;1;1.5001687219279256E7
1387;3767;0;1.5001687219279256E7
1388;3769;2;1.5001687219279256E7
1389;3772;3;1.5001687219279256E7
1390;3773;1;1.5001687219279256E7
1391;3776;3;1.5001687219279256E7
1392;3778;2;1.5001687219279256E7
1393;3781;3;1.5001687219279256E7
1394;3783;2;1.5001687219279256E7
1395;3784;1;1.5001687219279256E7
1396;3787;3;1.5001687219279256E7
1397;3789;2;1.5001687219279256E7
1398;3791;2;1.5001687219279256E7
1399;3793;2;1.5001687219279256E7
1400;3795;2;1.5001687219279256E7
1401;3798;3;1.5001687219279256E7
1402;3799;1;1.5001687219279256E7
1403;3801;2;1.5001687219279256E7
1404;3803;2;1.5001687219279256E7
1405;3804;1;1.5001687219279256E7
1406;3809;5;1.5001687219279256E7
1407;3811;2;1.5001687219279256E7
1408;3813;2;1.5001687219279256E7
1409;3815;2;1.5001687219279256E7
1410;3818;3;1.5001687219279256E7
1411;3820;2;1.5001687219279256E7
1412;3821;1;1.5001687219279256E7
1413;3822;1;1.5001687219279256E7
1414;3825;3;1.5001687219279256E7
1415;3827;2;1.5001687219279256E7
1416;3829;2;1.5001687219279256E7
1417;3831;2;1.5001687219279256E7
1418;3834;3;1.5001687219279256E7
1419;3836;2;1.5001687219279256E7
1420;3839;3;1.5001687219279256E7
1421;3841;2;1.5001687219279256E7
1422;3842;1;1.5001687219279256E7
1423;3843;1;1.5001687219279256E7
1424;3844;1;1.5001687219279256E7
1425;3845;1;1.5001687219279256E7
1426;3848;3;1.5001687219279256E7
1427;3850;2;1.5001687219279256E7
1428;3852;2;1.5001687219279256E7
1429;3853;1;1.5001687219279256E7
1430;3855;2;1.5001687219279256E7
1431;3855;0;1.5001687219279256E7
1432;3858;3;1.5001687219279256E7
1433;3859;1;1.5001687219279256E7
1434;3861;2;1.4001693046106113E7
1435;3863;2;1.4001693046106113E7
1436;3866;3;1.4001693046106113E7
1437;3867;1;1.4001693046106113E7
1438;3870;3;1.4001693046106113E7
1439;3874;4;1.4001693046106113E7
1440;3875;1;1.4001682955735695E7
1441;3876;1;1.4001682249094278E7
1442;3878;2;1.4001682249094278E7
1443;3880;2;1.4001682249094278E7
1444;3882;2;1.4001682249094278E7
1445;3883;1;1.4001682249094278E7
1446;3886;3;1.4001682249094278E7
1447;3889;3;1.4001682249094278E7
1448;3891;2;1.4001682249094278E7
1449;3893;2;1.4001647051149545E7
1450;3896;3;1.4001647051149545E7
1451;3898;2;1.4001647051149545E7
1452;3901;3;1.4001647051149545E7
1453;3904;3;1.4001647051149545E7
1454;3906;2;1.4001647051149545E7
1455;3907;1;1.4001647051149545E7
1456;3907;0;1.4001647051149545E7
1457;3910;3;1.4001647051149545E7
1458;3912;2;1.4001647051149545E7
1459;3914;2;1.4001647051149545E7
1460;3915;1;1.4001647051149545E7
1461;3918;3;1.4001647051149545E7
1462;3921;3;1.4001647051149545E7
1463;3923;2;1.4001647051149545E7
1464;3926;3;1.4001647051149545E7
1465;3929;3;1.4001647051149545E7
1466;3932;3;1.4001647051149545E7
1467;3935;3;1.4001647051149545E7
1468;3939;4;1.4001647051149545E7
1469;3942;3;1.4001647051149545E7
1470;3946;4;1.4001647051149545E7
1471;3949;3;1.4001647051149545E7
1472;3952;3;1.4001647051149545E7
1473;3954;2;1.4001647051149545E7
1474;3956;2;1.4001647051149545E7
1475;3957;1;1.4001647051149545E7
1476;3959;2;1.4001647051149545E7
1477;3960;1;1.4001647051149545E7
1478;3963;3;1.4001647051149545E7
1479;3965;2;1.4001647051149545E7
1480;3966;1;1.4001647051149545E7
1481;3968;2;1.4001647051149545E7
1482;3970;2;1.4001647051149545E7
1483;3973;3;1.4001647051149545E7
1484;3973;0;1.4001647051149545E7
1485;3975;2;1.4001647051149545E7
1486;3978;3;1.4001647051149545E7
1487;3980;2;1.4001647051149545E7
1488;3982;2;1.4001647051149545E7
1489;3982;0;1.4001647051149545E7
1490;3984;2;1.4001647051149545E7
1491;3987;3;1.4001647051149545E7
1492;3989;2;1.4001647051149545E7
1493;3990;1;1.4001647051149545E7
1494;3991;1;1.4001647051149545E7
1495;3993;2;1.4001647051149545E7
1496;3997;4;1.4001647051149545E7
1497;4002;5;1.4001647051149545E7
1498;4005;3;1.4001647051149545E7
1499;4007;2;1.4001647051149545E7
1500;4011;4;1.4001647051149545E7
1501;4011;0;1.4001647051149545E7
1502;4013;2;1.4001647051149545E7
1503;4015;2;1.4001647051149545E7
1504;4016;1;1.4001647051149545E7
1505;4018;2;1.4001647051149545E7
1506;4021;3;1.4001647051149545E7
1507;4023;2;1.4001647051149545E7
1508;4026;3;1.4001647051149545E7
1509;4028;2;1.4001647051149545E7
1510;4030;2;1.4001647051149545E7
1511;4030;0;1.4001647051149545E7
1512;4032;2;1.4001647051149545E7
1513;4035;3;1.4001647051149545E7
1514;4035;0;1.4001647051149545E7
1515;4038;3;1.4001647051149545E7
1516;4041;3;1.4001647051149545E7
1517;4042;1;1.4001647051149545E7
1518;4044;2;1.4001647051149545E7
1519;4046;2;1.4001647051149545E7
1520;4046;0;1.4001647051149545E7
1521;4050;4;1.4001647051149545E7
1522;4053;3;1.4001647051149545E7
1523;4056;3;1.4001647051149545E7
1524;4058;2;1.4001647051149545E7
1525;4061;3;1.4001647051149545E7
1526;4061;0;1.4001647051149545E7
1527;4064;3;1.4001647051149545E7
1528;4065;1;1.4001647051149545E7
1529;4066;1;1.4001647051149545E7
1530;4067;1;1.4001647051149545E7
1531;4068;1;1.4001647051149545E7
1532;4070;2;1.4001647051149545E7
1533;4071;1;1.4001647051149545E7
1534;4072;1;1.4001647051149545E7
1535;4074;2;1.4001647051149545E7
1536;4076;2;1.4001647051149545E7
1537;4078;2;1.4001647051149545E7
1538;4081;3;1.4001647051149545E7
1539;4081;0;1.4001647051149545E7
1540;4083;2;1.4001647051149545E7
1541;4084;1;1.4001647051149545E7
1542;4086;2;1.4001647051149545E7
1543;4088;2;1.4001647051149545E7
1544;4088;0;1.4001647051149545E7
1545;4090;2;1.4001647051149545E7
1546;4091;1;1.4001647051149545E7
1547;4093;2;1.4001647051149545E7
1548;4095;2;1.4001647051149545E7
1549;4097;2;1.4001647051149545E7
1550;4098;1;1.4001647051149545E7
1551;4098;0;1.4001647051149545E7
1552;4100;2;1.4001647051149545E7
1553;4102;2;1.4001647051149545E7
1554;4104;2;1.4001647051149545E7
1555;4107;3;1.4001647051149545E7
1556;4109;2;1.4001647051149545E7
1557;4112;3;1.4001647051149545E7
1558;4114;2;1.4001647051149545E7
1559;4116;2;1.4001647051149545E7
1560;4120;4;1.4001647051149545E7
1561;4121;1;1.4001647051149545E7
1562;4125;4;1.4001647051149545E7
1563;4127;2;1.4001647051149545E7
1564;4129;2;1.4001647051149545E7
1565;4132;3;1.4001647051149545E7
1566;4135;3;1.4001647051149545E7
1567;4137;2;1.4001647051149545E7
1568;4139;2;1.4001647051149545E7
1569;4142;3;1.4001647051149545E7
1570;4144;2;1.4001647051149545E7
1571;4146;2;1.4001647051149545E7
1572;4148;2;1.4001647051149545E7
1573;4151;3;1.4001647051149545E7
1574;4153;2;1.4001647051149545E7
1575;4155;2;1.4001647051149545E7
1576;4157;2;1.4001647051149545E7
1577;4160;3;1.4001647051149545E7
1578;4163;3;1.4001647051149545E7
1579;4165;2;1.4001647051149545E7
1580;4167;2;1.4001647051149545E7
1581;4170;3;1.4001647051149545E7
1582;4173;3;1.4001647051149545E7
1583;4175;2;1.4001647051149545E7
1584;4176;1;1.4001647051149545E7
1585;4177;1;1.4001647051149545E7
1586;4179;2;1.4001647051149545E7
1587;4181;2;1.4001647051149545E7
1588;4183;2;1.4001647051149545E7
1589;4185;2;1.4001647051149545E7
1590;4187;2;1.4001647051149545E7
1591;4189;2;1.4001647051149545E7
1592;4191;2;1.4001647051149545E7
1593;4192;1;1.4001647051149545E7
1594;4196;4;1.4001647051149545E7
1595;4198;2;1.4001647051149545E7
1596;4201;3;1.4001647051149545E7
1597;4203;2;1.4001647051149545E7
1598;4206;3;1.4001647051149545E7
1599;4208;2;1.4001647051149545E7
1600;4211;3;1.4001647051149545E7
1601;4213;2;1.4001647051149545E7
1602;4215;2;1.4001647051149545E7
1603;4216;1;1.4001647051149545E7
1604;4219;3;1.4001647051149545E7
1605;4221;2;1.4001647051149545E7
1606;4221;0;1.4001647051149545E7
1607;4222;1;1.4001647051149545E7
1608;4224;2;1.4001647051149545E7
1609;4224;0;1.4001647051149545E7
1610;4226;2;1.4001647051149545E7
1611;4228;2;1.4001647051149545E7
1612;4231;3;1.4001647051149545E7
1613;4233;2;1.4001647051149545E7
1614;4236;3;1.4001647051149545E7
1615;4238;2;1.4001647051149545E7
1616;4241;3;1.4001647051149545E7
1617;4242;1;1.4001647051149545E7
1618;4244;2;1.4001647051149545E7
1619;4246;2;1.4001647051149545E7
1620;4248;2;1.4001647051149545E7
1621;4249;1;1.4001647051149545E7
1622;4251;2;1.4001647051149545E7
1623;4253;2;1.4001647051149545E7
1624;4254;1;1.4001647051149545E7
1625;4255;1;1.4001647051149545E7
1626;4257;2;1.4001647051149545E7
1627;4259;2;1.4001647051149545E7
1628;4261;2;1.4001647051149545E7
1629;4262;1;1.4001647051149545E7
1630;4264;2;1.4001647051149545E7
1631;4266;2;1.4001647051149545E7
1632;4268;2;1.4001647051149545E7
1633;4272;4;1.4001647051149545E7
1634;4274;2;1.4001647051149545E7
1635;4276;2;1.4001647051149545E7
1636;4279;3;1.4001647051149545E7
1637;4280;1;1.4001647051149545E7
1638;4281;1;1.4001647051149545E7
1639;4283;2;1.4001647051149545E7
1640;4284;1;1.4001647051149545E7
1641;4286;2;1.4001647051149545E7
1642;4288;2;1.4001647051149545E7
1643;4290;2;1.4001647051149545E7
1644;4293;3;1.4001647051149545E7
1645;4295;2;1.4001647051149545E7
1646;4298;3;1.4001647051149545E7
1647;4300;2;1.4001647051149545E7
1648;4301;1;1.4001647051149545E7
1649;4303;2;1.4001647051149545E7
1650;4306;3;1.4001647051149545E7
1651;4309;3;1.4001647051149545E7
1652;4313;4;1.4001647051149545E7
1653;4315;2;1.4001647051149545E7
1654;4316;1;1.4001647051149545E7
1655;4319;3;1.4001647051149545E7
1656;4322;3;1.4001647051149545E7
1657;4324;2;1.4001647051149545E7
1658;4327;3;1.4001647051149545E7
1659;4329;2;1.4001647051149545E7
1660;4332;3;1.4001647051149545E7
1661;4335;3;1.4001647051149545E7
1662;4336;1;1.4001647051149545E7
1663;4337;1;1.4001647051149545E7
1664;4339;2;1.4001647051149545E7
1665;4340;1;1.4001647051149545E7
1666;4343;3;1.4001647051149545E7
1667;4345;2;1.4001647051149545E7
1668;4348;3;1.4001647051149545E7
1669;4350;2;1.4001647051149545E7
1670;4353;3;1.4001647051149545E7
1671;4355;2;1.4001647051149545E7
1672;4356;1;1.4001647051149545E7
1673;4356;0;1.4001647051149545E7
1674;4358;2;1.4001647051149545E7
1675;4359;1;1.4001647051149545E7
1676;4362;3;1.4001647051149545E7
1677;4363;1;1.4001647051149545E7
1678;4367;4;1.4001647051149545E7
1679;4370;3;1.4001647051149545E7
1680;4373;3;1.4001647051149545E7
1681;4373;0;1.4001647051149545E7
1682;4375;2;1.4001647051149545E7
1683;4378;3;1.4001647051149545E7
1684;4378;0;1.4001647051149545E7
1685;4380;2;1.4001647051149545E7
1686;4382;2;1.4001647051149545E7
1687;4384;2;1.4001647051149545E7
1688;4387;3;1.4001647051149545E7
1689;4389;2;1.4001647051149545E7
1690;4391;2;1.4001647051149545E7
1691;4393;2;1.4001647051149545E7
1692;4397;4;1.4001647051149545E7
1693;4401;4;1.4001647051149545E7
1694;4402;1;1.4001647051149545E7
1695;4404;2;1.4001647051149545E7
1696;4408;4;1.4001647051149545E7
1697;4410;2;1.4001647051149545E7
1698;4411;1;1.4001647051149545E7
1699;4414;3;1.4001647051149545E7
1700;4416;2;1.4001647051149545E7
1701;4419;3;1.4001647051149545E7
1702;4421;2;1.4001647051149545E7
1703;4422;1;1.4001647051149545E7
1704;4424;2;1.4001647051149545E7
1705;4427;3;1.4001647051149545E7
1706;4428;1;1.4001647051149545E7
1707;4429;1;1.4001647051149545E7
1708;4430;1;1.4001647051149545E7
1709;4432;2;1.4001647051149545E7
1710;4432;0;1.4001647051149545E7
1711;4433;1;1.4001647051149545E7
1712;4434;1;1.4001647051149545E7
1713;4437;3;1.4001647051149545E7
1714;4440;3;1.4001647051149545E7
1715;4442;2;1.4001647051149545E7
1716;4444;2;1.4001647051149545E7
1717;4444;0;1.4001647051149545E7
1718;4445;1;1.4001647051149545E7
1719;4446;1;1.4001647051149545E7
1720;4448;2;1.4001647051149545E7
1721;4450;2;1.4001647051149545E7
1722;4453;3;1.4001647051149545E7
1723;4453;0;1.4001647051149545E7
1724;4454;1;1.4001647051149545E7
1725;4455;1;1.4001647051149545E7
1726;4457;2;1.4001647051149545E7
1727;4459;2;1.4001647051149545E7
1728;4462;3;1.4001647051149545E7
1729;4464;2;1.4001647051149545E7
1730;4465;1;1.4001647051149545E7
1731;4467;2;1.4001647051149545E7
1732;4471;4;1.4001647051149545E7
1733;4473;2;1.4001647051149545E7
1734;4474;1;1.4001647051149545E7
1735;4476;2;1.4001647051149545E7
1736;4478;2;1.4001647051149545E7
1737;4480;2;1.4001647051149545E7
1738;4481;1;1.4001647051149545E7
1739;4484;3;1.4001647051149545E7
1740;4486;2;1.4001647051149545E7
1741;4488;2;1.4001647051149545E7
1742;4491;3;1.4001647051149545E7
1743;4493;2;1.4001647051149545E7
1744;4497;4;1.4001647051149545E7
1745;4501;4;1.4001647051149545E7
1746;4503;2;1.4001647051149545E7
1747;4507;4;1.4001647051149545E7
1748;4508;1;1.4001647051149545E7
1749;4510;2;1.4001647051149545E7
1750;4512;2;1.4001647051149545E7
1751;4514;2;1.4001647051149545E7
1752;4516;2;1.4001647051149545E7
1753;4517;1;1.4001647051149545E7
1754;4520;3;1.4001647051149545E7
1755;4521;1;1.4001647051149545E7
1756;4523;2;1.4001647051149545E7
1757;4524;1;1.4001647051149545E7
1758;4525;1;1.4001647051149545E7
1759;4527;2;1.4001647051149545E7
1760;4527;0;1.4001647051149545E7
1761;4529;2;1.4001647051149545E7
1762;4532;3;1.4001647051149545E7
1763;4532;0;1.4001647051149545E7
1764;4533;1;1.4001647051149545E7
1765;4536;3;1.4001647051149545E7
1766;4538;2;1.4001647051149545E7
1767;4541;3;1.4001647051149545E7
1768;4542;1;1.4001647051149545E7
1769;4543;1;1.4001647051149545E7
1770;4543;0;1.4001647051149545E7
1771;4545;2;1.4001647051149545E7
1772;4547;2;1.4001647051149545E7
1773;4547;0;1.4001647051149545E7
1774;4549;2;1.4001647051149545E7
1775;4553;4;1.4001647051149545E7
1776;4555;2;1.4001647051149545E7
1777;4557;2;1.4001647051149545E7
1778;4560;3;1.4001647051149545E7
1779;4562;2;1.4001647051149545E7
1780;4564;2;1.4001647051149545E7
1781;4564;0;1.4001647051149545E7
1782;4567;3;1.4001647051149545E7
1783;4569;2;1.4001647051149545E7
1784;4571;2;1.4001647051149545E7
1785;4574;3;1.4001647051149545E7
1786;4576;2;1.4001647051149545E7
1787;4577;1;1.4001647051149545E7
1788;4578;1;1.4001647051149545E7
1789;4580;2;1.4001647051149545E7
1790;4583;3;1.4001647051149545E7
1791;4585;2;1.4001647051149545E7
1792;4586;1;1.4001647051149545E7
1793;4587;1;1.4001647051149545E7
1794;4590;3;1.4001647051149545E7
1795;4592;2;1.4001647051149545E7
1796;4594;2;1.4001647051149545E7
1797;4598;4;1.4001647051149545E7
1798;4601;3;1.4001647051149545E7
1799;4607;6;1.4001647051149545E7
1800;4610;3;1.4001647051149545E7
1801;4612;2;1.4001647051149545E7
1802;4615;3;1.4001647051149545E7
1803;4618;3;1.4001647051149545E7
1804;4619;1;1.4001647051149545E7
1805;4621;2;1.4001647051149545E7
1806;4623;2;1.4001647051149545E7
1807;4625;2;1.4001647051149545E7
1808;4627;2;1.4001647051149545E7
1809;4628;1;1.4001647051149545E7
1810;4630;2;1.4001647051149545E7
1811;4632;2;1.4001647051149545E7
1812;4632;0;1.4001647051149545E7
1813;4635;3;1.4001647051149545E7
1814;4638;3;1.4001647051149545E7
1815;4640;2;1.4001647051149545E7
1816;4640;0;1.4001647051149545E7
1817;4641;1;1.4001647051149545E7
1818;4642;1;1.4001647051149545E7
1819;4644;2;1.4001647051149545E7
1820;4646;2;1.4001647051149545E7
1821;4648;2;1.4001647051149545E7
1822;4649;1;1.4001647051149545E7
1823;4651;2;1.4001647051149545E7
1824;4653;2;1.4001647051149545E7
1825;4655;2;1.4001647051149545E7
1826;4657;2;1.4001647051149545E7
1827;4659;2;1.4001647051149545E7
1828;4659;0;1.4001647051149545E7
1829;4664;5;1.4001647051149545E7
1830;4665;1;1.4001647051149545E7
1831;4667;2;1.4001647051149545E7
1832;4669;2;1.4001647051149545E7
1833;4670;1;1.4001647051149545E7
1834;4672;2;1.4001647051149545E7
1835;4676;4;1.4001647051149545E7
1836;4677;1;1.4001647051149545E7
1837;4680;3;1.4001647051149545E7
1838;4682;2;1.4001647051149545E7
1839;4684;2;1.4001647051149545E7
1840;4686;2;1.4001647051149545E7
1841;4686;0;1.4001647051149545E7
1842;4687;1;1.4001647051149545E7
1843;4690;3;1.4001647051149545E7
1844;4691;1;1.4001647051149545E7
1845;4692;1;1.4001647051149545E7
1846;4694;2;1.4001647051149545E7
1847;4695;1;1.4001647051149545E7
1848;4697;2;1.4001647051149545E7
1849;4698;1;1.4001647051149545E7
1850;4700;2;1.4001647051149545E7
1851;4702;2;1.4001647051149545E7
1852;4705;3;1.4001647051149545E7
1853;4707;2;1.4001647051149545E7
1854;4709;2;1.4001647051149545E7
1855;4710;1;1.4001647051149545E7
1856;4712;2;1.4001647051149545E7
1857;4714;2;1.4001647051149545E7
1858;4716;2;1.4001647051149545E7
1859;4718;2;1.4001647051149545E7
1860;4721;3;1.4001647051149545E7
1861;4723;2;1.4001647051149545E7
1862;4725;2;1.4001647051149545E7
1863;4725;0;1.4001647051149545E7
1864;4727;2;1.4001647051149545E7
1865;4730;3;1.4001647051149545E7
1866;4731;1;1.4001647051149545E7
1867;4733;2;1.4001647051149545E7
1868;4735;2;1.4001647051149545E7
1869;4738;3;1.4001647051149545E7
1870;4740;2;1.4001647051149545E7
1871;4741;1;1.4001647051149545E7
1872;4744;3;1.4001647051149545E7
1873;4746;2;1.4001647051149545E7
1874;4748;2;1.4001647051149545E7
1875;4748;0;1.4001647051149545E7
1876;4750;2;1.4001647051149545E7
1877;4751;1;1.4001647051149545E7
1878;4754;3;1.4001647051149545E7
1879;4755;1;1.4001647051149545E7
1880;4756;1;1.4001647051149545E7
1881;4760;4;1.4001647051149545E7
1882;4762;2;1.4001647051149545E7
1883;4762;0;1.4001647051149545E7
1884;4764;2;1.4001647051149545E7
1885;4767;3;1.4001647051149545E7
1886;4769;2;1.4001647051149545E7
1887;4771;2;1.4001647051149545E7
1888;4773;2;1.4001647051149545E7
1889;4775;2;1.400164606996052E7
1890;4775;0;1.400164606996052E7
1891;4778;3;1.400164606996052E7
1892;4780;2;1.400164606996052E7
1893;4782;2;1.400164606996052E7
1894;4785;3;1.400164606996052E7
1895;4785;0;1.400164606996052E7
1896;4787;2;1.400164606996052E7
1897;4789;2;1.400164606996052E7
1898;4792;3;1.400164606996052E7
1899;4794;2;1.400164606996052E7
1900;4798;4;1.400164606996052E7
1901;4801;3;1.400164606996052E7
1902;4805;4;1.400164606996052E7
1903;4808;3;1.400164606996052E7
1904;4808;0;1.400164606996052E7
1905;4811;3;1.400164606996052E7
1906;4812;1;1.400164606996052E7
1907;4815;3;1.400164606996052E7
1908;4817;2;1.400164606996052E7
1909;4819;2;1.400164606996052E7
1910;4821;2;1.400164606996052E7
1911;4823;2;1.400164606996052E7
1912;4824;1;1.400164606996052E7
1913;4825;1;1.400164606996052E7
1914;4826;1;1.400164606996052E7
1915;4829;3;1.400164606996052E7
1916;4830;1;1.400164606996052E7
1917;4832;2;1.400164606996052E7
1918;4834;2;1.400164606996052E7
1919;4834;0;1.400164606996052E7
1920;4837;3;1.400164606996052E7
1921;4838;1;1.400164606996052E7
1922;4839;1;1.400164606996052E7
1923;4842;3;1.400164606996052E7
1924;4843;1;1.400164606996052E7
1925;4844;1;1.400164606996052E7
1926;4847;3;1.400164606996052E7
1927;4848;1;1.400164606996052E7
1928;4852;4;1.400164606996052E7
1929;4853;1;1.400164606996052E7
1930;4855;2;1.400164606996052E7
1931;4857;2;1.400164606996052E7
1932;4859;2;1.400164606996052E7
1933;4862;3;1.400164606996052E7
1934;4862;0;1.400164606996052E7
1935;4864;2;1.400164606996052E7
1936;4865;1;1.400164606996052E7
1937;4866;1;1.400164606996052E7
1938;4868;2;1.400164606996052E7
1939;4870;2;1.400164606996052E7
1940;4872;2;1.400164606996052E7
1941;4873;1;1.400164606996052E7
1942;4875;2;1.400164606996052E7
1943;4877;2;1.400164606996052E7
1944;4878;1;1.400164606996052E7
1945;4881;3;1.400164606996052E7
1946;4882;1;1.400164606996052E7
1947;4885;3;1.400164606996052E7
1948;4887;2;1.400164606996052E7
1949;4889;2;1.400164606996052E7
1950;4890;1;1.400164606996052E7
1951;4891;1;1.400164606996052E7
1952;4892;1;1.400164606996052E7
1953;4894;2;1.400164606996052E7
1954;4896;2;1.400164606996052E7
1955;4896;0;1.400164606996052E7
1956;4898;2;1.400164606996052E7
1957;4900;2;1.400164606996052E7
1958;4902;2;1.400164606996052E7
1959;4905;3;1.400164606996052E7
1960;4907;2;1.400164606996052E7
1961;4910;3;1.400164606996052E7
1962;4912;2;1.400164606996052E7
1963;4914;2;1.400164606996052E7
1964;4916;2;1.400164606996052E7
1965;4918;2;1.400164606996052E7
1966;4920;2;1.400164606996052E7
1967;4920;0;1.400164606996052E7
1968;4923;3;1.400164606996052E7
1969;4925;2;1.400164606996052E7
1970;4926;1;1.400164606996052E7
1971;4928;2;1.400164606996052E7
1972;4931;3;1.400164606996052E7
1973;4932;1;1.400164606996052E7
1974;4934;2;1.400164606996052E7
1975;4935;1;1.400164606996052E7
1976;4938;3;1.400164606996052E7
1977;4939;1;1.400164606996052E7
1978;4942;3;1.400164606996052E7
1979;4943;1;1.400164606996052E7
1980;4946;3;1.400164606996052E7
1981;4947;1;1.400164606996052E7
1982;4949;2;1.400164606996052E7
1983;4950;1;1.400164606996052E7
1984;4952;2;1.400164606996052E7
1985;4952;0;1.400164606996052E7
1986;4955;3;1.400164606996052E7
1987;4956;1;1.400164606996052E7
1988;4958;2;1.400164606996052E7
1989;4960;2;1.400164606996052E7
1990;4962;2;1.400164606996052E7
1991;4964;2;1.400164606996052E7
1992;4966;2;1.400164606996052E7
1993;4968;2;1.400164606996052E7
1994;4969;1;1.400164606996052E7
1995;4970;1;1.400164606996052E7
1996;4971;1;1.400164606996052E7
1997;4972;1;1.400164606996052E7
1998;4974;2;1.400164606996052E7
1999;4976;2;1.400164606996052E7
2000;4978;2;1.400164606996052E7
2001;4980;2;1.400164606996052E7
2002;4983;3;1.400164606996052E7
2003;4985;2;1.400164606996052E7
2004;4988;3;1.400164606996052E7
2005;4990;2;1.400164606996052E7
2006;4993;3;1.400164606996052E7
2007;4996;3;1.400164606996052E7
2008;4997;1;1.400164606996052E7
2009;4999;2;1.400164606996052E7
2010;5001;2;1.400164606996052E7
2011;5002;1;1.400164606996052E7
2012;5004;2;1.400164606996052E7
2013;5006;2;1.400164606996052E7
2014;5008;2;1.400164606996052E7
2015;5009;1;1.400164606996052E7
2016;5011;2;1.400164606996052E7
2017;5012;1;1.400164606996052E7
2018;5013;1;1.400164606996052E7
2019;5014;1;1.400164606996052E7
2020;5015;1;1.400164606996052E7
2021;5018;3;1.400164606996052E7
2022;5021;3;1.400164606996052E7
2023;5022;1;1.400164606996052E7
2024;5024;2;1.400164606996052E7
2025;5025;1;1.400164606996052E7
2026;5027;2;1.400164606996052E7
2027;5029;2;1.400164606996052E7
2028;5031;2;1.400164606996052E7
2029;5034;3;1.400164606996052E7
2030;5036;2;1.400164606996052E7
2031;5038;2;1.400164606996052E7
2032;5041;3;1.400164606996052E7
2033;5043;2;1.400164606996052E7
2034;5045;2;1.400164606996052E7
2035;5048;3;1.400164606996052E7
2036;5049;1;1.400164606996052E7
2037;5051;2;1.400164606996052E7
2038;5053;2;1.400164606996052E7
2039;5055;2;1.400164606996052E7
2040;5058;3;1.400164606996052E7
2041;5060;2;1.400164606996052E7
2042;5061;1;1.400164606996052E7
2043;5063;2;1.400164606996052E7
2044;5064;1;1.400164606996052E7
2045;5066;2;1.400164606996052E7
2046;5068;2;1.400164606996052E7
2047;5070;2;1.400164606996052E7
2048;5072;2;1.400164606996052E7
2049;5074;2;1.400164606996052E7
2050;5075;1;1.400164606996052E7
2051;5076;1;1.400164606996052E7
2052;5079;3;1.400164606996052E7
2053;5082;3;1.400164606996052E7
2054;5084;2;1.400164606996052E7
2055;5086;2;1.400164606996052E7
2056;5088;2;1.400164606996052E7
2057;5089;1;1.4001640116889458E7
2058;5092;3;1.4001640116889458E7
2059;5094;2;1.4001604919891525E7
2060;5097;3;1.4001604919891525E7
2061;5107;10;1.4001604919891525E7
2062;5110;3;1.4001604919891525E7
2063;5111;1;1.4001604919891525E7
2064;5114;3;1.4001604919891525E7
2065;5115;1;1.4001604919891525E7
2066;5117;2;1.4001604919891525E7
2067;5118;1;1.4001604919891525E7
2068;5120;2;1.4001604919891525E7
2069;5123;3;1.4001604919891525E7
2070;5126;3;1.4001604919891525E7
2071;5126;0;1.4001604919891525E7
2072;5129;3;1.4001604919891525E7
2073;5129;0;1.4001604919891525E7
2074;5132;3;1.4001604919891525E7
2075;5134;2;1.4001604919891525E7
2076;5137;3;1.4001604919891525E7
2077;5138;1;1.4001604919891525E7
2078;5140;2;1.4001604919891525E7
2079;5142;2;1.4001604919891525E7
2080;5144;2;1.4001604919891525E7
2081;5145;1;1.4001604919891525E7
2082;5148;3;1.4001604919891525E7
2083;5149;1;1.4001604919891525E7
2084;5150;1;1.4001604919891525E7
2085;5152;2;1.4001604919891525E7
2086;5155;3;1.4001604919891525E7
2087;5158;3;1.4001604919891525E7
2088;5160;2;1.4001604919891525E7
2089;5162;2;1.4001604919891525E7
2090;5163;1;1.4001604919891525E7
2091;5165;2;1.4001604919891525E7
2092;5168;3;1.4001604919891525E7
2093;5170;2;1.4001604919891525E7
2094;5173;3;1.4001604919891525E7
2095;5174;1;1.4001604919891525E7
2096;5176;2;1.4001604919891525E7
2097;5178;2;1.4001604919891525E7
2098;5178;0;1.4001604919891525E7
2099;5180;2;1.4001604919891525E7
2100;5182;2;1.4001604919891525E7
2101;5184;2;1.4001604919891525E7
2102;5186;2;1.4001604919891525E7
2103;5188;2;1.4001604919891525E7
2104;5191;3;1.4001604919891525E7
2105;5192;1;1.4001604919891525E7
2106;5195;3;1.4001604919891525E7
2107;5197;2;1.4001593698437436E7
2108;5199;2;1.4001593445988435E7
2109;5201;2;1.4001593445988435E7
2110;5202;1;1.4001593445988435E7
2111;5204;2;1.4001593445988435E7
2112;5207;3;1.4001593445988435E7
2113;5209;2;1.4001593445988435E7
2114;5209;0;1.4001593445988435E7
2115;5212;3;1.4001593445988435E7
2116;5214;2;1.4001593445988435E7
2117;5217;3;1.4001593445988435E7
2118;5220;3;1.4001593445988435E7
2119;5222;2;1.4001593445988435E7
2120;5224;2;1.4001593445988435E7
2121;5227;3;1.4001593445988435E7
2122;5229;2;1.4001593445988435E7
2123;5231;2;1.4001593445988435E7
2124;5234;3;1.4001593445988435E7
2125;5238;4;1.4001593445988435E7
2126;5242;4;1.4001593445988435E7
2127;5244;2;1.4001593445988435E7
2128;5245;1;1.4001593445988435E7
2129;5247;2;1.4001593445988435E7
2130;5250;3;1.4001593445988435E7
2131;5251;1;1.4001593445988435E7
2132;5253;2;1.4001593445988435E7
2133;5255;2;1.4001593445988435E7
2134;5256;1;1.4001593445988435E7
2135;5257;1;1.4001593445988435E7
2136;5259;2;1.4001593445988435E7
2137;5262;3;1.4001593445988435E7
2138;5265;3;1.4001593445988435E7
2139;5266;1;1.4001593445988435E7
2140;5268;2;1.4001593445988435E7
2141;5270;2;1.4001593445988435E7
2142;5270;0;1.4001593445988435E7
2143;5273;3;1.4001593445988435E7
2144;5274;1;1.4001593445988435E7
2145;5276;2;1.4001593445988435E7
2146;5277;1;1.4001593445988435E7
2147;5278;1;1.4001593445988435E7
2148;5280;2;1.4001593445988435E7
2149;5283;3;1.4001593445988435E7
2150;5285;2;1.4001593445988435E7
2151;5287;2;1.4001593445988435E7
2152;5289;2;1.4001593445988435E7
2153;5291;2;1.4001593445988435E7
2154;5293;2;1.4001593445988435E7
2155;5294;1;1.4001593445988435E7
2156;5297;3;1.4001593445988435E7
2157;5299;2;1.4001593445988435E7
2158;5302;3;1.4001593445988435E7
2159;5304;2;1.4001593445988435E7
2160;5306;2;1.4001593445988435E7
2161;5310;4;1.4001593445988435E7
2162;5312;2;1.4001593445988435E7
2163;5312;0;1.4001593445988435E7
2164;5315;3;1.4001593445988435E7
2165;5317;2;1.4001593445988435E7
2166;5319;2;1.4001593445988435E7
2167;5323;4;1.4001593445988435E7
2168;5325;2;1.4001593445988435E7
2169;5327;2;1.4001593445988435E7
2170;5329;2;1.4001593445988435E7
2171;5331;2;1.4001593445988435E7
2172;5334;3;1.4001593445988435E7
2173;5337;3;1.4001593445988435E7
2174;5338;1;1.4001593445988435E7
2175;5339;1;1.4001593445988435E7
2176;5341;2;1.4001593445988435E7
2177;5345;4;1.4001593445988435E7
2178;5347;2;1.4001593445988435E7
2179;5347;0;1.4001593445988435E7
2180;5350;3;1.4001593445988435E7
2181;5353;3;1.4001593445988435E7
2182;5355;2;1.4001593445988435E7
2183;5357;2;1.4001593445988435E7
2184;5360;3;1.4001593445988435E7
2185;5361;1;1.4001593445988435E7
2186;5363;2;1.4001593445988435E7
2187;5366;3;1.4001593445988435E7
2188;5369;3;1.4001593445988435E7
2189;5370;1;1.4001593445988435E7
2190;5371;1;1.4001593445988435E7
2191;5372;1;1.4001593445988435E7
2192;5374;2;1.4001593445988435E7
2193;5376;2;1.4001593445988435E7
2194;5377;1;1.4001593445988435E7
2195;5379;2;1.4001593445988435E7
2196;5381;2;1.4001593445988435E7
2197;5384;3;1.4001593445988435E7
2198;5385;1;1.4001593445988435E7
2199;5387;2;1.4001593445988435E7
2200;5390;3;1.4001593445988435E7
2201;5391;1;1.4001593445988435E7
2202;5393;2;1.4001593445988435E7
2203;5397;4;1.4001593445988435E7
2204;5398;1;1.4001593445988435E7
2205;5401;3;1.4001593445988435E7
2206;5403;2;1.4001593445988435E7
2207;5409;6;1.4001593445988435E7
2208;5410;1;1.4001593445988435E7
2209;5413;3;1.4001593445988435E7
2210;5415;2;1.4001593445988435E7
2211;5418;3;1.4001593445988435E7
2212;5422;4;1.4001593445988435E7
2213;5423;1;1.4001593445988435E7
2214;5424;1;1.4001593445988435E7
2215;5425;1;1.4001593445988435E7
2216;5426;1;1.4001593445988435E7
2217;5427;1;1.4001593445988435E7
2218;5429;2;1.4001593445988435E7
2219;5431;2;1.4001593445988435E7
2220;5434;3;1.4001593445988435E7
2221;5436;2;1.4001593445988435E7
2222;5438;2;1.4001593445988435E7
2223;5439;1;1.4001593445988435E7
2224;5440;1;1.4001593445988435E7
2225;5443;3;1.4001593445988435E7
2226;5445;2;1.4001593445988435E7
2227;5447;2;1.4001593445988435E7
2228;5449;2;1.4001593445988435E7
2229;5450;1;1.4001593445988435E7
2230;5451;1;1.4001593445988435E7
2231;5453;2;1.4001593445988435E7
2232;5455;2;1.4001593445988435E7
2233;5457;2;1.4001593445988435E7
2234;5459;2;1.4001593445988435E7
2235;5461;2;1.4001593445988435E7
2236;5464;3;1.4001593445988435E7
2237;5465;1;1.4001593445988435E7
2238;5467;2;1.4001593445988435E7
2239;5470;3;1.4001593445988435E7
2240;5473;3;1.4001593445988435E7
2241;5475;2;1.4001593445988435E7
2242;5477;2;1.4001593445988435E7
2243;5479;2;1.4001593445988435E7
2244;5479;0;1.4001593445988435E7
2245;5481;2;1.4001593445988435E7
2246;5483;2;1.4001593445988435E7
2247;5485;2;1.4001593445988435E7
2248;5486;1;1.4001593445988435E7
2249;5488;2;1.4001593445988435E7
2250;5491;3;1.4001593445988435E7
2251;5493;2;1.4001593445988435E7
2252;5494;1;1.4001593445988435E7
2253;5496;2;1.4001593445988435E7
2254;5498;2;1.4001593445988435E7
2255;5500;2;1.4001593445988435E7
2256;5502;2;1.4001593445988435E7
2257;5503;1;1.4001593445988435E7
2258;5506;3;1.4001593445988435E7
2259;5508;2;1.4001593445988435E7
2260;5510;2;1.4001593445988435E7
2261;5514;4;1.4001593445988435E7
2262;5515;1;1.4001593445988435E7
2263;5518;3;1.4001593445988435E7
2264;5519;1;1.4001593445988435E7
2265;5521;2;1.4001593445988435E7
2266;5523;2;1.4001593445988435E7
2267;5525;2;1.4001593445988435E7
2268;5527;2;1.4001593445988435E7
2269;5530;3;1.4001593445988435E7
2270;5530;0;1.4001593445988435E7
2271;5531;1;1.4001593445988435E7
2272;5533;2;1.4001593445988435E7
2273;5535;2;1.4001593445988435E7
2274;5538;3;1.4001593445988435E7
2275;5541;3;1.4001593445988435E7
2276;5541;0;1.4001593445988435E7
2277;5543;2;1.4001593445988435E7
2278;5546;3;1.4001593445988435E7
2279;5547;1;1.4001593445988435E7
2280;5549;2;1.4001593445988435E7
2281;5551;2;1.4001593445988435E7
2282;5553;2;1.4001593445988435E7
2283;5554;1;1.4001593445988435E7
2284;5557;3;1.4001593445988435E7
2285;5559;2;1.4001593445988435E7
2286;5562;3;1.4001593445988435E7
2287;5563;1;1.4001593445988435E7
2288;5565;2;1.4001593445988435E7
2289;5566;1;1.4001593445988435E7
2290;5567;1;1.4001593445988435E7
2291;5569;2;1.4001593445988435E7
2292;5571;2;1.4001593445988435E7
2293;5574;3;1.4001593445988435E7
2294;5575;1;1.4001593445988435E7
2295;5578;3;1.4001593445988435E7
2296;5580;2;1.4001593445988435E7
2297;5582;2;1.4001593445988435E7
2298;5583;1;1.4001593445988435E7
2299;5584;1;1.4001593445988435E7
2300;5587;3;1.4001593445988435E7
2301;5588;1;1.4001593445988435E7
2302;5588;0;1.4001593445988435E7
2303;5590;2;1.4001593445988435E7
2304;5591;1;1.4001593445988435E7
2305;5593;2;1.4001593445988435E7
2306;5596;3;1.4001593445988435E7
2307;5599;3;1.4001593445988435E7
2308;5600;1;1.4001593445988435E7
2309;5602;2;1.4001593445988435E7
2310;5605;3;1.4001593445988435E7
2311;5607;2;1.4001593445988435E7
2312;5609;2;1.4001593445988435E7
2313;5611;2;1.4001593445988435E7
2314;5613;2;1.4001593445988435E7
2315;5615;2;1.4001593445988435E7
2316;5617;2;1.4001593445988435E7
2317;5620;3;1.4001593445988435E7
2318;5620;0;1.4001593445988435E7
2319;5622;2;1.4001593445988435E7
2320;5623;1;1.4001593445988435E7
2321;5624;1;1.4001593445988435E7
2322;5627;3;1.4001593445988435E7
2323;5629;2;1.4001593445988435E7
2324;5629;0;1.4001593445988435E7
2325;5631;2;1.4001593445988435E7
2326;5632;1;1.4001593445988435E7
2327;5633;1;1.4001593445988435E7
2328;5635;2;1.4001593445988435E7
2329;5635;0;1.4001593445988435E7
2330;5636;1;1.4001593445988435E7
2331;5638;2;1.4001593445988435E7
2332;5640;2;1.4001593445988435E7
2333;5642;2;1.4001593445988435E7
2334;5644;2;1.4001593445988435E7
2335;5645;1;1.4001593445988435E7
2336;5646;1;1.4001593445988435E7
2337;5646;0;1.4001593445988435E7
2338;5647;1;1.4001593445988435E7
2339;5649;2;1.4001593445988435E7
2340;5651;2;1.4001593445988435E7
2341;5652;1;1.4001593445988435E7
2342;5652;0;1.4001593445988435E7
2343;5655;3;1.4001593445988435E7
2344;5655;0;1.4001593445988435E7
2345;5658;3;1.4001593445988435E7
2346;5660;2;1.4001593445988435E7
2347;5662;2;1.4001593445988435E7
2348;5664;2;1.4001593445988435E7
2349;5665;1;1.4001593445988435E7
2350;5668;3;1.4001593445988435E7
2351;5670;2;1.4001593445988435E7
2352;5671;1;1.4001593445988435E7
2353;5673;2;1.4001593445988435E7
2354;5675;2;1.4001593445988435E7
2355;5677;2;1.4001593445988435E7
2356;5679;2;1.4001593445988435E7
2357;5680;1;1.4001593445988435E7
2358;5682;2;1.4001593445988435E7
2359;5684;2;1.4001593445988435E7
2360;5686;2;1.4001593445988435E7
2361;5688;2;1.4001593445988435E7
2362;5689;1;1.4001593445988435E7
2363;5691;2;1.4001593445988435E7
2364;5691;0;1.4001593445988435E7
2365;5692;1;1.4001593445988435E7
2366;5694;2;1.4001593445988435E7
2367;5696;2;1.4001593445988435E7
2368;5700;4;1.4001593445988435E7
2369;5704;4;1.4001593445988435E7
2370;5704;0;1.4001593445988435E7
2371;5707;3;1.4001593445988435E7
2372;5709;2;1.4001593445988435E7
2373;5710;1;1.4001593445988435E7
2374;5711;1;1.4001593445988435E7
2375;5711;0;1.4001593445988435E7
2376;5713;2;1.4001593445988435E7
2377;5714;1;1.4001593445988435E7
2378;5715;1;1.4001593445988435E7
2379;5716;1;1.4001593445988435E7
2380;5718;2;1.4001593445988435E7
2381;5719;1;1.4001593445988435E7
2382;5721;2;1.4001593445988435E7
2383;5723;2;1.4001593445988435E7
2384;5724;1;1.4001593445988435E7
2385;5727;3;1.4001593445988435E7
2386;5728;1;1.4001593445988435E7
2387;5731;3;1.4001593445988435E7
2388;5733;2;1.4001593445988435E7
2389;5734;1;1.4001593445988435E7
2390;5736;2;1.4001593445988435E7
2391;5738;2;1.4001586451574631E7
2392;5740;2;1.4001586451574631E7
2393;5740;0;1.4001586451574631E7
2394;5742;2;1.4001586451574631E7
2395;5743;1;1.4001578315803109E7
2396;5744;1;1.4001578315803109E7
2397;5745;1;1.4001578315803109E7
2398;5748;3;1.4001578315803109E7
2399;5749;1;1.4001578315803109E7
2400;5752;3;1.4001578315803109E7
2401;5755;3;1.4001578315803109E7
2402;5755;0;1.4001578315803109E7
2403;5757;2;1.4001578315803109E7
2404;5759;2;1.4001578315803109E7
2405;5761;2;1.4001578315803109E7
2406;5763;2;1.4001578315803109E7
2407;5764;1;1.4001578315803109E7
2408;5767;3;1.4001578315803109E7
2409;5769;2;1.4001578315803109E7
2410;5770;1;1.4001578315803109E7
2411;5771;1;1.4001578315803109E7
2412;5774;3;1.4001578315803109E7
2413;5776;2;1.4001578315803109E7
2414;5777;1;1.4001578315803109E7
2415;5779;2;1.4001578315803109E7
2416;5781;2;1.4001578315803109E7
2417;5784;3;1.4001578315803109E7
2418;5785;1;1.4001578315803109E7
2419;5788;3;1.4001578315803109E7
2420;5790;2;1.4001578315803109E7
2421;5792;2;1.4001578315803109E7
2422;5793;1;1.4001578315803109E7
2423;5796;3;1.4001578315803109E7
2424;5797;1;1.4001578315803109E7
2425;5801;4;1.4001578315803109E7
2426;5803;2;1.4001578315803109E7
2427;5806;3;1.4001578315803109E7
2428;5809;3;1.4001578315803109E7
2429;5811;2;1.4001578315803109E7
2430;5812;1;1.4001578315803109E7
2431;5814;2;1.4001578315803109E7
2432;5817;3;1.4001578315803109E7
2433;5819;2;1.4001578315803109E7
2434;5821;2;1.4001578315803109E7
2435;5824;3;1.4001578315803109E7
2436;5827;3;1.4001578315803109E7
2437;5829;2;1.4001578315803109E7
2438;5831;2;1.4001578315803109E7
2439;5832;1;1.4001578315803109E7
2440;5833;1;1.4001578315803109E7
2441;5834;1;1.4001578315803109E7
2442;5836;2;1.4001578315803109E7
2443;5838;2;1.4001578315803109E7
2444;5840;2;1.4001578315803109E7
2445;5841;1;1.4001578315803109E7
2446;5843;2;1.4001578315803109E7
2447;5845;2;1.4001578315803109E7
2448;5847;2;1.4001578315803109E7
2449;5849;2;1.4001578315803109E7
2450;5853;4;1.4001578315803109E7
2451;5854;1;1.4001578315803109E7
2452;5856;2;1.4001578315803109E7
2453;5859;3;1.4001578315803109E7
2454;5861;2;1.4001578315803109E7
2455;5863;2;1.4001578315803109E7
2456;5865;2;1.4001578315803109E7
2457;5866;1;1.4001578315803109E7
2458;5867;1;1.4001578315803109E7
2459;5869;2;1.4001578315803109E7
2460;5871;2;1.4001578315803109E7
2461;5874;3;1.4001578315803109E7
2462;5876;2;1.4001578315803109E7
2463;5878;2;1.4001578315803109E7
2464;5880;2;1.4001578315803109E7
2465;5881;1;1.4001578315803109E7
2466;5883;2;1.4001578315803109E7
2467;5886;3;1.4001578315803109E7
2468;5887;1;1.4001578315803109E7
2469;5890;3;1.4001578315803109E7
2470;5892;2;1.4001578315803109E7
2471;5894;2;1.4001578315803109E7
2472;5896;2;1.4001578315803109E7
2473;5900;4;1.4001578315803109E7
2474;5902;2;1.4001578315803109E7
2475;5904;2;1.4001578315803109E7
2476;5907;3;1.4001578315803109E7
2477;5909;2;1.4001578315803109E7
2478;5912;3;1.4001578315803109E7
2479;5914;2;1.4001578315803109E7
2480;5915;1;1.4001578315803109E7
2481;5917;2;1.4001578315803109E7
2482;5918;1;1.4001578315803109E7
2483;5918;0;1.4001578315803109E7
2484;5919;1;1.4001578315803109E7
2485;5922;3;1.4001578315803109E7
2486;5923;1;1.4001578315803109E7
2487;5925;2;1.4001578315803109E7
2488;5926;1;1.4001578315803109E7
2489;5928;2;1.4001578315803109E7
2490;5930;2;1.4001578315803109E7
2491;5932;2;1.4001578315803109E7
2492;5934;2;1.4001578315803109E7
2493;5935;1;1.4001578315803109E7
2494;5937;2;1.4001578315803109E7
2495;5939;2;1.4001578315803109E7
2496;5941;2;1.4001578315803109E7
2497;5943;2;1.4001578315803109E7
2498;5944;1;1.4001578315803109E7
2499;5945;1;1.4001578315803109E7
2500;5947;2;1.4001578315803109E7
2501;5948;1;1.4001578315803109E7
2502;5950;2;1.4001578315803109E7
2503;5952;2;1.4001578315803109E7
2504;5955;3;1.4001578315803109E7
2505;5956;1;1.4001578315803109E7
2506;5958;2;1.4001578315803109E7
2507;5960;2;1.4001578315803109E7
2508;5962;2;1.4001578315803109E7
2509;5964;2;1.4001578315803109E7
2510;5967;3;1.4001578315803109E7
2511;5969;2;1.4001578315803109E7
2512;5971;2;1.4001578315803109E7
2513;5972;1;1.4001578315803109E7
2514;5973;1;1.4001578315803109E7
2515;5974;1;1.4001578315803109E7
2516;5977;3;1.4001578315803109E7
2517;5978;1;1.4001578315803109E7
2518;5980;2;1.4001578315803109E7
2519;5981;1;1.4001578315803109E7
2520;5983;2;1.4001578315803109E7
2521;5986;3;1.4001578315803109E7
2522;5988;2;1.4001578315803109E7
2523;5989;1;1.4001578315803109E7
2524;5992;3;1.4001578315803109E7
2525;5994;2;1.4001578315803109E7
2526;5996;2;1.4001578315803109E7
2527;5996;0;1.4001578315803109E7
2528;5998;2;1.4001578315803109E7
2529;6000;2;1.4001578315803109E7
2530;6001;1;1.4001578315803109E7
2531;6002;1;1.4001578315803109E7
2532;6005;3;1.4001578315803109E7
2533;6008;3;1.4001578315803109E7
2534;6009;1;1.4001578315803109E7
2535;6011;2;1.4001578315803109E7
2536;6013;2;1.4001578315803109E7
2537;6015;2;1.4001578315803109E7
2538;6016;1;1.4001578315803109E7
2539;6018;2;1.4001578315803109E7
2540;6020;2;1.4001578315803109E7
2541;6023;3;1.4001578315803109E7
2542;6025;2;1.4001578315803109E7
2543;6026;1;1.4001578315803109E7
2544;6026;0;1.4001578315803109E7
2545;6027;1;1.4001578315803109E7
2546;6030;3;1.4001578315803109E7
2547;6031;1;1.4001578315803109E7
2548;6033;2;1.4001578315803109E7
2549;6033;0;1.4001578315803109E7
2550;6035;2;1.4001578315803109E7
2551;6038;3;1.4001578315803109E7
2552;6039;1;1.4001578315803109E7
2553;6042;3;1.4001578315803109E7
2554;6043;1;1.4001578315803109E7
2555;6043;0;1.4001578315803109E7
2556;6045;2;1.4001578315803109E7
2557;6047;2;1.4001578315803109E7
2558;6049;2;1.4001578315803109E7
2559;6052;3;1.4001578315803109E7
2560;6052;0;1.4001578315803109E7
2561;6054;2;1.4001578315803109E7
2562;6054;0;1.4001578315803109E7
2563;6055;1;1.4001578315803109E7
2564;6056;1;1.4001578315803109E7
2565;6058;2;1.4001578315803109E7
2566;6060;2;1.4001578315803109E7
2567;6061;1;1.4001578315803109E7
2568;6064;3;1.4001578315803109E7
2569;6066;2;1.4001578315803109E7
2570;6068;2;1.4001578315803109E7
2571;6070;2;1.4001578315803109E7
2572;6073;3;1.4001578315803109E7
2573;6074;1;1.4001578315803109E7
2574;6077;3;1.4001578315803109E7
2575;6079;2;1.4001578315803109E7
2576;6081;2;1.4001578315803109E7
2577;6083;2;1.4001578315803109E7
2578;6086;3;1.4001578315803109E7
2579;6087;1;1.4001578315803109E7
2580;6089;2;1.4001578315803109E7
2581;6090;1;1.4001578315803109E7
2582;6092;2;1.4001578315803109E7
2583;6093;1;1.4001578315803109E7
2584;6096;3;1.4001578315803109E7
2585;6097;1;1.4001578315803109E7
2586;6098;1;1.4001578315803109E7
2587;6101;3;1.4001578315803109E7
2588;6105;4;1.4001578315803109E7
2589;6109;4;1.4001578315803109E7
2590;6111;2;1.4001578315803109E7
2591;6113;2;1.4001578315803109E7
2592;6114;1;1.4001578315803109E7
2593;6115;1;1.4001578315803109E7
2594;6117;2;1.4001578315803109E7
2595;6118;1;1.4001578315803109E7
2596;6120;2;1.4001578315803109E7
2597;6122;2;1.4001578315803109E7
2598;6123;1;1.4001578315803109E7
2599;6125;2;1.4001578315803109E7
2600;6128;3;1.4001578315803109E7
2601;6131;3;1.4001578315803109E7
2602;6131;0;1.4001578315803109E7
2603;6133;2;1.4001578315803109E7
2604;6135;2;1.4001578315803109E7
2605;6136;1;1.4001578315803109E7
2606;6137;1;1.4001578315803109E7
2607;6138;1;1.4001578315803109E7
2608;6140;2;1.4001578315803109E7
2609;6142;2;1.4001578315803109E7
2610;6143;1;1.4001578315803109E7
2611;6144;1;1.4001578315803109E7
2612;6144;0;1.4001578315803109E7
2613;6147;3;1.4001578315803109E7
2614;6148;1;1.4001578315803109E7
2615;6149;1;1.4001578315803109E7
2616;6151;2;1.4001578315803109E7
2617;6152;1;1.4001578315803109E7
2618;6154;2;1.4001578315803109E7
2619;6155;1;1.4001578315803109E7
2620;6156;1;1.4001578315803109E7
2621;6158;2;1.4001578315803109E7
2622;6160;2;1.4001578315803109E7
2623;6162;2;1.4001578315803109E7
2624;6164;2;1.4001577076916166E7
2625;6166;2;1.4001577076916166E7
2626;6166;0;1.4001577076916166E7
2627;6168;2;1.4001577076916166E7
2628;6170;2;1.4001577076916166E7
2629;6170;0;1.4001577076916166E7
2630;6171;1;1.4001577076916166E7
2631;6173;2;1.4001577076916166E7
2632;6174;1;1.4001577076916166E7
2633;6176;2;1.4001577076916166E7
2634;6177;1;1.4001577076916166E7
2635;6178;1;1.4001577076916166E7
2636;6181;3;1.4001577076916166E7
2637;6182;1;1.400156853748951E7
2638;6183;1;1.400156853748951E7
2639;6185;2;1.4001562463485874E7
2640;6186;1;1.4001562463485874E7
2641;6188;2;1.4001562463485874E7
2642;6191;3;1.4001562463485874E7
2643;6193;2;1.4001562463485874E7
2644;6196;3;1.4001562463485874E7
2645;6198;2;1.4001562463485874E7
2646;6200;2;1.4001562463485874E7
2647;6201;1;1.4001562463485874E7
2648;6203;2;1.4001562463485874E7
2649;6207;4;1.4001562463485874E7
2650;6210;3;1.4001562463485874E7
2651;6211;1;1.4001562463485874E7
2652;6212;1;1.4001562463485874E7
2653;6214;2;1.4001562463485874E7
2654;6216;2;1.4001562463485874E7
2655;6218;2;1.4001562463485874E7
2656;6220;2;1.4001562463485874E7
2657;6221;1;1.4001562463485874E7
2658;6223;2;1.4001562463485874E7
2659;6225;2;1.4001562463485874E7
2660;6227;2;1.4001562463485874E7
2661;6229;2;1.4001562463485874E7
2662;6231;2;1.4001562463485874E7
2663;6232;1;1.4001562463485874E7
2664;6233;1;1.4001562463485874E7
2665;6234;1;1.4001562463485874E7
2666;6236;2;1.4001562463485874E7
2667;6237;1;1.4001562463485874E7
2668;6240;3;1.4001562463485874E7
2669;6241;1;1.4001562463485874E7
2670;6243;2;1.4001562463485874E7
2671;6245;2;1.4001562463485874E7
2672;6247;2;1.4001562463485874E7
2673;6248;1;1.4001562463485874E7
2674;6251;3;1.4001562463485874E7
2675;6254;3;1.4001562463485874E7
2676;6256;2;1.4001562463485874E7
2677;6259;3;1.4001562463485874E7
2678;6263;4;1.400154773916431E7
2679;6265;2;1.400154773916431E7
2680;6267;2;1.400154773916431E7
2681;6268;1;1.400154773916431E7
2682;6269;1;1.400154773916431E7
2683;6270;1;1.400154773916431E7
2684;6272;2;1.400154773916431E7
2685;6276;4;1.400154773916431E7
2686;6277;1;1.400154773916431E7
2687;6279;2;1.400154773916431E7
2688;6281;2;1.400154773916431E7
2689;6282;1;1.400154773916431E7
2690;6285;3;1.400154773916431E7
2691;6287;2;1.400154773916431E7
2692;6289;2;1.400154773916431E7
2693;6291;2;1.400154773916431E7
2694;6292;1;1.400154773916431E7
2695;6293;1;1.400154773916431E7
2696;6294;1;1.400154773916431E7
2697;6296;2;1.400154773916431E7
2698;6298;2;1.400154773916431E7
2699;6300;2;1.400154773916431E7
2700;6301;1;1.400154773916431E7
2701;6303;2;1.400154773916431E7
2702;6305;2;1.400154773916431E7
2703;6307;2;1.400154773916431E7
2704;6310;3;1.400154773916431E7
2705;6311;1;1.400154773916431E7
2706;6313;2;1.400154773916431E7
2707;6313;0;1.400154773916431E7
2708;6314;1;1.400154773916431E7
2709;6316;2;1.400154773916431E7
2710;6318;2;1.400154773916431E7
2711;6321;3;1.400154773916431E7
2712;6325;4;1.400154773916431E7
2713;6326;1;1.400154773916431E7
2714;6328;2;1.4001547633217392E7
2715;6329;1;1.4001547633217392E7
2716;6330;1;1.4001547633217392E7
2717;6331;1;1.400154141710069E7
2718;6332;1;1.400154141710069E7
2719;6333;1;1.400154141710069E7
2720;6335;2;1.400154141710069E7
2721;6337;2;1.400154141710069E7
2722;6339;2;1.4001539305644512E7
2723;6341;2;1.4001537452361725E7
2724;6344;3;1.4001537452361725E7
2725;6346;2;1.4001537452361725E7
2726;6350;4;1.4001537452361725E7
2727;6354;4;1.4001537452361725E7
2728;6355;1;1.4001537452361725E7
2729;6358;3;1.4001537452361725E7
2730;6362;4;1.4001537452361725E7
2731;6364;2;1.4001537452361725E7
2732;6367;3;1.4001537452361725E7
2733;6368;1;1.4001537452361725E7
2734;6371;3;1.4001537452361725E7
2735;6373;2;1.4001537452361725E7
2736;6376;3;1.4001537452361725E7
2737;6379;3;1.4001537452361725E7
2738;6380;1;1.4001537452361725E7
2739;6381;1;1.4001537452361725E7
2740;6383;2;1.4001537452361725E7
2741;6385;2;1.4001537452361725E7
2742;6387;2;1.4001537452361725E7
2743;6390;3;1.4001537452361725E7
2744;6394;4;1.4001537452361725E7
2745;6399;5;1.4001537452361725E7
2746;6401;2;1.4001537452361725E7
2747;6403;2;1.4001537452361725E7
2748;6407;4;1.4001537452361725E7
2749;6411;4;1.4001537452361725E7
2750;6413;2;1.4001537452361725E7
2751;6415;2;1.4001537452361725E7
2752;6416;1;1.4001537452361725E7
2753;6419;3;1.4001537452361725E7
2754;6421;2;1.4001537452361725E7
2755;6422;1;1.4001537452361725E7
2756;6424;2;1.4001537452361725E7
2757;6425;1;1.4001537452361725E7
2758;6427;2;1.4001537452361725E7
2759;6428;1;1.4001537452361725E7
2760;6428;0;1.4001537452361725E7
2761;6430;2;1.4001537452361725E7
2762;6431;1;1.4001537452361725E7
2763;6433;2;1.4001537452361725E7
2764;6434;1;1.4001537452361725E7
2765;6438;4;1.4001537452361725E7
2766;6439;1;1.4001537452361725E7
2767;6440;1;1.4001537452361725E7
2768;6444;4;1.4001537452361725E7
2769;6448;4;1.4001537452361725E7
2770;6449;1;1.4001537452361725E7
2771;6454;5;1.4001537452361725E7
2772;6464;10;1.4001537452361725E7
2773;6468;4;1.4001537452361725E7
2774;6471;3;1.4001537452361725E7
2775;6474;3;1.4001537452361725E7
2776;6476;2;1.4001537452361725E7
2777;6476;0;1.4001537452361725E7
2778;6478;2;1.4001537452361725E7
2779;6481;3;1.4001537452361725E7
2780;6484;3;1.4001537452361725E7
2781;6486;2;1.4001537452361725E7
2782;6487;1;1.4001537452361725E7
2783;6490;3;1.4001537452361725E7
2784;6491;1;1.4001537452361725E7
2785;6494;3;1.4001537452361725E7
2786;6496;2;1.4001537452361725E7
2787;6499;3;1.4001537452361725E7
2788;6501;2;1.4001537452361725E7
2789;6502;1;1.4001537452361725E7
2790;6504;2;1.4001537452361725E7
2791;6505;1;1.4001537452361725E7
2792;6506;1;1.4001537452361725E7
2793;6508;2;1.4001537452361725E7
2794;6511;3;1.4001537452361725E7
2795;6513;2;1.4001537452361725E7
2796;6516;3;1.4001537452361725E7
2797;6518;2;1.4001537452361725E7
2798;6521;3;1.4001537452361725E7
2799;6524;3;1.4001537452361725E7
2800;6526;2;1.4001537452361725E7
2801;6528;2;1.4001537452361725E7
2802;6529;1;1.4001537452361725E7
2803;6532;3;1.4001537452361725E7
2804;6533;1;1.4001537452361725E7
2805;6536;3;1.4001535058396645E7
2806;6541;5;1.4001535058396645E7
2807;6543;2;1.4001535058396645E7
2808;6547;4;1.4001535058396645E7
2809;6551;4;1.4001535058396645E7
2810;6555;4;1.4001535058396645E7
2811;6558;3;1.4001535058396645E7
2812;6559;1;1.4001535058396645E7
2813;6564;5;1.4001535058396645E7
2814;6568;4;1.4001535058396645E7
2815;6572;4;1.4001535058396645E7
2816;6576;4;1.400153157971115E7
2817;6577;1;1.400153157971115E7
2818;6580;3;1.400153157971115E7
2819;6583;3;1.400153157971115E7
2820;6585;2;1.4001531234279653E7
2821;6589;4;1.4001531234279653E7
2822;6592;3;1.4001531234279653E7
2823;6598;6;1.4001531234279653E7
2824;6604;6;1.4001531234279653E7
2825;6609;5;1.4001531234279653E7
2826;6611;2;1.4001531234279653E7
2827;6613;2;1.4001531234279653E7
2828;6616;3;1.4001531234279653E7
2829;6620;4;1.4001531234279653E7
2830;6621;1;1.4001531234279653E7
2831;6623;2;1.4001531234279653E7
2832;6624;1;1.4001531234279653E7
2833;6629;5;1.4001531234279653E7
2834;6631;2;1.4001531234279653E7
2835;6635;4;1.4001531234279653E7
2836;6638;3;1.4001531234279653E7
2837;6643;5;1.4001531234279653E7
2838;6647;4;1.4001531234279653E7
2839;6652;5;1.4001531234279653E7
2840;6656;4;1.4001531234279653E7
2841;6661;5;1.4001531234279653E7
2842;6666;5;1.4001531234279653E7
2843;6671;5;1.4001531234279653E7
2844;6674;3;1.4001531234279653E7
2845;6677;3;1.4001531234279653E7
2846;6683;6;1.4001531234279653E7
2847;6688;5;1.4001531234279653E7
2848;6690;2;1.4001531234279653E7
2849;6694;4;1.4001531234279653E7
2850;6698;4;1.4001531234279653E7
2851;6698;0;1.4001531234279653E7
2852;6701;3;1.4001531234279653E7
2853;6702;1;1.4001531234279653E7
2854;6705;3;1.4001531234279653E7
2855;6709;4;1.4001531234279653E7
2856;6711;2;1.4001531234279653E7
2857;6716;5;1.4001531234279653E7
2858;6716;0;1.4001531234279653E7
2859;6720;4;1.4001531234279653E7
2860;6721;1;1.4001531234279653E7
2861;6723;2;1.4001531234279653E7
2862;6726;3;1.4001531234279653E7
2863;6727;1;1.4001531234279653E7
2864;6729;2;1.4001531234279653E7
2865;6730;1;1.4001531234279653E7
2866;6732;2;1.4001531234279653E7
2867;6733;1;1.4001531234279653E7
2868;6735;2;1.4001531234279653E7
2869;6738;3;1.4001531234279653E7
2870;6742;4;1.4001531234279653E7
2871;6743;1;1.4001531234279653E7
2872;6745;2;1.4001531234279653E7
2873;6748;3;1.4001531234279653E7
2874;6751;3;1.4001531234279653E7
2875;6754;3;1.4001531234279653E7
2876;6757;3;1.4001531234279653E7
2877;6759;2;1.4001531234279653E7
2878;6759;0;1.4001531234279653E7
2879;6761;2;1.4001531234279653E7
2880;6763;2;1.4001531234279653E7
2881;6764;1;1.4001531234279653E7
2882;6766;2;1.4001531234279653E7
2883;6768;2;1.4001531234279653E7
2884;6770;2;1.4001531234279653E7
2885;6771;1;1.4001531234279653E7
2886;6772;1;1.4001531234279653E7
2887;6774;2;1.4001531234279653E7
2888;6774;0;1.4001531234279653E7
2889;6776;2;1.4001531234279653E7
2890;6779;3;1.4001531234279653E7
2891;6781;2;1.4001531234279653E7
2892;6783;2;1.4001531234279653E7
2893;6785;2;1.4001531234279653E7
2894;6787;2;1.4001531234279653E7
2895;6789;2;1.4001531234279653E7
2896;6791;2;1.4001531234279653E7
2897;6793;2;1.4001531234279653E7
2898;6795;2;1.4001531234279653E7
2899;6796;1;1.4001531234279653E7
2900;6797;1;1.4001531234279653E7
2901;6799;2;1.4001531234279653E7
2902;6802;3;1.4001531234279653E7
2903;6806;4;1.4001531234279653E7
2904;6809;3;1.4001531234279653E7
2905;6812;3;1.4001531234279653E7
2906;6816;4;1.4001531234279653E7
2907;6818;2;1.4001531234279653E7
2908;6820;2;1.4001531234279653E7
2909;6823;3;1.4001531234279653E7
2910;6825;2;1.4001531234279653E7
2911;6829;4;1.4001531234279653E7
2912;6832;3;1.4001531234279653E7
2913;6836;4;1.4001531234279653E7
2914;6839;3;1.4001531234279653E7
2915;6841;2;1.4001531234279653E7
2916;6843;2;1.4001531234279653E7
2917;6846;3;1.4001531234279653E7
2918;6850;4;1.4001531234279653E7
2919;6852;2;1.4001531234279653E7
2920;6853;1;1.4001531234279653E7
2921;6856;3;1.4001531234279653E7
2922;6859;3;1.4001531234279653E7
2923;6860;1;1.4001531234279653E7
2924;6864;4;1.4001531234279653E7
2925;6868;4;1.4001531234279653E7
2926;6871;3;1.4001531234279653E7
2927;6873;2;1.4001531234279653E7
2928;6875;2;1.4001531234279653E7
2929;6879;4;1.4001531234279653E7
2930;6880;1;1.4001531234279653E7
2931;6882;2;1.4001531234279653E7
2932;6882;0;1.4001531234279653E7
2933;6885;3;1.4001531234279653E7
2934;6885;0;1.4001531234279653E7
2935;6887;2;1.4001531234279653E7
2936;6889;2;1.4001531234279653E7
2937;6891;2;1.4001531234279653E7
2938;6892;1;1.4001531234279653E7
2939;6894;2;1.4001531234279653E7
2940;6895;1;1.4001531234279653E7
2941;6896;1;1.4001531234279653E7
2942;6898;2;1.4001531234279653E7
2943;6899;1;1.4001531234279653E7
2944;6900;1;1.4001531234279653E7
2945;6902;2;1.4001531234279653E7
2946;6903;1;1.4001531234279653E7
2947;6904;1;1.4001531234279653E7
2948;6905;1;1.4001531234279653E7
2949;6907;2;1.4001531234279653E7
2950;6910;3;1.4001531234279653E7
2951;6911;1;1.4001531234279653E7
2952;6912;1;1.4001531234279653E7
2953;6914;2;1.4001531234279653E7
2954;6914;0;1.4001531234279653E7
2955;6915;1;1.4001531234279653E7
2956;6917;2;1.4001531234279653E7
2957;6918;1;1.4001531234279653E7
2958;6920;2;1.4001531234279653E7
2959;6921;1;1.4001531234279653E7
2960;6923;2;1.4001531234279653E7
2961;6924;1;1.4001531234279653E7
2962;6926;2;1.4001531234279653E7
2963;6926;0;1.4001531234279653E7
2964;6929;3;1.4001531234279653E7
2965;6931;2;1.4001531234279653E7
2966;6932;1;1.4001531234279653E7
2967;6934;2;1.4001531234279653E7
2968;6936;2;1.4001531234279653E7
2969;6937;1;1.4001531234279653E7
2970;6938;1;1.4001531234279653E7
2971;6938;0;1.4001531234279653E7
2972;6940;2;1.4001531234279653E7
2973;6943;3;1.4001531234279653E7
2974;6944;1;1.4001531234279653E7
2975;6946;2;1.4001531234279653E7
2976;6947;1;1.4001531234279653E7
2977;6949;2;1.4001531234279653E7
2978;6951;2;1.4001531234279653E7
2979;6953;2;1.4001531234279653E7
2980;6955;2;1.4001531234279653E7
2981;6956;1;1.4001531234279653E7
2982;6958;2;1.4001531234279653E7
2983;6959;1;1.4001531234279653E7
2984;6961;2;1.4001531234279653E7
2985;6962;1;1.4001531234279653E7
2986;6964;2;1.4001531234279653E7
2987;6965;1;1.4001531234279653E7
2988;6966;1;1.4001531234279653E7
2989;6968;2;1.4001531234279653E7
2990;6969;1;1.4001531234279653E7
2991;6970;1;1.4001531234279653E7
2992;6973;3;1.4001531234279653E7
2993;6975;2;1.4001531234279653E7
2994;6975;0;1.4001531234279653E7
2995;6977;2;1.4001531234279653E7
2996;6979;2;1.4001531234279653E7
2997;6979;0;1.4001531234279653E7
2998;6981;2;1.4001531234279653E7
2999;6982;1;1.4001531234279653E7
