Index;Time point [ms];Iteration length [ms];Cost
0;15;15;5002420.444389573
1;20;5;4002265.240961057
2;33;13;4001826.419589266
3;47;14;4001437.174322827
4;54;7;4001382.881093683
5;64;10;4001353.8171643554
6;74;10;4001329.618816756
7;82;8;4001218.361818323
8;83;1;4001217.043668313
9;88;5;4001205.8341536038
10;91;3;4001205.8341536038
11;100;9;4001205.8341536038
12;107;7;4001205.8341536038
13;114;7;4001205.8341536038
14;126;12;4001205.8341536038
15;131;5;4001205.8341536038
16;142;11;4001205.8341536038
17;151;9;4001205.8341536038
18;162;11;4001205.8341536038
19;163;1;4001205.8341536038
20;168;5;4001205.8341536038
21;172;4;4001205.8341536038
22;176;4;4001205.8341536038
23;182;6;4001205.8341536038
24;187;5;4001173.767997165
25;190;3;4001128.750475096
26;193;3;4001109.3530653715
27;197;4;4001109.3530653715
28;203;6;4001109.3530653715
29;208;5;4001109.3530653715
30;212;4;4001109.3530653715
31;216;4;4001109.3530653715
32;223;7;4001109.3530653715
33;229;6;4001109.3530653715
34;236;7;4001109.3530653715
35;239;3;4001109.3530653715
36;245;6;4001109.3530653715
37;249;4;4001109.3530653715
38;255;6;4001109.3530653715
39;260;5;4001109.3530653715
40;265;5;4001109.3530653715
41;269;4;4001109.3530653715
42;274;5;4001109.3530653715
43;279;5;4001109.3530653715
44;284;5;4001109.3530653715
45;288;4;4001109.3530653715
46;293;5;4001109.3530653715
47;297;4;4001109.3530653715
48;300;3;4001109.3530653715
49;305;5;4001109.3530653715
50;310;5;4001109.3530653715
51;313;3;4001109.3530653715
52;317;4;4001109.3530653715
53;322;5;4001109.3530653715
54;326;4;4001109.3530653715
55;329;3;4001109.3530653715
56;330;1;4001109.3530653715
57;335;5;4001109.3530653715
58;340;5;4001109.3530653715
59;341;1;4001109.3530653715
60;346;5;4001109.3530653715
61;352;6;4001075.0067882044
62;353;1;4001074.9176746
63;356;3;4001003.2885810807
64;357;1;4001003.2885810807
65;363;6;4001003.2885810807
66;369;6;4001003.2885810807
67;374;5;4001003.2885810807
68;380;6;4001003.2885810807
69;384;4;4001003.2885810807
70;389;5;4001003.2885810807
71;393;4;4001003.2885810807
72;394;1;4001003.2885810807
73;396;2;4001003.2885810807
74;402;6;4001003.2885810807
75;408;6;4001003.2885810807
76;413;5;4001003.2885810807
77;417;4;4001003.2885810807
78;422;5;4001003.2885810807
79;422;0;4001003.2885810807
80;427;5;4001003.2885810807
81;431;4;4001003.2885810807
82;437;6;4000980.7601612923
83;443;6;4000980.7601612923
84;447;4;4000980.7601612923
85;451;4;4000980.7601612923
86;457;6;4000980.7601612923
87;458;1;4000980.7601612923
88;464;6;4000966.308309616
89;464;0;4000966.308309616
90;471;7;4000955.297711527
91;477;6;4000955.297711527
92;483;6;4000955.297711527
93;486;3;4000955.297711527
94;489;3;4000955.297711527
95;494;5;4000955.297711527
96;497;3;4000955.297711527
97;503;6;4000955.297711527
98;510;7;4000955.297711527
99;510;0;4000955.297711527
100;511;1;4000955.297711527
101;517;6;4000955.297711527
102;521;4;4000955.297711527
103;529;8;4000955.297711527
104;530;1;4000955.297711527
105;533;3;4000955.297711527
106;537;4;4000955.297711527
107;543;6;4000901.8340846654
108;547;4;4000901.8340846654
109;549;2;4000901.8340846654
110;554;5;4000901.8340846654
111;559;5;4000901.8340846654
112;560;1;4000901.8340846654
113;565;5;4000901.8340846654
114;571;6;4000901.8340846654
115;576;5;4000901.8340846654
116;583;7;4000901.8340846654
117;590;7;4000901.8340846654
118;592;2;4000901.8340846654
119;594;2;4000901.8340846654
120;595;1;4000901.8340846654
121;599;4;4000901.8340846654
122;605;6;4000901.8340846654
123;608;3;4000901.8340846654
124;613;5;4000901.8340846654
125;618;5;4000901.8340846654
126;623;5;4000901.8340846654
127;623;0;4000901.8340846654
128;624;1;4000901.8340846654
129;628;4;4000901.8340846654
130;633;5;4000901.8340846654
131;639;6;4000901.8340846654
132;642;3;4000901.8340846654
133;647;5;4000901.8340846654
134;653;6;4000901.8340846654
135;658;5;4000901.8340846654
136;666;8;4000901.8340846654
137;671;5;4000901.8340846654
138;673;2;4000901.8340846654
139;680;7;4000901.8340846654
140;686;6;4000901.8340846654
141;687;1;4000901.8340846654
142;690;3;4000901.8340846654
143;690;0;4000901.8340846654
144;696;6;4000901.8340846654
145;700;4;4000901.8340846654
146;704;4;4000901.8340846654
147;709;5;4000901.8340846654
148;714;5;4000901.8340846654
149;719;5;4000901.8340846654
150;724;5;4000901.8340846654
151;729;5;4000901.8340846654
152;733;4;4000901.8340846654
153;741;8;4000901.8340846654
154;746;5;4000901.8340846654
155;751;5;4000901.8340846654
156;757;6;4000901.8340846654
157;761;4;4000901.8340846654
158;765;4;4000901.8340846654
159;765;0;4000901.8340846654
160;768;3;4000901.8340846654
161;773;5;4000901.8340846654
162;777;4;4000901.8340846654
163;777;0;4000901.8340846654
164;782;5;4000901.8340846654
165;786;4;4000901.8340846654
166;793;7;4000901.8340846654
167;798;5;4000901.8340846654
168;799;1;4000901.8340846654
169;804;5;4000901.8340846654
170;809;5;4000901.8340846654
171;810;1;4000901.8340846654
172;816;6;4000901.8340846654
173;822;6;4000901.8340846654
174;826;4;4000901.8340846654
175;829;3;4000901.8340846654
176;833;4;4000901.8340846654
177;836;3;4000901.8340846654
178;837;1;4000901.8340846654
179;837;0;4000901.8340846654
180;842;5;4000901.8340846654
181;848;6;4000857.73943036
182;853;5;4000857.73943036
183;857;4;4000857.73943036
184;862;5;4000857.73943036
185;867;5;4000857.73943036
186;873;6;4000857.73943036
187;876;3;4000857.73943036
188;880;4;4000857.73943036
189;882;2;4000857.73943036
190;887;5;4000857.73943036
191;893;6;4000857.73943036
192;898;5;4000857.73943036
193;898;0;4000857.73943036
194;899;1;4000857.73943036
195;903;4;4000857.73943036
196;908;5;4000857.73943036
197;909;1;4000857.73943036
198;910;1;4000857.73943036
199;913;3;4000857.73943036
200;920;7;4000857.73943036
201;921;1;4000857.73943036
202;924;3;4000857.73943036
203;928;4;4000857.73943036
204;933;5;4000857.73943036
205;934;1;4000857.73943036
206;939;5;4000857.73943036
207;943;4;4000857.73943036
208;949;6;4000857.73943036
209;954;5;4000857.73943036
210;955;1;4000857.73943036
211;958;3;4000857.73943036
212;959;1;4000857.73943036
213;964;5;4000857.73943036
214;969;5;4000857.73943036
215;974;5;4000857.73943036
216;976;2;4000857.73943036
217;978;2;4000857.73943036
218;984;6;4000857.73943036
219;988;4;4000857.73943036
220;992;4;4000857.73943036
221;998;6;4000857.73943036
222;1004;6;4000857.73943036
223;1009;5;4000857.73943036
224;1013;4;4000857.73943036
225;1021;8;4000857.73943036
226;1026;5;4000857.73943036
227;1030;4;4000857.73943036
228;1034;4;4000857.73943036
229;1041;7;4000857.73943036
230;1045;4;4000857.73943036
231;1050;5;4000857.73943036
232;1057;7;4000857.73943036
233;1058;1;4000857.73943036
234;1061;3;4000857.73943036
235;1064;3;4000857.73943036
236;1070;6;4000857.73943036
237;1071;1;4000857.73943036
238;1074;3;4000857.73943036
239;1078;4;4000857.73943036
240;1082;4;4000857.73943036
241;1086;4;4000857.73943036
242;1086;0;4000857.73943036
243;1090;4;4000857.73943036
244;1096;6;4000857.73943036
245;1099;3;4000857.73943036
246;1102;3;4000857.73943036
247;1103;1;4000857.73943036
248;1103;0;4000857.73943036
249;1106;3;4000857.73943036
250;1109;3;4000857.73943036
251;1114;5;4000857.73943036
252;1118;4;4000857.73943036
253;1121;3;4000857.73943036
254;1126;5;4000857.73943036
255;1131;5;4000857.73943036
256;1137;6;4000857.73943036
257;1139;2;4000857.73943036
258;1144;5;4000857.73943036
259;1148;4;4000857.73943036
260;1154;6;4000857.73943036
261;1157;3;4000857.73943036
262;1162;5;4000857.73943036
263;1167;5;4000857.73943036
264;1168;1;4000857.73943036
265;1173;5;4000857.73943036
266;1179;6;4000857.73943036
267;1183;4;4000857.73943036
268;1189;6;4000857.73943036
269;1189;0;4000857.73943036
270;1192;3;4000857.73943036
271;1196;4;4000857.73943036
272;1202;6;4000857.73943036
273;1205;3;4000857.73943036
274;1209;4;4000857.73943036
275;1212;3;4000857.73943036
276;1213;1;4000857.73943036
277;1215;2;4000857.73943036
278;1221;6;4000857.73943036
279;1226;5;4000857.73943036
280;1231;5;4000857.73943036
281;1235;4;4000857.73943036
282;1237;2;4000857.73943036
283;1241;4;4000857.73943036
284;1241;0;4000857.73943036
285;1248;7;4000857.73943036
286;1253;5;4000857.73943036
287;1257;4;4000857.73943036
288;1263;6;4000857.73943036
289;1266;3;4000857.73943036
290;1272;6;4000857.73943036
291;1275;3;4000857.73943036
292;1278;3;4000857.73943036
293;1283;5;4000857.73943036
294;1287;4;4000857.73943036
295;1291;4;4000857.73943036
296;1296;5;4000857.73943036
297;1301;5;4000857.73943036
298;1307;6;4000857.73943036
299;1310;3;4000857.73943036
300;1316;6;4000857.73943036
301;1321;5;4000857.73943036
302;1325;4;4000857.73943036
303;1330;5;4000834.307604383
304;1331;1;4000834.307604383
305;1337;6;4000834.307604383
306;1343;6;4000834.307604383
307;1347;4;4000834.307604383
308;1351;4;4000834.307604383
309;1352;1;4000834.307604383
310;1356;4;4000834.307604383
311;1360;4;4000834.307604383
312;1364;4;4000834.307604383
313;1371;7;4000834.307604383
314;1376;5;4000834.307604383
315;1379;3;4000834.307604383
316;1383;4;4000834.307604383
317;1384;1;4000834.307604383
318;1384;0;4000834.307604383
319;1390;6;4000834.307604383
320;1396;6;4000834.307604383
321;1401;5;4000834.307604383
322;1407;6;4000834.307604383
323;1412;5;4000834.307604383
324;1416;4;4000834.307604383
325;1418;2;4000834.307604383
326;1420;2;4000834.307604383
327;1424;4;4000834.307604383
328;1426;2;4000834.307604383
329;1429;3;4000834.307604383
330;1431;2;4000834.307604383
331;1436;5;4000834.307604383
332;1444;8;4000834.307604383
333;1445;1;4000834.307604383
334;1449;4;4000834.307604383
335;1453;4;4000834.307604383
336;1454;1;4000834.307604383
337;1461;7;4000834.307604383
338;1470;9;4000834.307604383
339;1473;3;4000834.307604383
340;1474;1;4000834.307604383
341;1478;4;4000834.307604383
342;1483;5;4000834.307604383
343;1488;5;4000834.307604383
344;1494;6;4000834.307604383
345;1499;5;4000834.307604383
346;1501;2;4000834.307604383
347;1502;1;4000834.307604383
348;1507;5;4000834.307604383
349;1512;5;4000834.307604383
350;1512;0;4000834.307604383
351;1517;5;4000834.307604383
352;1519;2;4000834.307604383
353;1522;3;4000834.307604383
354;1527;5;4000834.307604383
355;1530;3;4000834.307604383
356;1534;4;4000834.307604383
357;1539;5;4000834.307604383
358;1545;6;4000834.307604383
359;1550;5;4000834.307604383
360;1555;5;4000834.307604383
361;1559;4;4000834.307604383
362;1565;6;4000834.307604383
363;1569;4;4000834.307604383
364;1573;4;4000834.307604383
365;1576;3;4000834.307604383
366;1577;1;4000834.307604383
367;1582;5;4000834.307604383
368;1583;1;4000834.307604383
369;1584;1;4000834.307604383
370;1586;2;4000834.307604383
371;1591;5;4000834.307604383
372;1595;4;4000834.307604383
373;1599;4;4000834.307604383
374;1604;5;4000834.307604383
375;1609;5;4000834.307604383
376;1613;4;4000834.307604383
377;1618;5;4000834.307604383
378;1624;6;4000834.307604383
379;1629;5;4000834.307604383
380;1632;3;4000834.307604383
381;1637;5;4000834.307604383
382;1641;4;4000834.307604383
383;1642;1;4000834.307604383
384;1646;4;4000834.307604383
385;1649;3;4000834.307604383
386;1650;1;4000834.307604383
387;1650;0;4000834.307604383
388;1654;4;4000834.307604383
389;1659;5;4000834.307604383
390;1660;1;4000834.307604383
391;1664;4;4000834.307604383
392;1669;5;4000834.307604383
393;1673;4;4000834.307604383
394;1679;6;4000834.307604383
395;1684;5;4000834.307604383
396;1689;5;4000834.307604383
397;1694;5;4000834.307604383
398;1699;5;4000834.307604383
399;1705;6;4000834.307604383
400;1712;7;4000834.307604383
401;1716;4;4000834.307604383
402;1717;1;4000834.307604383
403;1718;1;4000834.307604383
404;1720;2;4000834.307604383
405;1721;1;4000834.307604383
406;1723;2;4000834.307604383
407;1727;4;4000834.307604383
408;1732;5;4000834.307604383
409;1733;1;4000834.307604383
410;1738;5;4000834.307604383
411;1738;0;4000834.307604383
412;1746;8;4000834.307604383
413;1751;5;4000834.307604383
414;1752;1;4000834.307604383
415;1754;2;4000834.307604383
416;1759;5;4000834.307604383
417;1765;6;4000834.307604383
418;1765;0;4000834.307604383
419;1770;5;4000834.307604383
420;1771;1;4000834.307604383
421;1776;5;4000834.307604383
422;1779;3;4000834.307604383
423;1785;6;4000826.112636188
424;1788;3;4000812.152706164
425;1792;4;4000812.152706164
426;1799;7;4000812.152706164
427;1805;6;4000812.152706164
428;1809;4;4000812.152706164
429;1812;3;4000812.152706164
430;1816;4;4000812.152706164
431;1821;5;4000812.152706164
432;1826;5;4000812.152706164
433;1826;0;4000812.152706164
434;1827;1;4000812.152706164
435;1832;5;4000812.152706164
436;1836;4;4000812.152706164
437;1839;3;4000812.152706164
438;1844;5;4000812.152706164
439;1844;0;4000812.152706164
440;1847;3;4000812.152706164
441;1850;3;4000812.152706164
442;1856;6;4000812.152706164
443;1861;5;4000812.152706164
444;1865;4;4000812.152706164
445;1870;5;4000812.152706164
446;1870;0;4000812.152706164
447;1874;4;4000812.152706164
448;1875;1;4000812.152706164
449;1881;6;4000812.152706164
450;1888;7;4000812.152706164
451;1891;3;4000812.152706164
452;1892;1;4000812.152706164
453;1898;6;4000812.152706164
454;1903;5;4000812.152706164
455;1908;5;4000812.152706164
456;1915;7;4000812.152706164
457;1919;4;4000812.152706164
458;1919;0;4000812.152706164
459;1923;4;4000812.152706164
460;1925;2;4000812.152706164
461;1930;5;4000812.152706164
462;1934;4;4000812.152706164
463;1939;5;4000812.152706164
464;1942;3;4000812.152706164
465;1945;3;4000812.152706164
466;1946;1;4000812.152706164
467;1952;6;4000812.152706164
468;1957;5;4000812.152706164
469;1962;5;4000812.152706164
470;1967;5;4000812.152706164
471;1970;3;4000812.152706164
472;1971;1;4000812.152706164
473;1976;5;4000812.152706164
474;1976;0;4000812.152706164
475;1980;4;4000812.152706164
476;1985;5;4000812.152706164
477;1988;3;4000812.152706164
478;1997;9;4000812.152706164
479;2002;5;4000812.152706164
480;2006;4;4000812.152706164
481;2009;3;4000812.152706164
482;2014;5;4000812.152706164
483;2018;4;4000812.152706164
484;2022;4;4000812.152706164
485;2028;6;4000812.152706164
486;2029;1;4000812.152706164
487;2035;6;4000812.152706164
488;2036;1;4000812.152706164
489;2045;9;4000812.152706164
490;2050;5;4000812.152706164
491;2053;3;4000812.152706164
492;2058;5;4000812.152706164
493;2065;7;4000812.152706164
494;2071;6;4000812.152706164
495;2081;10;4000812.152706164
496;2089;8;4000812.152706164
497;2090;1;4000812.152706164
498;2097;7;4000812.152706164
499;2107;10;4000812.152706164
500;2115;8;4000812.152706164
501;2123;8;4000812.152706164
502;2126;3;4000812.152706164
503;2137;11;4000812.152706164
504;2143;6;4000812.152706164
505;2150;7;4000812.152706164
506;2158;8;4000812.152706164
507;2159;1;4000812.152706164
508;2168;9;4000812.152706164
509;2169;1;4000812.152706164
510;2177;8;4000812.152706164
511;2180;3;4000812.152706164
512;2186;6;4000812.152706164
513;2189;3;4000812.152706164
514;2192;3;4000812.152706164
515;2197;5;4000812.152706164
516;2198;1;4000812.152706164
517;2202;4;4000812.152706164
518;2205;3;4000812.152706164
519;2211;6;4000812.152706164
520;2215;4;4000812.152706164
521;2219;4;4000812.152706164
522;2222;3;4000812.152706164
523;2227;5;4000812.152706164
524;2233;6;4000812.152706164
525;2238;5;4000812.152706164
526;2247;9;4000812.152706164
527;2251;4;4000812.152706164
528;2256;5;4000812.152706164
529;2260;4;4000812.152706164
530;2266;6;4000812.152706164
531;2266;0;4000812.152706164
532;2275;9;4000812.152706164
533;2280;5;4000812.152706164
534;2282;2;4000812.152706164
535;2285;3;4000812.152706164
536;2291;6;4000812.152706164
537;2291;0;4000812.152706164
538;2295;4;4000812.152706164
539;2295;0;4000812.152706164
540;2300;5;4000812.152706164
541;2304;4;4000812.152706164
542;2308;4;4000812.152706164
543;2313;5;4000812.152706164
544;2317;4;4000812.152706164
545;2320;3;4000812.152706164
546;2326;6;4000812.152706164
547;2330;4;4000812.152706164
548;2334;4;4000812.152706164
549;2336;2;4000812.152706164
550;2341;5;4000812.152706164
551;2347;6;4000812.152706164
552;2353;6;4000812.152706164
553;2360;7;4000812.152706164
554;2365;5;4000812.152706164
555;2369;4;4000812.152706164
556;2374;5;4000812.152706164
557;2379;5;4000812.152706164
558;2383;4;4000812.152706164
559;2386;3;4000812.152706164
560;2393;7;4000812.152706164
561;2397;4;4000812.152706164
562;2404;7;4000812.152706164
563;2409;5;4000812.152706164
564;2410;1;4000812.152706164
565;2414;4;4000812.152706164
566;2418;4;4000812.152706164
567;2423;5;4000812.152706164
568;2427;4;4000812.152706164
569;2427;0;4000812.152706164
570;2431;4;4000812.152706164
571;2434;3;4000812.152706164
572;2443;9;4000812.152706164
573;2444;1;4000812.152706164
574;2449;5;4000812.152706164
575;2452;3;4000812.152706164
576;2453;1;4000812.152706164
577;2457;4;4000812.152706164
578;2464;7;4000812.152706164
579;2469;5;4000812.152706164
580;2473;4;4000812.152706164
581;2478;5;4000812.152706164
582;2480;2;4000812.152706164
583;2483;3;4000812.152706164
584;2488;5;4000812.152706164
585;2492;4;4000812.152706164
586;2496;4;4000812.152706164
587;2502;6;4000812.152706164
588;2503;1;4000812.152706164
589;2510;7;4000812.152706164
590;2517;7;4000812.152706164
591;2520;3;4000812.152706164
592;2523;3;4000812.152706164
593;2525;2;4000812.152706164
594;2528;3;4000812.152706164
595;2530;2;4000812.152706164
596;2534;4;4000812.152706164
597;2538;4;4000812.152706164
598;2540;2;4000812.152706164
599;2545;5;4000812.152706164
600;2550;5;4000812.152706164
601;2555;5;4000812.152706164
602;2561;6;4000812.152706164
603;2566;5;4000812.152706164
604;2566;0;4000812.152706164
605;2572;6;4000812.152706164
606;2580;8;4000812.152706164
607;2584;4;4000812.152706164
608;2588;4;4000812.152706164
609;2592;4;4000812.152706164
610;2596;4;4000812.152706164
611;2599;3;4000812.152706164
612;2599;0;4000812.152706164
613;2606;7;4000812.152706164
614;2611;5;4000812.152706164
615;2615;4;4000812.152706164
616;2615;0;4000812.152706164
617;2618;3;4000812.152706164
618;2623;5;4000812.152706164
619;2623;0;4000812.152706164
620;2626;3;4000812.152706164
621;2633;7;4000812.152706164
622;2637;4;4000812.152706164
623;2642;5;4000812.152706164
624;2646;4;4000812.152706164
625;2647;1;4000812.152706164
626;2647;0;4000812.152706164
627;2651;4;4000812.152706164
628;2657;6;4000812.152706164
629;2658;1;4000812.152706164
630;2661;3;4000812.152706164
631;2665;4;4000812.152706164
632;2666;1;4000812.152706164
633;2670;4;4000812.152706164
634;2674;4;4000812.152706164
635;2678;4;4000812.152706164
636;2683;5;4000812.152706164
637;2686;3;4000812.152706164
638;2690;4;4000812.152706164
639;2695;5;4000812.152706164
640;2699;4;4000812.152706164
641;2703;4;4000812.152706164
642;2707;4;4000812.152706164
643;2713;6;4000812.152706164
644;2718;5;4000812.152706164
645;2722;4;4000812.152706164
646;2727;5;4000812.152706164
647;2732;5;4000812.152706164
648;2733;1;4000812.152706164
649;2738;5;4000812.152706164
650;2747;9;4000812.152706164
651;2751;4;4000812.152706164
652;2758;7;4000812.152706164
653;2761;3;4000812.152706164
654;2765;4;4000812.152706164
655;2766;1;4000812.152706164
656;2771;5;4000812.152706164
657;2771;0;4000812.152706164
658;2776;5;4000812.152706164
659;2778;2;4000812.152706164
660;2782;4;4000812.152706164
661;2786;4;4000812.152706164
662;2787;1;4000812.152706164
663;2792;5;4000812.152706164
664;2799;7;4000812.152706164
665;2803;4;4000812.152706164
666;2808;5;4000812.152706164
667;2817;9;4000812.152706164
668;2820;3;4000812.152706164
669;2825;5;4000812.152706164
670;2831;6;4000812.152706164
671;2834;3;4000812.152706164
672;2837;3;4000812.152706164
673;2841;4;4000812.152706164
674;2845;4;4000770.8319917643
675;2850;5;4000770.8319917643
676;2852;2;4000770.8319917643
677;2859;7;4000770.8319917643
678;2864;5;4000770.8319917643
679;2869;5;4000770.8319917643
680;2872;3;4000770.8319917643
681;2873;1;4000770.8319917643
682;2878;5;4000770.8319917643
683;2882;4;4000770.8319917643
684;2885;3;4000770.8319917643
685;2886;1;4000770.8319917643
686;2890;4;4000770.8319917643
687;2894;4;4000770.8319917643
688;2898;4;4000770.8319917643
689;2901;3;4000770.8319917643
690;2905;4;4000770.8319917643
691;2910;5;4000770.8319917643
692;2914;4;4000770.8319917643
693;2917;3;4000770.8319917643
694;2918;1;4000770.8319917643
695;2923;5;4000770.8319917643
696;2928;5;4000770.8319917643
697;2933;5;4000770.8319917643
698;2939;6;4000770.8319917643
699;2944;5;4000770.8319917643
700;2948;4;4000770.8319917643
701;2953;5;4000770.8319917643
702;2957;4;4000770.8319917643
703;2957;0;4000770.8319917643
704;2961;4;4000770.8319917643
705;2968;7;4000770.8319917643
706;2971;3;4000770.8319917643
707;2976;5;4000770.8319917643
708;2981;5;4000770.8319917643
709;2986;5;4000770.8319917643
710;2990;4;4000770.8319917643
711;2997;7;4000770.8319917643
712;3000;3;4000770.8319917643
713;3004;4;4000770.8319917643
714;3010;6;4000770.8319917643
715;3015;5;4000770.8319917643
716;3020;5;4000770.8319917643
717;3021;1;4000770.8319917643
718;3024;3;4000770.8319917643
719;3030;6;4000770.8319917643
720;3033;3;4000770.8319917643
721;3034;1;4000770.8319917643
722;3037;3;4000770.8319917643
723;3042;5;4000770.8319917643
724;3044;2;4000770.8319917643
725;3048;4;4000770.8319917643
726;3050;2;4000770.8319917643
727;3051;1;4000770.8319917643
728;3056;5;4000770.8319917643
729;3062;6;4000770.8319917643
730;3063;1;4000770.8319917643
731;3066;3;4000770.8319917643
732;3070;4;4000770.8319917643
733;3073;3;4000770.8319917643
734;3078;5;4000770.8319917643
735;3083;5;4000770.8319917643
736;3087;4;4000770.8319917643
737;3092;5;4000770.8319917643
738;3093;1;4000770.8319917643
739;3098;5;4000770.8319917643
740;3100;2;4000770.8319917643
741;3103;3;4000770.8319917643
742;3106;3;4000770.8319917643
743;3112;6;4000770.8319917643
744;3116;4;4000770.8319917643
745;3120;4;4000770.8319917643
746;3124;4;4000770.8319917643
747;3125;1;4000770.8319917643
748;3129;4;4000770.8319917643
749;3133;4;4000770.8319917643
750;3133;0;4000770.8319917643
751;3135;2;4000770.8319917643
752;3139;4;4000770.8319917643
753;3142;3;4000770.8319917643
754;3148;6;4000770.8319917643
755;3150;2;4000770.8319917643
756;3155;5;4000770.8319917643
757;3159;4;4000770.8319917643
758;3164;5;4000770.8319917643
759;3166;2;4000770.8319917643
760;3170;4;4000770.8319917643
761;3175;5;4000770.8319917643
762;3181;6;4000770.8319917643
763;3187;6;4000770.8319917643
764;3193;6;4000770.8319917643
765;3196;3;4000770.8319917643
766;3200;4;4000770.8319917643
767;3201;1;4000770.8319917643
768;3205;4;4000770.8319917643
769;3210;5;4000770.8319917643
770;3215;5;4000770.8319917643
771;3219;4;4000770.8319917643
772;3223;4;4000770.8319917643
773;3224;1;4000770.8319917643
774;3229;5;4000770.8319917643
775;3234;5;4000770.8319917643
776;3238;4;4000770.8319917643
777;3243;5;4000770.8319917643
778;3249;6;4000770.8319917643
779;3253;4;4000770.8319917643
780;3253;0;4000770.8319917643
781;3257;4;4000770.8319917643
782;3261;4;4000770.8319917643
783;3264;3;4000770.8319917643
784;3265;1;4000770.8319917643
785;3270;5;4000770.8319917643
786;3272;2;4000770.8319917643
787;3276;4;4000770.8319917643
788;3281;5;4000770.8319917643
789;3286;5;4000770.8319917643
790;3290;4;4000770.8319917643
791;3296;6;4000770.8319917643
792;3299;3;4000770.8319917643
793;3300;1;4000770.8319917643
794;3302;2;4000770.8319917643
795;3307;5;4000770.8319917643
796;3312;5;4000770.8319917643
797;3316;4;4000770.8319917643
798;3321;5;4000770.8319917643
799;3326;5;4000770.8319917643
800;3328;2;4000770.8319917643
801;3334;6;4000770.8319917643
802;3340;6;4000770.8319917643
803;3344;4;4000770.8319917643
804;3349;5;4000770.8319917643
805;3353;4;4000770.8319917643
806;3356;3;4000770.8319917643
807;3359;3;4000770.8319917643
808;3362;3;4000770.8319917643
809;3366;4;4000770.8319917643
810;3369;3;4000770.8319917643
811;3373;4;4000770.8319917643
812;3379;6;4000770.8319917643
813;3384;5;4000770.8319917643
814;3388;4;4000770.8319917643
815;3391;3;4000770.8319917643
816;3396;5;4000770.8319917643
817;3405;9;4000770.8319917643
818;3410;5;4000770.8319917643
819;3413;3;4000770.8319917643
820;3417;4;4000770.8319917643
821;3417;0;4000770.8319917643
822;3421;4;4000770.8319917643
823;3428;7;4000770.8319917643
824;3433;5;4000770.8319917643
825;3434;1;4000770.8319917643
826;3439;5;4000770.8319917643
827;3448;9;4000770.8319917643
828;3453;5;4000770.8319917643
829;3456;3;4000770.8319917643
830;3457;1;4000770.8319917643
831;3461;4;4000770.8319917643
832;3464;3;4000770.8319917643
833;3467;3;4000770.8319917643
834;3470;3;4000770.8319917643
835;3474;4;4000770.8319917643
836;3477;3;4000770.8319917643
837;3483;6;4000770.8319917643
838;3488;5;4000770.8319917643
839;3493;5;4000770.8319917643
840;3498;5;4000770.8319917643
841;3502;4;4000770.8319917643
842;3508;6;4000770.8319917643
843;3515;7;4000770.8319917643
844;3520;5;4000770.8319917643
845;3525;5;4000770.8319917643
846;3531;6;4000770.8319917643
847;3532;1;4000770.8319917643
848;3538;6;4000770.8319917643
849;3540;2;4000770.8319917643
850;3545;5;4000770.8319917643
851;3549;4;4000770.8319917643
852;3552;3;4000770.8319917643
853;3554;2;4000770.8319917643
854;3558;4;4000770.8319917643
855;3561;3;4000770.8319917643
856;3565;4;4000770.8319917643
857;3570;5;4000770.8319917643
858;3574;4;4000770.8319917643
859;3579;5;4000770.8319917643
860;3580;1;4000770.8319917643
861;3584;4;4000770.8319917643
862;3589;5;4000770.8319917643
863;3592;3;4000770.8319917643
864;3598;6;4000770.8319917643
865;3601;3;4000770.8319917643
866;3606;5;4000770.8319917643
867;3612;6;4000770.8319917643
868;3617;5;4000770.8319917643
869;3626;9;4000770.8319917643
870;3630;4;4000770.8319917643
871;3637;7;4000770.8319917643
872;3640;3;4000770.8319917643
873;3641;1;4000770.8319917643
874;3644;3;4000770.8319917643
875;3646;2;4000770.8319917643
876;3652;6;4000770.8319917643
877;3656;4;4000770.8319917643
878;3659;3;4000770.8319917643
879;3662;3;4000770.8319917643
880;3664;2;4000770.8319917643
881;3665;1;4000770.8319917643
882;3667;2;4000770.8319917643
883;3671;4;4000770.8319917643
884;3676;5;4000770.8319917643
885;3677;1;4000770.8319917643
886;3680;3;4000770.8319917643
887;3685;5;4000770.8319917643
888;3693;8;4000770.8319917643
889;3693;0;4000770.8319917643
890;3694;1;4000770.8319917643
891;3695;1;4000770.8319917643
892;3699;4;4000770.8319917643
893;3701;2;4000770.8319917643
894;3702;1;4000770.8319917643
895;3706;4;4000770.8319917643
896;3710;4;4000770.8319917643
897;3713;3;4000770.8319917643
898;3716;3;4000770.8319917643
899;3719;3;4000770.8319917643
900;3722;3;4000770.8319917643
901;3726;4;4000770.8319917643
902;3730;4;4000770.8319917643
903;3733;3;4000770.8319917643
904;3736;3;4000770.8319917643
905;3741;5;4000770.8319917643
906;3741;0;4000770.8319917643
907;3744;3;4000770.8319917643
908;3749;5;4000770.8319917643
909;3753;4;4000770.8319917643
910;3755;2;4000770.8319917643
911;3759;4;4000770.8319917643
912;3763;4;4000770.8319917643
913;3767;4;4000770.8319917643
914;3771;4;4000770.8319917643
915;3773;2;4000770.8319917643
916;3776;3;4000770.8319917643
917;3782;6;4000770.8319917643
918;3788;6;4000770.8319917643
919;3791;3;4000770.8319917643
920;3795;4;4000770.8319917643
921;3801;6;4000770.8319917643
922;3806;5;4000770.8319917643
923;3812;6;4000770.8319917643
924;3816;4;4000770.8319917643
925;3818;2;4000770.8319917643
926;3821;3;4000770.8319917643
927;3824;3;4000770.8319917643
928;3826;2;4000770.8319917643
929;3829;3;4000770.8319917643
930;3831;2;4000770.8319917643
931;3836;5;4000770.8319917643
932;3837;1;4000770.8319917643
933;3840;3;4000770.8319917643
934;3846;6;4000770.8319917643
935;3849;3;4000770.8319917643
936;3854;5;4000770.8319917643
937;3854;0;4000770.8319917643
938;3858;4;4000770.8319917643
939;3864;6;4000770.8319917643
940;3868;4;4000770.8319917643
941;3874;6;4000770.8319917643
942;3878;4;4000770.8319917643
943;3881;3;4000770.8319917643
944;3882;1;4000770.8319917643
945;3884;2;4000770.8319917643
946;3887;3;4000770.8319917643
947;3888;1;4000770.8319917643
948;3891;3;4000770.8319917643
949;3896;5;4000770.8319917643
950;3900;4;4000770.8319917643
951;3903;3;4000770.8319917643
952;3907;4;4000770.8319917643
953;3909;2;4000770.8319917643
954;3912;3;4000770.8319917643
955;3913;1;4000770.8319917643
956;3917;4;4000770.8319917643
957;3921;4;4000770.8319917643
958;3926;5;4000770.8319917643
959;3932;6;4000770.8319917643
960;3933;1;4000770.8319917643
961;3937;4;4000770.8319917643
962;3941;4;4000770.8319917643
963;3944;3;4000770.8319917643
964;3948;4;4000770.8319917643
965;3951;3;4000770.8319917643
966;3955;4;4000770.8319917643
967;3959;4;4000770.8319917643
968;3962;3;4000770.8319917643
969;3966;4;4000770.8319917643
970;3971;5;4000770.8319917643
971;3974;3;4000770.8319917643
972;3977;3;4000770.8319917643
973;3980;3;4000770.8319917643
974;3983;3;4000770.8319917643
975;3988;5;4000770.8319917643
976;3991;3;4000770.8319917643
977;3993;2;4000770.8319917643
978;3999;6;4000770.8319917643
979;4003;4;4000770.8319917643
980;4006;3;4000770.8319917643
981;4010;4;4000770.8319917643
982;4015;5;3000613.103990278
983;4020;5;3000613.103990278
984;4024;4;3000613.103990278
985;4026;2;3000613.103990278
986;4028;2;3000612.0788690327
987;4036;8;3000612.0788690327
988;4044;8;3000612.0788690327
989;4049;5;3000612.0788690327
990;4055;6;3000612.0788690327
991;4058;3;3000612.0788690327
992;4063;5;3000612.0788690327
993;4064;1;3000612.0788690327
994;4069;5;3000603.9518873533
995;4072;3;3000603.9518873533
996;4076;4;3000599.6910692174
997;4082;6;3000593.726091182
998;4087;5;3000593.726091182
999;4092;5;3000593.726091182
1000;4095;3;3000593.726091182
1001;4099;4;3000593.726091182
1002;4105;6;3000593.726091182
1003;4110;5;3000593.726091182
1004;4115;5;3000593.726091182
1005;4119;4;3000593.726091182
1006;4122;3;3000593.726091182
1007;4128;6;3000593.726091182
1008;4132;4;3000593.726091182
1009;4137;5;3000593.726091182
1010;4141;4;3000593.726091182
1011;4144;3;3000593.726091182
1012;4148;4;3000593.726091182
1013;4153;5;3000593.726091182
1014;4158;5;3000593.726091182
1015;4163;5;3000593.726091182
1016;4169;6;3000593.726091182
1017;4170;1;3000593.726091182
1018;4173;3;3000593.726091182
1019;4178;5;3000593.726091182
1020;4180;2;3000593.726091182
1021;4186;6;3000593.726091182
1022;4192;6;3000593.726091182
1023;4197;5;3000593.726091182
1024;4203;6;3000590.7072178987
1025;4206;3;3000590.7072178987
1026;4209;3;3000590.7072178987
1027;4212;3;3000590.7072178987
1028;4215;3;3000590.7072178987
1029;4220;5;3000590.7072178987
1030;4225;5;3000590.7072178987
1031;4232;7;3000590.7072178987
1032;4233;1;3000590.7072178987
1033;4238;5;3000590.7072178987
1034;4241;3;3000590.7072178987
1035;4247;6;3000590.7072178987
1036;4250;3;3000590.7072178987
1037;4257;7;3000590.7072178987
1038;4261;4;3000590.7072178987
1039;4266;5;3000590.7072178987
1040;4268;2;3000590.7072178987
1041;4275;7;3000590.7072178987
1042;4278;3;3000590.7072178987
1043;4278;0;3000590.7072178987
1044;4281;3;3000590.7072178987
1045;4285;4;3000590.7072178987
1046;4289;4;3000590.7072178987
1047;4291;2;3000590.7072178987
1048;4292;1;3000590.7072178987
1049;4296;4;3000590.7072178987
1050;4299;3;3000590.7072178987
1051;4303;4;3000590.7072178987
1052;4308;5;3000590.7072178987
1053;4309;1;3000590.7072178987
1054;4315;6;3000590.7072178987
1055;4318;3;3000590.7072178987
1056;4322;4;3000590.7072178987
1057;4328;6;3000590.7072178987
1058;4333;5;3000590.7072178987
1059;4336;3;3000590.7072178987
1060;4345;9;3000590.7072178987
1061;4349;4;3000590.7072178987
1062;4354;5;3000590.7072178987
1063;4357;3;3000590.7072178987
1064;4362;5;3000590.7072178987
1065;4365;3;3000590.7072178987
1066;4366;1;3000590.7072178987
1067;4370;4;3000590.7072178987
1068;4374;4;3000590.7072178987
1069;4375;1;3000590.7072178987
1070;4377;2;3000590.7072178987
1071;4382;5;3000590.7072178987
1072;4386;4;3000590.7072178987
1073;4391;5;3000590.7072178987
1074;4398;7;3000590.7072178987
1075;4406;8;3000590.7072178987
1076;4415;9;3000590.7072178987
1077;4417;2;3000590.7072178987
1078;4431;14;3000590.7072178987
1079;4440;9;3000590.7072178987
1080;4448;8;3000590.7072178987
1081;4449;1;3000590.7072178987
1082;4454;5;3000590.7072178987
1083;4462;8;3000590.7072178987
1084;4473;11;3000590.7072178987
1085;4479;6;3000590.7072178987
1086;4488;9;3000590.7072178987
1087;4493;5;3000590.7072178987
1088;4494;1;3000590.7072178987
1089;4503;9;3000590.7072178987
1090;4514;11;3000590.7072178987
1091;4521;7;3000590.7072178987
1092;4530;9;3000590.7072178987
1093;4531;1;3000590.7072178987
1094;4541;10;3000590.7072178987
1095;4543;2;3000590.7072178987
1096;4551;8;3000590.7072178987
1097;4556;5;3000590.7072178987
1098;4561;5;3000590.7072178987
1099;4566;5;3000590.7072178987
1100;4567;1;3000590.7072178987
1101;4569;2;3000590.7072178987
1102;4572;3;3000590.7072178987
1103;4573;1;3000590.7072178987
1104;4573;0;3000590.7072178987
1105;4575;2;3000590.7072178987
1106;4582;7;3000590.7072178987
1107;4585;3;3000590.7072178987
1108;4591;6;3000590.7072178987
1109;4594;3;3000590.7072178987
1110;4598;4;3000590.7072178987
1111;4604;6;3000590.7072178987
1112;4606;2;3000590.7072178987
1113;4611;5;3000590.7072178987
1114;4615;4;3000590.7072178987
1115;4622;7;3000590.7072178987
1116;4628;6;3000590.7072178987
1117;4636;8;3000590.7072178987
1118;4644;8;3000590.7072178987
1119;4645;1;3000590.7072178987
1120;4646;1;3000590.7072178987
1121;4651;5;3000590.7072178987
1122;4655;4;3000590.7072178987
1123;4659;4;3000590.7072178987
1124;4662;3;3000590.7072178987
1125;4665;3;3000590.7072178987
1126;4666;1;3000590.7072178987
1127;4668;2;3000590.7072178987
1128;4671;3;3000590.7072178987
1129;4674;3;3000590.7072178987
1130;4680;6;3000590.7072178987
1131;4683;3;3000590.7072178987
1132;4684;1;3000590.7072178987
1133;4689;5;3000590.7072178987
1134;4696;7;3000590.7072178987
1135;4702;6;3000590.7072178987
1136;4709;7;3000590.7072178987
1137;4719;10;3000590.7072178987
1138;4724;5;3000590.7072178987
1139;4732;8;3000590.7072178987
1140;4739;7;3000590.7072178987
1141;4740;1;3000590.7072178987
1142;4746;6;3000590.7072178987
1143;4750;4;3000590.7072178987
1144;4752;2;3000590.7072178987
1145;4757;5;3000590.7072178987
1146;4764;7;3000590.7072178987
1147;4768;4;3000590.7072178987
1148;4769;1;3000590.7072178987
1149;4774;5;3000590.7072178987
1150;4780;6;3000590.7072178987
1151;4785;5;3000590.7072178987
1152;4791;6;3000590.7072178987
1153;4791;0;3000590.7072178987
1154;4798;7;3000590.7072178987
1155;4803;5;3000590.7072178987
1156;4807;4;3000590.7072178987
1157;4808;1;3000590.7072178987
1158;4809;1;3000590.7072178987
1159;4812;3;3000590.7072178987
1160;4815;3;3000590.7072178987
1161;4816;1;3000590.7072178987
1162;4820;4;3000590.7072178987
1163;4826;6;3000590.7072178987
1164;4830;4;3000590.7072178987
1165;4836;6;3000590.7072178987
1166;4841;5;3000590.7072178987
1167;4848;7;3000590.7072178987
1168;4853;5;3000590.7072178987
1169;4861;8;3000590.7072178987
1170;4870;9;3000590.7072178987
1171;4876;6;3000590.7072178987
1172;4881;5;3000590.7072178987
1173;4884;3;3000590.7072178987
1174;4892;8;3000590.7072178987
1175;4897;5;3000590.7072178987
1176;4901;4;3000590.7072178987
1177;4904;3;3000590.7072178987
1178;4913;9;3000590.7072178987
1179;4915;2;3000590.7072178987
1180;4919;4;3000590.7072178987
1181;4920;1;3000590.7072178987
1182;4921;1;3000590.7072178987
1183;4935;14;3000590.7072178987
1184;4942;7;3000590.7072178987
1185;4950;8;3000590.7072178987
1186;4953;3;3000590.7072178987
1187;4954;1;3000590.7072178987
1188;4957;3;3000590.7072178987
1189;4968;11;3000590.7072178987
1190;4968;0;3000590.7072178987
1191;4973;5;3000590.7072178987
1192;4974;1;3000590.7072178987
1193;4978;4;3000590.7072178987
1194;4983;5;3000590.7072178987
1195;4986;3;3000590.7072178987
1196;4991;5;3000590.7072178987
1197;4993;2;3000590.7072178987
1198;4996;3;3000590.7072178987
1199;5003;7;3000590.7072178987
1200;5011;8;3000590.7072178987
1201;5017;6;3000590.7072178987
1202;5023;6;3000590.7072178987
1203;5028;5;3000590.7072178987
1204;5030;2;3000590.7072178987
1205;5039;9;3000590.7072178987
1206;5047;8;3000590.7072178987
1207;5054;7;3000590.7072178987
1208;5058;4;3000590.7072178987
1209;5064;6;3000590.7072178987
1210;5074;10;3000590.7072178987
1211;5082;8;3000590.7072178987
1212;5089;7;3000590.7072178987
1213;5098;9;3000590.7072178987
1214;5102;4;3000590.7072178987
1215;5109;7;3000590.565867433
1216;5117;8;3000589.91160215
1217;5121;4;3000589.91160215
1218;5129;8;3000589.91160215
1219;5137;8;3000589.91160215
1220;5140;3;3000589.91160215
1221;5145;5;3000589.91160215
1222;5150;5;3000589.91160215
1223;5151;1;3000589.91160215
1224;5153;2;3000589.91160215
1225;5160;7;3000589.91160215
1226;5166;6;3000589.91160215
1227;5171;5;3000589.91160215
1228;5174;3;3000589.91160215
1229;5179;5;3000589.91160215
1230;5185;6;3000589.91160215
1231;5188;3;3000589.91160215
1232;5189;1;3000589.91160215
1233;5194;5;3000589.91160215
1234;5198;4;3000589.91160215
1235;5203;5;3000589.91160215
1236;5207;4;3000589.91160215
1237;5209;2;3000589.91160215
1238;5214;5;3000589.91160215
1239;5216;2;3000589.91160215
1240;5222;6;3000589.91160215
1241;5227;5;3000589.91160215
1242;5232;5;3000589.91160215
1243;5235;3;3000589.91160215
1244;5241;6;3000589.91160215
1245;5243;2;3000589.91160215
1246;5246;3;3000589.91160215
1247;5250;4;3000589.91160215
1248;5253;3;3000589.91160215
1249;5258;5;3000589.91160215
1250;5262;4;3000589.91160215
1251;5269;7;3000589.91160215
1252;5270;1;3000589.91160215
1253;5274;4;3000589.91160215
1254;5274;0;3000589.91160215
1255;5280;6;3000589.91160215
1256;5282;2;3000589.91160215
1257;5285;3;3000589.91160215
1258;5291;6;3000589.91160215
1259;5296;5;3000589.91160215
1260;5300;4;3000589.91160215
1261;5304;4;3000589.91160215
1262;5308;4;3000589.91160215
1263;5313;5;3000589.91160215
1264;5323;10;3000589.91160215
1265;5326;3;3000589.91160215
1266;5327;1;3000589.91160215
1267;5337;10;3000589.91160215
1268;5341;4;3000589.91160215
1269;5346;5;3000589.91160215
1270;5350;4;3000589.91160215
1271;5356;6;3000589.91160215
1272;5365;9;3000589.91160215
1273;5366;1;3000589.91160215
1274;5371;5;3000589.91160215
1275;5373;2;3000589.91160215
1276;5379;6;3000589.91160215
1277;5383;4;3000589.91160215
1278;5388;5;3000589.91160215
1279;5389;1;3000589.91160215
1280;5397;8;3000589.91160215
1281;5398;1;3000589.91160215
1282;5410;12;3000589.91160215
1283;5415;5;3000589.91160215
1284;5416;1;3000589.91160215
1285;5423;7;3000589.91160215
1286;5434;11;3000589.91160215
1287;5440;6;3000589.91160215
1288;5459;19;3000589.91160215
1289;5471;12;3000589.91160215
1290;5480;9;3000589.91160215
1291;5481;1;3000589.91160215
1292;5489;8;3000589.91160215
1293;5495;6;3000589.91160215
1294;5502;7;3000589.91160215
1295;5503;1;3000589.91160215
1296;5511;8;3000589.91160215
1297;5513;2;3000589.91160215
1298;5524;11;3000589.91160215
1299;5529;5;3000589.91160215
1300;5537;8;3000589.91160215
1301;5544;7;3000589.91160215
1302;5552;8;3000589.91160215
1303;5559;7;3000589.91160215
1304;5566;7;3000589.91160215
1305;5571;5;3000589.91160215
1306;5578;7;3000589.91160215
1307;5584;6;3000589.91160215
1308;5592;8;3000589.91160215
1309;5597;5;3000589.91160215
1310;5598;1;3000589.91160215
1311;5599;1;3000589.91160215
1312;5606;7;3000589.91160215
1313;5607;1;3000589.91160215
1314;5614;7;3000589.91160215
1315;5622;8;3000589.91160215
1316;5627;5;3000589.91160215
1317;5628;1;3000589.91160215
1318;5633;5;3000589.91160215
1319;5641;8;3000589.91160215
1320;5648;7;3000589.91160215
1321;5653;5;3000589.91160215
1322;5658;5;3000589.91160215
1323;5662;4;3000589.91160215
1324;5666;4;3000589.91160215
1325;5670;4;3000589.91160215
1326;5673;3;3000589.91160215
1327;5679;6;3000589.91160215
1328;5685;6;3000589.91160215
1329;5692;7;3000589.91160215
1330;5699;7;3000589.91160215
1331;5703;4;3000589.91160215
1332;5708;5;3000589.91160215
1333;5711;3;3000589.91160215
1334;5714;3;3000589.91160215
1335;5717;3;3000589.91160215
1336;5721;4;3000589.91160215
1337;5722;1;3000589.91160215
1338;5730;8;3000589.91160215
1339;5734;4;3000589.91160215
1340;5736;2;3000589.91160215
1341;5742;6;3000589.91160215
1342;5744;2;3000589.91160215
1343;5747;3;3000589.91160215
1344;5749;2;3000589.91160215
1345;5750;1;3000589.91160215
1346;5753;3;3000589.91160215
1347;5758;5;3000589.91160215
1348;5759;1;3000589.91160215
1349;5762;3;3000589.91160215
1350;5768;6;3000589.91160215
1351;5770;2;3000589.91160215
1352;5779;9;3000589.91160215
1353;5795;16;3000589.91160215
1354;5804;9;3000589.91160215
1355;5811;7;3000589.91160215
1356;5812;1;3000589.91160215
1357;5820;8;3000589.91160215
1358;5824;4;3000589.91160215
1359;5829;5;3000589.91160215
1360;5841;12;3000589.91160215
1361;5848;7;3000589.91160215
1362;5858;10;3000589.91160215
1363;5865;7;3000589.91160215
1364;5875;10;3000589.91160215
1365;5883;8;3000589.91160215
1366;5889;6;3000589.91160215
1367;5892;3;3000589.91160215
1368;5895;3;3000589.91160215
1369;5896;1;3000589.91160215
1370;5900;4;3000589.91160215
1371;5904;4;3000589.91160215
1372;5910;6;3000589.91160215
1373;5914;4;3000589.91160215
1374;5920;6;3000589.91160215
1375;5928;8;3000589.91160215
1376;5934;6;3000589.91160215
1377;5939;5;3000589.91160215
1378;5947;8;3000589.91160215
1379;5954;7;3000589.91160215
1380;5955;1;3000589.91160215
1381;5956;1;3000589.91160215
1382;5960;4;3000589.91160215
1383;5967;7;3000589.91160215
1384;5975;8;3000589.91160215
1385;5976;1;3000589.91160215
1386;5983;7;3000589.91160215
1387;5984;1;3000589.91160215
1388;5985;1;3000589.91160215
1389;5993;8;3000589.91160215
1390;5994;1;3000589.91160215
1391;6000;6;3000589.91160215
1392;6004;4;3000589.91160215
1393;6010;6;3000589.91160215
1394;6011;1;3000589.91160215
1395;6018;7;3000589.91160215
1396;6025;7;3000589.91160215
1397;6032;7;3000589.91160215
1398;6038;6;3000589.91160215
1399;6044;6;3000589.91160215
1400;6049;5;3000589.91160215
1401;6061;12;3000589.91160215
1402;6066;5;3000589.91160215
1403;6067;1;3000589.91160215
1404;6071;4;3000589.91160215
1405;6075;4;3000589.91160215
1406;6082;7;3000589.91160215
1407;6090;8;3000589.91160215
1408;6091;1;3000589.91160215
1409;6095;4;3000589.91160215
1410;6095;0;3000589.91160215
1411;6099;4;3000589.91160215
1412;6104;5;3000589.91160215
1413;6107;3;3000589.91160215
1414;6111;4;3000589.91160215
1415;6118;7;3000589.91160215
1416;6123;5;3000589.91160215
1417;6127;4;3000589.91160215
1418;6132;5;3000589.91160215
1419;6140;8;3000589.91160215
1420;6145;5;3000589.91160215
1421;6153;8;3000589.91160215
1422;6157;4;3000589.91160215
1423;6157;0;3000589.91160215
1424;6161;4;3000589.91160215
1425;6162;1;3000589.91160215
1426;6162;0;3000589.91160215
1427;6167;5;3000589.91160215
1428;6174;7;3000589.91160215
1429;6177;3;3000589.91160215
1430;6181;4;3000589.91160215
1431;6185;4;3000589.91160215
1432;6190;5;3000589.91160215
1433;6194;4;3000589.91160215
1434;6198;4;3000589.91160215
1435;6202;4;3000589.91160215
1436;6206;4;3000589.91160215
1437;6207;1;3000589.91160215
1438;6214;7;3000589.91160215
1439;6219;5;3000589.91160215
1440;6223;4;3000589.91160215
1441;6227;4;3000589.91160215
1442;6231;4;3000589.91160215
1443;6232;1;3000589.91160215
1444;6237;5;3000589.91160215
1445;6245;8;3000589.91160215
1446;6249;4;3000589.91160215
1447;6257;8;3000589.91160215
1448;6258;1;3000589.91160215
1449;6261;3;3000589.91160215
1450;6263;2;3000589.91160215
1451;6269;6;3000589.91160215
1452;6269;0;3000589.91160215
1453;6274;5;3000589.91160215
1454;6278;4;3000589.91160215
1455;6282;4;3000589.91160215
1456;6286;4;3000589.91160215
1457;6292;6;3000589.91160215
1458;6296;4;3000589.91160215
1459;6300;4;3000589.91160215
1460;6300;0;3000589.91160215
1461;6303;3;3000589.91160215
1462;6308;5;3000589.91160215
1463;6311;3;3000589.91160215
1464;6314;3;3000589.91160215
1465;6318;4;3000589.91160215
1466;6322;4;3000589.91160215
1467;6327;5;3000589.91160215
1468;6331;4;3000589.91160215
1469;6335;4;3000589.91160215
1470;6340;5;3000589.91160215
1471;6342;2;3000589.91160215
1472;6347;5;3000589.91160215
1473;6348;1;3000589.91160215
1474;6354;6;3000589.91160215
1475;6354;0;3000589.91160215
1476;6359;5;3000589.91160215
1477;6364;5;3000589.91160215
1478;6366;2;3000589.91160215
1479;6371;5;3000589.91160215
1480;6374;3;3000589.91160215
1481;6375;1;3000589.91160215
1482;6380;5;3000589.91160215
1483;6384;4;3000589.91160215
1484;6387;3;3000589.91160215
1485;6390;3;3000589.91160215
1486;6394;4;3000589.91160215
1487;6397;3;3000589.91160215
1488;6403;6;3000589.91160215
1489;6408;5;3000589.91160215
1490;6411;3;3000589.91160215
1491;6417;6;3000589.91160215
1492;6418;1;3000589.91160215
1493;6422;4;3000589.91160215
1494;6425;3;3000589.91160215
1495;6428;3;3000589.91160215
1496;6432;4;3000589.91160215
1497;6434;2;3000589.91160215
1498;6436;2;3000589.91160215
1499;6439;3;3000589.91160215
1500;6446;7;3000589.91160215
1501;6450;4;3000589.91160215
1502;6454;4;3000589.91160215
1503;6457;3;3000589.91160215
1504;6458;1;3000589.91160215
1505;6460;2;3000589.91160215
1506;6461;1;3000589.91160215
1507;6461;0;3000589.91160215
1508;6466;5;3000589.91160215
1509;6470;4;3000589.91160215
1510;6476;6;3000589.91160215
1511;6480;4;3000589.91160215
1512;6483;3;3000589.91160215
1513;6488;5;3000589.91160215
1514;6491;3;3000589.91160215
1515;6492;1;3000589.91160215
1516;6496;4;3000589.91160215
1517;6497;1;3000589.91160215
1518;6501;4;3000589.91160215
1519;6504;3;3000589.91160215
1520;6508;4;3000589.91160215
1521;6509;1;3000589.91160215
1522;6514;5;3000589.91160215
1523;6517;3;3000589.91160215
1524;6522;5;3000589.91160215
1525;6523;1;3000589.91160215
1526;6528;5;3000589.91160215
1527;6531;3;3000589.91160215
1528;6534;3;3000589.91160215
1529;6541;7;3000589.91160215
1530;6545;4;3000589.91160215
1531;6548;3;3000589.91160215
1532;6552;4;3000589.91160215
1533;6556;4;3000589.91160215
1534;6561;5;3000589.91160215
1535;6564;3;3000589.91160215
1536;6567;3;3000589.91160215
1537;6570;3;3000589.91160215
1538;6573;3;3000589.91160215
1539;6579;6;3000589.91160215
1540;6585;6;3000589.91160215
1541;6587;2;3000589.91160215
1542;6590;3;3000589.91160215
1543;6595;5;3000589.91160215
1544;6598;3;3000589.91160215
1545;6602;4;3000589.91160215
1546;6607;5;3000589.91160215
1547;6613;6;3000589.91160215
1548;6617;4;3000589.91160215
1549;6621;4;3000589.91160215
1550;6624;3;3000589.91160215
1551;6627;3;3000589.91160215
1552;6627;0;3000589.91160215
1553;6633;6;3000589.91160215
1554;6639;6;3000589.91160215
1555;6643;4;3000589.91160215
1556;6646;3;3000589.91160215
1557;6650;4;3000589.91160215
1558;6650;0;3000589.91160215
1559;6654;4;3000589.91160215
1560;6658;4;3000589.91160215
1561;6665;7;3000589.91160215
1562;6666;1;3000589.91160215
1563;6667;1;3000589.91160215
1564;6672;5;3000589.91160215
1565;6675;3;3000589.91160215
1566;6681;6;3000589.91160215
1567;6686;5;3000589.91160215
1568;6689;3;3000589.91160215
1569;6693;4;3000589.91160215
1570;6696;3;3000589.91160215
1571;6701;5;3000589.91160215
1572;6705;4;3000589.91160215
1573;6708;3;3000589.91160215
1574;6714;6;3000589.91160215
1575;6716;2;3000589.91160215
1576;6717;1;3000589.91160215
1577;6720;3;3000589.91160215
1578;6724;4;3000589.91160215
1579;6729;5;3000589.91160215
1580;6730;1;3000589.91160215
1581;6732;2;3000589.91160215
1582;6735;3;3000589.91160215
1583;6740;5;3000589.91160215
1584;6740;0;3000589.91160215
1585;6746;6;3000589.91160215
1586;6750;4;3000589.91160215
1587;6753;3;3000589.91160215
1588;6757;4;3000589.91160215
1589;6762;5;3000589.91160215
1590;6765;3;3000589.91160215
1591;6772;7;3000589.91160215
1592;6774;2;3000589.91160215
1593;6778;4;3000589.91160215
1594;6783;5;3000589.91160215
1595;6787;4;3000589.91160215
1596;6788;1;3000589.91160215
1597;6790;2;3000589.91160215
1598;6795;5;3000589.91160215
1599;6799;4;3000589.91160215
1600;6802;3;3000589.91160215
1601;6803;1;3000589.91160215
1602;6809;6;3000589.91160215
1603;6813;4;3000589.91160215
1604;6815;2;3000589.91160215
1605;6819;4;3000589.91160215
1606;6823;4;3000589.91160215
1607;6824;1;3000589.91160215
1608;6829;5;3000589.91160215
1609;6832;3;3000589.91160215
1610;6836;4;3000589.91160215
1611;6838;2;3000589.91160215
1612;6842;4;3000589.91160215
1613;6845;3;3000589.91160215
1614;6851;6;3000589.91160215
1615;6855;4;3000589.91160215
1616;6859;4;3000589.91160215
1617;6864;5;3000589.91160215
1618;6865;1;3000589.91160215
1619;6866;1;3000589.91160215
1620;6866;0;3000589.91160215
1621;6868;2;3000589.91160215
1622;6871;3;3000589.91160215
1623;6879;8;3000589.91160215
1624;6885;6;3000589.91160215
1625;6892;7;3000589.91160215
1626;6896;4;3000589.91160215
1627;6899;3;3000589.91160215
1628;6902;3;3000589.91160215
1629;6905;3;3000589.91160215
1630;6908;3;3000589.91160215
1631;6913;5;3000589.91160215
1632;6916;3;3000589.91160215
1633;6917;1;3000589.91160215
1634;6920;3;3000589.91160215
1635;6924;4;3000589.91160215
1636;6927;3;3000589.91160215
1637;6928;1;3000589.91160215
1638;6932;4;3000589.91160215
1639;6937;5;3000589.91160215
1640;6937;0;3000589.91160215
1641;6944;7;3000589.91160215
1642;6948;4;3000589.91160215
1643;6952;4;3000589.91160215
1644;6953;1;3000589.91160215
1645;6956;3;3000589.91160215
1646;6960;4;3000589.91160215
1647;6963;3;3000589.91160215
1648;6967;4;3000589.91160215
1649;6970;3;3000589.91160215
1650;6971;1;3000589.91160215
1651;6975;4;3000589.91160215
1652;6979;4;3000589.91160215
1653;6985;6;3000589.91160215
1654;6985;0;3000589.91160215
1655;6990;5;3000589.91160215
1656;6994;4;3000589.91160215
1657;6998;4;3000589.91160215
1658;7001;3;3000589.91160215
1659;7004;3;3000589.91160215
1660;7008;4;3000589.91160215
1661;7013;5;3000589.91160215
1662;7018;5;3000589.91160215
1663;7023;5;3000589.91160215
1664;7024;1;3000589.91160215
1665;7028;4;3000589.91160215
1666;7031;3;3000589.91160215
1667;7035;4;3000589.91160215
1668;7039;4;3000589.91160215
1669;7046;7;3000589.91160215
1670;7051;5;3000588.286321426
1671;7054;3;3000588.286321426
1672;7058;4;3000588.286321426
1673;7059;1;3000588.286321426
1674;7063;4;3000588.286321426
1675;7070;7;3000588.286321426
1676;7074;4;3000588.286321426
1677;7074;0;3000588.286321426
1678;7078;4;3000588.286321426
1679;7083;5;3000588.286321426
1680;7086;3;3000588.286321426
1681;7086;0;3000588.286321426
1682;7092;6;3000588.286321426
1683;7098;6;3000588.286321426
1684;7103;5;3000588.286321426
1685;7107;4;3000588.286321426
1686;7112;5;3000588.286321426
1687;7117;5;3000588.286321426
1688;7120;3;3000588.286321426
1689;7125;5;3000588.286321426
1690;7132;7;3000588.286321426
1691;7136;4;3000588.286321426
1692;7140;4;3000588.286321426
1693;7146;6;3000588.286321426
1694;7151;5;3000588.286321426
1695;7155;4;3000588.286321426
1696;7161;6;3000588.286321426
1697;7165;4;3000588.286321426
1698;7171;6;3000588.286321426
1699;7175;4;3000588.286321426
1700;7179;4;3000588.286321426
1701;7182;3;3000588.286321426
1702;7189;7;3000588.286321426
1703;7194;5;3000588.286321426
1704;7195;1;3000588.286321426
1705;7197;2;3000588.286321426
1706;7201;4;3000588.286321426
1707;7205;4;3000588.286321426
1708;7205;0;3000588.286321426
1709;7208;3;3000588.286321426
1710;7214;6;3000588.286321426
1711;7219;5;3000588.286321426
1712;7224;5;3000588.286321426
1713;7228;4;3000588.286321426
1714;7231;3;3000588.286321426
1715;7232;1;3000588.286321426
1716;7235;3;3000588.286321426
1717;7240;5;3000588.286321426
1718;7255;15;3000588.286321426
1719;7256;1;3000588.286321426
1720;7261;5;3000588.286321426
1721;7262;1;3000588.286321426
1722;7269;7;3000588.286321426
1723;7276;7;3000588.286321426
1724;7281;5;3000588.286321426
1725;7286;5;3000588.286321426
1726;7290;4;3000588.286321426
1727;7295;5;3000588.286321426
1728;7298;3;3000588.286321426
1729;7300;2;3000588.286321426
1730;7304;4;3000588.286321426
1731;7309;5;3000588.286321426
1732;7313;4;3000588.286321426
1733;7318;5;3000588.286321426
1734;7323;5;3000588.286321426
1735;7323;0;3000588.286321426
1736;7326;3;3000588.286321426
1737;7329;3;3000588.286321426
1738;7333;4;3000588.286321426
1739;7333;0;3000588.286321426
1740;7338;5;3000588.286321426
1741;7341;3;3000588.286321426
1742;7350;9;3000588.286321426
1743;7353;3;3000588.286321426
1744;7357;4;3000588.286321426
1745;7360;3;3000588.286321426
1746;7365;5;3000588.286321426
1747;7368;3;3000588.286321426
1748;7369;1;3000588.286321426
1749;7373;4;3000588.286321426
1750;7375;2;3000588.286321426
1751;7379;4;3000588.286321426
1752;7382;3;3000588.286321426
1753;7386;4;3000588.286321426
1754;7389;3;3000588.286321426
1755;7395;6;3000588.286321426
1756;7399;4;3000588.286321426
1757;7401;2;3000588.286321426
1758;7405;4;3000588.286321426
1759;7411;6;3000588.286321426
1760;7414;3;3000588.286321426
1761;7418;4;3000588.286321426
1762;7418;0;3000588.286321426
1763;7421;3;3000588.286321426
1764;7421;0;3000588.286321426
1765;7428;7;3000588.286321426
1766;7429;1;3000588.286321426
1767;7431;2;3000588.286321426
1768;7436;5;3000588.286321426
1769;7445;9;3000588.286321426
1770;7446;1;3000588.286321426
1771;7450;4;3000588.286321426
1772;7451;1;3000588.286321426
1773;7454;3;3000588.286321426
1774;7460;6;3000588.286321426
1775;7460;0;3000588.286321426
1776;7464;4;3000588.286321426
1777;7468;4;3000588.286321426
1778;7473;5;3000588.286321426
1779;7477;4;3000588.286321426
1780;7481;4;3000588.286321426
1781;7487;6;3000588.286321426
1782;7493;6;3000588.286321426
1783;7497;4;3000588.286321426
1784;7497;0;3000588.286321426
1785;7501;4;3000588.286321426
1786;7509;8;3000588.286321426
1787;7512;3;3000588.286321426
1788;7513;1;3000588.286321426
1789;7518;5;3000588.286321426
1790;7520;2;3000588.286321426
1791;7523;3;3000588.286321426
1792;7529;6;3000588.286321426
1793;7537;8;3000588.286321426
1794;7538;1;3000588.286321426
1795;7541;3;3000588.286321426
1796;7544;3;3000588.286321426
1797;7548;4;3000588.286321426
1798;7554;6;3000588.286321426
1799;7557;3;3000588.286321426
1800;7562;5;3000588.286321426
1801;7566;4;3000588.286321426
1802;7571;5;3000588.286321426
1803;7574;3;3000588.286321426
1804;7579;5;3000588.286321426
1805;7585;6;3000588.286321426
1806;7586;1;3000588.286321426
1807;7592;6;3000588.286321426
1808;7596;4;3000588.286321426
1809;7599;3;3000588.286321426
1810;7604;5;3000588.286321426
1811;7608;4;3000588.286321426
1812;7615;7;3000588.286321426
1813;7619;4;3000588.286321426
1814;7621;2;3000588.286321426
1815;7623;2;3000588.286321426
1816;7627;4;3000588.286321426
1817;7633;6;3000588.286321426
1818;7637;4;3000588.286321426
1819;7642;5;3000588.286321426
1820;7645;3;3000588.286321426
1821;7646;1;3000588.286321426
1822;7650;4;3000588.286321426
1823;7654;4;3000588.286321426
1824;7657;3;3000588.286321426
1825;7662;5;3000588.286321426
1826;7663;1;3000588.286321426
1827;7667;4;3000588.286321426
1828;7670;3;3000588.286321426
1829;7674;4;3000588.286321426
1830;7679;5;3000588.286321426
1831;7683;4;3000588.286321426
1832;7686;3;3000588.286321426
1833;7691;5;3000588.286321426
1834;7697;6;3000588.286321426
1835;7702;5;3000588.286321426
1836;7706;4;3000588.286321426
1837;7710;4;3000588.286321426
1838;7713;3;3000588.286321426
1839;7720;7;3000588.286321426
1840;7723;3;3000588.286321426
1841;7726;3;3000588.286321426
1842;7732;6;3000588.286321426
1843;7735;3;3000588.286321426
1844;7735;0;3000588.286321426
1845;7736;1;3000588.286321426
1846;7740;4;3000588.286321426
1847;7741;1;3000588.286321426
1848;7741;0;3000588.286321426
1849;7745;4;3000588.286321426
1850;7749;4;3000588.286321426
1851;7753;4;3000588.286321426
1852;7758;5;3000588.286321426
1853;7760;2;3000588.286321426
1854;7763;3;3000588.286321426
1855;7767;4;3000588.286321426
1856;7771;4;3000588.286321426
1857;7775;4;3000588.286321426
1858;7779;4;3000588.286321426
1859;7780;1;3000588.286321426
1860;7784;4;3000588.286321426
1861;7789;5;3000588.286321426
1862;7794;5;3000588.286321426
1863;7800;6;3000588.286321426
1864;7805;5;3000588.286321426
1865;7806;1;3000588.286321426
1866;7811;5;3000588.286321426
1867;7815;4;3000588.286321426
1868;7819;4;3000588.286321426
1869;7823;4;3000588.286321426
1870;7829;6;3000588.286321426
1871;7834;5;3000588.286321426
1872;7838;4;3000588.286321426
1873;7842;4;3000588.286321426
1874;7846;4;3000588.286321426
1875;7849;3;3000588.286321426
1876;7853;4;3000588.286321426
1877;7856;3;3000588.286321426
1878;7861;5;3000588.286321426
1879;7865;4;3000588.286321426
1880;7865;0;3000588.286321426
1881;7869;4;3000588.286321426
1882;7873;4;3000588.286321426
1883;7880;7;3000588.286321426
1884;7883;3;3000588.286321426
1885;7884;1;3000588.286321426
1886;7888;4;3000588.286321426
1887;7892;4;3000588.286321426
1888;7895;3;3000588.286321426
1889;7901;6;3000588.286321426
1890;7905;4;3000588.286321426
1891;7908;3;3000588.286321426
1892;7913;5;3000588.286321426
1893;7917;4;3000588.286321426
1894;7923;6;3000588.286321426
1895;7924;1;3000588.286321426
1896;7925;1;3000588.286321426
1897;7929;4;3000588.286321426
1898;7933;4;3000588.286321426
1899;7936;3;3000588.286321426
1900;7939;3;3000588.286321426
1901;7943;4;3000588.286321426
1902;7944;1;3000588.286321426
1903;7948;4;3000588.286321426
1904;7952;4;3000588.286321426
1905;7953;1;3000588.286321426
1906;7959;6;3000588.286321426
1907;7965;6;3000588.286321426
1908;7971;6;3000588.286321426
1909;7972;1;3000588.286321426
1910;7976;4;3000588.286321426
1911;7980;4;3000588.286321426
1912;7982;2;3000588.286321426
1913;7985;3;3000588.286321426
1914;7988;3;3000588.286321426
1915;7993;5;3000588.286321426
1916;7997;4;3000588.286321426
1917;7997;0;3000588.286321426
1918;7999;2;3000588.286321426
1919;8003;4;3000588.286321426
1920;8007;4;3000588.286321426
1921;8010;3;3000588.286321426
1922;8011;1;3000588.286321426
1923;8012;1;3000588.286321426
1924;8016;4;3000588.286321426
1925;8021;5;3000588.286321426
1926;8027;6;3000588.286321426
1927;8032;5;3000588.286321426
1928;8035;3;3000588.286321426
1929;8041;6;3000588.286321426
1930;8047;6;3000588.286321426
1931;8049;2;3000588.286321426
1932;8054;5;3000588.286321426
1933;8057;3;3000588.286321426
1934;8061;4;3000588.286321426
1935;8061;0;3000588.286321426
1936;8063;2;3000588.286321426
1937;8065;2;3000588.286321426
1938;8068;3;3000588.286321426
1939;8072;4;3000588.286321426
1940;8077;5;3000588.286321426
1941;8081;4;3000588.286321426
1942;8081;0;3000588.286321426
1943;8083;2;3000588.286321426
1944;8087;4;3000588.286321426
1945;8090;3;3000588.286321426
1946;8091;1;3000588.286321426
1947;8102;11;3000588.286321426
1948;8106;4;3000588.286321426
1949;8112;6;3000588.286321426
1950;8119;7;3000588.286321426
1951;8124;5;3000588.286321426
1952;8130;6;3000588.286321426
1953;8133;3;3000588.286321426
1954;8136;3;3000588.286321426
1955;8138;2;3000588.286321426
1956;8142;4;3000588.286321426
1957;8147;5;3000588.286321426
1958;8149;2;3000588.286321426
1959;8152;3;3000588.286321426
1960;8154;2;3000588.286321426
1961;8158;4;3000588.286321426
1962;8161;3;3000588.286321426
1963;8165;4;3000588.286321426
1964;8168;3;3000588.286321426
1965;8173;5;3000588.286321426
1966;8176;3;3000588.286321426
1967;8179;3;3000588.286321426
1968;8182;3;3000588.286321426
1969;8186;4;3000588.286321426
1970;8189;3;3000588.286321426
1971;8193;4;3000588.286321426
1972;8198;5;3000588.286321426
1973;8201;3;3000588.286321426
1974;8206;5;3000588.286321426
1975;8211;5;3000588.286321426
1976;8212;1;3000588.286321426
1977;8215;3;3000588.286321426
1978;8221;6;3000588.286321426
1979;8225;4;3000588.286321426
1980;8229;4;3000588.286321426
1981;8234;5;3000588.286321426
1982;8237;3;3000588.286321426
1983;8240;3;3000588.286321426
1984;8241;1;3000588.286321426
1985;8244;3;3000588.286321426
1986;8247;3;3000588.286321426
1987;8252;5;3000588.286321426
1988;8256;4;3000588.286321426
1989;8259;3;3000588.286321426
1990;8262;3;3000588.286321426
1991;8265;3;3000588.286321426
1992;8267;2;3000588.286321426
1993;8269;2;3000588.286321426
1994;8275;6;3000588.286321426
1995;8278;3;3000588.286321426
1996;8281;3;3000588.286321426
1997;8286;5;3000588.286321426
1998;8288;2;3000588.286321426
1999;8292;4;3000588.286321426
2000;8295;3;3000588.286321426
2001;8299;4;3000588.286321426
2002;8305;6;3000588.286321426
2003;8310;5;3000588.286321426
2004;8311;1;3000588.286321426
2005;8315;4;3000588.286321426
2006;8318;3;3000588.286321426
2007;8323;5;3000588.286321426
2008;8326;3;3000588.286321426
2009;8330;4;3000588.286321426
2010;8331;1;3000588.286321426
2011;8336;5;3000588.286321426
2012;8339;3;3000588.286321426
2013;8343;4;3000588.286321426
2014;8347;4;3000588.286321426
2015;8352;5;3000588.286321426
2016;8357;5;3000588.286321426
2017;8361;4;3000588.286321426
2018;8365;4;3000588.286321426
2019;8367;2;3000588.286321426
2020;8372;5;3000588.286321426
2021;8375;3;3000588.286321426
2022;8379;4;3000588.286321426
2023;8385;6;3000588.286321426
2024;8386;1;3000588.286321426
2025;8389;3;3000588.286321426
2026;8394;5;3000588.286321426
2027;8398;4;3000588.286321426
2028;8400;2;3000588.286321426
2029;8404;4;3000588.286321426
2030;8408;4;3000588.286321426
2031;8412;4;3000588.286321426
2032;8416;4;3000588.286321426
2033;8419;3;3000588.286321426
2034;8425;6;3000588.286321426
2035;8429;4;3000588.286321426
2036;8431;2;3000588.286321426
2037;8437;6;3000588.286321426
2038;8443;6;3000588.286321426
2039;8448;5;3000588.286321426
2040;8452;4;3000588.286321426
2041;8456;4;3000588.286321426
2042;8461;5;3000588.286321426
2043;8461;0;3000588.286321426
2044;8464;3;3000588.286321426
2045;8466;2;3000588.286321426
2046;8470;4;3000588.286321426
2047;8474;4;3000588.286321426
2048;8474;0;3000588.286321426
2049;8482;8;3000588.286321426
2050;8486;4;3000588.286321426
2051;8490;4;3000588.286321426
2052;8492;2;3000588.286321426
2053;8496;4;3000588.286321426
2054;8499;3;3000588.286321426
2055;8504;5;3000588.286321426
2056;8506;2;3000588.286321426
2057;8508;2;3000588.286321426
2058;8510;2;3000588.286321426
2059;8513;3;3000588.286321426
2060;8517;4;3000588.286321426
2061;8519;2;3000588.286321426
2062;8524;5;3000588.286321426
2063;8525;1;3000588.286321426
2064;8528;3;3000588.286321426
2065;8532;4;3000588.286321426
2066;8535;3;3000588.286321426
2067;8539;4;3000588.286321426
2068;8544;5;3000588.286321426
2069;8548;4;3000588.286321426
2070;8551;3;3000588.286321426
2071;8552;1;3000588.286321426
2072;8558;6;3000588.286321426
2073;8563;5;3000588.286321426
2074;8567;4;3000588.286321426
2075;8570;3;3000588.286321426
2076;8575;5;3000588.286321426
2077;8579;4;3000588.286321426
2078;8582;3;3000588.286321426
2079;8585;3;3000588.286321426
2080;8589;4;3000588.286321426
2081;8589;0;3000588.286321426
2082;8593;4;3000588.286321426
2083;8597;4;3000588.286321426
2084;8598;1;3000588.286321426
2085;8603;5;3000588.286321426
2086;8608;5;3000588.286321426
2087;8609;1;3000588.286321426
2088;8612;3;3000588.286321426
2089;8619;7;3000588.286321426
2090;8622;3;3000588.286321426
2091;8624;2;3000588.286321426
2092;8628;4;3000588.286321426
2093;8633;5;3000588.286321426
2094;8635;2;3000588.286321426
2095;8637;2;3000588.286321426
2096;8642;5;3000588.286321426
2097;8646;4;3000588.286321426
2098;8650;4;3000588.286321426
2099;8654;4;3000588.286321426
2100;8656;2;3000588.286321426
2101;8658;2;3000588.286321426
2102;8659;1;3000588.286321426
2103;8663;4;3000588.286321426
2104;8667;4;3000588.286321426
2105;8669;2;3000588.286321426
2106;8670;1;3000588.286321426
2107;8674;4;3000588.286321426
2108;8679;5;3000588.286321426
2109;8682;3;3000588.286321426
2110;8686;4;3000588.286321426
2111;8689;3;3000588.286321426
2112;8693;4;3000588.286321426
2113;8698;5;3000588.286321426
2114;8701;3;3000588.286321426
2115;8707;6;3000588.286321426
2116;8711;4;3000588.286321426
2117;8713;2;3000588.286321426
2118;8718;5;3000588.286321426
2119;8721;3;3000588.286321426
2120;8723;2;3000588.286321426
2121;8727;4;3000588.286321426
2122;8729;2;3000588.286321426
2123;8734;5;3000588.286321426
2124;8736;2;3000588.286321426
2125;8740;4;3000588.286321426
2126;8744;4;3000588.286321426
2127;8748;4;3000588.286321426
2128;8752;4;3000588.286321426
2129;8755;3;3000588.286321426
2130;8755;0;3000588.286321426
2131;8761;6;3000588.286321426
2132;8766;5;3000588.286321426
2133;8769;3;3000588.286321426
2134;8773;4;3000588.286321426
2135;8778;5;3000588.286321426
2136;8784;6;3000588.286321426
2137;8789;5;3000588.286321426
2138;8792;3;3000588.286321426
2139;8796;4;3000588.286321426
2140;8803;7;3000588.286321426
2141;8808;5;3000588.286321426
2142;8812;4;3000588.286321426
2143;8816;4;3000588.286321426
2144;8821;5;3000588.286321426
2145;8827;6;3000588.286321426
2146;8828;1;3000588.286321426
2147;8831;3;3000588.286321426
2148;8836;5;3000588.286321426
2149;8840;4;3000588.286321426
2150;8843;3;3000588.286321426
2151;8850;7;3000588.286321426
2152;8852;2;3000588.286321426
2153;8855;3;3000588.286321426
2154;8858;3;3000588.286321426
2155;8862;4;3000588.286321426
2156;8867;5;3000588.286321426
2157;8869;2;3000588.286321426
2158;8872;3;3000588.286321426
2159;8877;5;3000588.286321426
2160;8881;4;3000588.286321426
2161;8886;5;3000588.286321426
2162;8888;2;3000588.286321426
2163;8888;0;3000588.286321426
2164;8892;4;3000588.286321426
2165;8895;3;3000588.286321426
2166;8899;4;3000588.286321426
2167;8901;2;3000588.286321426
2168;8906;5;3000588.286321426
2169;8910;4;3000588.286321426
2170;8912;2;3000588.286321426
2171;8916;4;3000588.286321426
2172;8920;4;3000588.286321426
2173;8926;6;3000588.286321426
2174;8927;1;3000588.286321426
2175;8931;4;3000588.286321426
2176;8932;1;3000588.286321426
2177;8933;1;3000588.286321426
2178;8936;3;3000588.286321426
2179;8938;2;3000588.286321426
2180;8942;4;3000588.286321426
2181;8943;1;3000588.286321426
2182;8945;2;3000588.286321426
2183;8949;4;3000588.286321426
2184;8952;3;3000588.286321426
2185;8956;4;3000588.286321426
2186;8961;5;3000588.286321426
2187;8966;5;3000588.286321426
2188;8969;3;3000588.286321426
2189;8973;4;3000588.286321426
2190;8977;4;3000588.286321426
2191;8980;3;3000588.286321426
2192;8983;3;3000588.286321426
2193;8986;3;3000588.286321426
2194;8990;4;3000588.286321426
2195;8994;4;3000588.286321426
2196;8997;3;3000588.286321426
2197;9001;4;3000588.286321426
2198;9005;4;3000588.286321426
2199;9006;1;3000588.286321426
2200;9008;2;3000588.286321426
2201;9011;3;3000588.286321426
2202;9016;5;3000588.286321426
2203;9024;8;3000588.286321426
2204;9026;2;3000588.286321426
2205;9030;4;3000588.286321426
2206;9033;3;3000588.286321426
2207;9038;5;3000588.286321426
2208;9039;1;3000588.286321426
2209;9040;1;3000588.286321426
2210;9043;3;3000588.286321426
2211;9046;3;3000588.286321426
2212;9050;4;3000588.286321426
2213;9054;4;3000588.286321426
2214;9054;0;3000588.286321426
2215;9059;5;3000588.286321426
2216;9062;3;3000588.286321426
2217;9066;4;3000588.286321426
2218;9069;3;3000588.286321426
2219;9072;3;3000588.286321426
2220;9075;3;3000588.286321426
2221;9080;5;3000588.286321426
2222;9085;5;3000588.286321426
2223;9089;4;3000588.286321426
2224;9093;4;3000588.286321426
2225;9093;0;3000588.286321426
2226;9097;4;3000588.286321426
2227;9099;2;3000588.286321426
2228;9101;2;3000588.286321426
2229;9105;4;3000588.286321426
2230;9109;4;3000588.286321426
2231;9112;3;3000588.286321426
2232;9113;1;3000588.286321426
2233;9118;5;3000588.286321426
2234;9119;1;3000588.286321426
2235;9123;4;3000588.286321426
2236;9126;3;3000588.286321426
2237;9130;4;3000588.286321426
2238;9138;8;3000588.286321426
2239;9142;4;3000588.286321426
2240;9145;3;3000588.286321426
2241;9149;4;3000588.286321426
2242;9152;3;3000588.286321426
2243;9155;3;3000588.286321426
2244;9156;1;3000588.286321426
2245;9158;2;3000588.286321426
2246;9160;2;3000588.286321426
2247;9160;0;3000588.286321426
2248;9165;5;3000588.286321426
2249;9169;4;3000588.286321426
2250;9173;4;3000588.286321426
2251;9177;4;3000588.286321426
2252;9177;0;3000588.286321426
2253;9182;5;3000588.286321426
2254;9186;4;3000588.286321426
2255;9190;4;3000588.286321426
2256;9196;6;3000588.286321426
2257;9200;4;3000588.286321426
2258;9204;4;3000588.286321426
2259;9207;3;3000588.286321426
2260;9211;4;3000588.286321426
2261;9213;2;3000588.286321426
2262;9217;4;3000588.286321426
2263;9222;5;3000588.286321426
2264;9225;3;3000588.286321426
2265;9226;1;3000588.286321426
2266;9229;3;3000588.286321426
2267;9230;1;3000588.286321426
2268;9230;0;3000588.286321426
2269;9237;7;3000588.286321426
2270;9242;5;3000588.286321426
2271;9244;2;3000588.286321426
2272;9248;4;3000588.286321426
2273;9252;4;3000588.286321426
2274;9256;4;3000588.286321426
2275;9260;4;3000588.286321426
2276;9265;5;3000588.286321426
2277;9268;3;3000588.286321426
2278;9273;5;3000588.286321426
2279;9278;5;3000588.286321426
2280;9282;4;3000588.286321426
2281;9286;4;3000588.286321426
2282;9288;2;3000588.286321426
2283;9290;2;3000588.286321426
2284;9292;2;3000588.286321426
2285;9296;4;3000588.286321426
2286;9298;2;3000588.286321426
2287;9301;3;3000588.286321426
2288;9306;5;3000588.286321426
2289;9310;4;3000588.286321426
2290;9314;4;3000588.286321426
2291;9318;4;3000588.286321426
2292;9322;4;3000588.286321426
2293;9325;3;3000588.286321426
2294;9329;4;3000588.286321426
2295;9331;2;3000588.286321426
2296;9333;2;3000588.286321426
2297;9337;4;3000588.286321426
2298;9342;5;3000588.286321426
2299;9346;4;3000588.286321426
2300;9349;3;3000588.286321426
2301;9354;5;3000588.286321426
2302;9357;3;3000588.286321426
2303;9360;3;3000588.286321426
2304;9364;4;3000588.286321426
2305;9366;2;3000588.286321426
2306;9370;4;3000588.286321426
2307;9374;4;3000588.286321426
2308;9377;3;3000588.286321426
2309;9381;4;3000588.286321426
2310;9385;4;3000588.286321426
2311;9388;3;3000588.286321426
2312;9389;1;3000588.286321426
2313;9394;5;3000588.286321426
2314;9395;1;3000588.286321426
2315;9398;3;3000588.286321426
2316;9402;4;3000588.286321426
2317;9405;3;3000588.286321426
2318;9410;5;3000588.286321426
2319;9414;4;3000588.286321426
2320;9419;5;3000588.286321426
2321;9421;2;3000588.286321426
2322;9424;3;3000588.286321426
2323;9428;4;3000588.286321426
2324;9433;5;3000588.286321426
2325;9437;4;3000588.286321426
2326;9440;3;3000588.286321426
2327;9445;5;3000588.286321426
2328;9447;2;3000588.286321426
2329;9451;4;3000588.286321426
2330;9454;3;3000588.286321426
2331;9455;1;3000588.286321426
2332;9457;2;3000588.286321426
2333;9459;2;3000588.286321426
2334;9463;4;3000588.286321426
2335;9465;2;3000588.286321426
2336;9468;3;3000588.286321426
2337;9472;4;3000588.286321426
2338;9479;7;3000588.286321426
2339;9483;4;3000588.286321426
2340;9487;4;3000588.286321426
2341;9488;1;3000588.286321426
2342;9492;4;3000588.286321426
2343;9495;3;3000588.286321426
2344;9496;1;3000588.286321426
2345;9500;4;3000588.286321426
2346;9504;4;3000588.286321426
2347;9506;2;3000588.286321426
2348;9511;5;3000588.286321426
2349;9515;4;3000588.286321426
2350;9519;4;3000588.286321426
2351;9523;4;3000588.286321426
2352;9527;4;3000588.286321426
2353;9530;3;3000588.286321426
2354;9533;3;3000588.286321426
2355;9537;4;3000588.286321426
2356;9540;3;3000588.286321426
2357;9542;2;3000588.286321426
2358;9544;2;3000588.286321426
2359;9547;3;3000588.286321426
2360;9550;3;3000588.286321426
2361;9553;3;3000588.286321426
2362;9553;0;3000588.286321426
2363;9554;1;3000588.286321426
2364;9558;4;3000588.286321426
2365;9562;4;3000588.286321426
2366;9564;2;3000588.286321426
2367;9565;1;3000588.286321426
2368;9566;1;3000588.286321426
2369;9566;0;3000588.286321426
2370;9570;4;3000588.286321426
2371;9574;4;3000588.286321426
2372;9579;5;3000588.286321426
2373;9582;3;3000588.286321426
2374;9587;5;3000588.286321426
2375;9593;6;3000588.286321426
2376;9595;2;3000588.286321426
2377;9600;5;3000588.286321426
2378;9606;6;3000588.286321426
2379;9608;2;3000588.286321426
2380;9612;4;3000588.286321426
2381;9614;2;3000588.286321426
2382;9619;5;3000588.286321426
2383;9624;5;3000588.286321426
2384;9628;4;3000588.286321426
2385;9629;1;3000588.286321426
2386;9632;3;3000588.286321426
2387;9636;4;3000588.286321426
2388;9640;4;3000588.286321426
2389;9646;6;3000588.286321426
2390;9650;4;3000588.286321426
2391;9656;6;3000588.286321426
2392;9659;3;3000588.286321426
2393;9661;2;3000588.286321426
2394;9664;3;3000588.286321426
2395;9668;4;3000588.286321426
2396;9675;7;3000588.286321426
2397;9676;1;3000588.286321426
2398;9680;4;3000588.286321426
2399;9684;4;3000588.286321426
2400;9686;2;3000588.286321426
2401;9691;5;3000588.286321426
2402;9697;6;3000588.286321426
2403;9703;6;3000588.286321426
2404;9707;4;3000588.286321426
2405;9709;2;3000588.286321426
2406;9714;5;3000588.286321426
2407;9718;4;3000588.286321426
2408;9722;4;3000588.286321426
2409;9724;2;3000588.286321426
2410;9726;2;3000588.286321426
2411;9731;5;3000588.286321426
2412;9731;0;3000588.286321426
2413;9732;1;3000588.286321426
2414;9736;4;3000588.286321426
2415;9739;3;3000588.286321426
2416;9745;6;3000588.286321426
2417;9752;7;3000588.286321426
2418;9758;6;3000588.286321426
2419;9763;5;3000588.286321426
2420;9767;4;3000588.286321426
2421;9772;5;3000588.286321426
2422;9775;3;3000588.286321426
2423;9780;5;3000588.286321426
2424;9783;3;3000588.286321426
2425;9784;1;3000588.286321426
2426;9790;6;3000588.286321426
2427;9794;4;3000588.286321426
2428;9798;4;3000588.286321426
2429;9803;5;3000588.286321426
2430;9805;2;3000588.286321426
2431;9810;5;3000588.286321426
2432;9815;5;3000588.286321426
2433;9817;2;3000588.286321426
2434;9822;5;3000588.286321426
2435;9826;4;3000588.286321426
2436;9830;4;3000588.286321426
2437;9832;2;3000588.286321426
2438;9836;4;3000588.286321426
2439;9837;1;3000588.286321426
2440;9838;1;3000588.286321426
2441;9842;4;3000588.286321426
2442;9844;2;3000588.286321426
2443;9847;3;3000588.286321426
2444;9851;4;3000588.286321426
2445;9853;2;3000588.286321426
2446;9857;4;3000588.286321426
2447;9858;1;3000588.286321426
2448;9862;4;3000588.286321426
2449;9863;1;3000588.286321426
2450;9867;4;3000588.286321426
2451;9871;4;3000588.286321426
2452;9876;5;3000588.286321426
2453;9879;3;3000588.286321426
2454;9880;1;3000588.286321426
2455;9885;5;3000588.286321426
2456;9890;5;3000588.286321426
2457;9891;1;3000588.286321426
2458;9896;5;3000588.286321426
2459;9899;3;3000588.286321426
2460;9902;3;3000588.286321426
2461;9908;6;3000588.286321426
2462;9912;4;3000588.286321426
2463;9917;5;3000588.286321426
2464;9920;3;3000588.286321426
2465;9921;1;3000588.286321426
2466;9925;4;3000588.286321426
2467;9925;0;3000588.286321426
2468;9929;4;3000588.286321426
2469;9930;1;3000588.286321426
2470;9933;3;3000588.286321426
2471;9937;4;3000588.286321426
2472;9938;1;3000588.286321426
2473;9941;3;3000588.286321426
2474;9941;0;3000588.286321426
2475;9946;5;3000588.286321426
2476;9947;1;3000588.286321426
2477;9950;3;3000588.286321426
2478;9954;4;3000588.286321426
2479;9955;1;3000588.286321426
2480;9959;4;3000588.286321426
2481;9961;2;3000588.286321426
2482;9968;7;3000588.286321426
2483;9974;6;3000588.286321426
2484;9974;0;3000588.286321426
2485;9976;2;3000588.286321426
2486;9979;3;3000588.286321426
2487;9982;3;3000588.286321426
2488;9985;3;3000588.286321426
2489;9987;2;3000588.286321426
2490;9991;4;3000588.286321426
2491;9995;4;3000588.286321426
2492;9998;3;3000588.286321426
2493;10003;5;3000588.286321426
2494;10003;0;3000588.286321426
2495;10006;3;3000588.286321426
2496;10009;3;3000588.286321426
2497;10014;5;3000588.286321426
2498;10019;5;3000588.286321426
2499;10022;3;3000588.286321426
2500;10026;4;3000588.286321426
2501;10029;3;3000588.286321426
2502;10033;4;3000588.286321426
2503;10036;3;3000588.286321426
2504;10039;3;3000588.286321426
2505;10042;3;3000588.286321426
2506;10047;5;3000588.286321426
2507;10052;5;3000588.286321426
2508;10055;3;3000588.286321426
2509;10058;3;3000588.286321426
2510;10062;4;3000588.286321426
2511;10065;3;3000588.286321426
2512;10071;6;3000588.286321426
2513;10074;3;3000588.286321426
2514;10075;1;3000588.286321426
2515;10078;3;3000588.286321426
2516;10083;5;3000588.286321426
2517;10090;7;3000588.286321426
2518;10094;4;3000588.286321426
2519;10099;5;3000588.286321426
2520;10103;4;3000588.286321426
2521;10106;3;3000588.286321426
2522;10110;4;3000588.286321426
2523;10113;3;3000588.286321426
2524;10117;4;3000588.286321426
2525;10118;1;3000588.286321426
2526;10121;3;3000588.286321426
2527;10122;1;3000588.286321426
2528;10125;3;3000588.286321426
2529;10131;6;3000588.286321426
2530;10133;2;3000588.286321426
2531;10138;5;3000588.286321426
2532;10142;4;3000588.286321426
2533;10146;4;3000588.286321426
2534;10147;1;3000588.286321426
2535;10151;4;3000588.286321426
2536;10155;4;3000588.286321426
2537;10159;4;3000588.286321426
2538;10162;3;3000588.286321426
2539;10168;6;3000588.286321426
2540;10172;4;3000588.286321426
2541;10177;5;3000588.286321426
2542;10180;3;3000588.286321426
2543;10180;0;3000588.286321426
2544;10181;1;3000588.286321426
2545;10186;5;3000588.286321426
2546;10190;4;3000588.286321426
2547;10194;4;3000588.286321426
2548;10195;1;3000588.286321426
2549;10197;2;3000588.286321426
2550;10202;5;3000588.286321426
2551;10205;3;3000588.286321426
2552;10206;1;3000588.286321426
2553;10208;2;3000588.286321426
2554;10212;4;3000588.286321426
2555;10216;4;3000588.286321426
2556;10220;4;3000588.286321426
2557;10225;5;3000588.286321426
2558;10229;4;3000588.286321426
2559;10232;3;3000588.286321426
2560;10233;1;3000588.286321426
2561;10237;4;3000588.286321426
2562;10240;3;3000588.286321426
2563;10243;3;3000588.286321426
2564;10244;1;3000588.286321426
2565;10249;5;3000588.286321426
2566;10251;2;3000588.286321426
2567;10254;3;3000588.286321426
2568;10258;4;3000588.286321426
2569;10263;5;3000588.286321426
2570;10266;3;3000588.286321426
2571;10270;4;3000588.286321426
2572;10274;4;3000588.286321426
2573;10275;1;3000588.286321426
2574;10280;5;3000588.286321426
2575;10285;5;3000588.286321426
2576;10288;3;3000588.286321426
2577;10293;5;3000588.286321426
2578;10297;4;3000588.286321426
2579;10301;4;3000588.286321426
2580;10306;5;3000588.286321426
2581;10312;6;3000588.286321426
2582;10315;3;3000588.286321426
2583;10318;3;3000588.286321426
2584;10323;5;3000588.286321426
2585;10324;1;3000588.286321426
2586;10325;1;3000588.286321426
2587;10329;4;3000588.286321426
2588;10333;4;3000588.286321426
2589;10334;1;3000588.286321426
2590;10337;3;3000588.286321426
2591;10340;3;3000588.286321426
2592;10347;7;3000588.286321426
2593;10351;4;3000588.286321426
2594;10354;3;3000588.286321426
2595;10354;0;3000588.286321426
2596;10358;4;3000588.286321426
2597;10362;4;3000588.286321426
2598;10364;2;3000588.286321426
2599;10365;1;3000588.286321426
2600;10372;7;3000588.286321426
2601;10375;3;3000588.286321426
2602;10378;3;3000588.286321426
2603;10381;3;3000588.286321426
2604;10382;1;3000588.286321426
2605;10387;5;3000588.286321426
2606;10392;5;3000588.286321426
2607;10396;4;3000588.286321426
2608;10401;5;3000588.286321426
2609;10406;5;3000588.286321426
2610;10410;4;3000588.286321426
2611;10414;4;3000588.286321426
2612;10418;4;3000588.286321426
2613;10420;2;3000588.286321426
2614;10427;7;3000588.286321426
2615;10432;5;3000588.286321426
2616;10439;7;3000588.286321426
2617;10444;5;3000588.286321426
2618;10448;4;3000588.286321426
2619;10452;4;3000588.286321426
2620;10456;4;3000588.286321426
2621;10460;4;3000588.286321426
2622;10465;5;3000588.286321426
2623;10472;7;3000588.286321426
2624;10478;6;3000588.286321426
2625;10482;4;3000588.286321426
2626;10485;3;3000588.286321426
2627;10491;6;3000588.286321426
2628;10494;3;3000588.286321426
2629;10497;3;3000588.286321426
2630;10502;5;3000588.286321426
2631;10507;5;3000588.286321426
2632;10511;4;3000588.286321426
2633;10518;7;3000588.286321426
2634;10520;2;3000588.286321426
2635;10524;4;3000588.286321426
2636;10528;4;3000588.286321426
2637;10531;3;3000588.286321426
2638;10537;6;3000588.286321426
2639;10542;5;3000588.286321426
2640;10546;4;3000588.286321426
2641;10550;4;3000588.286321426
2642;10553;3;3000588.286321426
2643;10554;1;3000588.286321426
2644;10558;4;3000588.286321426
2645;10562;4;3000588.286321426
2646;10568;6;3000588.286321426
2647;10572;4;3000588.286321426
2648;10573;1;3000588.286321426
2649;10578;5;3000588.286321426
2650;10583;5;3000588.286321426
2651;10588;5;3000588.286321426
2652;10592;4;3000588.286321426
2653;10596;4;3000588.286321426
2654;10599;3;3000588.286321426
2655;10604;5;3000588.286321426
2656;10606;2;3000588.286321426
2657;10610;4;3000588.286321426
2658;10614;4;3000588.286321426
2659;10617;3;3000588.286321426
2660;10620;3;3000588.286321426
2661;10625;5;3000588.286321426
2662;10626;1;3000588.286321426
2663;10626;0;3000588.286321426
2664;10627;1;3000588.286321426
2665;10631;4;3000588.286321426
2666;10632;1;3000588.286321426
2667;10636;4;3000588.286321426
2668;10636;0;3000588.286321426
2669;10640;4;3000588.286321426
2670;10641;1;3000588.286321426
2671;10642;1;3000588.286321426
2672;10645;3;3000588.286321426
2673;10646;1;3000588.286321426
2674;10650;4;3000588.286321426
2675;10653;3;3000588.286321426
2676;10657;4;3000588.286321426
2677;10658;1;3000588.286321426
2678;10661;3;3000588.286321426
2679;10666;5;3000588.286321426
2680;10669;3;3000588.286321426
2681;10671;2;3000588.286321426
2682;10676;5;3000588.286321426
2683;10680;4;3000588.286321426
2684;10685;5;3000588.286321426
2685;10687;2;3000588.286321426
2686;10692;5;3000588.286321426
2687;10697;5;3000588.286321426
2688;10698;1;3000588.286321426
2689;10699;1;3000588.286321426
2690;10707;8;3000588.286321426
2691;10711;4;3000588.286321426
2692;10714;3;3000588.286321426
2693;10718;4;3000588.286321426
2694;10723;5;3000588.286321426
2695;10730;7;3000588.286321426
2696;10734;4;3000588.286321426
2697;10738;4;3000588.286321426
2698;10742;4;3000588.286321426
2699;10746;4;3000588.286321426
2700;10749;3;3000588.286321426
2701;10751;2;3000588.286321426
2702;10754;3;3000588.286321426
2703;10758;4;3000588.286321426
2704;10762;4;3000588.286321426
2705;10765;3;3000588.286321426
2706;10768;3;3000588.286321426
2707;10773;5;3000588.286321426
2708;10776;3;3000588.286321426
2709;10780;4;3000588.286321426
2710;10781;1;3000588.286321426
2711;10783;2;3000588.286321426
2712;10786;3;3000588.286321426
2713;10789;3;3000588.286321426
2714;10791;2;3000588.286321426
2715;10793;2;3000588.286321426
2716;10797;4;3000588.286321426
2717;10797;0;3000588.286321426
2718;10801;4;3000588.286321426
2719;10805;4;3000588.286321426
2720;10808;3;3000588.286321426
2721;10809;1;3000588.286321426
2722;10813;4;3000588.286321426
2723;10815;2;3000588.286321426
2724;10818;3;3000588.286321426
2725;10821;3;3000588.286321426
2726;10824;3;3000588.286321426
2727;10829;5;3000588.286321426
2728;10831;2;3000588.286321426
2729;10832;1;3000588.286321426
2730;10836;4;3000588.286321426
2731;10838;2;3000588.286321426
2732;10842;4;3000588.286321426
2733;10842;0;3000588.286321426
2734;10846;4;3000588.286321426
2735;10849;3;3000588.286321426
2736;10850;1;3000588.286321426
2737;10852;2;3000588.286321426
2738;10854;2;3000588.286321426
2739;10858;4;3000588.286321426
2740;10862;4;3000588.286321426
2741;10866;4;3000588.286321426
2742;10870;4;3000588.286321426
2743;10871;1;3000588.286321426
2744;10875;4;3000588.286321426
2745;10878;3;3000588.286321426
2746;10881;3;3000588.286321426
2747;10887;6;3000588.286321426
2748;10889;2;3000588.286321426
2749;10890;1;3000588.286321426
2750;10894;4;3000588.286321426
2751;10894;0;3000588.286321426
2752;10898;4;3000588.286321426
2753;10899;1;3000588.286321426
2754;10902;3;3000588.286321426
2755;10905;3;3000588.286321426
2756;10909;4;3000588.286321426
2757;10911;2;3000588.286321426
2758;10913;2;3000588.286321426
2759;10914;1;3000588.286321426
2760;10914;0;3000588.286321426
2761;10916;2;3000588.286321426
2762;10919;3;3000588.286321426
2763;10922;3;3000588.286321426
2764;10925;3;3000588.286321426
2765;10930;5;3000588.286321426
2766;10933;3;3000588.286321426
2767;10936;3;3000588.286321426
2768;10941;5;3000588.286321426
2769;10944;3;3000588.286321426
2770;10947;3;3000588.286321426
2771;10950;3;3000588.286321426
2772;10955;5;3000588.286321426
2773;10958;3;3000588.286321426
2774;10963;5;3000588.286321426
2775;10963;0;3000588.286321426
2776;10966;3;3000588.286321426
2777;10968;2;3000588.286321426
2778;10972;4;3000588.286321426
2779;10975;3;3000588.286321426
2780;10979;4;3000588.286321426
2781;10983;4;3000588.286321426
2782;10987;4;3000588.286321426
2783;10993;6;3000588.286321426
2784;10995;2;3000588.286321426
2785;10998;3;3000588.286321426
2786;11006;8;3000588.286321426
2787;11007;1;3000588.286321426
2788;11008;1;3000588.286321426
2789;11010;2;3000588.286321426
2790;11011;1;3000588.286321426
2791;11016;5;3000588.286321426
2792;11020;4;3000588.286321426
2793;11024;4;3000588.286321426
2794;11025;1;3000588.286321426
2795;11029;4;3000588.286321426
2796;11030;1;3000588.286321426
2797;11033;3;3000588.286321426
2798;11038;5;3000588.286321426
2799;11041;3;3000588.286321426
2800;11043;2;3000588.286321426
2801;11047;4;3000588.286321426
2802;11052;5;3000588.286321426
2803;11054;2;3000588.286321426
2804;11057;3;3000588.286321426
2805;11061;4;3000588.286321426
2806;11064;3;3000588.286321426
2807;11068;4;3000588.286321426
2808;11072;4;3000588.286321426
2809;11073;1;3000588.286321426
2810;11076;3;3000588.286321426
2811;11080;4;3000588.286321426
2812;11082;2;3000588.286321426
2813;11086;4;3000588.286321426
2814;11089;3;3000588.286321426
2815;11093;4;3000588.286321426
2816;11098;5;3000588.286321426
2817;11101;3;3000588.286321426
2818;11108;7;3000588.286321426
2819;11109;1;3000588.286321426
2820;11112;3;3000588.286321426
2821;11118;6;3000588.286321426
2822;11121;3;3000588.286321426
2823;11122;1;3000588.286321426
2824;11124;2;3000588.286321426
2825;11128;4;3000588.286321426
2826;11131;3;3000588.286321426
2827;11134;3;3000588.286321426
2828;11135;1;3000588.286321426
2829;11136;1;3000588.286321426
2830;11140;4;3000588.286321426
2831;11142;2;3000588.286321426
2832;11145;3;3000588.286321426
2833;11151;6;3000588.286321426
2834;11153;2;3000588.286321426
2835;11156;3;3000588.286321426
2836;11157;1;3000588.286321426
2837;11160;3;3000588.286321426
2838;11164;4;3000588.286321426
2839;11165;1;3000588.286321426
2840;11167;2;3000588.286321426
2841;11168;1;3000588.286321426
2842;11171;3;3000588.286321426
2843;11175;4;3000588.286321426
2844;11177;2;3000588.286321426
2845;11178;1;3000588.286321426
2846;11181;3;3000588.286321426
2847;11182;1;3000588.286321426
2848;11184;2;3000588.286321426
2849;11187;3;3000588.286321426
2850;11191;4;3000588.286321426
2851;11192;1;3000588.286321426
2852;11197;5;3000588.286321426
2853;11198;1;3000588.286321426
2854;11200;2;3000588.286321426
2855;11200;0;3000588.286321426
2856;11203;3;3000588.286321426
2857;11204;1;3000588.286321426
2858;11207;3;3000588.286321426
2859;11211;4;3000588.286321426
2860;11213;2;3000588.286321426
2861;11217;4;3000588.286321426
2862;11221;4;3000588.286321426
2863;11225;4;3000588.286321426
2864;11227;2;3000588.286321426
2865;11231;4;3000588.286321426
2866;11235;4;3000588.286321426
2867;11236;1;3000588.286321426
2868;11238;2;3000588.286321426
2869;11242;4;3000588.286321426
2870;11246;4;3000588.286321426
2871;11249;3;3000588.286321426
2872;11252;3;3000588.286321426
2873;11256;4;3000588.286321426
2874;11259;3;3000588.286321426
2875;11261;2;3000588.286321426
2876;11265;4;3000588.286321426
2877;11266;1;3000588.286321426
2878;11269;3;3000588.286321426
2879;11272;3;3000588.286321426
2880;11276;4;3000588.286321426
2881;11282;6;3000588.286321426
2882;11286;4;3000588.286321426
2883;11290;4;3000588.286321426
2884;11294;4;3000588.286321426
2885;11295;1;3000588.286321426
2886;11298;3;3000588.286321426
2887;11299;1;3000588.286321426
2888;11304;5;3000588.286321426
2889;11305;1;3000588.286321426
2890;11309;4;3000588.286321426
2891;11312;3;3000588.286321426
2892;11312;0;3000588.286321426
2893;11315;3;3000588.286321426
2894;11320;5;3000588.286321426
2895;11322;2;3000588.286321426
2896;11326;4;3000588.286321426
2897;11330;4;3000588.286321426
2898;11333;3;3000588.286321426
2899;11337;4;3000588.286321426
2900;11341;4;3000588.286321426
2901;11344;3;3000588.286321426
2902;11349;5;3000588.286321426
2903;11353;4;3000588.286321426
2904;11357;4;3000588.286321426
2905;11360;3;3000588.286321426
2906;11364;4;3000588.286321426
2907;11368;4;3000588.286321426
2908;11372;4;3000588.286321426
2909;11376;4;3000588.286321426
2910;11379;3;3000588.286321426
2911;11382;3;3000588.286321426
2912;11385;3;3000588.286321426
2913;11388;3;3000588.286321426
2914;11393;5;3000588.286321426
2915;11398;5;3000588.286321426
2916;11402;4;3000588.286321426
2917;11406;4;3000588.286321426
2918;11409;3;3000588.286321426
2919;11413;4;3000588.286321426
2920;11418;5;3000588.286321426
2921;11422;4;3000588.286321426
2922;11422;0;3000588.286321426
2923;11426;4;3000588.286321426
2924;11430;4;3000588.286321426
2925;11435;5;3000588.286321426
2926;11438;3;3000588.286321426
2927;11443;5;3000588.286321426
2928;11449;6;3000588.286321426
2929;11454;5;3000588.286321426
2930;11458;4;3000588.286321426
2931;11463;5;3000588.286321426
2932;11468;5;3000588.286321426
2933;11472;4;3000588.286321426
2934;11477;5;3000588.286321426
2935;11480;3;3000588.286321426
2936;11483;3;3000588.286321426
2937;11487;4;3000588.286321426
2938;11490;3;3000588.286321426
2939;11494;4;3000588.286321426
2940;11498;4;3000588.286321426
2941;11500;2;3000588.286321426
2942;11504;4;3000588.286321426
2943;11505;1;3000588.286321426
2944;11509;4;3000588.286321426
2945;11512;3;3000588.286321426
2946;11517;5;3000588.286321426
2947;11521;4;3000588.286321426
2948;11521;0;3000588.286321426
2949;11524;3;3000588.286321426
2950;11529;5;3000588.286321426
2951;11530;1;3000588.286321426
2952;11533;3;3000588.286321426
2953;11539;6;3000588.286321426
2954;11542;3;3000588.286321426
2955;11543;1;3000588.286321426
2956;11546;3;3000588.286321426
2957;11549;3;3000588.286321426
2958;11552;3;3000588.286321426
2959;11553;1;3000588.286321426
2960;11557;4;3000588.286321426
2961;11562;5;3000588.286321426
2962;11567;5;3000588.286321426
2963;11573;6;3000588.286321426
2964;11575;2;3000588.286321426
2965;11580;5;3000588.286321426
2966;11581;1;3000588.286321426
2967;11583;2;3000588.286321426
2968;11588;5;3000588.286321426
2969;11591;3;3000588.286321426
2970;11595;4;3000588.286321426
2971;11596;1;3000588.286321426
2972;11600;4;3000588.286321426
2973;11603;3;3000588.286321426
2974;11606;3;3000588.286321426
2975;11610;4;3000588.286321426
2976;11614;4;3000588.286321426
2977;11618;4;3000588.286321426
2978;11619;1;3000588.286321426
2979;11620;1;3000588.286321426
2980;11624;4;3000588.286321426
2981;11627;3;3000588.286321426
2982;11631;4;3000588.286321426
2983;11635;4;3000588.286321426
2984;11636;1;3000588.286321426
2985;11639;3;3000588.286321426
2986;11642;3;3000588.286321426
2987;11645;3;3000588.286321426
2988;11646;1;3000588.286321426
2989;11650;4;3000588.286321426
2990;11653;3;3000588.286321426
2991;11657;4;3000588.286321426
2992;11661;4;3000588.286321426
2993;11664;3;3000588.286321426
2994;11665;1;3000588.286321426
2995;11673;8;3000588.286321426
2996;11676;3;3000588.286321426
2997;11679;3;3000588.286321426
2998;11680;1;3000588.286321426
2999;11681;1;3000588.286321426
