Index;Time point [ms];Iteration length [ms];Cost
0;5;5;1.5002184257731503E7
1;8;3;1.4001911037480403E7
2;9;1;1.4001911037480403E7
3;10;1;1.4001911037480403E7
4;13;3;1.4001911037480403E7
5;15;2;1.4001911037480403E7
6;19;4;1.4001807112860061E7
7;23;4;1.4001399608372163E7
8;26;3;1.4001399608372163E7
9;30;4;1.3001245865802877E7
10;33;3;1.3001245865802877E7
11;36;3;1.3001245865802877E7
12;40;4;1.3001245865802877E7
13;42;2;1.3001245865802877E7
14;44;2;1.3001245865802877E7
15;47;3;1.3001245865802877E7
16;48;1;1.3001245865802877E7
17;52;4;1.2001335276661923E7
18;55;3;1.2001313029604184E7
19;58;3;1.200128163057412E7
20;60;2;1.200128163057412E7
21;61;1;1.200128163057412E7
22;63;2;1.200128163057412E7
23;66;3;1.200128163057412E7
24;68;2;1.200128163057412E7
25;70;2;1.200128163057412E7
26;72;2;1.200128163057412E7
27;77;5;1.200128163057412E7
28;78;1;1.200128163057412E7
29;81;3;1.200128163057412E7
30;83;2;1.200128163057412E7
31;87;4;1.200128163057412E7
32;92;5;1.200128163057412E7
33;95;3;1.200128163057412E7
34;95;0;1.200128163057412E7
35;98;3;1.200128163057412E7
36;101;3;1.200128163057412E7
37;104;3;1.200128163057412E7
38;104;0;1.200128163057412E7
39;108;4;1.200128163057412E7
40;109;1;1.200128163057412E7
41;113;4;1.200128163057412E7
42;117;4;1.200128163057412E7
43;119;2;1.200128163057412E7
44;122;3;1.200128163057412E7
45;123;1;1.200128163057412E7
46;126;3;1.200128163057412E7
47;129;3;1.200128163057412E7
48;133;4;1.200128163057412E7
49;136;3;1.200128163057412E7
50;139;3;1.200128163057412E7
51;143;4;1.200128163057412E7
52;143;0;1.200128163057412E7
53;144;1;1.200128163057412E7
54;147;3;1.200128163057412E7
55;152;5;1.200128163057412E7
56;155;3;1.200128163057412E7
57;157;2;1.200128163057412E7
58;161;4;1.200128163057412E7
59;163;2;1.200128163057412E7
60;166;3;1.200128163057412E7
61;170;4;1.200128163057412E7
62;174;4;1.200128163057412E7
63;175;1;1.200128163057412E7
64;176;1;1.200128163057412E7
65;179;3;1.200128163057412E7
66;182;3;1.200128163057412E7
67;187;5;1.200128163057412E7
68;190;3;1.200128163057412E7
69;195;5;1.200128163057412E7
70;198;3;1.200128163057412E7
71;203;5;1.200128163057412E7
72;206;3;1.200128163057412E7
73;207;1;1.200128163057412E7
74;210;3;1.200128163057412E7
75;211;1;1.200128163057412E7
76;214;3;1.200128163057412E7
77;217;3;1.200128163057412E7
78;217;0;1.200128163057412E7
79;221;4;1.200128163057412E7
80;226;5;1.200124434975373E7
81;229;3;1.200122414098913E7
82;233;4;1.200122414098913E7
83;237;4;1.2001191534734905E7
84;241;4;1.2001191534734905E7
85;241;0;1.2001191534734905E7
86;245;4;1.2001191534734905E7
87;249;4;1.2001191534734905E7
88;251;2;1.2001191534734905E7
89;253;2;1.2001191534734905E7
90;255;2;1.2001191534734905E7
91;256;1;1.2001191534734905E7
92;261;5;1.2001191534734905E7
93;264;3;1.2001191534734905E7
94;265;1;1.2001191534734905E7
95;269;4;1.2001191534734905E7
96;270;1;1.2001191534734905E7
97;273;3;1.2001191534734905E7
98;277;4;1.2001191534734905E7
99;280;3;1.2001191534734905E7
100;284;4;1.2001191534734905E7
101;287;3;1.2001191534734905E7
102;290;3;1.2001191534734905E7
103;290;0;1.2001191534734905E7
104;293;3;1.2001191534734905E7
105;297;4;1.2001191534734905E7
106;301;4;1.2001191534734905E7
107;301;0;1.2001191534734905E7
108;305;4;1.2001191534734905E7
109;307;2;1.2001191534734905E7
110;310;3;1.2001191534734905E7
111;314;4;1.2001191534734905E7
112;314;0;1.2001191534734905E7
113;317;3;1.2001191534734905E7
114;321;4;1.2001191534734905E7
115;324;3;1.2001191534734905E7
116;328;4;1.2001191534734905E7
117;331;3;1.2001191534734905E7
118;334;3;1.2001191534734905E7
119;338;4;1.2001191534734905E7
120;341;3;1.2001191534734905E7
121;344;3;1.2001191534734905E7
122;348;4;1.2001191534734905E7
123;351;3;1.2001191534734905E7
124;354;3;1.2001191534734905E7
125;355;1;1.2001191534734905E7
126;358;3;1.2001191534734905E7
127;360;2;1.2001191534734905E7
128;363;3;1.2001191534734905E7
129;365;2;1.2001191534734905E7
130;367;2;1.2001191534734905E7
131;370;3;1.2001191534734905E7
132;372;2;1.2001191534734905E7
133;376;4;1.2001191534734905E7
134;380;4;1.2001191534734905E7
135;382;2;1.2001191534734905E7
136;385;3;1.2001191534734905E7
137;387;2;1.2001191534734905E7
138;390;3;1.2001191534734905E7
139;393;3;1.2001191534734905E7
140;394;1;1.2001191534734905E7
141;399;5;1.2001191534734905E7
142;399;0;1.2001191534734905E7
143;402;3;1.2001191534734905E7
144;405;3;1.2001191534734905E7
145;408;3;1.2001191534734905E7
146;409;1;1.2001191534734905E7
147;412;3;1.2001191534734905E7
148;414;2;1.2001191534734905E7
149;416;2;1.2001191534734905E7
150;419;3;1.2001191534734905E7
151;423;4;1.2001191534734905E7
152;427;4;1.2001191534734905E7
153;429;2;1.2001191534734905E7
154;431;2;1.2001191534734905E7
155;435;4;1.2001191534734905E7
156;437;2;1.2001191534734905E7
157;440;3;1.2001191534734905E7
158;443;3;1.2001191534734905E7
159;446;3;1.2001191534734905E7
160;448;2;1.2001191534734905E7
161;448;0;1.2001191534734905E7
162;451;3;1.2001191534734905E7
163;452;1;1.2001191534734905E7
164;456;4;1.2001191534734905E7
165;456;0;1.2001191534734905E7
166;459;3;1.2001191534734905E7
167;463;4;1.2001191534734905E7
168;465;2;1.2001191534734905E7
169;468;3;1.2001191534734905E7
170;472;4;1.2001191534734905E7
171;475;3;1.2001191534734905E7
172;479;4;1.2001191534734905E7
173;481;2;1.2001191534734905E7
174;484;3;1.2001191534734905E7
175;486;2;1.2001191534734905E7
176;488;2;1.2001191534734905E7
177;492;4;1.2001191534734905E7
178;495;3;1.2001191534734905E7
179;499;4;1.2001191534734905E7
180;502;3;1.2001191534734905E7
181;505;3;1.2001191534734905E7
182;505;0;1.2001191534734905E7
183;509;4;1.2001191534734905E7
184;509;0;1.2001191534734905E7
185;512;3;1.2001191534734905E7
186;513;1;1.2001191534734905E7
187;515;2;1.2001191534734905E7
188;517;2;1.2001191534734905E7
189;521;4;1.2001191534734905E7
190;523;2;1.2001191534734905E7
191;526;3;1.2001191534734905E7
192;526;0;1.2001191534734905E7
193;528;2;1.2001191534734905E7
194;529;1;1.2001191534734905E7
195;532;3;1.2001191534734905E7
196;536;4;1.2001191534734905E7
197;538;2;1.2001191534734905E7
198;540;2;1.2001191534734905E7
199;543;3;1.2001191534734905E7
200;545;2;1.2001191534734905E7
201;548;3;1.2001191534734905E7
202;552;4;1.2001191534734905E7
203;556;4;1.2001191534734905E7
204;559;3;1.2001191534734905E7
205;563;4;1.2001191534734905E7
206;566;3;1.2001191534734905E7
207;568;2;1.2001191534734905E7
208;572;4;1.2001191534734905E7
209;574;2;1.2001191534734905E7
210;574;0;1.2001191534734905E7
211;577;3;1.2001191534734905E7
212;580;3;1.2001191534734905E7
213;583;3;1.2001191534734905E7
214;586;3;1.2001191534734905E7
215;586;0;1.2001191534734905E7
216;589;3;1.2001191534734905E7
217;592;3;1.2001191534734905E7
218;593;1;1.2001191534734905E7
219;595;2;1.2001191534734905E7
220;597;2;1.2001191534734905E7
221;601;4;1.2001191534734905E7
222;604;3;1.2001191534734905E7
223;606;2;1.2001191534734905E7
224;609;3;1.2001191534734905E7
225;609;0;1.2001191534734905E7
226;613;4;1.2001191534734905E7
227;617;4;1.2001191534734905E7
228;618;1;1.2001191534734905E7
229;621;3;1.2001191534734905E7
230;623;2;1.2001191534734905E7
231;627;4;1.2001191534734905E7
232;628;1;1.2001191534734905E7
233;633;5;1.2001191534734905E7
234;636;3;1.2001191534734905E7
235;640;4;1.2001191534734905E7
236;640;0;1.2001191534734905E7
237;641;1;1.2001191534734905E7
238;644;3;1.2001191534734905E7
239;648;4;1.2001191534734905E7
240;652;4;1.2001191534734905E7
241;656;4;1.2001191534734905E7
242;659;3;1.2001191534734905E7
243;662;3;1.2001191534734905E7
244;664;2;1.2001191534734905E7
245;666;2;1.2001191534734905E7
246;669;3;1.2001191534734905E7
247;670;1;1.2001191534734905E7
248;672;2;1.2001191534734905E7
249;675;3;1.2001191534734905E7
250;678;3;1.2001191534734905E7
251;682;4;1.2001191534734905E7
252;683;1;1.2001191534734905E7
253;684;1;1.2001191534734905E7
254;685;1;1.2001191534734905E7
255;685;0;1.2001191534734905E7
256;686;1;1.2001191534734905E7
257;688;2;1.2001191534734905E7
258;691;3;1.2001191534734905E7
259;693;2;1.2001191534734905E7
260;694;1;1.2001191534734905E7
261;698;4;1.2001191534734905E7
262;698;0;1.2001191534734905E7
263;701;3;1.2001191534734905E7
264;704;3;1.2001191534734905E7
265;707;3;1.2001191534734905E7
266;710;3;1.2001191534734905E7
267;714;4;1.2001191534734905E7
268;718;4;1.2001191534734905E7
269;719;1;1.2001191534734905E7
270;722;3;1.2001191534734905E7
271;724;2;1.2001191534734905E7
272;727;3;1.2001191534734905E7
273;728;1;1.2001191534734905E7
274;729;1;1.2001191534734905E7
275;731;2;1.2001191534734905E7
276;734;3;1.2001191534734905E7
277;736;2;1.2001191534734905E7
278;739;3;1.2001191534734905E7
279;742;3;1.2001191534734905E7
280;744;2;1.2001191534734905E7
281;746;2;1.2001191534734905E7
282;749;3;1.2001191534734905E7
283;750;1;1.2001191534734905E7
284;753;3;1.2001191534734905E7
285;755;2;1.2001191534734905E7
286;760;5;1.2001191534734905E7
287;763;3;1.2001191534734905E7
288;766;3;1.1001371825762335E7
289;769;3;1.1001371825762335E7
290;772;3;1.1001371825762335E7
291;776;4;1.1001371825762335E7
292;780;4;1.1001371825762335E7
293;782;2;1.1001246801848823E7
294;783;1;1.1001246801848823E7
295;785;2;1.1001246801848823E7
296;787;2;1.1001246801848823E7
297;790;3;1.1001229336520225E7
298;794;4;1.1001229336520225E7
299;796;2;1.1001229336520225E7
300;800;4;1.1001229336520225E7
301;803;3;1.1001229336520225E7
302;806;3;1.1001229336520225E7
303;806;0;1.1001229336520225E7
304;809;3;1.1001229336520225E7
305;813;4;1.1001229336520225E7
306;816;3;1.1001229336520225E7
307;821;5;1.1001229336520225E7
308;824;3;1.1001229336520225E7
309;825;1;1.1001229336520225E7
310;828;3;1.1001229336520225E7
311;832;4;1.1001229336520225E7
312;835;3;1.1001229221700111E7
313;839;4;1.1001215523048291E7
314;839;0;1.1001215523048291E7
315;842;3;1.1001215523048291E7
316;843;1;1.1001215523048291E7
317;844;1;1.1001215523048291E7
318;846;2;1.1001215523048291E7
319;847;1;1.1001215523048291E7
320;849;2;1.1001215523048291E7
321;851;2;1.1001215523048291E7
322;854;3;1.1001215523048291E7
323;857;3;1.1001215523048291E7
324;860;3;1.1001215523048291E7
325;862;2;1.1001215523048291E7
326;866;4;1.1001215523048291E7
327;868;2;1.1001215523048291E7
328;871;3;1.1001215523048291E7
329;873;2;1.1001215523048291E7
330;876;3;1.1001215523048291E7
331;876;0;1.1001215523048291E7
332;878;2;1.1001215523048291E7
333;881;3;1.1001215523048291E7
334;885;4;1.1001215523048291E7
335;887;2;1.1001215523048291E7
336;891;4;1.1001215523048291E7
337;893;2;1.1001215523048291E7
338;897;4;1.1001215523048291E7
339;902;5;1.1001215523048291E7
340;905;3;1.1001215523048291E7
341;906;1;1.1001215523048291E7
342;909;3;1.1001215523048291E7
343;913;4;1.1001215523048291E7
344;916;3;1.1001215523048291E7
345;917;1;1.1001215523048291E7
346;919;2;1.1001215523048291E7
347;922;3;1.1001215523048291E7
348;925;3;1.1001215523048291E7
349;927;2;1.1001215523048291E7
350;930;3;1.1001215523048291E7
351;934;4;1.1001215523048291E7
352;936;2;1.1001215523048291E7
353;940;4;1.1001215523048291E7
354;944;4;1.1001215523048291E7
355;946;2;1.1001215523048291E7
356;950;4;1.1001215523048291E7
357;951;1;1.1001215523048291E7
358;954;3;1.1001215523048291E7
359;956;2;1.1001215523048291E7
360;957;1;1.1001215523048291E7
361;961;4;1.1001215523048291E7
362;961;0;1.1001215523048291E7
363;963;2;1.1001215523048291E7
364;966;3;1.1001215523048291E7
365;968;2;1.1001215523048291E7
366;972;4;1.1001215523048291E7
367;975;3;1.1001215523048291E7
368;978;3;1.1001215523048291E7
369;981;3;1.1001215523048291E7
370;983;2;1.1001215523048291E7
371;984;1;1.1001215523048291E7
372;987;3;1.1001215523048291E7
373;988;1;1.1001215523048291E7
374;992;4;1.1001215523048291E7
375;995;3;1.1001215523048291E7
376;996;1;1.1001215523048291E7
377;997;1;1.1001215523048291E7
378;998;1;1.1001215523048291E7
379;1001;3;1.1001215523048291E7
380;1005;4;1.1001215523048291E7
381;1008;3;1.1001215523048291E7
382;1013;5;1.1001215523048291E7
383;1016;3;1.1001215523048291E7
384;1018;2;1.1001215523048291E7
385;1019;1;1.1001215523048291E7
386;1021;2;1.1001215523048291E7
387;1025;4;1.1001215523048291E7
388;1028;3;1.1001215523048291E7
389;1030;2;1.1001215523048291E7
390;1033;3;1.1001215523048291E7
391;1036;3;1.1001215523048291E7
392;1039;3;1.1001215523048291E7
393;1039;0;1.1001215523048291E7
394;1043;4;1.1001215523048291E7
395;1046;3;1.1001215523048291E7
396;1049;3;1.1001215523048291E7
397;1054;5;1.1001215523048291E7
398;1056;2;1.1001215523048291E7
399;1059;3;1.1001215523048291E7
400;1060;1;1.1001215523048291E7
401;1062;2;1.1001215523048291E7
402;1064;2;1.1001215523048291E7
403;1066;2;1.1001215523048291E7
404;1067;1;1.1001215523048291E7
405;1069;2;1.1001215523048291E7
406;1071;2;1.1001215523048291E7
407;1074;3;1.1001215523048291E7
408;1074;0;1.1001215523048291E7
409;1078;4;1.1001215523048291E7
410;1081;3;1.1001215523048291E7
411;1082;1;1.1001215523048291E7
412;1085;3;1.1001215523048291E7
413;1090;5;1.1001215523048291E7
414;1093;3;1.1001215523048291E7
415;1096;3;1.1001215523048291E7
416;1099;3;1.1001215523048291E7
417;1101;2;1.1001215523048291E7
418;1102;1;1.1001215523048291E7
419;1104;2;1.1001215523048291E7
420;1108;4;1.1001215523048291E7
421;1109;1;1.1001215523048291E7
422;1110;1;1.1001215523048291E7
423;1113;3;1.1001215523048291E7
424;1115;2;1.1001215523048291E7
425;1117;2;1.1001215523048291E7
426;1120;3;1.1001215523048291E7
427;1122;2;1.1001215523048291E7
428;1125;3;1.1001215523048291E7
429;1128;3;1.1001215523048291E7
430;1130;2;1.1001215523048291E7
431;1133;3;1.1001215523048291E7
432;1136;3;1.1001215523048291E7
433;1138;2;1.1001215523048291E7
434;1138;0;1.1001215523048291E7
435;1142;4;1.1001215523048291E7
436;1145;3;1.1001215523048291E7
437;1149;4;1.1001215523048291E7
438;1150;1;1.1001215523048291E7
439;1153;3;1.1001215523048291E7
440;1154;1;1.1001215523048291E7
441;1157;3;1.1001215523048291E7
442;1160;3;1.1001215523048291E7
443;1160;0;1.1001215523048291E7
444;1163;3;1.1001215523048291E7
445;1166;3;1.1001215523048291E7
446;1169;3;1.1001215523048291E7
447;1173;4;1.1001215523048291E7
448;1174;1;1.1001215523048291E7
449;1177;3;1.1001215523048291E7
450;1178;1;1.1001215523048291E7
451;1181;3;1.1001215523048291E7
452;1183;2;1.100121309625255E7
453;1185;2;1.100121309625255E7
454;1188;3;1.100121309625255E7
455;1190;2;1.100121309625255E7
456;1192;2;1.100121309625255E7
457;1196;4;1.100121309625255E7
458;1198;2;1.100121309625255E7
459;1200;2;1.100121309625255E7
460;1204;4;1.100121309625255E7
461;1205;1;1.1001207508634552E7
462;1210;5;1.1001207508634552E7
463;1213;3;1.1001207508634552E7
464;1215;2;1.1001207508634552E7
465;1217;2;1.1001196822125658E7
466;1218;1;1.1001196822125658E7
467;1222;4;1.1001196822125658E7
468;1225;3;1.1001196822125658E7
469;1228;3;1.1001196822125658E7
470;1230;2;1.1001196822125658E7
471;1232;2;1.1001196822125658E7
472;1233;1;1.1001196822125658E7
473;1235;2;1.1001196822125658E7
474;1238;3;1.1001196822125658E7
475;1242;4;1.1001196822125658E7
476;1245;3;1.1001196822125658E7
477;1248;3;1.1001196822125658E7
478;1250;2;1.1001196822125658E7
479;1253;3;1.1001196822125658E7
480;1255;2;1.1001196822125658E7
481;1258;3;1.1001196822125658E7
482;1261;3;1.1001196822125658E7
483;1264;3;1.1001196822125658E7
484;1266;2;1.1001196822125658E7
485;1266;0;1.1001196822125658E7
486;1267;1;1.1001196822125658E7
487;1270;3;1.1001187110193754E7
488;1272;2;1.1001187110193754E7
489;1275;3;1.1001187110193754E7
490;1280;5;1.1001187110193754E7
491;1283;3;1.1001187110193754E7
492;1284;1;1.1001187110193754E7
493;1287;3;1.1001187110193754E7
494;1291;4;1.1001187110193754E7
495;1292;1;1.1001187110193754E7
496;1292;0;1.1001187110193754E7
497;1296;4;1.1001187110193754E7
498;1298;2;1.1001187110193754E7
499;1301;3;1.1001187110193754E7
500;1304;3;1.1001187110193754E7
501;1304;0;1.1001187110193754E7
502;1307;3;1.1001187110193754E7
503;1310;3;1.1001187110193754E7
504;1314;4;1.1001187110193754E7
505;1317;3;1.1001187110193754E7
506;1319;2;1.1001187110193754E7
507;1322;3;1.1001187110193754E7
508;1325;3;1.1001187110193754E7
509;1329;4;1.1001187110193754E7
510;1332;3;1.1001187110193754E7
511;1334;2;1.1001187110193754E7
512;1337;3;1.1001187110193754E7
513;1341;4;1.1001187110193754E7
514;1342;1;1.1001187110193754E7
515;1344;2;1.1001187110193754E7
516;1348;4;1.1001187110193754E7
517;1350;2;1.1001187110193754E7
518;1353;3;1.1001187110193754E7
519;1354;1;1.1001187110193754E7
520;1356;2;1.1001187110193754E7
521;1358;2;1.1001187110193754E7
522;1361;3;1.1001187110193754E7
523;1362;1;1.1001187110193754E7
524;1364;2;1.1001187110193754E7
525;1365;1;1.1001187110193754E7
526;1366;1;1.1001187110193754E7
527;1368;2;1.1001187110193754E7
528;1371;3;1.1001187110193754E7
529;1374;3;1.1001187110193754E7
530;1376;2;1.1001187110193754E7
531;1379;3;1.1001187110193754E7
532;1382;3;1.1001187110193754E7
533;1385;3;1.100118166136645E7
534;1388;3;1.100118166136645E7
535;1392;4;1.100118166136645E7
536;1394;2;1.100118166136645E7
537;1397;3;1.100118166136645E7
538;1399;2;1.100118166136645E7
539;1401;2;1.100118166136645E7
540;1404;3;1.100118166136645E7
541;1406;2;1.100118166136645E7
542;1406;0;1.100118166136645E7
543;1409;3;1.100118166136645E7
544;1411;2;1.100118166136645E7
545;1411;0;1.100118166136645E7
546;1414;3;1.100118166136645E7
547;1417;3;1.100118166136645E7
548;1418;1;1.100118166136645E7
549;1420;2;1.100118166136645E7
550;1423;3;1.100118166136645E7
551;1425;2;1.100118166136645E7
552;1428;3;1.100118166136645E7
553;1431;3;1.100118166136645E7
554;1435;4;1.100118166136645E7
555;1438;3;1.100118166136645E7
556;1439;1;1.100118166136645E7
557;1441;2;1.100118166136645E7
558;1442;1;1.100118166136645E7
559;1444;2;1.100118166136645E7
560;1446;2;1.100118166136645E7
561;1449;3;1.100118166136645E7
562;1451;2;1.100118166136645E7
563;1453;2;1.100118166136645E7
564;1454;1;1.100118166136645E7
565;1457;3;1.100118166136645E7
566;1461;4;1.100118166136645E7
567;1464;3;1.100118166136645E7
568;1465;1;1.100118166136645E7
569;1467;2;1.100118166136645E7
570;1470;3;1.100118166136645E7
571;1473;3;1.100118166136645E7
572;1477;4;1.100118166136645E7
573;1480;3;1.100118166136645E7
574;1483;3;1.100118166136645E7
575;1486;3;1.100118166136645E7
576;1490;4;1.100118166136645E7
577;1492;2;1.100118166136645E7
578;1495;3;1.100118166136645E7
579;1500;5;1.100118166136645E7
580;1500;0;1.100118166136645E7
581;1501;1;1.100118166136645E7
582;1503;2;1.100118166136645E7
583;1506;3;1.100118166136645E7
584;1507;1;1.100118166136645E7
585;1509;2;1.100118166136645E7
586;1511;2;1.100118166136645E7
587;1514;3;1.100118166136645E7
588;1516;2;1.100118166136645E7
589;1519;3;1.100118166136645E7
590;1519;0;1.100118166136645E7
591;1522;3;1.100118166136645E7
592;1524;2;1.100118166136645E7
593;1526;2;1.100118166136645E7
594;1529;3;1.100118166136645E7
595;1531;2;1.100118166136645E7
596;1534;3;1.100118166136645E7
597;1537;3;1.100118166136645E7
598;1540;3;1.100118166136645E7
599;1543;3;1.100118166136645E7
600;1544;1;1.100118166136645E7
601;1544;0;1.100118166136645E7
602;1547;3;1.100118166136645E7
603;1548;1;1.100118166136645E7
604;1551;3;1.100118166136645E7
605;1553;2;1.100118166136645E7
606;1556;3;1.100118166136645E7
607;1557;1;1.100118166136645E7
608;1560;3;1.1001178941694248E7
609;1563;3;1.1001161861629065E7
610;1565;2;1.1001161861629065E7
611;1568;3;1.1001161861629065E7
612;1572;4;1.1001161861629065E7
613;1572;0;1.1001161861629065E7
614;1574;2;1.1001159957831934E7
615;1574;0;1.1001159957831934E7
616;1578;4;1.1001159957831934E7
617;1579;1;1.1001159957831934E7
618;1581;2;1.1001159275256978E7
619;1584;3;1.1001159275256978E7
620;1587;3;1.1001159275256978E7
621;1589;2;1.1001159275256978E7
622;1594;5;1.1001159275256978E7
623;1596;2;1.1001159275256978E7
624;1599;3;1.1001159275256978E7
625;1601;2;1.1001159275256978E7
626;1604;3;1.1001159275256978E7
627;1606;2;1.1001159275256978E7
628;1608;2;1.1001159275256978E7
629;1610;2;1.1001159275256978E7
630;1612;2;1.1001159275256978E7
631;1615;3;1.1001159275256978E7
632;1615;0;1.1001159275256978E7
633;1616;1;1.1001159275256978E7
634;1620;4;1.1001159275256978E7
635;1623;3;1.1001159275256978E7
636;1627;4;1.1001159275256978E7
637;1628;1;1.1001159275256978E7
638;1632;4;1.1001159275256978E7
639;1634;2;1.1001159275256978E7
640;1636;2;1.1001159275256978E7
641;1638;2;1.1001159275256978E7
642;1641;3;1.1001159275256978E7
643;1645;4;1.1001159275256978E7
644;1645;0;1.1001159275256978E7
645;1647;2;1.1001159275256978E7
646;1651;4;1.1001159275256978E7
647;1653;2;1.1001159275256978E7
648;1656;3;1.1001159275256978E7
649;1659;3;1.1001159275256978E7
650;1662;3;1.1001159275256978E7
651;1663;1;1.1001159275256978E7
652;1666;3;1.1001159275256978E7
653;1669;3;1.1001159275256978E7
654;1672;3;1.1001159275256978E7
655;1675;3;1.1001159275256978E7
656;1677;2;1.1001159275256978E7
657;1678;1;1.1001159275256978E7
658;1681;3;1.1001159275256978E7
659;1684;3;1.1001159275256978E7
660;1684;0;1.1001159275256978E7
661;1686;2;1.1001159275256978E7
662;1689;3;1.1001159275256978E7
663;1693;4;1.1001159275256978E7
664;1694;1;1.1001159275256978E7
665;1696;2;1.1001159275256978E7
666;1700;4;1.1001159275256978E7
667;1703;3;1.1001159275256978E7
668;1705;2;1.1001159275256978E7
669;1708;3;1.1001159275256978E7
670;1709;1;1.1001159275256978E7
671;1712;3;1.1001159275256978E7
672;1715;3;1.1001159275256978E7
673;1717;2;1.1001159275256978E7
674;1718;1;1.1001159275256978E7
675;1720;2;1.1001159275256978E7
676;1723;3;1.1001159275256978E7
677;1724;1;1.1001159275256978E7
678;1725;1;1.1001159275256978E7
679;1727;2;1.1001159275256978E7
680;1730;3;1.1001159275256978E7
681;1732;2;1.1001159275256978E7
682;1734;2;1.1001159275256978E7
683;1737;3;1.1001159275256978E7
684;1740;3;1.1001159275256978E7
685;1743;3;1.1001159275256978E7
686;1746;3;1.1001159275256978E7
687;1748;2;1.1001159275256978E7
688;1750;2;1.1001159275256978E7
689;1752;2;1.1001159275256978E7
690;1753;1;1.1001159275256978E7
691;1755;2;1.1001159275256978E7
692;1758;3;1.1001159275256978E7
693;1762;4;1.1001159275256978E7
694;1766;4;1.1001159275256978E7
695;1769;3;1.1001159275256978E7
696;1772;3;1.1001159275256978E7
697;1772;0;1.1001159275256978E7
698;1774;2;1.1001159275256978E7
699;1776;2;1.1001159275256978E7
700;1779;3;1.1001159275256978E7
701;1779;0;1.1001159275256978E7
702;1782;3;1.1001159275256978E7
703;1785;3;1.1001159275256978E7
704;1787;2;1.1001159275256978E7
705;1790;3;1.1001159275256978E7
706;1793;3;1.1001159275256978E7
707;1793;0;1.1001159275256978E7
708;1796;3;1.1001159275256978E7
709;1798;2;1.1001159275256978E7
710;1800;2;1.1001159275256978E7
711;1802;2;1.1001159275256978E7
712;1804;2;1.1001159275256978E7
713;1807;3;1.1001159275256978E7
714;1809;2;1.1001159275256978E7
715;1812;3;1.1001159275256978E7
716;1815;3;1.1001159275256978E7
717;1818;3;1.1001159275256978E7
718;1819;1;1.1001159275256978E7
719;1822;3;1.1001159275256978E7
720;1825;3;1.1001159275256978E7
721;1828;3;1.1001159275256978E7
722;1829;1;1.1001159275256978E7
723;1830;1;1.1001159275256978E7
724;1833;3;1.1001159275256978E7
725;1834;1;1.1001159275256978E7
726;1836;2;1.1001159275256978E7
727;1837;1;1.1001159275256978E7
728;1840;3;1.1001159275256978E7
729;1840;0;1.1001159275256978E7
730;1843;3;1.1001159275256978E7
731;1844;1;1.1001159275256978E7
732;1844;0;1.1001159275256978E7
733;1845;1;1.1001159275256978E7
734;1846;1;1.1001159275256978E7
735;1850;4;1.1001159275256978E7
736;1854;4;1.1001159275256978E7
737;1856;2;1.1001159275256978E7
738;1859;3;1.1001159275256978E7
739;1860;1;1.1001159275256978E7
740;1863;3;1.1001159275256978E7
741;1866;3;1.1001159275256978E7
742;1867;1;1.1001159275256978E7
743;1867;0;1.1001159275256978E7
744;1869;2;1.1001159275256978E7
745;1873;4;1.1001159275256978E7
746;1877;4;1.1001159275256978E7
747;1880;3;1.1001159275256978E7
748;1883;3;1.1001159275256978E7
749;1886;3;1.1001159275256978E7
750;1889;3;1.1001159275256978E7
751;1892;3;1.1001159275256978E7
752;1894;2;1.1001159275256978E7
753;1900;6;1.1001159275256978E7
754;1904;4;1.1001159275256978E7
755;1906;2;1.1001159275256978E7
756;1909;3;1.1001159275256978E7
757;1911;2;1.1001159275256978E7
758;1914;3;1.1001159275256978E7
759;1916;2;1.1001159275256978E7
760;1918;2;1.1001159275256978E7
761;1923;5;1.1001159275256978E7
762;1925;2;1.1001159275256978E7
763;1927;2;1.1001159275256978E7
764;1929;2;1.1001159275256978E7
765;1932;3;1.1001159275256978E7
766;1936;4;1.1001159275256978E7
767;1940;4;1.1001159275256978E7
768;1941;1;1.1001159275256978E7
769;1941;0;1.1001159275256978E7
770;1944;3;1.1001159275256978E7
771;1948;4;1.1001159275256978E7
772;1951;3;1.1001159275256978E7
773;1951;0;1.1001159275256978E7
774;1954;3;1.1001159275256978E7
775;1957;3;1.1001159275256978E7
776;1959;2;1.1001159275256978E7
777;1962;3;1.1001159275256978E7
778;1964;2;1.1001159275256978E7
779;1967;3;1.1001159275256978E7
780;1970;3;1.1001159275256978E7
781;1971;1;1.1001159275256978E7
782;1974;3;1.1001159275256978E7
783;1976;2;1.1001159275256978E7
784;1979;3;1.1001159275256978E7
785;1982;3;1.1001159275256978E7
786;1985;3;1.1001159275256978E7
787;1988;3;1.1001159275256978E7
788;1990;2;1.1001159275256978E7
789;1990;0;1.1001159275256978E7
790;1991;1;1.1001159275256978E7
791;1995;4;1.1001159275256978E7
792;1998;3;1.1001159275256978E7
793;2000;2;1.1001159275256978E7
794;2003;3;1.1001159275256978E7
795;2006;3;1.1001159275256978E7
796;2009;3;1.1001159275256978E7
797;2009;0;1.1001159275256978E7
798;2011;2;1.1001159275256978E7
799;2014;3;1.1001159275256978E7
800;2015;1;1.1001159275256978E7
801;2019;4;1.1001159275256978E7
802;2021;2;1.1001159275256978E7
803;2023;2;1.1001159275256978E7
804;2028;5;1.1001159275256978E7
805;2030;2;1.1001159275256978E7
806;2031;1;1.1001159275256978E7
807;2033;2;1.1001159275256978E7
808;2034;1;1.1001159275256978E7
809;2036;2;1.1001159275256978E7
810;2040;4;1.1001159275256978E7
811;2042;2;1.1001159275256978E7
812;2045;3;1.1001159275256978E7
813;2047;2;1.1001159275256978E7
814;2050;3;1.1001159275256978E7
815;2052;2;1.1001159275256978E7
816;2055;3;1.1001159275256978E7
817;2057;2;1.1001159275256978E7
818;2062;5;1.1001159275256978E7
819;2064;2;1.1001159275256978E7
820;2066;2;1.1001159275256978E7
821;2069;3;1.1001159275256978E7
822;2071;2;1.1001159275256978E7
823;2075;4;1.1001159275256978E7
824;2077;2;1.1001159275256978E7
825;2080;3;1.1001159275256978E7
826;2081;1;1.1001159275256978E7
827;2083;2;1.1001159275256978E7
828;2086;3;1.1001159275256978E7
829;2086;0;1.1001159275256978E7
830;2089;3;1.1001159275256978E7
831;2090;1;1.1001159275256978E7
832;2093;3;1.1001159275256978E7
833;2095;2;1.1001159275256978E7
834;2098;3;1.1001159275256978E7
835;2100;2;1.1001159275256978E7
836;2101;1;1.1001159275256978E7
837;2104;3;1.1001159275256978E7
838;2107;3;1.1001159275256978E7
839;2107;0;1.1001159275256978E7
840;2110;3;1.1001159275256978E7
841;2111;1;1.1001159275256978E7
842;2114;3;1.1001159275256978E7
843;2115;1;1.1001159275256978E7
844;2118;3;1.1001159275256978E7
845;2118;0;1.1001159275256978E7
846;2121;3;1.1001159275256978E7
847;2122;1;1.1001159275256978E7
848;2124;2;1.1001159275256978E7
849;2126;2;1.1001159275256978E7
850;2128;2;1.1001159275256978E7
851;2131;3;1.1001159275256978E7
852;2134;3;1.1001159275256978E7
853;2134;0;1.1001159275256978E7
854;2137;3;1.1001159275256978E7
855;2140;3;1.1001159275256978E7
856;2142;2;1.1001159275256978E7
857;2143;1;1.1001159275256978E7
858;2146;3;1.1001159275256978E7
859;2149;3;1.1001159275256978E7
860;2151;2;1.1001159275256978E7
861;2154;3;1.1001159275256978E7
862;2158;4;1.1001159275256978E7
863;2161;3;1.1001159275256978E7
864;2164;3;1.1001159275256978E7
865;2166;2;1.1001159275256978E7
866;2168;2;1.1001159275256978E7
867;2171;3;1.1001159275256978E7
868;2172;1;1.1001159275256978E7
869;2174;2;1.1001159275256978E7
870;2178;4;1.1001159275256978E7
871;2181;3;1.1001159275256978E7
872;2183;2;1.1001159275256978E7
873;2187;4;1.1001159275256978E7
874;2189;2;1.1001159275256978E7
875;2191;2;1.1001159275256978E7
876;2194;3;1.1001159275256978E7
877;2198;4;1.1001159275256978E7
878;2200;2;1.1001159275256978E7
879;2203;3;1.1001159275256978E7
880;2206;3;1.1001159275256978E7
881;2207;1;1.1001159275256978E7
882;2208;1;1.1001159275256978E7
883;2209;1;1.1001159275256978E7
884;2212;3;1.1001159275256978E7
885;2214;2;1.1001159275256978E7
886;2218;4;1.1001159275256978E7
887;2219;1;1.1001159275256978E7
888;2223;4;1.1001159275256978E7
889;2224;1;1.1001159275256978E7
890;2228;4;1.1001159275256978E7
891;2229;1;1.1001159275256978E7
892;2232;3;1.1001159275256978E7
893;2234;2;1.1001159275256978E7
894;2236;2;1.1001159275256978E7
895;2239;3;1.1001159275256978E7
896;2242;3;1.1001159275256978E7
897;2245;3;1.1001159275256978E7
898;2246;1;1.1001159275256978E7
899;2248;2;1.1001159275256978E7
900;2250;2;1.1001159275256978E7
901;2254;4;1.1001159275256978E7
902;2256;2;1.1001159275256978E7
903;2257;1;1.1001159275256978E7
904;2261;4;1.1001159275256978E7
905;2266;5;1.1001159275256978E7
906;2267;1;1.1001159275256978E7
907;2269;2;1.1001159275256978E7
908;2271;2;1.1001159275256978E7
909;2273;2;1.1001159275256978E7
910;2277;4;1.1001159275256978E7
911;2280;3;1.1001159275256978E7
912;2283;3;1.1001159275256978E7
913;2286;3;1.1001159275256978E7
914;2288;2;1.1001159275256978E7
915;2289;1;1.1001159275256978E7
916;2291;2;1.1001159275256978E7
917;2294;3;1.1001159275256978E7
918;2297;3;1.1001159275256978E7
919;2299;2;1.1001159275256978E7
920;2302;3;1.1001159275256978E7
921;2304;2;1.1001159275256978E7
922;2307;3;1.1001159275256978E7
923;2310;3;1.1001159275256978E7
924;2312;2;1.1001159275256978E7
925;2313;1;1.1001159275256978E7
926;2313;0;1.1001159275256978E7
927;2316;3;1.1001159275256978E7
928;2319;3;1.1001159275256978E7
929;2322;3;1.1001159275256978E7
930;2325;3;1.1001159275256978E7
931;2327;2;1.1001159275256978E7
932;2331;4;1.1001159275256978E7
933;2333;2;1.1001159275256978E7
934;2336;3;1.1001159275256978E7
935;2338;2;1.1001159275256978E7
936;2341;3;1.1001159275256978E7
937;2345;4;1.1001159275256978E7
938;2347;2;1.1001159275256978E7
939;2350;3;1.1001159275256978E7
940;2354;4;1.1001159275256978E7
941;2357;3;1.1001159275256978E7
942;2360;3;1.1001159275256978E7
943;2363;3;1.1001159275256978E7
944;2365;2;1.1001159275256978E7
945;2366;1;1.1001159275256978E7
946;2369;3;1.1001159275256978E7
947;2372;3;1.1001159275256978E7
948;2373;1;1.1001159275256978E7
949;2373;0;1.1001159275256978E7
950;2377;4;1.1001159275256978E7
951;2382;5;1.1001159275256978E7
952;2384;2;1.1001159275256978E7
953;2387;3;1.1001159275256978E7
954;2387;0;1.1001159275256978E7
955;2390;3;1.1001159275256978E7
956;2392;2;1.1001159275256978E7
957;2394;2;1.1001159275256978E7
958;2396;2;1.1001159275256978E7
959;2397;1;1.1001159275256978E7
960;2401;4;1.1001159275256978E7
961;2404;3;1.1001159275256978E7
962;2406;2;1.1001159275256978E7
963;2409;3;1.1001159275256978E7
964;2411;2;1.1001159275256978E7
965;2413;2;1.1001159275256978E7
966;2417;4;1.1001159275256978E7
967;2421;4;1.1001159275256978E7
968;2421;0;1.1001159275256978E7
969;2425;4;1.1001159275256978E7
970;2428;3;1.1001159275256978E7
971;2431;3;1.1001159275256978E7
972;2432;1;1.1001159275256978E7
973;2434;2;1.1001159275256978E7
974;2437;3;1.1001159275256978E7
975;2437;0;1.1001159275256978E7
976;2441;4;1.1001159275256978E7
977;2443;2;1.1001159275256978E7
978;2446;3;1.1001159275256978E7
979;2449;3;1.1001159275256978E7
980;2452;3;1.1001159275256978E7
981;2454;2;1.1001159275256978E7
982;2457;3;1.1001159275256978E7
983;2457;0;1.1001159275256978E7
984;2460;3;1.1001159275256978E7
985;2464;4;1.1001159275256978E7
986;2464;0;1.1001159275256978E7
987;2465;1;1.1001159275256978E7
988;2468;3;1.1001159275256978E7
989;2469;1;1.1001159275256978E7
990;2470;1;1.1001159275256978E7
991;2472;2;1.1001159275256978E7
992;2475;3;1.1001159275256978E7
993;2478;3;1.1001159275256978E7
994;2480;2;1.1001159275256978E7
995;2483;3;1.1001159275256978E7
996;2483;0;1.1001159275256978E7
997;2487;4;1.1001159275256978E7
998;2488;1;1.1001159275256978E7
999;2491;3;1.1001159275256978E7
1000;2491;0;1.1001159275256978E7
1001;2494;3;1.1001159275256978E7
1002;2497;3;1.1001159275256978E7
1003;2499;2;1.1001159275256978E7
1004;2501;2;1.1001159275256978E7
1005;2503;2;1.1001159275256978E7
1006;2506;3;1.1001159275256978E7
1007;2508;2;1.1001159275256978E7
1008;2510;2;1.1001159275256978E7
1009;2513;3;1.1001159275256978E7
1010;2514;1;1.1001159275256978E7
1011;2516;2;1.1001159275256978E7
1012;2520;4;1.1001159275256978E7
1013;2523;3;1.1001159275256978E7
1014;2526;3;1.1001159275256978E7
1015;2527;1;1.1001159275256978E7
1016;2527;0;1.1001159275256978E7
1017;2530;3;1.1001159275256978E7
1018;2535;5;1.1001159275256978E7
1019;2537;2;1.1001159275256978E7
1020;2540;3;1.1001159275256978E7
1021;2542;2;1.1001159275256978E7
1022;2544;2;1.1001159275256978E7
1023;2547;3;1.1001159275256978E7
1024;2551;4;1.1001159275256978E7
1025;2555;4;1.1001159275256978E7
1026;2557;2;1.1001159275256978E7
1027;2558;1;1.1001159275256978E7
1028;2561;3;1.1001159275256978E7
1029;2562;1;1.1001159275256978E7
1030;2566;4;1.1001159275256978E7
1031;2568;2;1.1001159275256978E7
1032;2571;3;1.1001159275256978E7
1033;2574;3;1.1001159275256978E7
1034;2576;2;1.1001159275256978E7
1035;2579;3;1.1001159275256978E7
1036;2581;2;1.1001159275256978E7
1037;2584;3;1.1001159275256978E7
1038;2584;0;1.1001159275256978E7
1039;2587;3;1.1001159275256978E7
1040;2590;3;1.1001159275256978E7
1041;2591;1;1.1001159275256978E7
1042;2592;1;1.1001159275256978E7
1043;2595;3;1.1001159275256978E7
1044;2598;3;1.1001159275256978E7
1045;2601;3;1.1001159275256978E7
1046;2602;1;1.1001159275256978E7
1047;2605;3;1.1001159275256978E7
1048;2608;3;1.1001159275256978E7
1049;2609;1;1.1001159275256978E7
1050;2611;2;1.1001159275256978E7
1051;2615;4;1.1001159275256978E7
1052;2619;4;1.1001159275256978E7
1053;2621;2;1.1001159275256978E7
1054;2624;3;1.1001159275256978E7
1055;2625;1;1.1001159275256978E7
1056;2628;3;1.1001159275256978E7
1057;2631;3;1.1001159275256978E7
1058;2633;2;1.1001159275256978E7
1059;2636;3;1.1001159275256978E7
1060;2641;5;1.1001159275256978E7
1061;2641;0;1.1001159275256978E7
1062;2642;1;1.1001159275256978E7
1063;2643;1;1.1001159275256978E7
1064;2647;4;1.1001159275256978E7
1065;2649;2;1.1001159275256978E7
1066;2652;3;1.1001159275256978E7
1067;2656;4;1.1001159275256978E7
1068;2660;4;1.1001159275256978E7
1069;2663;3;1.1001159275256978E7
1070;2665;2;1.1001146122015899E7
1071;2668;3;1.1001146122015899E7
1072;2670;2;1.1001146122015899E7
1073;2672;2;1.1001146122015899E7
1074;2674;2;1.1001146122015899E7
1075;2675;1;1.1001146122015899E7
1076;2676;1;1.1001146122015899E7
1077;2679;3;1.1001146122015899E7
1078;2682;3;1.1001146122015899E7
1079;2684;2;1.1001146122015899E7
1080;2687;3;1.1001146122015899E7
1081;2690;3;1.1001146122015899E7
1082;2694;4;1.1001146122015899E7
1083;2696;2;1.1001146122015899E7
1084;2699;3;1.1001146122015899E7
1085;2700;1;1.1001146122015899E7
1086;2702;2;1.1001146122015899E7
1087;2704;2;1.1001146122015899E7
1088;2707;3;1.1001146122015899E7
1089;2709;2;1.1001146122015899E7
1090;2710;1;1.1001146122015899E7
1091;2711;1;1.1001146122015899E7
1092;2712;1;1.1001146122015899E7
1093;2712;0;1.1001146122015899E7
1094;2715;3;1.1001146122015899E7
1095;2719;4;1.1001146122015899E7
1096;2722;3;1.1001146122015899E7
1097;2725;3;1.1001146122015899E7
1098;2728;3;1.1001146122015899E7
1099;2731;3;1.1001146122015899E7
1100;2734;3;1.1001146122015899E7
1101;2737;3;1.1001146122015899E7
1102;2739;2;1.1001146122015899E7
1103;2742;3;1.100113682688507E7
1104;2744;2;1.1001135137036782E7
1105;2748;4;1.1001135137036782E7
1106;2750;2;1.1001135137036782E7
1107;2752;2;1.1001135137036782E7
1108;2756;4;1.1001135137036782E7
1109;2758;2;1.1001135137036782E7
1110;2759;1;1.1001135137036782E7
1111;2761;2;1.1001135137036782E7
1112;2764;3;1.1001135137036782E7
1113;2766;2;1.1001135137036782E7
1114;2768;2;1.1001135137036782E7
1115;2770;2;1.1001135137036782E7
1116;2771;1;1.1001135137036782E7
1117;2772;1;1.1001135137036782E7
1118;2774;2;1.1001135137036782E7
1119;2777;3;1.1001135137036782E7
1120;2779;2;1.1001135137036782E7
1121;2781;2;1.1001135137036782E7
1122;2782;1;1.1001135137036782E7
1123;2783;1;1.1001135137036782E7
1124;2786;3;1.1001135137036782E7
1125;2788;2;1.1001135137036782E7
1126;2790;2;1.1001135137036782E7
1127;2794;4;1.1001135137036782E7
1128;2797;3;1.1001135137036782E7
1129;2798;1;1.1001135137036782E7
1130;2799;1;1.1001135137036782E7
1131;2802;3;1.1001135137036782E7
1132;2804;2;1.1001135137036782E7
1133;2806;2;1.1001135137036782E7
1134;2810;4;1.1001135137036782E7
1135;2813;3;1.1001135137036782E7
1136;2815;2;1.1001135137036782E7
1137;2817;2;1.1001135137036782E7
1138;2821;4;1.1001135137036782E7
1139;2824;3;1.1001135137036782E7
1140;2826;2;1.1001135137036782E7
1141;2828;2;1.1001135137036782E7
1142;2831;3;1.1001135137036782E7
1143;2833;2;1.1001135137036782E7
1144;2836;3;1.1001135137036782E7
1145;2839;3;1.1001135137036782E7
1146;2842;3;1.1001135137036782E7
1147;2844;2;1.1001135137036782E7
1148;2846;2;1.1001135137036782E7
1149;2849;3;1.1001135137036782E7
1150;2852;3;1.1001135137036782E7
1151;2853;1;1.1001135137036782E7
1152;2855;2;1.1001135137036782E7
1153;2857;2;1.1001135137036782E7
1154;2861;4;1.1001135137036782E7
1155;2862;1;1.1001135137036782E7
1156;2865;3;1.1001135137036782E7
1157;2868;3;1.1001135137036782E7
1158;2871;3;1.1001135137036782E7
1159;2873;2;1.1001135137036782E7
1160;2876;3;1.1001135137036782E7
1161;2878;2;1.1001135137036782E7
1162;2880;2;1.1001135137036782E7
1163;2883;3;1.1001135137036782E7
1164;2886;3;1.1001135137036782E7
1165;2887;1;1.1001135137036782E7
1166;2888;1;1.1001135137036782E7
1167;2889;1;1.1001135137036782E7
1168;2893;4;1.1001135137036782E7
1169;2896;3;1.1001135137036782E7
1170;2898;2;1.1001135137036782E7
1171;2901;3;1.1001135137036782E7
1172;2903;2;1.1001135137036782E7
1173;2905;2;1.1001135137036782E7
1174;2907;2;1.1001135137036782E7
1175;2910;3;1.1001135137036782E7
1176;2912;2;1.1001135137036782E7
1177;2913;1;1.1001135137036782E7
1178;2915;2;1.1001135137036782E7
1179;2916;1;1.1001135137036782E7
1180;2918;2;1.1001135137036782E7
1181;2920;2;1.1001135137036782E7
1182;2922;2;1.1001135137036782E7
1183;2922;0;1.1001135137036782E7
1184;2923;1;1.1001135137036782E7
1185;2925;2;1.1001135137036782E7
1186;2927;2;1.1001135137036782E7
1187;2929;2;1.1001135137036782E7
1188;2931;2;1.1001135137036782E7
1189;2932;1;1.1001135137036782E7
1190;2934;2;1.1001135137036782E7
1191;2937;3;1.1001135137036782E7
1192;2940;3;1.1001135137036782E7
1193;2944;4;1.1001135137036782E7
1194;2944;0;1.1001135137036782E7
1195;2946;2;1.1001135137036782E7
1196;2949;3;1.1001135137036782E7
1197;2951;2;1.1001135137036782E7
1198;2953;2;1.1001135137036782E7
1199;2956;3;1.1001135137036782E7
1200;2959;3;1.1001135137036782E7
1201;2962;3;1.1001135137036782E7
1202;2966;4;1.1001135137036782E7
1203;2969;3;1.1001135137036782E7
1204;2971;2;1.1001135137036782E7
1205;2971;0;1.1001135137036782E7
1206;2975;4;1.1001135137036782E7
1207;2978;3;1.1001135137036782E7
1208;2981;3;1.1001135137036782E7
1209;2981;0;1.1001135137036782E7
1210;2982;1;1.1001135137036782E7
1211;2984;2;1.1001135137036782E7
1212;2986;2;1.1001135137036782E7
1213;2988;2;1.1001135137036782E7
1214;2991;3;1.1001135137036782E7
1215;2993;2;1.1001135137036782E7
1216;2997;4;1.1001135137036782E7
1217;3000;3;1.1001135137036782E7
1218;3001;1;1.1001135137036782E7
1219;3005;4;1.1001135137036782E7
1220;3008;3;1.1001135137036782E7
1221;3010;2;1.1001135137036782E7
1222;3012;2;1.1001135137036782E7
1223;3015;3;1.1001135137036782E7
1224;3019;4;1.1001135137036782E7
1225;3022;3;1.1001135137036782E7
1226;3024;2;1.1001135137036782E7
1227;3025;1;1.1001135137036782E7
1228;3027;2;1.1001135137036782E7
1229;3030;3;1.1001135137036782E7
1230;3033;3;1.1001135137036782E7
1231;3036;3;1.1001135137036782E7
1232;3038;2;1.1001135137036782E7
1233;3039;1;1.1001135137036782E7
1234;3042;3;1.1001135137036782E7
1235;3044;2;1.1001135137036782E7
1236;3045;1;1.1001135137036782E7
1237;3048;3;1.1001135137036782E7
1238;3050;2;1.1001135137036782E7
1239;3052;2;1.1001135137036782E7
1240;3054;2;1.1001135137036782E7
1241;3059;5;1.1001135137036782E7
1242;3062;3;1.1001135137036782E7
1243;3066;4;1.1001135137036782E7
1244;3069;3;1.1001135137036782E7
1245;3072;3;1.1001135137036782E7
1246;3074;2;1.1001135137036782E7
1247;3076;2;1.1001135137036782E7
1248;3078;2;1.1001135137036782E7
1249;3079;1;1.1001135137036782E7
1250;3079;0;1.1001135137036782E7
1251;3080;1;1.1001135137036782E7
1252;3082;2;1.1001135137036782E7
1253;3083;1;1.1001135137036782E7
1254;3087;4;1.1001135137036782E7
1255;3089;2;1.1001135137036782E7
1256;3091;2;1.1001135137036782E7
1257;3094;3;1.1001135137036782E7
1258;3097;3;1.1001135137036782E7
1259;3099;2;1.1001135137036782E7
1260;3102;3;1.1001135137036782E7
1261;3105;3;1.1001135137036782E7
1262;3107;2;1.1001135137036782E7
1263;3107;0;1.1001135137036782E7
1264;3109;2;1.1001135137036782E7
1265;3110;1;1.1001135137036782E7
1266;3113;3;1.1001135137036782E7
1267;3114;1;1.1001135137036782E7
1268;3116;2;1.1001135137036782E7
1269;3119;3;1.1001135137036782E7
1270;3121;2;1.1001135137036782E7
1271;3124;3;1.1001135137036782E7
1272;3127;3;1.1001135137036782E7
1273;3131;4;1.1001135137036782E7
1274;3134;3;1.1001135137036782E7
1275;3136;2;1.1001135137036782E7
1276;3138;2;1.1001135137036782E7
1277;3141;3;1.1001135137036782E7
1278;3145;4;1.1001135137036782E7
1279;3148;3;1.1001135137036782E7
1280;3150;2;1.1001135137036782E7
1281;3153;3;1.1001135137036782E7
1282;3155;2;1.1001135137036782E7
1283;3157;2;1.1001135137036782E7
1284;3159;2;1.1001135137036782E7
1285;3162;3;1.1001135137036782E7
1286;3164;2;1.1001135137036782E7
1287;3166;2;1.1001135137036782E7
1288;3169;3;1.1001135137036782E7
1289;3172;3;1.1001135137036782E7
1290;3176;4;1.1001135137036782E7
1291;3178;2;1.1001135137036782E7
1292;3180;2;1.1001135137036782E7
1293;3180;0;1.1001135137036782E7
1294;3183;3;1.1001135137036782E7
1295;3185;2;1.1001135137036782E7
1296;3188;3;1.1001135137036782E7
1297;3192;4;1.1001135137036782E7
1298;3194;2;1.1001135137036782E7
1299;3197;3;1.1001135137036782E7
1300;3199;2;1.1001135137036782E7
1301;3202;3;1.1001135137036782E7
1302;3204;2;1.1001135137036782E7
1303;3206;2;1.1001135137036782E7
1304;3208;2;1.1001135137036782E7
1305;3210;2;1.1001135137036782E7
1306;3210;0;1.1001135137036782E7
1307;3213;3;1.1001135137036782E7
1308;3215;2;1.1001135137036782E7
1309;3217;2;1.1001135137036782E7
1310;3219;2;1.1001135137036782E7
1311;3221;2;1.1001135137036782E7
1312;3225;4;1.1001135137036782E7
1313;3228;3;1.1001135137036782E7
1314;3230;2;1.1001135137036782E7
1315;3234;4;1.1001135137036782E7
1316;3235;1;1.1001135137036782E7
1317;3239;4;1.1001135137036782E7
1318;3241;2;1.1001135137036782E7
1319;3242;1;1.1001135137036782E7
1320;3243;1;1.1001135137036782E7
1321;3245;2;1.1001135137036782E7
1322;3248;3;1.1001135137036782E7
1323;3250;2;1.1001135137036782E7
1324;3251;1;1.1001135137036782E7
1325;3253;2;1.1001135137036782E7
1326;3255;2;1.1001135137036782E7
1327;3258;3;1.1001135137036782E7
1328;3261;3;1.1001135137036782E7
1329;3264;3;1.1001135137036782E7
1330;3266;2;1.1001135137036782E7
1331;3268;2;1.1001135137036782E7
1332;3271;3;1.1001135137036782E7
1333;3271;0;1.1001135137036782E7
1334;3274;3;1.1001135137036782E7
1335;3276;2;1.1001135137036782E7
1336;3278;2;1.1001135137036782E7
1337;3282;4;1.1001135137036782E7
1338;3284;2;1.1001135137036782E7
1339;3286;2;1.1001135137036782E7
1340;3289;3;1.1001135137036782E7
1341;3291;2;1.1001135137036782E7
1342;3293;2;1.1001135137036782E7
1343;3293;0;1.1001135137036782E7
1344;3295;2;1.1001135137036782E7
1345;3297;2;1.1001135137036782E7
1346;3300;3;1.1001135137036782E7
1347;3304;4;1.1001135137036782E7
1348;3305;1;1.1001135137036782E7
1349;3307;2;1.1001135137036782E7
1350;3309;2;1.1001135137036782E7
1351;3312;3;1.1001135137036782E7
1352;3313;1;1.1001135137036782E7
1353;3314;1;1.1001135137036782E7
1354;3317;3;1.1001135137036782E7
1355;3321;4;1.1001135137036782E7
1356;3323;2;1.1001135137036782E7
1357;3326;3;1.1001135137036782E7
1358;3328;2;1.1001135137036782E7
1359;3330;2;1.1001135137036782E7
1360;3330;0;1.1001135137036782E7
1361;3332;2;1.1001135137036782E7
1362;3336;4;1.1001135137036782E7
1363;3338;2;1.1001135137036782E7
1364;3339;1;1.1001135137036782E7
1365;3342;3;1.1001135137036782E7
1366;3345;3;1.1001135137036782E7
1367;3349;4;1.1001135137036782E7
1368;3353;4;1.1001135137036782E7
1369;3362;9;1.1001135137036782E7
1370;3363;1;1.1001135137036782E7
1371;3367;4;1.1001135137036782E7
1372;3368;1;1.1001135137036782E7
1373;3370;2;1.1001135137036782E7
1374;3374;4;1.1001135137036782E7
1375;3378;4;1.1001135137036782E7
1376;3380;2;1.1001135137036782E7
1377;3382;2;1.1001135137036782E7
1378;3385;3;1.1001135137036782E7
1379;3386;1;1.1001135137036782E7
1380;3386;0;1.1001135137036782E7
1381;3387;1;1.1001135137036782E7
1382;3389;2;1.1001135137036782E7
1383;3391;2;1.1001135137036782E7
1384;3393;2;1.1001135137036782E7
1385;3395;2;1.1001135137036782E7
1386;3398;3;1.1001135137036782E7
1387;3398;0;1.1001135137036782E7
1388;3400;2;1.1001135137036782E7
1389;3403;3;1.1001135137036782E7
1390;3406;3;1.1001135137036782E7
1391;3408;2;1.1001135137036782E7
1392;3411;3;1.1001135137036782E7
1393;3414;3;1.1001135137036782E7
1394;3417;3;1.1001135137036782E7
1395;3419;2;1.1001135137036782E7
1396;3421;2;1.1001135137036782E7
1397;3423;2;1.1001135137036782E7
1398;3425;2;1.1001135137036782E7
1399;3428;3;1.1001135137036782E7
1400;3430;2;1.1001135137036782E7
1401;3432;2;1.1001135137036782E7
1402;3434;2;1.1001135137036782E7
1403;3437;3;1.1001135137036782E7
1404;3437;0;1.1001135137036782E7
1405;3439;2;1.1001135137036782E7
1406;3442;3;1.1001135137036782E7
1407;3445;3;1.1001135137036782E7
1408;3447;2;1.1001135137036782E7
1409;3450;3;1.1001135137036782E7
1410;3453;3;1.1001135137036782E7
1411;3455;2;1.1001135137036782E7
1412;3456;1;1.1001135137036782E7
1413;3458;2;1.1001135137036782E7
1414;3460;2;1.1001135137036782E7
1415;3463;3;1.1001135137036782E7
1416;3465;2;1.1001135137036782E7
1417;3467;2;1.1001135137036782E7
1418;3469;2;1.1001135137036782E7
1419;3471;2;1.1001135137036782E7
1420;3474;3;1.1001135137036782E7
1421;3475;1;1.1001135137036782E7
1422;3477;2;1.1001135137036782E7
1423;3477;0;1.1001135137036782E7
1424;3479;2;1.1001135137036782E7
1425;3481;2;1.1001135137036782E7
1426;3482;1;1.1001135137036782E7
1427;3485;3;1.1001135137036782E7
1428;3488;3;1.1001135137036782E7
1429;3490;2;1.1001135137036782E7
1430;3494;4;1.1001135137036782E7
1431;3494;0;1.1001135137036782E7
1432;3495;1;1.1001135137036782E7
1433;3495;0;1.1001135137036782E7
1434;3497;2;1.1001135137036782E7
1435;3498;1;1.1001135137036782E7
1436;3500;2;1.1001135137036782E7
1437;3502;2;1.1001135137036782E7
1438;3503;1;1.1001135137036782E7
1439;3505;2;1.1001135137036782E7
1440;3507;2;1.1001135137036782E7
1441;3509;2;1.1001135137036782E7
1442;3510;1;1.1001135137036782E7
1443;3511;1;1.1001135137036782E7
1444;3513;2;1.1001135137036782E7
1445;3515;2;1.1001135137036782E7
1446;3518;3;1.1001135137036782E7
1447;3522;4;1.1001135137036782E7
1448;3523;1;1.1001135137036782E7
1449;3526;3;1.1001135137036782E7
1450;3528;2;1.1001135137036782E7
1451;3531;3;1.1001135137036782E7
1452;3532;1;1.1001135137036782E7
1453;3535;3;1.1001135137036782E7
1454;3536;1;1.1001135137036782E7
1455;3539;3;1.1001135137036782E7
1456;3541;2;1.1001135137036782E7
1457;3542;1;1.1001135137036782E7
1458;3544;2;1.1001135137036782E7
1459;3546;2;1.1001135137036782E7
1460;3548;2;1.1001135137036782E7
1461;3550;2;1.1001135137036782E7
1462;3550;0;1.1001135137036782E7
1463;3552;2;1.1001135137036782E7
1464;3554;2;1.1001135137036782E7
1465;3557;3;1.1001135137036782E7
1466;3558;1;1.1001135137036782E7
1467;3561;3;1.1001135137036782E7
1468;3565;4;1.1001135137036782E7
1469;3567;2;1.1001135137036782E7
1470;3569;2;1.1001135137036782E7
1471;3572;3;1.1001135137036782E7
1472;3574;2;1.1001135137036782E7
1473;3575;1;1.1001135137036782E7
1474;3577;2;1.1001135137036782E7
1475;3579;2;1.1001135137036782E7
1476;3582;3;1.1001135137036782E7
1477;3584;2;1.1001135137036782E7
1478;3586;2;1.1001135137036782E7
1479;3589;3;1.1001135137036782E7
1480;3592;3;1.1001135137036782E7
1481;3593;1;1.1001135137036782E7
1482;3597;4;1.1001135137036782E7
1483;3597;0;1.1001135137036782E7
1484;3601;4;1.1001135137036782E7
1485;3602;1;1.1001135137036782E7
1486;3604;2;1.1001135137036782E7
1487;3608;4;1.1001135137036782E7
1488;3611;3;1.1001135137036782E7
1489;3613;2;1.1001135137036782E7
1490;3616;3;1.1001135137036782E7
1491;3619;3;1.1001135137036782E7
1492;3623;4;1.1001135137036782E7
1493;3626;3;1.1001135137036782E7
1494;3626;0;1.1001135137036782E7
1495;3628;2;1.1001135137036782E7
1496;3632;4;1.1001135137036782E7
1497;3635;3;1.1001135137036782E7
1498;3637;2;1.1001135137036782E7
1499;3640;3;1.1001135137036782E7
1500;3641;1;1.1001135137036782E7
1501;3644;3;1.1001135137036782E7
1502;3647;3;1.1001135137036782E7
1503;3648;1;1.1001135137036782E7
1504;3650;2;1.1001135137036782E7
1505;3653;3;1.1001135137036782E7
1506;3657;4;1.1001135137036782E7
1507;3662;5;1.1001135137036782E7
1508;3663;1;1.1001135137036782E7
1509;3665;2;1.1001135137036782E7
1510;3668;3;1.1001135137036782E7
1511;3670;2;1.1001135137036782E7
1512;3671;1;1.1001135137036782E7
1513;3671;0;1.1001135137036782E7
1514;3673;2;1.1001135137036782E7
1515;3676;3;1.1001135137036782E7
1516;3678;2;1.1001135137036782E7
1517;3681;3;1.1001135137036782E7
1518;3684;3;1.1001135137036782E7
1519;3685;1;1.1001135137036782E7
1520;3688;3;1.1001135137036782E7
1521;3690;2;1.1001135137036782E7
1522;3693;3;1.1001135137036782E7
1523;3693;0;1.1001135137036782E7
1524;3695;2;1.1001135137036782E7
1525;3696;1;1.1001135137036782E7
1526;3698;2;1.1001135137036782E7
1527;3700;2;1.1001135137036782E7
1528;3701;1;1.1001135137036782E7
1529;3703;2;1.1001135137036782E7
1530;3706;3;1.1001135137036782E7
1531;3707;1;1.1001135137036782E7
1532;3710;3;1.1001135137036782E7
1533;3713;3;1.1001135137036782E7
1534;3715;2;1.1001135137036782E7
1535;3716;1;1.1001135137036782E7
1536;3719;3;1.1001135137036782E7
1537;3720;1;1.1001135137036782E7
1538;3722;2;1.1001135137036782E7
1539;3724;2;1.1001135137036782E7
1540;3725;1;1.1001135137036782E7
1541;3726;1;1.1001135137036782E7
1542;3729;3;1.1001135137036782E7
1543;3732;3;1.1001135137036782E7
1544;3734;2;1.1001135137036782E7
1545;3735;1;1.1001135137036782E7
1546;3736;1;1.1001135137036782E7
1547;3738;2;1.1001135137036782E7
1548;3740;2;1.1001135137036782E7
1549;3742;2;1.1001135137036782E7
1550;3745;3;1.1001135137036782E7
1551;3746;1;1.1001135137036782E7
1552;3750;4;1.1001135137036782E7
1553;3754;4;1.1001135137036782E7
1554;3757;3;1.1001135137036782E7
1555;3760;3;1.1001135137036782E7
1556;3761;1;1.1001135137036782E7
1557;3764;3;1.1001135137036782E7
1558;3766;2;1.0001160862576237E7
1559;3768;2;1.0001160862576237E7
1560;3771;3;1.0001160862576237E7
1561;3774;3;1.0001160862576237E7
1562;3777;3;1.0001160862576237E7
1563;3779;2;1.0001160862576237E7
1564;3781;2;1.0001160862576237E7
1565;3783;2;1.0001160862576237E7
1566;3785;2;1.0001160862576237E7
1567;3786;1;1.0001160862576237E7
1568;3788;2;1.0001160862576237E7
1569;3790;2;1.0001160862576237E7
1570;3793;3;1.0001160862576237E7
1571;3794;1;1.0001160862576237E7
1572;3796;2;1.0001160862576237E7
1573;3798;2;1.0001160862576237E7
1574;3802;4;1.0001160862576237E7
1575;3803;1;1.0001160862576237E7
1576;3805;2;1.0001149546972739E7
1577;3807;2;1.0001149546972739E7
1578;3808;1;1.0001149546972739E7
1579;3809;1;1.0001149546972739E7
1580;3812;3;1.0001149546972739E7
1581;3814;2;1.0001149546972739E7
1582;3816;2;1.0001149546972739E7
1583;3817;1;1.0001149546972739E7
1584;3821;4;1.0001149546972739E7
1585;3823;2;1.0001149546972739E7
1586;3826;3;1.0001149546972739E7
1587;3827;1;1.0001149546972739E7
1588;3830;3;1.0001149546972739E7
1589;3832;2;1.0001149546972739E7
1590;3834;2;1.0001149546972739E7
1591;3836;2;1.0001149546972739E7
1592;3839;3;1.0001149546972739E7
1593;3841;2;1.0001149546972739E7
1594;3844;3;1.0001149546972739E7
1595;3846;2;1.0001149546972739E7
1596;3849;3;1.0001149546972739E7
1597;3852;3;1.0001149546972739E7
1598;3853;1;1.0001149546972739E7
1599;3856;3;1.0001149546972739E7
1600;3858;2;1.0001149546972739E7
1601;3858;0;1.0001149546972739E7
1602;3861;3;1.0001149546972739E7
1603;3862;1;1.0001149546972739E7
1604;3865;3;1.0001149546972739E7
1605;3866;1;1.0001149546972739E7
1606;3869;3;1.0001149546972739E7
1607;3870;1;1.0001148381071469E7
1608;3873;3;1.0001148381071469E7
1609;3876;3;1.0001148381071469E7
1610;3878;2;1.0001148381071469E7
1611;3879;1;1.0001148381071469E7
1612;3881;2;1.0001148381071469E7
1613;3884;3;1.0001148381071469E7
1614;3887;3;1.0001148381071469E7
1615;3889;2;1.0001148381071469E7
1616;3891;2;1.0001148381071469E7
1617;3894;3;1.0001148381071469E7
1618;3896;2;1.0001148381071469E7
1619;3899;3;1.0001148381071469E7
1620;3902;3;1.0001148381071469E7
1621;3906;4;1.0001148381071469E7
1622;3907;1;1.0001148381071469E7
1623;3911;4;1.0001148381071469E7
1624;3913;2;1.0001148381071469E7
1625;3917;4;1.0001148381071469E7
1626;3919;2;1.0001148381071469E7
1627;3920;1;1.0001148381071469E7
1628;3923;3;1.0001148381071469E7
1629;3925;2;1.0001148381071469E7
1630;3927;2;1.0001148381071469E7
1631;3930;3;1.0001148381071469E7
1632;3932;2;1.0001148381071469E7
1633;3936;4;1.0001148381071469E7
1634;3940;4;1.0001148381071469E7
1635;3943;3;1.0001148381071469E7
1636;3946;3;1.0001148381071469E7
1637;3947;1;1.0001148381071469E7
1638;3949;2;1.0001148381071469E7
1639;3952;3;1.0001148381071469E7
1640;3954;2;1.0001148381071469E7
1641;3957;3;1.0001148381071469E7
1642;3961;4;1.0001148381071469E7
1643;3964;3;1.0001148381071469E7
1644;3965;1;1.0001148381071469E7
1645;3968;3;1.0001148381071469E7
1646;3970;2;1.0001148381071469E7
1647;3971;1;1.0001148381071469E7
1648;3975;4;1.0001148381071469E7
1649;3975;0;1.0001148381071469E7
1650;3978;3;1.0001148381071469E7
1651;3980;2;1.0001148381071469E7
1652;3982;2;1.0001148381071469E7
1653;3985;3;1.0001148381071469E7
1654;3988;3;1.0001148381071469E7
1655;3990;2;1.0001148381071469E7
1656;3993;3;1.0001148381071469E7
1657;3996;3;1.0001147834300218E7
1658;3998;2;1.0001147834300218E7
1659;4001;3;1.0001147834300218E7
1660;4001;0;1.0001147834300218E7
1661;4002;1;1.0001147834300218E7
1662;4004;2;1.0001147834300218E7
1663;4006;2;1.0001143326487966E7
1664;4009;3;1.0001143326487966E7
1665;4010;1;1.0001143326487966E7
1666;4013;3;1.0001143326487966E7
1667;4014;1;1.0001143326487966E7
1668;4015;1;1.0001143326487966E7
1669;4017;2;1.0001143326487966E7
1670;4021;4;1.0001143326487966E7
1671;4023;2;1.0001143326487966E7
1672;4025;2;1.0001143326487966E7
1673;4027;2;1.0001143326487966E7
1674;4030;3;1.0001143326487966E7
1675;4032;2;1.0001143326487966E7
1676;4034;2;1.0001143326487966E7
1677;4035;1;1.0001143326487966E7
1678;4038;3;1.0001143326487966E7
1679;4040;2;1.0001143326487966E7
1680;4041;1;1.0001143326487966E7
1681;4043;2;1.0001143326487966E7
1682;4044;1;1.0001143326487966E7
1683;4046;2;1.0001143326487966E7
1684;4051;5;1.0001143326487966E7
1685;4052;1;1.0001143326487966E7
1686;4055;3;1.0001143326487966E7
1687;4057;2;1.0001143326487966E7
1688;4060;3;1.0001143326487966E7
1689;4062;2;1.0001143326487966E7
1690;4063;1;1.0001143326487966E7
1691;4065;2;1.0001143326487966E7
1692;4066;1;1.0001143326487966E7
1693;4067;1;1.0001143326487966E7
1694;4070;3;1.0001143326487966E7
1695;4072;2;1.0001143326487966E7
1696;4075;3;1.0001143326487966E7
1697;4076;1;1.0001143326487966E7
1698;4078;2;1.0001143326487966E7
1699;4079;1;1.0001143326487966E7
1700;4081;2;1.0001143326487966E7
1701;4082;1;1.0001143326487966E7
1702;4085;3;1.0001143326487966E7
1703;4085;0;1.0001143326487966E7
1704;4086;1;1.0001143326487966E7
1705;4087;1;1.0001143326487966E7
1706;4091;4;1.0001143326487966E7
1707;4091;0;1.0001143326487966E7
1708;4092;1;1.0001143326487966E7
1709;4093;1;1.0001143326487966E7
1710;4097;4;1.0001143326487966E7
1711;4098;1;1.0001143326487966E7
1712;4101;3;1.0001143326487966E7
1713;4103;2;1.0001143326487966E7
1714;4103;0;1.0001143326487966E7
1715;4105;2;1.0001143326487966E7
1716;4106;1;1.0001143326487966E7
1717;4108;2;1.0001143326487966E7
1718;4111;3;1.0001143326487966E7
1719;4114;3;1.0001143326487966E7
1720;4117;3;1.0001143326487966E7
1721;4118;1;1.0001143326487966E7
1722;4120;2;1.0001143326487966E7
1723;4123;3;1.0001143326487966E7
1724;4126;3;1.0001143326487966E7
1725;4126;0;1.0001143326487966E7
1726;4128;2;1.0001143326487966E7
1727;4130;2;1.0001143326487966E7
1728;4133;3;1.0001143326487966E7
1729;4135;2;1.0001143326487966E7
1730;4136;1;1.0001143326487966E7
1731;4136;0;1.0001143326487966E7
1732;4139;3;1.0001143326487966E7
1733;4141;2;1.0001143326487966E7
1734;4145;4;1.0001143326487966E7
1735;4148;3;1.0001143326487966E7
1736;4150;2;1.0001143326487966E7
1737;4153;3;1.0001143326487966E7
1738;4156;3;1.0001143326487966E7
1739;4158;2;1.0001143326487966E7
1740;4158;0;1.0001143326487966E7
1741;4159;1;1.0001143326487966E7
1742;4161;2;1.0001143326487966E7
1743;4163;2;1.0001143326487966E7
1744;4165;2;1.0001143326487966E7
1745;4168;3;1.0001143326487966E7
1746;4169;1;1.0001143326487966E7
1747;4172;3;1.0001143326487966E7
1748;4173;1;1.0001143326487966E7
1749;4174;1;1.0001143326487966E7
1750;4176;2;1.0001143326487966E7
1751;4178;2;1.0001143326487966E7
1752;4182;4;1.0001143326487966E7
1753;4182;0;1.0001143326487966E7
1754;4184;2;1.0001143326487966E7
1755;4186;2;1.0001143326487966E7
1756;4189;3;1.0001143326487966E7
1757;4191;2;1.0001143326487966E7
1758;4193;2;1.0001143326487966E7
1759;4197;4;1.0001143326487966E7
1760;4200;3;1.0001143326487966E7
1761;4203;3;1.0001127976085683E7
1762;4205;2;1.0001127976085683E7
1763;4207;2;1.0001127976085683E7
1764;4209;2;1.0001127976085683E7
1765;4211;2;1.0001127976085683E7
1766;4213;2;1.0001127976085683E7
1767;4215;2;1.0001127976085683E7
1768;4217;2;1.0001127976085683E7
1769;4219;2;1.0001127976085683E7
1770;4221;2;1.0001127976085683E7
1771;4223;2;1.0001127976085683E7
1772;4227;4;1.0001127976085683E7
1773;4228;1;1.0001127976085683E7
1774;4229;1;1.0001127976085683E7
1775;4232;3;1.0001127976085683E7
1776;4234;2;1.0001127976085683E7
1777;4235;1;1.0001127976085683E7
1778;4238;3;1.0001127976085683E7
1779;4241;3;1.0001127976085683E7
1780;4243;2;1.0001127976085683E7
1781;4245;2;1.0001127976085683E7
1782;4247;2;1.0001127976085683E7
1783;4249;2;1.0001127976085683E7
1784;4252;3;1.0001127976085683E7
1785;4254;2;1.0001127976085683E7
1786;4256;2;1.0001127976085683E7
1787;4259;3;1.0001127976085683E7
1788;4261;2;1.0001127976085683E7
1789;4264;3;1.0001127976085683E7
1790;4266;2;1.0001127976085683E7
1791;4268;2;1.0001127976085683E7
1792;4270;2;1.0001127976085683E7
1793;4271;1;1.0001127976085683E7
1794;4273;2;1.0001127976085683E7
1795;4275;2;1.0001127976085683E7
1796;4278;3;1.0001127976085683E7
1797;4279;1;1.0001127976085683E7
1798;4280;1;1.0001127976085683E7
1799;4282;2;1.0001127976085683E7
1800;4284;2;1.0001127976085683E7
1801;4287;3;1.0001127976085683E7
1802;4291;4;1.0001127976085683E7
1803;4291;0;1.0001127976085683E7
1804;4295;4;1.0001127976085683E7
1805;4296;1;1.0001127976085683E7
1806;4299;3;1.0001127976085683E7
1807;4301;2;1.0001127976085683E7
1808;4304;3;1.0001127976085683E7
1809;4306;2;1.0001127976085683E7
1810;4307;1;1.0001127976085683E7
1811;4308;1;1.0001127976085683E7
1812;4312;4;1.0001127976085683E7
1813;4316;4;1.0001127976085683E7
1814;4322;6;1.0001127976085683E7
1815;4323;1;1.0001127976085683E7
1816;4323;0;1.0001127976085683E7
1817;4324;1;1.0001127976085683E7
1818;4325;1;1.0001127976085683E7
1819;4327;2;1.0001127976085683E7
1820;4327;0;1.0001127976085683E7
1821;4329;2;1.0001127976085683E7
1822;4331;2;1.0001127976085683E7
1823;4331;0;1.0001127976085683E7
1824;4334;3;1.0001127976085683E7
1825;4336;2;1.0001127976085683E7
1826;4338;2;1.0001127976085683E7
1827;4340;2;1.0001127976085683E7
1828;4342;2;1.0001127976085683E7
1829;4344;2;1.0001127976085683E7
1830;4345;1;1.0001127976085683E7
1831;4348;3;1.0001127976085683E7
1832;4350;2;1.0001127976085683E7
1833;4352;2;1.0001127976085683E7
1834;4355;3;1.0001127976085683E7
1835;4358;3;1.0001127976085683E7
1836;4360;2;1.0001127976085683E7
1837;4362;2;1.0001127976085683E7
1838;4364;2;1.0001127976085683E7
1839;4365;1;1.0001127976085683E7
1840;4367;2;1.0001127976085683E7
1841;4369;2;1.0001127976085683E7
1842;4371;2;1.0001127976085683E7
1843;4374;3;1.0001127976085683E7
1844;4378;4;1.0001127976085683E7
1845;4378;0;1.0001127976085683E7
1846;4381;3;1.0001127976085683E7
1847;4384;3;1.0001127976085683E7
1848;4387;3;1.0001127976085683E7
1849;4389;2;1.0001127976085683E7
1850;4389;0;1.0001127976085683E7
1851;4392;3;1.0001127976085683E7
1852;4392;0;1.0001127976085683E7
1853;4393;1;1.0001127976085683E7
1854;4395;2;1.0001127976085683E7
1855;4398;3;1.0001127976085683E7
1856;4401;3;1.0001127976085683E7
1857;4404;3;1.0001127976085683E7
1858;4408;4;1.0001127976085683E7
1859;4412;4;1.0001127976085683E7
1860;4415;3;1.0001127976085683E7
1861;4419;4;1.0001127976085683E7
1862;4422;3;1.0001127976085683E7
1863;4422;0;1.0001127976085683E7
1864;4425;3;1.0001127976085683E7
1865;4427;2;1.0001127976085683E7
1866;4428;1;1.0001127976085683E7
1867;4431;3;1.0001127976085683E7
1868;4434;3;1.0001127976085683E7
1869;4436;2;1.0001127976085683E7
1870;4439;3;1.0001127976085683E7
1871;4441;2;1.0001127976085683E7
1872;4444;3;1.0001127976085683E7
1873;4444;0;1.0001127976085683E7
1874;4446;2;1.0001127976085683E7
1875;4447;1;1.0001127976085683E7
1876;4450;3;1.0001127976085683E7
1877;4453;3;1.0001127976085683E7
1878;4454;1;1.0001127976085683E7
1879;4456;2;1.0001127976085683E7
1880;4458;2;1.0001127976085683E7
1881;4460;2;1.0001127976085683E7
1882;4461;1;1.0001127976085683E7
1883;4463;2;1.0001127976085683E7
1884;4465;2;1.0001127976085683E7
1885;4465;0;1.0001127976085683E7
1886;4467;2;1.0001127976085683E7
1887;4468;1;1.0001127976085683E7
1888;4470;2;1.0001127976085683E7
1889;4471;1;1.0001127976085683E7
1890;4472;1;1.0001127976085683E7
1891;4475;3;1.0001127976085683E7
1892;4475;0;1.0001127976085683E7
1893;4479;4;1.0001127976085683E7
1894;4480;1;1.0001127976085683E7
1895;4481;1;1.0001127976085683E7
1896;4484;3;1.0001127976085683E7
1897;4486;2;1.0001127976085683E7
1898;4488;2;1.0001127976085683E7
1899;4490;2;1.0001127976085683E7
1900;4492;2;1.0001127976085683E7
1901;4493;1;1.0001127976085683E7
1902;4496;3;1.0001127976085683E7
1903;4498;2;1.0001127976085683E7
1904;4500;2;1.0001127976085683E7
1905;4502;2;1.0001127976085683E7
1906;4504;2;1.0001127976085683E7
1907;4506;2;1.0001127976085683E7
1908;4507;1;1.0001127976085683E7
1909;4509;2;1.0001127976085683E7
1910;4513;4;1.0001127976085683E7
1911;4515;2;1.0001127976085683E7
1912;4517;2;1.0001127976085683E7
1913;4521;4;1.0001127976085683E7
1914;4524;3;1.0001127976085683E7
1915;4527;3;1.0001127976085683E7
1916;4531;4;1.0001127976085683E7
1917;4532;1;1.0001127976085683E7
1918;4536;4;1.0001127976085683E7
1919;4539;3;1.0001127976085683E7
1920;4540;1;1.0001127976085683E7
1921;4542;2;1.0001127976085683E7
1922;4545;3;1.0001127976085683E7
1923;4546;1;1.0001127976085683E7
1924;4553;7;1.0001127976085683E7
1925;4556;3;1.0001127976085683E7
1926;4557;1;1.0001127976085683E7
1927;4559;2;1.0001127976085683E7
1928;4561;2;1.0001127976085683E7
1929;4562;1;1.0001127976085683E7
1930;4563;1;1.0001127976085683E7
1931;4566;3;1.0001127976085683E7
1932;4568;2;1.0001127976085683E7
1933;4571;3;1.0001127976085683E7
1934;4573;2;1.0001127976085683E7
1935;4575;2;1.0001127976085683E7
1936;4577;2;1.0001127976085683E7
1937;4580;3;1.0001127976085683E7
1938;4582;2;1.0001127976085683E7
1939;4584;2;1.0001127976085683E7
1940;4585;1;1.0001127976085683E7
1941;4585;0;1.0001127976085683E7
1942;4587;2;1.0001127976085683E7
1943;4589;2;1.0001127976085683E7
1944;4592;3;1.0001127976085683E7
1945;4596;4;1.0001127976085683E7
1946;4601;5;1.0001127976085683E7
1947;4607;6;1.0001127976085683E7
1948;4609;2;1.0001127976085683E7
1949;4612;3;1.0001127976085683E7
1950;4617;5;1.0001127976085683E7
1951;4621;4;1.0001127976085683E7
1952;4625;4;1.0001127976085683E7
1953;4629;4;1.0001127976085683E7
1954;4636;7;1.0001127976085683E7
1955;4639;3;1.0001127976085683E7
1956;4642;3;1.0001127976085683E7
1957;4644;2;1.0001127976085683E7
1958;4648;4;1.0001127976085683E7
1959;4652;4;1.0001127976085683E7
1960;4656;4;1.0001127976085683E7
1961;4661;5;1.0001127976085683E7
1962;4665;4;1.0001127976085683E7
1963;4669;4;1.0001127976085683E7
1964;4675;6;1.0001127976085683E7
1965;4678;3;1.0001127976085683E7
1966;4683;5;1.0001127976085683E7
1967;4686;3;1.0001127976085683E7
1968;4690;4;1.0001127976085683E7
1969;4694;4;1.0001127976085683E7
1970;4697;3;1.0001127976085683E7
1971;4701;4;1.0001127976085683E7
1972;4706;5;1.0001127976085683E7
1973;4708;2;1.0001127976085683E7
1974;4719;11;1.0001127976085683E7
1975;4722;3;1.0001127976085683E7
1976;4728;6;1.0001127976085683E7
1977;4731;3;1.0001127976085683E7
1978;4733;2;1.0001127976085683E7
1979;4737;4;1.0001127976085683E7
1980;4742;5;1.0001127976085683E7
1981;4746;4;1.0001127976085683E7
1982;4750;4;1.0001127976085683E7
1983;4754;4;1.0001127976085683E7
1984;4759;5;1.0001127976085683E7
1985;4764;5;1.0001127976085683E7
1986;4768;4;1.0001127976085683E7
1987;4771;3;1.0001127976085683E7
1988;4775;4;1.0001127976085683E7
1989;4779;4;1.0001127976085683E7
1990;4782;3;1.0001127976085683E7
1991;4786;4;1.0001127976085683E7
1992;4787;1;1.0001127976085683E7
1993;4788;1;1.0001127976085683E7
1994;4793;5;1.0001127976085683E7
1995;4796;3;1.0001127976085683E7
1996;4798;2;1.0001127976085683E7
1997;4802;4;1.0001127976085683E7
1998;4805;3;1.0001127976085683E7
1999;4808;3;1.0001127976085683E7
2000;4811;3;1.0001127976085683E7
2001;4814;3;1.0001127976085683E7
2002;4817;3;1.0001127976085683E7
2003;4821;4;1.0001127976085683E7
2004;4825;4;1.0001127976085683E7
2005;4826;1;1.0001127976085683E7
2006;4827;1;1.0001127976085683E7
2007;4832;5;1.0001127976085683E7
2008;4835;3;1.0001127976085683E7
2009;4836;1;1.0001127976085683E7
2010;4837;1;1.0001127976085683E7
2011;4839;2;1.0001127976085683E7
2012;4840;1;1.0001127976085683E7
2013;4842;2;1.0001127976085683E7
2014;4844;2;1.0001127976085683E7
2015;4848;4;1.0001127976085683E7
2016;4850;2;1.0001127976085683E7
2017;4852;2;1.0001127976085683E7
2018;4854;2;1.0001127976085683E7
2019;4856;2;1.0001127976085683E7
2020;4858;2;1.0001127976085683E7
2021;4859;1;1.0001127976085683E7
2022;4862;3;1.0001127976085683E7
2023;4863;1;1.0001127976085683E7
2024;4868;5;1.0001127976085683E7
2025;4872;4;1.0001127976085683E7
2026;4873;1;1.0001127976085683E7
2027;4875;2;1.0001127976085683E7
2028;4877;2;1.0001127976085683E7
2029;4880;3;1.0001127976085683E7
2030;4881;1;1.0001127976085683E7
2031;4882;1;1.0001127976085683E7
2032;4885;3;1.0001127976085683E7
2033;4887;2;1.0001127976085683E7
2034;4890;3;1.0001127976085683E7
2035;4894;4;1.0001127976085683E7
2036;4894;0;1.0001127976085683E7
2037;4896;2;1.0001127976085683E7
2038;4900;4;1.0001127976085683E7
2039;4904;4;1.0001127976085683E7
2040;4907;3;1.0001127976085683E7
2041;4908;1;1.0001127976085683E7
2042;4911;3;1.0001127976085683E7
2043;4914;3;1.0001127976085683E7
2044;4917;3;1.0001127976085683E7
2045;4921;4;1.0001127976085683E7
2046;4922;1;1.0001127976085683E7
2047;4924;2;1.0001127976085683E7
2048;4926;2;1.0001127976085683E7
2049;4927;1;1.0001127976085683E7
2050;4929;2;1.0001127976085683E7
2051;4932;3;1.0001127976085683E7
2052;4935;3;1.0001127976085683E7
2053;4938;3;1.0001127976085683E7
2054;4939;1;1.0001127976085683E7
2055;4940;1;1.0001127976085683E7
2056;4941;1;1.0001127976085683E7
2057;4944;3;1.0001127976085683E7
2058;4944;0;1.0001127976085683E7
2059;4946;2;1.0001127976085683E7
2060;4947;1;1.0001127976085683E7
2061;4949;2;1.0001127976085683E7
2062;4952;3;1.0001127976085683E7
2063;4953;1;1.0001127976085683E7
2064;4954;1;1.0001127976085683E7
2065;4957;3;1.0001127976085683E7
2066;4961;4;1.0001127976085683E7
2067;4964;3;1.0001127976085683E7
2068;4968;4;1.0001127976085683E7
2069;4970;2;1.0001127976085683E7
2070;4973;3;1.0001127976085683E7
2071;4975;2;1.0001127976085683E7
2072;4976;1;1.0001127976085683E7
2073;4976;0;1.0001127976085683E7
2074;4978;2;1.0001127976085683E7
2075;4980;2;1.0001127976085683E7
2076;4981;1;1.0001127976085683E7
2077;4983;2;1.0001127976085683E7
2078;4986;3;1.0001127976085683E7
2079;4989;3;1.0001127976085683E7
2080;4992;3;1.0001127976085683E7
2081;4994;2;1.0001127976085683E7
2082;4996;2;1.0001127976085683E7
2083;4998;2;1.0001127976085683E7
2084;5001;3;1.0001127976085683E7
2085;5003;2;1.0001127976085683E7
2086;5005;2;1.0001127976085683E7
2087;5007;2;1.0001127976085683E7
2088;5009;2;1.0001127976085683E7
2089;5010;1;1.0001127976085683E7
2090;5012;2;1.0001127976085683E7
2091;5013;1;1.0001127976085683E7
2092;5015;2;1.0001127976085683E7
2093;5018;3;1.0001127976085683E7
2094;5019;1;1.0001127976085683E7
2095;5021;2;1.0001127976085683E7
2096;5023;2;1.0001127976085683E7
2097;5028;5;1.0001127976085683E7
2098;5030;2;1.0001127976085683E7
2099;5031;1;1.0001127976085683E7
2100;5033;2;1.0001127976085683E7
2101;5035;2;1.0001127976085683E7
2102;5036;1;1.0001127976085683E7
2103;5038;2;1.0001127976085683E7
2104;5040;2;1.0001127976085683E7
2105;5041;1;1.0001127976085683E7
2106;5043;2;1.0001127976085683E7
2107;5045;2;1.0001127976085683E7
2108;5047;2;1.0001127976085683E7
2109;5049;2;1.0001127976085683E7
2110;5051;2;1.0001127976085683E7
2111;5054;3;1.0001127976085683E7
2112;5057;3;1.0001127976085683E7
2113;5059;2;1.0001127976085683E7
2114;5062;3;1.0001127976085683E7
2115;5064;2;1.0001127976085683E7
2116;5066;2;1.0001127976085683E7
2117;5068;2;1.0001127976085683E7
2118;5070;2;1.0001127976085683E7
2119;5073;3;1.0001127976085683E7
2120;5077;4;1.0001127976085683E7
2121;5079;2;1.0001127976085683E7
2122;5082;3;1.0001127976085683E7
2123;5086;4;1.0001127976085683E7
2124;5088;2;1.0001127976085683E7
2125;5092;4;1.0001127976085683E7
2126;5093;1;1.0001127976085683E7
2127;5096;3;1.0001127976085683E7
2128;5099;3;1.0001127976085683E7
2129;5101;2;1.0001127976085683E7
2130;5102;1;1.0001127976085683E7
2131;5106;4;1.0001127976085683E7
2132;5109;3;1.0001127976085683E7
2133;5111;2;1.0001127976085683E7
2134;5114;3;1.0001127976085683E7
2135;5115;1;1.0001127976085683E7
2136;5119;4;1.0001127976085683E7
2137;5120;1;1.0001127976085683E7
2138;5122;2;1.0001127976085683E7
2139;5125;3;1.0001127976085683E7
2140;5127;2;1.0001127976085683E7
2141;5130;3;1.0001127976085683E7
2142;5134;4;1.0001127976085683E7
2143;5135;1;1.0001127976085683E7
2144;5136;1;1.0001127976085683E7
2145;5137;1;1.0001127976085683E7
2146;5138;1;1.0001127976085683E7
2147;5141;3;1.0001127976085683E7
2148;5143;2;1.0001127976085683E7
2149;5146;3;1.0001127976085683E7
2150;5147;1;1.0001127976085683E7
2151;5148;1;1.0001127976085683E7
2152;5150;2;1.0001127976085683E7
2153;5153;3;1.0001127976085683E7
2154;5156;3;1.0001127976085683E7
2155;5159;3;1.0001127976085683E7
2156;5161;2;1.0001127976085683E7
2157;5162;1;1.0001127976085683E7
2158;5164;2;1.0001127976085683E7
2159;5165;1;1.0001127976085683E7
2160;5170;5;1.0001127976085683E7
2161;5174;4;1.0001127976085683E7
2162;5175;1;1.0001127976085683E7
2163;5181;6;1.0001127976085683E7
2164;5184;3;1.0001127976085683E7
2165;5186;2;1.0001127976085683E7
2166;5191;5;1.0001127976085683E7
2167;5196;5;1.0001127976085683E7
2168;5201;5;1.0001127976085683E7
2169;5203;2;1.0001127976085683E7
2170;5211;8;1.0001127976085683E7
2171;5215;4;1.0001127976085683E7
2172;5223;8;1.0001127976085683E7
2173;5227;4;1.0001127976085683E7
2174;5231;4;1.0001127976085683E7
2175;5235;4;1.0001127976085683E7
2176;5240;5;1.0001127976085683E7
2177;5243;3;1.0001127976085683E7
2178;5248;5;1.0001127976085683E7
2179;5249;1;1.0001127976085683E7
2180;5255;6;1.0001127976085683E7
2181;5259;4;1.0001127976085683E7
2182;5263;4;1.0001127976085683E7
2183;5267;4;1.0001127976085683E7
2184;5271;4;1.0001127976085683E7
2185;5274;3;1.0001127976085683E7
2186;5278;4;1.0001127976085683E7
2187;5280;2;1.0001127976085683E7
2188;5283;3;1.0001127976085683E7
2189;5288;5;1.0001127976085683E7
2190;5289;1;1.0001127976085683E7
2191;5296;7;1.0001127976085683E7
2192;5298;2;1.0001127976085683E7
2193;5303;5;1.0001127976085683E7
2194;5307;4;1.0001127976085683E7
2195;5311;4;1.0001127976085683E7
2196;5315;4;1.0001127976085683E7
2197;5319;4;1.0001127976085683E7
2198;5322;3;1.0001127976085683E7
2199;5325;3;1.0001127976085683E7
2200;5326;1;1.0001127976085683E7
2201;5330;4;1.0001127976085683E7
2202;5332;2;1.0001127976085683E7
2203;5333;1;1.0001127976085683E7
2204;5337;4;1.0001127976085683E7
2205;5339;2;1.0001127976085683E7
2206;5342;3;1.0001127976085683E7
2207;5350;8;1.0001127976085683E7
2208;5353;3;1.0001127976085683E7
2209;5357;4;1.0001127976085683E7
2210;5362;5;1.0001127976085683E7
2211;5366;4;1.0001127976085683E7
2212;5370;4;1.0001127976085683E7
2213;5371;1;1.0001127976085683E7
2214;5372;1;1.0001127976085683E7
2215;5376;4;1.0001127976085683E7
2216;5379;3;1.0001127976085683E7
2217;5382;3;1.0001127976085683E7
2218;5387;5;1.0001127976085683E7
2219;5390;3;1.0001127976085683E7
2220;5394;4;1.0001127976085683E7
2221;5398;4;1.0001127976085683E7
2222;5400;2;1.0001127976085683E7
2223;5404;4;1.0001127976085683E7
2224;5406;2;1.0001127976085683E7
2225;5410;4;1.0001127976085683E7
2226;5412;2;1.0001127976085683E7
2227;5414;2;1.0001127976085683E7
2228;5414;0;1.0001127976085683E7
2229;5416;2;1.0001127976085683E7
2230;5418;2;1.0001127976085683E7
2231;5421;3;1.0001127976085683E7
2232;5424;3;1.0001127976085683E7
2233;5428;4;1.0001127976085683E7
2234;5430;2;1.0001127976085683E7
2235;5432;2;1.0001127976085683E7
2236;5433;1;1.0001127976085683E7
2237;5434;1;1.0001127976085683E7
2238;5437;3;1.0001127976085683E7
2239;5440;3;1.0001127976085683E7
2240;5442;2;1.0001127976085683E7
2241;5443;1;1.0001127976085683E7
2242;5446;3;1.0001127976085683E7
2243;5446;0;1.0001127976085683E7
2244;5449;3;1.0001127976085683E7
2245;5452;3;1.0001127976085683E7
2246;5454;2;1.0001127976085683E7
2247;5457;3;1.0001127976085683E7
2248;5459;2;1.0001127976085683E7
2249;5460;1;1.0001127976085683E7
2250;5463;3;1.0001127976085683E7
2251;5463;0;1.0001127976085683E7
2252;5466;3;1.0001127976085683E7
2253;5468;2;1.0001127976085683E7
2254;5469;1;1.0001127976085683E7
2255;5470;1;1.0001127976085683E7
2256;5471;1;1.0001127976085683E7
2257;5472;1;1.0001127976085683E7
2258;5474;2;1.0001127976085683E7
2259;5477;3;1.0001127976085683E7
2260;5479;2;1.0001127976085683E7
2261;5482;3;1.0001127976085683E7
2262;5483;1;1.0001127976085683E7
2263;5486;3;1.0001127976085683E7
2264;5486;0;1.0001127976085683E7
2265;5489;3;1.0001127976085683E7
2266;5492;3;1.0001127976085683E7
2267;5495;3;1.0001127976085683E7
2268;5498;3;1.0001127976085683E7
2269;5500;2;1.0001127976085683E7
2270;5503;3;1.0001127976085683E7
2271;5505;2;1.0001127976085683E7
2272;5507;2;1.0001127976085683E7
2273;5508;1;1.0001127976085683E7
2274;5510;2;1.0001127976085683E7
2275;5513;3;1.0001127976085683E7
2276;5514;1;1.0001127976085683E7
2277;5516;2;1.0001127976085683E7
2278;5519;3;1.0001127976085683E7
2279;5521;2;1.0001127976085683E7
2280;5521;0;1.0001127976085683E7
2281;5523;2;1.0001127976085683E7
2282;5525;2;1.0001127976085683E7
2283;5526;1;1.0001127976085683E7
2284;5528;2;1.0001127976085683E7
2285;5529;1;1.0001127976085683E7
2286;5530;1;1.0001127976085683E7
2287;5533;3;1.0001127976085683E7
2288;5536;3;1.0001127976085683E7
2289;5539;3;1.0001127976085683E7
2290;5541;2;1.0001127976085683E7
2291;5543;2;1.0001127976085683E7
2292;5545;2;1.0001127976085683E7
2293;5547;2;1.0001127976085683E7
2294;5549;2;1.0001127976085683E7
2295;5550;1;1.0001127976085683E7
2296;5551;1;1.0001127976085683E7
2297;5551;0;1.0001127976085683E7
2298;5554;3;1.0001127976085683E7
2299;5556;2;1.0001127976085683E7
2300;5558;2;1.0001127976085683E7
2301;5560;2;1.0001127976085683E7
2302;5561;1;1.0001127976085683E7
2303;5563;2;1.0001127976085683E7
2304;5564;1;1.0001127976085683E7
2305;5566;2;1.0001127976085683E7
2306;5568;2;1.0001127976085683E7
2307;5570;2;1.0001127976085683E7
2308;5572;2;1.0001127976085683E7
2309;5574;2;1.0001127976085683E7
2310;5577;3;1.0001127976085683E7
2311;5578;1;1.0001127976085683E7
2312;5581;3;1.0001127976085683E7
2313;5583;2;1.0001127976085683E7
2314;5585;2;1.0001127976085683E7
2315;5587;2;1.0001127976085683E7
2316;5590;3;1.0001127976085683E7
2317;5594;4;1.0001127976085683E7
2318;5594;0;1.0001127976085683E7
2319;5596;2;1.0001127976085683E7
2320;5598;2;1.0001127976085683E7
2321;5600;2;1.0001127976085683E7
2322;5601;1;1.0001127976085683E7
2323;5603;2;1.0001127976085683E7
2324;5607;4;1.0001127976085683E7
2325;5608;1;1.0001127976085683E7
2326;5612;4;1.0001127976085683E7
2327;5615;3;1.0001127976085683E7
2328;5620;5;1.0001127976085683E7
2329;5623;3;1.0001127976085683E7
2330;5627;4;1.0001127976085683E7
2331;5629;2;1.0001127976085683E7
2332;5634;5;1.0001127976085683E7
2333;5638;4;1.0001127976085683E7
2334;5642;4;1.0001127976085683E7
2335;5645;3;1.0001127976085683E7
2336;5648;3;1.0001127976085683E7
2337;5649;1;1.0001127976085683E7
2338;5650;1;1.0001127976085683E7
2339;5652;2;1.0001127976085683E7
2340;5652;0;1.0001127976085683E7
2341;5653;1;1.0001127976085683E7
2342;5655;2;1.0001127976085683E7
2343;5658;3;1.0001127976085683E7
2344;5659;1;1.0001127976085683E7
2345;5661;2;1.0001127976085683E7
2346;5663;2;1.0001127976085683E7
2347;5665;2;1.0001127976085683E7
2348;5668;3;1.0001127976085683E7
2349;5670;2;1.0001127976085683E7
2350;5672;2;1.0001127976085683E7
2351;5675;3;1.0001127976085683E7
2352;5677;2;1.0001127976085683E7
2353;5682;5;1.0001127976085683E7
2354;5684;2;1.0001127976085683E7
2355;5687;3;1.0001127976085683E7
2356;5689;2;1.0001127976085683E7
2357;5691;2;1.0001127976085683E7
2358;5693;2;1.0001127976085683E7
2359;5694;1;1.0001127976085683E7
2360;5699;5;1.0001127976085683E7
2361;5701;2;1.0001127976085683E7
2362;5702;1;1.0001127976085683E7
2363;5707;5;1.0001127976085683E7
2364;5711;4;1.0001127976085683E7
2365;5720;9;1.0001127976085683E7
2366;5726;6;1.0001127976085683E7
2367;5730;4;1.0001127976085683E7
2368;5735;5;1.0001127976085683E7
2369;5740;5;1.0001127976085683E7
2370;5745;5;1.0001127976085683E7
2371;5746;1;1.0001127976085683E7
2372;5748;2;1.0001127976085683E7
2373;5750;2;1.0001127976085683E7
2374;5753;3;1.0001127976085683E7
2375;5758;5;1.0001127976085683E7
2376;5764;6;1.0001127976085683E7
2377;5768;4;1.0001127976085683E7
2378;5771;3;1.0001127976085683E7
2379;5772;1;1.0001127976085683E7
2380;5774;2;1.0001127976085683E7
2381;5780;6;1.0001127976085683E7
2382;5782;2;1.0001127976085683E7
2383;5784;2;1.0001127976085683E7
2384;5786;2;1.0001127976085683E7
2385;5789;3;1.0001127976085683E7
2386;5789;0;1.0001127976085683E7
2387;5791;2;1.0001127976085683E7
2388;5793;2;1.0001127976085683E7
2389;5796;3;1.0001127801617257E7
2390;5798;2;1.0001127801617257E7
2391;5800;2;1.0001121639068622E7
2392;5801;1;1.0001121639068622E7
2393;5804;3;1.0001121639068622E7
2394;5807;3;1.0001121639068622E7
2395;5810;3;1.0001121639068622E7
2396;5812;2;1.0001121639068622E7
2397;5813;1;1.0001121639068622E7
2398;5813;0;1.0001121639068622E7
2399;5815;2;1.0001121639068622E7
2400;5818;3;1.0001121639068622E7
2401;5819;1;1.0001121639068622E7
2402;5821;2;1.0001121639068622E7
2403;5824;3;1.0001121639068622E7
2404;5829;5;1.0001121639068622E7
2405;5832;3;1.0001121639068622E7
2406;5833;1;1.0001121639068622E7
2407;5838;5;1.0001121639068622E7
2408;5840;2;1.0001121639068622E7
2409;5843;3;1.0001121639068622E7
2410;5846;3;1.0001121639068622E7
2411;5847;1;1.0001121639068622E7
2412;5848;1;1.0001121639068622E7
2413;5850;2;1.000109087217274E7
2414;5853;3;1.000109087217274E7
2415;5854;1;1.000109087217274E7
2416;5857;3;1.000109087217274E7
2417;5859;2;1.000109087217274E7
2418;5861;2;1.000109087217274E7
2419;5862;1;1.000109087217274E7
2420;5864;2;1.000109087217274E7
2421;5865;1;1.000109087217274E7
2422;5867;2;1.000109087217274E7
2423;5870;3;1.000109087217274E7
2424;5873;3;1.000109087217274E7
2425;5876;3;1.000109087217274E7
2426;5878;2;1.000109087217274E7
2427;5879;1;1.000109087217274E7
2428;5882;3;1.000109087217274E7
2429;5885;3;1.000109087217274E7
2430;5887;2;1.000109087217274E7
2431;5889;2;1.0001070244795993E7
2432;5891;2;1.0001070244795993E7
2433;5894;3;1.0001066696516337E7
2434;5894;0;1.0001066696516337E7
2435;5895;1;1.0001066696516337E7
2436;5897;2;1.0001066696516337E7
2437;5898;1;1.0001066696516337E7
2438;5900;2;1.0001066696516337E7
2439;5903;3;1.0001066696516337E7
2440;5904;1;1.0001066696516337E7
2441;5906;2;1.000106057697113E7
2442;5909;3;1.000106057697113E7
2443;5910;1;1.000106057697113E7
2444;5914;4;1.000106057697113E7
2445;5914;0;1.000106057697113E7
2446;5916;2;1.000106057697113E7
2447;5919;3;1.000106057697113E7
2448;5921;2;1.0001060242462827E7
2449;5923;2;1.0001060242462827E7
2450;5926;3;1.0001060242462827E7
2451;5927;1;1.0001059739564186E7
2452;5928;1;1.0001059739564186E7
2453;5933;5;1.0001059739564186E7
2454;5937;4;1.0001059739564186E7
2455;5940;3;1.0001059739564186E7
2456;5942;2;1.0001059739564186E7
2457;5947;5;1.0001059739564186E7
2458;5950;3;1.0001059739564186E7
2459;5953;3;1.0001059739564186E7
2460;5955;2;1.0001059739564186E7
2461;5958;3;1.0001049678825885E7
2462;5964;6;1.0001049678825885E7
2463;5968;4;1.0001049678825885E7
2464;5972;4;1.0001049678825885E7
2465;5974;2;1.0001049678825885E7
2466;5978;4;1.0001039690124186E7
2467;5982;4;1.0001039690124186E7
2468;5985;3;1.0001039690124186E7
2469;5988;3;1.0001039690124186E7
2470;5990;2;1.0001039690124186E7
2471;5993;3;1.0001039690124186E7
2472;5999;6;1.0001039690124186E7
2473;6001;2;1.0001039690124186E7
2474;6001;0;1.0001039690124186E7
2475;6004;3;1.0001039690124186E7
2476;6006;2;1.0001034096110111E7
2477;6007;1;1.0001034096110111E7
2478;6009;2;1.0001034096110111E7
2479;6012;3;1.0001034096110111E7
2480;6014;2;1.0001029852556141E7
2481;6015;1;1.0001029852556141E7
2482;6018;3;1.0001029852556141E7
2483;6021;3;1.0001029852556141E7
2484;6022;1;1.0001029852556141E7
2485;6025;3;1.0001029852556141E7
2486;6029;4;1.0001029852556141E7
2487;6031;2;1.0001029852556141E7
2488;6034;3;1.0001029852556141E7
2489;6038;4;1.0001029852556141E7
2490;6042;4;1.0001029852556141E7
2491;6045;3;1.0001029852556141E7
2492;6051;6;1.0001029852556141E7
2493;6055;4;1.0001029852556141E7
2494;6056;1;1.0001029852556141E7
2495;6060;4;1.0001029852556141E7
2496;6065;5;1.0001029852556141E7
2497;6065;0;1.0001029852556141E7
2498;6071;6;1.0001029852556141E7
2499;6072;1;1.0001029852556141E7
2500;6073;1;1.0001029852556141E7
2501;6076;3;1.0001029852556141E7
2502;6079;3;1.0001029852556141E7
2503;6083;4;1.0001029852556141E7
2504;6088;5;1.0001029852556141E7
2505;6092;4;1.0001029852556141E7
2506;6095;3;1.0001029852556141E7
2507;6098;3;1.0001029852556141E7
2508;6102;4;1.0001029852556141E7
2509;6105;3;1.0001029852556141E7
2510;6111;6;1.0001029852556141E7
2511;6114;3;1.0001029852556141E7
2512;6117;3;1.0001029852556141E7
2513;6122;5;1.0001029852556141E7
2514;6126;4;1.0001029852556141E7
2515;6127;1;1.0001029852556141E7
2516;6132;5;1.0001029852556141E7
2517;6136;4;1.0001029852556141E7
2518;6138;2;1.0001029852556141E7
2519;6144;6;1.0001029852556141E7
2520;6145;1;1.0001029852556141E7
2521;6148;3;1.0001029852556141E7
2522;6153;5;1.0001029852556141E7
2523;6156;3;1.0001029852556141E7
2524;6160;4;1.0001029852556141E7
2525;6162;2;1.0001029852556141E7
2526;6165;3;1.0001029852556141E7
2527;6169;4;1.0001029852556141E7
2528;6172;3;1.0001029852556141E7
2529;6175;3;1.0001029852556141E7
2530;6176;1;1.0001029852556141E7
2531;6179;3;1.0001029852556141E7
2532;6181;2;1.0001029852556141E7
2533;6184;3;1.0001029852556141E7
2534;6188;4;1.0001029852556141E7
2535;6192;4;1.0001029852556141E7
2536;6194;2;1.0001029852556141E7
2537;6196;2;1.0001029852556141E7
2538;6199;3;1.0001029852556141E7
2539;6203;4;1.0001029852556141E7
2540;6205;2;1.0001029852556141E7
2541;6207;2;1.0001029852556141E7
2542;6210;3;1.0001029852556141E7
2543;6212;2;1.0001029852556141E7
2544;6214;2;1.0001029852556141E7
2545;6215;1;1.0001029852556141E7
2546;6219;4;1.0001029852556141E7
2547;6219;0;1.0001029852556141E7
2548;6220;1;1.0001029852556141E7
2549;6221;1;1.0001029852556141E7
2550;6224;3;1.0001029852556141E7
2551;6226;2;1.0001029852556141E7
2552;6227;1;1.0001029852556141E7
2553;6231;4;1.0001029852556141E7
2554;6234;3;1.0001029852556141E7
2555;6238;4;1.0001029852556141E7
2556;6241;3;1.0001029852556141E7
2557;6242;1;1.0001029852556141E7
2558;6246;4;1.0001029852556141E7
2559;6250;4;1.0001029852556141E7
2560;6253;3;1.0001029852556141E7
2561;6254;1;1.0001029852556141E7
2562;6258;4;1.0001029852556141E7
2563;6260;2;1.0001029852556141E7
2564;6262;2;1.0001029852556141E7
2565;6265;3;1.0001029852556141E7
2566;6269;4;1.0001029852556141E7
2567;6272;3;1.0001029852556141E7
2568;6275;3;1.0001029852556141E7
2569;6276;1;1.0001029852556141E7
2570;6279;3;1.0001029852556141E7
2571;6280;1;1.0001029852556141E7
2572;6283;3;1.0001029852556141E7
2573;6285;2;1.0001029852556141E7
2574;6286;1;1.0001029852556141E7
2575;6290;4;1.0001029852556141E7
2576;6294;4;1.0001029852556141E7
2577;6296;2;1.0001029852556141E7
2578;6299;3;1.0001029852556141E7
2579;6300;1;1.0001029852556141E7
2580;6301;1;1.0001029852556141E7
2581;6304;3;1.0001029852556141E7
2582;6308;4;1.0001029852556141E7
2583;6311;3;1.0001029852556141E7
2584;6312;1;1.0001029852556141E7
2585;6313;1;1.0001029852556141E7
2586;6316;3;1.0001029852556141E7
2587;6321;5;1.0001029852556141E7
2588;6325;4;1.0001029852556141E7
2589;6328;3;1.0001029852556141E7
2590;6346;18;1.0001029852556141E7
2591;6349;3;1.0001029852556141E7
2592;6352;3;1.0001029852556141E7
2593;6356;4;1.0001029852556141E7
2594;6359;3;1.0001029852556141E7
2595;6362;3;1.0001029852556141E7
2596;6364;2;1.0001029852556141E7
2597;6367;3;1.0001029852556141E7
2598;6369;2;1.0001029852556141E7
2599;6373;4;1.0001029852556141E7
2600;6375;2;1.0001029852556141E7
2601;6382;7;1.0001029852556141E7
2602;6385;3;1.0001029852556141E7
2603;6389;4;1.0001029852556141E7
2604;6397;8;1.0001029852556141E7
2605;6399;2;1.0001029852556141E7
2606;6405;6;1.0001029852556141E7
2607;6409;4;1.0001029852556141E7
2608;6411;2;1.0001029852556141E7
2609;6416;5;1.0001029852556141E7
2610;6418;2;1.0001029852556141E7
2611;6419;1;1.0001029852556141E7
2612;6422;3;1.0001029852556141E7
2613;6428;6;1.0001029852556141E7
2614;6433;5;1.0001029852556141E7
2615;6436;3;1.0001029852556141E7
2616;6439;3;1.0001029852556141E7
2617;6453;14;1.0001029852556141E7
2618;6456;3;1.0001029852556141E7
2619;6460;4;1.0001029852556141E7
2620;6464;4;1.0001029852556141E7
2621;6467;3;1.0001029852556141E7
2622;6470;3;1.0001029852556141E7
2623;6472;2;1.0001029852556141E7
2624;6478;6;1.0001029852556141E7
2625;6482;4;1.0001029852556141E7
2626;6486;4;1.0001029852556141E7
2627;6491;5;1.0001029852556141E7
2628;6494;3;1.0001029852556141E7
2629;6497;3;1.0001029852556141E7
2630;6500;3;1.0001029852556141E7
2631;6501;1;1.0001029852556141E7
2632;6505;4;1.0001029852556141E7
2633;6507;2;1.0001029852556141E7
2634;6511;4;1.0001029852556141E7
2635;6520;9;1.0001029852556141E7
2636;6524;4;1.0001029852556141E7
2637;6527;3;1.0001029852556141E7
2638;6527;0;1.0001029852556141E7
2639;6530;3;1.0001029852556141E7
2640;6539;9;1.0001029852556141E7
2641;6543;4;1.0001029852556141E7
2642;6546;3;1.0001029852556141E7
2643;6550;4;1.0001029852556141E7
2644;6554;4;1.0001029852556141E7
2645;6572;18;1.0001029852556141E7
2646;6574;2;1.0001029852556141E7
2647;6578;4;1.0001029852556141E7
2648;6581;3;1.0001029852556141E7
2649;6585;4;1.0001029852556141E7
2650;6588;3;1.0001029852556141E7
2651;6598;10;1.0001029852556141E7
2652;6599;1;1.0001029852556141E7
2653;6602;3;1.0001029852556141E7
2654;6603;1;1.0001029852556141E7
2655;6609;6;1.0001029852556141E7
2656;6612;3;1.0001029852556141E7
2657;6615;3;1.0001029852556141E7
2658;6619;4;1.0001029852556141E7
2659;6622;3;1.0001029852556141E7
2660;6639;17;1.0001029852556141E7
2661;6641;2;1.0001029852556141E7
2662;6649;8;1.0001029852556141E7
2663;6653;4;1.0001029852556141E7
2664;6655;2;1.0001029852556141E7
2665;6672;17;1.0001029852556141E7
2666;6685;13;1.0001029852556141E7
2667;6687;2;1.0001029852556141E7
2668;6698;11;1.0001029852556141E7
2669;6715;17;1.0001029852556141E7
2670;6718;3;1.0001029852556141E7
2671;6720;2;1.0001029852556141E7
2672;6724;4;1.0001029852556141E7
2673;6736;12;1.0001029852556141E7
2674;6737;1;1.0001029852556141E7
2675;6741;4;1.0001029852556141E7
2676;6743;2;1.0001029852556141E7
2677;6744;1;1.0001029852556141E7
2678;6748;4;1.0001029852556141E7
2679;6751;3;1.0001029852556141E7
2680;6755;4;1.0001029852556141E7
2681;6759;4;1.0001029852556141E7
2682;6762;3;1.0001029852556141E7
2683;6763;1;1.0001029852556141E7
2684;6766;3;1.0001027101799512E7
2685;6769;3;1.0001027101799512E7
2686;6775;6;1.0001027101799512E7
2687;6779;4;1.0001027101799512E7
2688;6781;2;1.0001027101799512E7
2689;6785;4;1.0001027101799512E7
2690;6789;4;1.0001027101799512E7
2691;6793;4;1.0001027101799512E7
2692;6797;4;1.0001027101799512E7
2693;6800;3;1.0001027101799512E7
2694;6805;5;1.0001027101799512E7
2695;6810;5;1.0001027101799512E7
2696;6812;2;1.0001027101799512E7
2697;6820;8;1.0001027101799512E7
2698;6823;3;1.0001027101799512E7
2699;6825;2;1.0001027101799512E7
2700;6826;1;1.0001027101799512E7
2701;6830;4;1.0001027101799512E7
2702;6834;4;1.0001027101799512E7
2703;6837;3;1.0001027101799512E7
2704;6839;2;1.0001027101799512E7
2705;6842;3;1.0001027101799512E7
2706;6845;3;1.0001027101799512E7
2707;6846;1;1.0001027101799512E7
2708;6851;5;1.0001027101799512E7
2709;6855;4;1.0001027101799512E7
2710;6858;3;1.0001027101799512E7
2711;6862;4;1.0001027101799512E7
2712;6864;2;1.0001027101799512E7
2713;6867;3;1.0001027101799512E7
2714;6872;5;1.0001027101799512E7
2715;6873;1;1.0001027101799512E7
2716;6874;1;1.0001027101799512E7
2717;6877;3;1.0001027101799512E7
2718;6881;4;1.0001027101799512E7
2719;6887;6;1.0001027101799512E7
2720;6893;6;1.0001027101799512E7
2721;6896;3;1.0001027101799512E7
2722;6899;3;1.0001027101799512E7
2723;6903;4;1.0001027101799512E7
2724;6908;5;1.0001027101799512E7
2725;6910;2;1.0001027101799512E7
2726;6914;4;1.0001027101799512E7
2727;6916;2;1.0001027101799512E7
2728;6917;1;1.0001027101799512E7
2729;6918;1;1.0001027101799512E7
2730;6920;2;1.0001027101799512E7
2731;6945;25;1.0001027101799512E7
2732;6949;4;1.0001027101799512E7
2733;6953;4;1.0001027101799512E7
2734;6956;3;1.0001027101799512E7
2735;6961;5;1.0001027101799512E7
2736;6965;4;1.0001027101799512E7
2737;6968;3;1.0001027101799512E7
2738;6971;3;1.0001027101799512E7
2739;6976;5;1.0001027101799512E7
2740;6981;5;1.0001027101799512E7
2741;6989;8;1.0001027101799512E7
2742;6992;3;1.0001027101799512E7
2743;6993;1;1.0001027101799512E7
2744;6995;2;1.0001027101799512E7
2745;6999;4;1.0001027101799512E7
2746;7001;2;1.0001027101799512E7
2747;7002;1;1.0001027101799512E7
2748;7005;3;1.0001027101799512E7
2749;7006;1;1.0001027101799512E7
2750;7007;1;1.0001027101799512E7
2751;7009;2;1.0001027101799512E7
2752;7010;1;1.0001027101799512E7
2753;7013;3;1.0001027101799512E7
2754;7017;4;1.0001027101799512E7
2755;7021;4;1.0001027101799512E7
2756;7025;4;1.0001027101799512E7
2757;7027;2;1.0001027101799512E7
2758;7028;1;1.0001027101799512E7
2759;7032;4;1.0001027101799512E7
2760;7035;3;1.0001027101799512E7
2761;7036;1;1.0001027101799512E7
2762;7040;4;1.0001027101799512E7
2763;7044;4;1.0001027101799512E7
2764;7047;3;1.0001027101799512E7
2765;7051;4;1.0001027101799512E7
2766;7053;2;1.0001027101799512E7
2767;7056;3;1.0001027101799512E7
2768;7058;2;1.0001027101799512E7
2769;7060;2;1.0001027101799512E7
2770;7061;1;1.0001027101799512E7
2771;7062;1;1.0001027101799512E7
2772;7064;2;1.0001027101799512E7
2773;7066;2;1.0001027101799512E7
2774;7068;2;1.0001027101799512E7
2775;7070;2;1.0001027101799512E7
2776;7072;2;1.0001027101799512E7
2777;7075;3;1.0001027101799512E7
2778;7076;1;1.0001027101799512E7
2779;7078;2;1.0001027101799512E7
2780;7080;2;1.0001027101799512E7
2781;7083;3;1.0001027101799512E7
2782;7083;0;1.0001027101799512E7
2783;7085;2;1.0001027101799512E7
2784;7088;3;1.0001027101799512E7
2785;7090;2;1.0001027101799512E7
2786;7092;2;1.0001027101799512E7
2787;7094;2;1.0001027101799512E7
2788;7095;1;1.0001027101799512E7
2789;7097;2;1.0001027101799512E7
2790;7100;3;1.0001027101799512E7
2791;7102;2;1.0001027101799512E7
2792;7104;2;1.0001027101799512E7
2793;7105;1;1.0001027101799512E7
2794;7106;1;1.0001027101799512E7
2795;7108;2;1.0001027101799512E7
2796;7111;3;1.0001027101799512E7
2797;7113;2;1.0001027101799512E7
2798;7116;3;1.0001027101799512E7
2799;7119;3;1.0001027101799512E7
2800;7122;3;1.0001027101799512E7
2801;7124;2;1.0001027101799512E7
2802;7126;2;1.0001027101799512E7
2803;7130;4;1.0001027101799512E7
2804;7135;5;1.0001027101799512E7
2805;7136;1;1.0001027101799512E7
2806;7138;2;1.0001027101799512E7
2807;7140;2;1.0001027101799512E7
2808;7143;3;1.0001027101799512E7
2809;7145;2;1.0001027101799512E7
2810;7146;1;1.0001027101799512E7
2811;7148;2;1.0001027101799512E7
2812;7150;2;1.0001027101799512E7
2813;7153;3;1.0001027101799512E7
2814;7156;3;1.0001027101799512E7
2815;7159;3;1.0001027101799512E7
2816;7160;1;1.0001027101799512E7
2817;7162;2;1.0001027101799512E7
2818;7164;2;1.0001027101799512E7
2819;7166;2;1.0001027101799512E7
2820;7166;0;1.0001027101799512E7
2821;7168;2;1.0001027101799512E7
2822;7170;2;1.0001027101799512E7
2823;7172;2;1.0001027101799512E7
2824;7174;2;1.0001027101799512E7
2825;7176;2;1.0001027101799512E7
2826;7177;1;1.0001027101799512E7
2827;7177;0;1.0001027101799512E7
2828;7179;2;1.0001027101799512E7
2829;7181;2;1.0001027101799512E7
2830;7183;2;1.0001027101799512E7
2831;7188;5;1.0001027101799512E7
2832;7190;2;1.0001027101799512E7
2833;7192;2;1.0001027101799512E7
2834;7196;4;1.0001027101799512E7
2835;7198;2;1.0001027101799512E7
2836;7200;2;1.0001027101799512E7
2837;7201;1;1.0001027101799512E7
2838;7202;1;1.0001027101799512E7
2839;7204;2;1.0001027101799512E7
2840;7206;2;1.0001027101799512E7
2841;7208;2;1.0001027101799512E7
2842;7210;2;1.0001027101799512E7
2843;7212;2;1.0001027101799512E7
2844;7215;3;1.0001027101799512E7
2845;7217;2;1.0001027101799512E7
2846;7220;3;1.0001027101799512E7
2847;7221;1;1.0001027101799512E7
2848;7224;3;1.0001027101799512E7
2849;7226;2;1.0001027101799512E7
2850;7227;1;1.0001027101799512E7
2851;7228;1;1.0001027101799512E7
2852;7228;0;1.0001027101799512E7
2853;7231;3;1.0001027101799512E7
2854;7233;2;1.0001027101799512E7
2855;7234;1;1.0001027101799512E7
2856;7236;2;1.0001027101799512E7
2857;7238;2;1.0001027101799512E7
2858;7240;2;1.0001027101799512E7
2859;7241;1;1.0001027101799512E7
2860;7243;2;1.0001027101799512E7
2861;7245;2;1.0001027101799512E7
2862;7248;3;1.0001027101799512E7
2863;7250;2;1.0001027101799512E7
2864;7252;2;1.0001027101799512E7
2865;7253;1;1.0001027101799512E7
2866;7254;1;1.0001027101799512E7
2867;7256;2;1.0001027101799512E7
2868;7259;3;1.0001027101799512E7
2869;7261;2;1.0001027101799512E7
2870;7263;2;1.0001027101799512E7
2871;7264;1;1.0001027101799512E7
2872;7267;3;1.0001027101799512E7
2873;7269;2;1.0001027101799512E7
2874;7272;3;1.0001027101799512E7
2875;7274;2;1.0001026487064999E7
2876;7276;2;1.0001023507100265E7
2877;7278;2;1.0001023507100265E7
2878;7279;1;1.0001023507100265E7
2879;7281;2;1.0001023507100265E7
2880;7284;3;1.0001023507100265E7
2881;7286;2;1.0001023507100265E7
2882;7288;2;1.0001018395790363E7
2883;7290;2;1.0001018395790363E7
2884;7293;3;1.0001018395790363E7
2885;7295;2;1.0001018395790363E7
2886;7298;3;1.0001018395790363E7
2887;7300;2;1.0001018395790363E7
2888;7300;0;1.0001018395790363E7
2889;7302;2;1.0001018395790363E7
2890;7304;2;1.0001018395790363E7
2891;7307;3;1.0001018395790363E7
2892;7308;1;1.0001018395790363E7
2893;7310;2;1.0001018395790363E7
2894;7312;2;1.0001018395790363E7
2895;7316;4;1.0001018395790363E7
2896;7320;4;1.0001018395790363E7
2897;7324;4;1.0001018395790363E7
2898;7328;4;1.0001018395790363E7
2899;7330;2;1.0001018395790363E7
2900;7332;2;1.0001018395790363E7
2901;7333;1;1.0001018395790363E7
2902;7334;1;1.0001018395790363E7
2903;7338;4;1.0001018395790363E7
2904;7339;1;1.0001018395790363E7
2905;7342;3;1.0001018395790363E7
2906;7345;3;1.0001018395790363E7
2907;7347;2;1.0001018395790363E7
2908;7348;1;1.0001018395790363E7
2909;7350;2;1.0001018395790363E7
2910;7352;2;1.0001018395790363E7
2911;7354;2;1.0001018395790363E7
2912;7356;2;1.0001018395790363E7
2913;7359;3;1.0001018395790363E7
2914;7361;2;1.0001018395790363E7
2915;7363;2;1.0001018395790363E7
2916;7365;2;1.0001018395790363E7
2917;7367;2;1.0001018395790363E7
2918;7368;1;1.0001018395790363E7
2919;7370;2;1.0001018395790363E7
2920;7373;3;1.0001018395790363E7
2921;7374;1;1.0001018395790363E7
2922;7377;3;1.0001018395790363E7
2923;7378;1;1.0001018395790363E7
2924;7380;2;1.0001018395790363E7
2925;7382;2;1.0001018395790363E7
2926;7385;3;1.0001018395790363E7
2927;7386;1;1.0001018395790363E7
2928;7388;2;1.0001018395790363E7
2929;7390;2;1.0001018395790363E7
2930;7391;1;1.0001018395790363E7
2931;7394;3;1.0001018395790363E7
2932;7395;1;1.0001018395790363E7
2933;7396;1;1.0001018395790363E7
2934;7399;3;1.0001018395790363E7
2935;7402;3;1.0001018395790363E7
2936;7404;2;1.0001018395790363E7
2937;7406;2;1.0001018395790363E7
2938;7409;3;1.0001018395790363E7
2939;7411;2;1.0001018395790363E7
2940;7413;2;1.0001013962047396E7
2941;7416;3;1.0001013962047396E7
2942;7417;1;1.0001013962047396E7
2943;7420;3;1.0001013962047396E7
2944;7421;1;1.0001013962047396E7
2945;7422;1;1.0001013962047396E7
2946;7422;0;1.0001013962047396E7
2947;7425;3;1.0001013962047396E7
2948;7427;2;1.0001013962047396E7
2949;7428;1;1.0001013962047396E7
2950;7429;1;1.0001013962047396E7
2951;7430;1;1.0001013962047396E7
2952;7431;1;1.0001013962047396E7
2953;7433;2;1.0001013962047396E7
2954;7435;2;1.0001013962047396E7
2955;7436;1;1.0001013962047396E7
2956;7439;3;1.0001013962047396E7
2957;7442;3;1.0001013962047396E7
2958;7445;3;1.0001011432641929E7
2959;7446;1;1.0001011432641929E7
2960;7447;1;1.0001011432641929E7
2961;7448;1;1.0001011432641929E7
2962;7448;0;1.0001011432641929E7
2963;7449;1;1.0001011432641929E7
2964;7451;2;1.0001011336142845E7
2965;7453;2;1.0001011336142845E7
2966;7454;1;1.0001011336142845E7
2967;7456;2;1.0001011336142845E7
2968;7458;2;1.0001011336142845E7
2969;7460;2;1.0001011336142845E7
2970;7462;2;1.0001011336142845E7
2971;7463;1;1.000101117230242E7
2972;7464;1;1.000101117230242E7
2973;7467;3;1.000101117230242E7
2974;7469;2;1.000101117230242E7
2975;7471;2;1.000101117230242E7
2976;7474;3;1.000101117230242E7
2977;7475;1;1.0001010742910234E7
2978;7477;2;1.0001010742910234E7
2979;7478;1;1.0001010742910234E7
2980;7480;2;1.0001010742910234E7
2981;7481;1;1.0001010742910234E7
2982;7483;2;1.0001010742910234E7
2983;7485;2;1.0001010742910234E7
2984;7487;2;1.0001010742910234E7
2985;7489;2;1.0001006881940827E7
2986;7491;2;1.0001006881940827E7
2987;7494;3;1.0001006881940827E7
2988;7495;1;1.0001006881940827E7
2989;7499;4;1.0001006881940827E7
2990;7501;2;1.0001006881940827E7
2991;7502;1;1.0001006881940827E7
2992;7504;2;1.0001006881940827E7
2993;7509;5;1.0001006881940827E7
2994;7513;4;1.0001006881940827E7
2995;7516;3;1.0001006881940827E7
2996;7517;1;1.0001006881940827E7
2997;7519;2;1.0001006881940827E7
2998;7520;1;1.0001006881940827E7
2999;7521;1;1.0001006881940827E7
