Index;Time point [ms];Iteration length [ms];Cost
0;7;7;1.8002496174971953E7
1;11;4;1.800227854198397E7
2;13;2;1.8002163780455656E7
3;16;3;1.8001865572436918E7
4;19;3;1.800172703601398E7
5;22;3;1.6001861702846186E7
6;24;2;1.6001800355707204E7
7;24;0;1.6001800355707204E7
8;27;3;1.6001793299395217E7
9;33;6;1.5001827303870857E7
10;35;2;1.5001827303870857E7
11;38;3;1.5001827303870857E7
12;41;3;1.5001827303870857E7
13;43;2;1.400177340455607E7
14;44;1;1.400177340455607E7
15;45;1;1.400177340455607E7
16;46;1;1.400176577753127E7
17;50;4;1.400151262916008E7
18;52;2;1.400151262916008E7
19;55;3;1.400151262916008E7
20;57;2;1.400151262916008E7
21;59;2;1.400151262916008E7
22;62;3;1.400151262916008E7
23;65;3;1.400151262916008E7
24;68;3;1.400151262916008E7
25;68;0;1.400151262916008E7
26;71;3;1.400151262916008E7
27;74;3;1.400151262916008E7
28;76;2;1.400151262916008E7
29;77;1;1.400151262916008E7
30;80;3;1.400151262916008E7
31;84;4;1.400151262916008E7
32;91;7;1.400151262916008E7
33;93;2;1.400151262916008E7
34;94;1;1.400151262916008E7
35;98;4;1.400151262916008E7
36;106;8;1.400151262916008E7
37;114;8;1.400151262916008E7
38;118;4;1.400151262916008E7
39;131;13;1.400151262916008E7
40;134;3;1.400151262916008E7
41;139;5;1.400151262916008E7
42;144;5;1.400151262916008E7
43;149;5;1.400151262916008E7
44;155;6;1.400151262916008E7
45;162;7;1.400151262916008E7
46;167;5;1.400151262916008E7
47;171;4;1.400151262916008E7
48;173;2;1.400151262916008E7
49;176;3;1.400151262916008E7
50;178;2;1.400151262916008E7
51;182;4;1.400151262916008E7
52;186;4;1.400151262916008E7
53;190;4;1.400151262916008E7
54;191;1;1.400151262916008E7
55;194;3;1.400151262916008E7
56;198;4;1.400151262916008E7
57;201;3;1.400151262916008E7
58;204;3;1.400151262916008E7
59;206;2;1.400151262916008E7
60;209;3;1.400151262916008E7
61;211;2;1.400151262916008E7
62;213;2;1.400151262916008E7
63;215;2;1.400151262916008E7
64;217;2;1.400151262916008E7
65;218;1;1.400151262916008E7
66;223;5;1.400151262916008E7
67;227;4;1.400151262916008E7
68;229;2;1.400151262916008E7
69;232;3;1.400151262916008E7
70;235;3;1.400151262916008E7
71;236;1;1.400151262916008E7
72;240;4;1.400151262916008E7
73;244;4;1.400151262916008E7
74;247;3;1.400151262916008E7
75;248;1;1.400151262916008E7
76;249;1;1.400151262916008E7
77;252;3;1.400151262916008E7
78;255;3;1.400151262916008E7
79;255;0;1.400151262916008E7
80;259;4;1.400151262916008E7
81;262;3;1.400151262916008E7
82;264;2;1.400151262916008E7
83;267;3;1.400151262916008E7
84;270;3;1.400151262916008E7
85;273;3;1.400151262916008E7
86;275;2;1.400151262916008E7
87;275;0;1.400151262916008E7
88;279;4;1.400151262916008E7
89;282;3;1.400151262916008E7
90;285;3;1.400151262916008E7
91;288;3;1.400151262916008E7
92;291;3;1.400151262916008E7
93;293;2;1.400151262916008E7
94;297;4;1.400151262916008E7
95;300;3;1.400151262916008E7
96;302;2;1.400151262916008E7
97;304;2;1.400151262916008E7
98;306;2;1.400151262916008E7
99;309;3;1.400151262916008E7
100;312;3;1.400151262916008E7
101;314;2;1.400151262916008E7
102;317;3;1.400151262916008E7
103;320;3;1.400151262916008E7
104;322;2;1.400151262916008E7
105;326;4;1.400151262916008E7
106;329;3;1.400151262916008E7
107;332;3;1.400151262916008E7
108;335;3;1.400151262916008E7
109;335;0;1.400151262916008E7
110;340;5;1.400151262916008E7
111;343;3;1.400151262916008E7
112;344;1;1.400151262916008E7
113;350;6;1.400151262916008E7
114;355;5;1.400151262916008E7
115;357;2;1.400151262916008E7
116;360;3;1.400151262916008E7
117;361;1;1.400151262916008E7
118;369;8;1.400151262916008E7
119;372;3;1.400151262916008E7
120;373;1;1.400151262916008E7
121;377;4;1.400151262916008E7
122;385;8;1.400151262916008E7
123;389;4;1.400151262916008E7
124;392;3;1.400151262916008E7
125;394;2;1.400151262916008E7
126;398;4;1.400151262916008E7
127;401;3;1.400151262916008E7
128;403;2;1.400151262916008E7
129;404;1;1.400151262916008E7
130;407;3;1.400151262916008E7
131;411;4;1.400151262916008E7
132;417;6;1.400151262916008E7
133;418;1;1.400151262916008E7
134;421;3;1.400151262916008E7
135;423;2;1.400151262916008E7
136;434;11;1.400151262916008E7
137;439;5;1.400151262916008E7
138;452;13;1.400151262916008E7
139;456;4;1.400151262916008E7
140;457;1;1.400151262916008E7
141;481;24;1.400151262916008E7
142;489;8;1.400151262916008E7
143;493;4;1.400151262916008E7
144;500;7;1.400151262916008E7
145;505;5;1.400151262916008E7
146;512;7;1.400151262916008E7
147;517;5;1.400151262916008E7
148;523;6;1.400151262916008E7
149;528;5;1.400151262916008E7
150;535;7;1.400151262916008E7
151;541;6;1.400151262916008E7
152;543;2;1.400151262916008E7
153;547;4;1.3001521524780285E7
154;550;3;1.3001521524780285E7
155;558;8;1.3001521524780285E7
156;562;4;1.3001521524780285E7
157;566;4;1.3001521524780285E7
158;571;5;1.3001521524780285E7
159;576;5;1.3001521524780285E7
160;583;7;1.3001521524780285E7
161;586;3;1.3001521524780285E7
162;592;6;1.3001521524780285E7
163;595;3;1.3001521524780285E7
164;600;5;1.3001521524780285E7
165;604;4;1.3001521524780285E7
166;611;7;1.3001521524780285E7
167;614;3;1.3001521524780285E7
168;619;5;1.3001521524780285E7
169;624;5;1.3001521524780285E7
170;629;5;1.3001521524780285E7
171;633;4;1.3001521524780285E7
172;639;6;1.3001521524780285E7
173;644;5;1.3001521524780285E7
174;653;9;1.3001510416603757E7
175;654;1;1.3001510416603757E7
176;660;6;1.3001510416603757E7
177;665;5;1.3001510416603757E7
178;666;1;1.3001510416603757E7
179;670;4;1.3001510416603757E7
180;676;6;1.3001510416603757E7
181;686;10;1.3001510416603757E7
182;687;1;1.3001510416603757E7
183;691;4;1.3001510416603757E7
184;707;16;1.3001510416603757E7
185;718;11;1.3001510416603757E7
186;723;5;1.3001510416603757E7
187;736;13;1.3001510416603757E7
188;741;5;1.3001510416603757E7
189;755;14;1.3001510416603757E7
190;761;6;1.3001510416603757E7
191;765;4;1.3001510416603757E7
192;769;4;1.3001510416603757E7
193;774;5;1.3001510416603757E7
194;779;5;1.3001510416603757E7
195;786;7;1.3001510416603757E7
196;791;5;1.3001510416603757E7
197;795;4;1.3001510416603757E7
198;800;5;1.3001510416603757E7
199;804;4;1.3001510416603757E7
200;811;7;1.3001510416603757E7
201;812;1;1.3001510416603757E7
202;813;1;1.3001510416603757E7
203;817;4;1.3001510416603757E7
204;821;4;1.3001510416603757E7
205;825;4;1.3001510416603757E7
206;826;1;1.3001510416603757E7
207;829;3;1.3001510416603757E7
208;830;1;1.3001510416603757E7
209;836;6;1.3001510416603757E7
210;840;4;1.3001510416603757E7
211;844;4;1.3001510416603757E7
212;849;5;1.3001510416603757E7
213;853;4;1.3001510416603757E7
214;857;4;1.3001510416603757E7
215;859;2;1.3001510416603757E7
216;864;5;1.3001510416603757E7
217;868;4;1.3001510416603757E7
218;869;1;1.3001510416603757E7
219;873;4;1.3001510416603757E7
220;874;1;1.3001510416603757E7
221;875;1;1.3001510416603757E7
222;878;3;1.3001510416603757E7
223;882;4;1.3001510416603757E7
224;887;5;1.3001510416603757E7
225;890;3;1.3001510416603757E7
226;894;4;1.3001510416603757E7
227;895;1;1.3001510416603757E7
228;898;3;1.3001510416603757E7
229;903;5;1.3001510416603757E7
230;906;3;1.3001510416603757E7
231;910;4;1.3001510416603757E7
232;913;3;1.3001510416603757E7
233;919;6;1.3001510416603757E7
234;924;5;1.3001510416603757E7
235;930;6;1.3001510416603757E7
236;932;2;1.3001510416603757E7
237;938;6;1.3001510416603757E7
238;939;1;1.3001510416603757E7
239;943;4;1.3001510416603757E7
240;946;3;1.3001510416603757E7
241;949;3;1.3001510416603757E7
242;949;0;1.3001510416603757E7
243;953;4;1.3001510416603757E7
244;956;3;1.3001510416603757E7
245;959;3;1.3001510416603757E7
246;960;1;1.3001510416603757E7
247;963;3;1.3001510416603757E7
248;965;2;1.3001510416603757E7
249;968;3;1.3001510416603757E7
250;968;0;1.3001510416603757E7
251;969;1;1.3001510416603757E7
252;970;1;1.3001510416603757E7
253;971;1;1.3001510416603757E7
254;974;3;1.3001510416603757E7
255;977;3;1.3001510416603757E7
256;981;4;1.3001510416603757E7
257;981;0;1.3001510416603757E7
258;982;1;1.3001510416603757E7
259;983;1;1.3001510416603757E7
260;985;2;1.3001510416603757E7
261;987;2;1.3001510416603757E7
262;990;3;1.3001510416603757E7
263;995;5;1.3001510416603757E7
264;997;2;1.3001510416603757E7
265;998;1;1.3001510416603757E7
266;1002;4;1.3001510416603757E7
267;1006;4;1.3001510416603757E7
268;1010;4;1.3001510416603757E7
269;1011;1;1.3001510416603757E7
270;1011;0;1.3001510416603757E7
271;1014;3;1.3001510416603757E7
272;1018;4;1.3001510416603757E7
273;1021;3;1.3001510416603757E7
274;1022;1;1.3001510416603757E7
275;1026;4;1.3001510416603757E7
276;1029;3;1.3001510416603757E7
277;1034;5;1.3001510416603757E7
278;1038;4;1.3001510416603757E7
279;1041;3;1.3001510416603757E7
280;1044;3;1.3001510416603757E7
281;1047;3;1.3001510416603757E7
282;1048;1;1.3001510416603757E7
283;1050;2;1.3001510416603757E7
284;1051;1;1.3001510416603757E7
285;1053;2;1.3001510416603757E7
286;1056;3;1.3001510416603757E7
287;1056;0;1.3001510416603757E7
288;1059;3;1.3001510416603757E7
289;1060;1;1.3001510416603757E7
290;1061;1;1.3001510416603757E7
291;1063;2;1.3001510416603757E7
292;1063;0;1.3001510416603757E7
293;1065;2;1.3001510416603757E7
294;1068;3;1.3001510416603757E7
295;1069;1;1.3001510416603757E7
296;1071;2;1.3001510416603757E7
297;1074;3;1.3001510416603757E7
298;1077;3;1.3001510416603757E7
299;1079;2;1.3001510416603757E7
300;1080;1;1.3001510416603757E7
301;1082;2;1.3001510416603757E7
302;1084;2;1.3001510416603757E7
303;1087;3;1.3001510416603757E7
304;1099;12;1.3001510416603757E7
305;1107;8;1.3001510416603757E7
306;1112;5;1.3001510416603757E7
307;1115;3;1.3001510416603757E7
308;1119;4;1.3001510416603757E7
309;1122;3;1.3001510416603757E7
310;1123;1;1.3001510416603757E7
311;1128;5;1.3001510416603757E7
312;1132;4;1.3001510416603757E7
313;1133;1;1.3001510416603757E7
314;1134;1;1.3001510416603757E7
315;1142;8;1.3001510416603757E7
316;1146;4;1.3001510416603757E7
317;1146;0;1.3001510416603757E7
318;1148;2;1.3001510416603757E7
319;1151;3;1.3001510416603757E7
320;1155;4;1.3001510416603757E7
321;1159;4;1.3001510416603757E7
322;1166;7;1.3001510416603757E7
323;1169;3;1.3001510416603757E7
324;1177;8;1.3001510416603757E7
325;1182;5;1.3001510416603757E7
326;1184;2;1.3001510416603757E7
327;1188;4;1.3001510416603757E7
328;1193;5;1.3001510416603757E7
329;1198;5;1.3001510416603757E7
330;1215;17;1.3001510416603757E7
331;1216;1;1.3001510416603757E7
332;1217;1;1.3001510416603757E7
333;1235;18;1.3001510416603757E7
334;1243;8;1.3001510416603757E7
335;1244;1;1.3001510416603757E7
336;1245;1;1.3001510416603757E7
337;1250;5;1.3001510416603757E7
338;1274;24;1.3001510416603757E7
339;1279;5;1.3001510416603757E7
340;1289;10;1.3001510416603757E7
341;1307;18;1.3001510416603757E7
342;1313;6;1.3001510416603757E7
343;1317;4;1.3001510416603757E7
344;1321;4;1.3001510416603757E7
345;1325;4;1.3001510416603757E7
346;1329;4;1.3001510416603757E7
347;1337;8;1.3001510416603757E7
348;1344;7;1.3001510416603757E7
349;1348;4;1.3001510416603757E7
350;1352;4;1.3001510416603757E7
351;1356;4;1.3001510416603757E7
352;1357;1;1.3001510416603757E7
353;1362;5;1.3001510416603757E7
354;1364;2;1.3001510416603757E7
355;1365;1;1.3001510416603757E7
356;1366;1;1.3001510416603757E7
357;1370;4;1.3001510416603757E7
358;1373;3;1.3001510416603757E7
359;1373;0;1.3001510416603757E7
360;1375;2;1.3001510416603757E7
361;1376;1;1.3001510416603757E7
362;1377;1;1.3001510416603757E7
363;1380;3;1.3001510416603757E7
364;1382;2;1.3001510416603757E7
365;1385;3;1.3001510416603757E7
366;1386;1;1.3001510416603757E7
367;1389;3;1.3001510416603757E7
368;1390;1;1.3001510416603757E7
369;1391;1;1.3001510416603757E7
370;1395;4;1.3001510416603757E7
371;1399;4;1.3001510416603757E7
372;1400;1;1.3001510416603757E7
373;1404;4;1.3001510416603757E7
374;1406;2;1.3001510416603757E7
375;1408;2;1.3001510416603757E7
376;1410;2;1.3001510416603757E7
377;1415;5;1.3001510416603757E7
378;1421;6;1.3001510416603757E7
379;1422;1;1.3001510416603757E7
380;1426;4;1.3001510416603757E7
381;1430;4;1.3001510416603757E7
382;1435;5;1.3001510416603757E7
383;1439;4;1.3001510416603757E7
384;1443;4;1.3001510416603757E7
385;1444;1;1.3001510416603757E7
386;1445;1;1.3001510416603757E7
387;1448;3;1.3001510416603757E7
388;1449;1;1.3001510416603757E7
389;1450;1;1.3001510416603757E7
390;1451;1;1.3001510416603757E7
391;1455;4;1.3001510416603757E7
392;1458;3;1.3001510416603757E7
393;1463;5;1.3001510416603757E7
394;1466;3;1.3001510416603757E7
395;1470;4;1.3001510416603757E7
396;1471;1;1.3001510416603757E7
397;1479;8;1.3001510416603757E7
398;1484;5;1.3001510416603757E7
399;1485;1;1.3001510416603757E7
400;1486;1;1.3001510416603757E7
401;1491;5;1.3001510416603757E7
402;1495;4;1.3001510416603757E7
403;1500;5;1.3001510416603757E7
404;1502;2;1.3001510416603757E7
405;1507;5;1.3001510416603757E7
406;1512;5;1.3001510416603757E7
407;1516;4;1.3001510416603757E7
408;1520;4;1.3001510416603757E7
409;1526;6;1.3001510416603757E7
410;1538;12;1.3001510416603757E7
411;1544;6;1.3001510416603757E7
412;1548;4;1.3001510416603757E7
413;1553;5;1.3001510416603757E7
414;1562;9;1.3001510416603757E7
415;1564;2;1.3001510416603757E7
416;1570;6;1.3001510416603757E7
417;1572;2;1.3001510416603757E7
418;1575;3;1.3001510416603757E7
419;1582;7;1.3001510416603757E7
420;1588;6;1.3001510416603757E7
421;1595;7;1.3001510416603757E7
422;1598;3;1.3001510416603757E7
423;1599;1;1.3001510416603757E7
424;1606;7;1.3001510416603757E7
425;1611;5;1.3001510416603757E7
426;1625;14;1.3001510416603757E7
427;1627;2;1.3001510416603757E7
428;1630;3;1.3001510416603757E7
429;1633;3;1.3001510416603757E7
430;1638;5;1.3001510416603757E7
431;1641;3;1.3001510416603757E7
432;1645;4;1.3001510416603757E7
433;1651;6;1.3001510416603757E7
434;1663;12;1.3001510416603757E7
435;1681;18;1.3001510416603757E7
436;1696;15;1.3001510416603757E7
437;1702;6;1.3001510416603757E7
438;1706;4;1.3001510416603757E7
439;1712;6;1.3001510416603757E7
440;1716;4;1.3001510416603757E7
441;1719;3;1.3001510416603757E7
442;1722;3;1.3001510416603757E7
443;1727;5;1.3001510416603757E7
444;1732;5;1.3001510416603757E7
445;1741;9;1.3001510416603757E7
446;1746;5;1.3001510416603757E7
447;1750;4;1.3001510416603757E7
448;1755;5;1.3001510416603757E7
449;1759;4;1.3001510416603757E7
450;1767;8;1.3001510416603757E7
451;1774;7;1.3001510416603757E7
452;1775;1;1.3001510416603757E7
453;1779;4;1.3001510416603757E7
454;1785;6;1.3001510416603757E7
455;1789;4;1.3001510416603757E7
456;1790;1;1.3001510416603757E7
457;1796;6;1.3001510416603757E7
458;1800;4;1.3001510416603757E7
459;1805;5;1.3001510416603757E7
460;1809;4;1.3001510416603757E7
461;1814;5;1.3001510416603757E7
462;1818;4;1.3001510416603757E7
463;1819;1;1.3001510416603757E7
464;1825;6;1.3001510416603757E7
465;1829;4;1.3001510416603757E7
466;1835;6;1.3001510416603757E7
467;1841;6;1.3001510416603757E7
468;1843;2;1.3001510416603757E7
469;1851;8;1.3001510416603757E7
470;1854;3;1.3001510416603757E7
471;1869;15;1.3001510416603757E7
472;1874;5;1.3001510416603757E7
473;1879;5;1.3001510416603757E7
474;1882;3;1.3001510416603757E7
475;1887;5;1.3001510416603757E7
476;1889;2;1.3001510416603757E7
477;1890;1;1.3001510416603757E7
478;1895;5;1.3001510416603757E7
479;1898;3;1.3001510416603757E7
480;1900;2;1.3001510416603757E7
481;1904;4;1.3001510416603757E7
482;1906;2;1.3001510416603757E7
483;1910;4;1.3001510416603757E7
484;1917;7;1.3001510416603757E7
485;1921;4;1.3001510416603757E7
486;1922;1;1.3001510416603757E7
487;1935;13;1.3001510416603757E7
488;1937;2;1.3001510416603757E7
489;1941;4;1.3001510416603757E7
490;1945;4;1.3001510416603757E7
491;1948;3;1.3001510416603757E7
492;1950;2;1.3001510416603757E7
493;1955;5;1.3001510416603757E7
494;1957;2;1.3001510416603757E7
495;1962;5;1.3001510416603757E7
496;1968;6;1.3001510416603757E7
497;1970;2;1.3001510416603757E7
498;1973;3;1.3001510416603757E7
499;1976;3;1.3001510416603757E7
500;1980;4;1.3001510416603757E7
501;1983;3;1.3001510416603757E7
502;1985;2;1.3001510416603757E7
503;1987;2;1.3001510416603757E7
504;1989;2;1.3001510416603757E7
505;1993;4;1.3001510416603757E7
506;1997;4;1.3001510416603757E7
507;2000;3;1.3001510416603757E7
508;2004;4;1.3001510416603757E7
509;2007;3;1.3001510416603757E7
510;2009;2;1.3001510416603757E7
511;2012;3;1.3001510416603757E7
512;2013;1;1.3001510416603757E7
513;2017;4;1.3001510416603757E7
514;2019;2;1.3001510416603757E7
515;2021;2;1.3001510416603757E7
516;2023;2;1.3001510416603757E7
517;2027;4;1.3001510416603757E7
518;2028;1;1.3001510416603757E7
519;2029;1;1.3001510416603757E7
520;2033;4;1.3001510416603757E7
521;2036;3;1.3001510416603757E7
522;2037;1;1.3001510416603757E7
523;2040;3;1.3001510416603757E7
524;2043;3;1.3001510416603757E7
525;2048;5;1.3001510416603757E7
526;2051;3;1.3001510416603757E7
527;2054;3;1.3001510416603757E7
528;2056;2;1.3001510416603757E7
529;2057;1;1.3001510416603757E7
530;2057;0;1.3001510416603757E7
531;2061;4;1.3001510416603757E7
532;2061;0;1.3001510416603757E7
533;2065;4;1.3001510416603757E7
534;2066;1;1.3001510416603757E7
535;2068;2;1.3001510416603757E7
536;2071;3;1.3001510416603757E7
537;2075;4;1.3001510416603757E7
538;2075;0;1.3001510416603757E7
539;2078;3;1.3001510416603757E7
540;2081;3;1.3001510416603757E7
541;2081;0;1.3001510416603757E7
542;2082;1;1.3001510416603757E7
543;2084;2;1.3001510416603757E7
544;2087;3;1.3001510416603757E7
545;2090;3;1.3001510416603757E7
546;2092;2;1.3001510416603757E7
547;2094;2;1.3001510416603757E7
548;2096;2;1.3001510416603757E7
549;2099;3;1.3001510416603757E7
550;2102;3;1.3001510416603757E7
551;2103;1;1.3001510416603757E7
552;2105;2;1.3001510416603757E7
553;2108;3;1.3001510416603757E7
554;2108;0;1.3001510416603757E7
555;2112;4;1.3001510416603757E7
556;2117;5;1.3001510416603757E7
557;2120;3;1.3001510416603757E7
558;2122;2;1.3001510416603757E7
559;2125;3;1.3001510416603757E7
560;2128;3;1.3001510416603757E7
561;2130;2;1.3001510416603757E7
562;2133;3;1.3001510416603757E7
563;2137;4;1.3001510416603757E7
564;2141;4;1.3001510416603757E7
565;2143;2;1.3001510416603757E7
566;2146;3;1.3001510416603757E7
567;2150;4;1.3001510416603757E7
568;2153;3;1.3001510416603757E7
569;2154;1;1.3001510416603757E7
570;2157;3;1.3001510416603757E7
571;2160;3;1.3001510416603757E7
572;2163;3;1.3001510416603757E7
573;2167;4;1.3001510416603757E7
574;2168;1;1.3001510416603757E7
575;2171;3;1.3001510416603757E7
576;2172;1;1.3001510416603757E7
577;2175;3;1.3001510416603757E7
578;2177;2;1.3001510416603757E7
579;2181;4;1.3001510416603757E7
580;2182;1;1.3001510416603757E7
581;2183;1;1.3001510416603757E7
582;2185;2;1.3001510416603757E7
583;2189;4;1.3001510416603757E7
584;2190;1;1.3001510416603757E7
585;2193;3;1.3001510416603757E7
586;2196;3;1.3001510416603757E7
587;2199;3;1.3001510416603757E7
588;2200;1;1.3001510416603757E7
589;2204;4;1.3001510416603757E7
590;2207;3;1.3001510416603757E7
591;2208;1;1.3001510416603757E7
592;2211;3;1.3001510416603757E7
593;2212;1;1.3001510416603757E7
594;2212;0;1.3001510416603757E7
595;2215;3;1.3001510416603757E7
596;2218;3;1.3001510416603757E7
597;2220;2;1.3001510416603757E7
598;2223;3;1.3001510416603757E7
599;2227;4;1.3001510416603757E7
600;2230;3;1.3001510416603757E7
601;2231;1;1.3001510416603757E7
602;2234;3;1.3001510416603757E7
603;2237;3;1.3001510416603757E7
604;2240;3;1.3001510416603757E7
605;2241;1;1.3001510416603757E7
606;2244;3;1.3001510416603757E7
607;2246;2;1.3001508564845802E7
608;2249;3;1.3001508564845802E7
609;2251;2;1.3001508564845802E7
610;2254;3;1.3001508564845802E7
611;2256;2;1.3001508564845802E7
612;2256;0;1.3001508564845802E7
613;2259;3;1.3001508564845802E7
614;2261;2;1.3001508564845802E7
615;2264;3;1.3001508564845802E7
616;2265;1;1.3001508564845802E7
617;2267;2;1.3001508564845802E7
618;2271;4;1.3001508564845802E7
619;2273;2;1.3001508564845802E7
620;2276;3;1.3001508564845802E7
621;2279;3;1.3001508564845802E7
622;2282;3;1.3001508564845802E7
623;2283;1;1.3001508564845802E7
624;2287;4;1.3001508564845802E7
625;2291;4;1.3001508564845802E7
626;2295;4;1.3001508564845802E7
627;2298;3;1.3001500098305007E7
628;2300;2;1.3001500098305007E7
629;2302;2;1.3001500098305007E7
630;2306;4;1.3001500098305007E7
631;2308;2;1.3001500098305007E7
632;2311;3;1.3001500098305007E7
633;2313;2;1.3001500098305007E7
634;2315;2;1.3001500098305007E7
635;2319;4;1.3001500098305007E7
636;2322;3;1.3001500098305007E7
637;2325;3;1.3001500098305007E7
638;2325;0;1.3001498551800454E7
639;2327;2;1.3001479648514856E7
640;2330;3;1.3001479648514856E7
641;2332;2;1.3001479648514856E7
642;2333;1;1.3001476182044692E7
643;2333;0;1.3001476182044692E7
644;2336;3;1.3001476182044692E7
645;2338;2;1.3001476182044692E7
646;2340;2;1.3001476182044692E7
647;2343;3;1.3001476182044692E7
648;2346;3;1.3001476182044692E7
649;2347;1;1.3001476182044692E7
650;2349;2;1.3001476182044692E7
651;2352;3;1.3001476182044692E7
652;2356;4;1.3001476182044692E7
653;2357;1;1.3001476182044692E7
654;2360;3;1.3001476182044692E7
655;2360;0;1.3001476182044692E7
656;2363;3;1.3001476182044692E7
657;2366;3;1.3001476182044692E7
658;2369;3;1.3001476182044692E7
659;2370;1;1.3001476182044692E7
660;2372;2;1.3001476182044692E7
661;2375;3;1.3001476182044692E7
662;2377;2;1.3001470346981358E7
663;2380;3;1.3001470346981358E7
664;2383;3;1.3001470346981358E7
665;2386;3;1.3001470346981358E7
666;2389;3;1.3001470346981358E7
667;2391;2;1.3001470346981358E7
668;2393;2;1.3001470346981358E7
669;2395;2;1.3001466949198928E7
670;2398;3;1.3001466949198928E7
671;2400;2;1.3001466949198928E7
672;2404;4;1.3001466949198928E7
673;2405;1;1.3001466949198928E7
674;2406;1;1.3001466949198928E7
675;2410;4;1.3001466949198928E7
676;2411;1;1.3001466949198928E7
677;2414;3;1.3001466949198928E7
678;2416;2;1.3001466949198928E7
679;2419;3;1.3001466949198928E7
680;2419;0;1.3001466949198928E7
681;2421;2;1.3001466949198928E7
682;2426;5;1.3001466949198928E7
683;2429;3;1.3001466949198928E7
684;2430;1;1.3001466949198928E7
685;2433;3;1.3001466949198928E7
686;2433;0;1.3001466949198928E7
687;2437;4;1.3001466949198928E7
688;2439;2;1.3001466949198928E7
689;2439;0;1.3001466949198928E7
690;2442;3;1.3001466949198928E7
691;2443;1;1.3001466949198928E7
692;2444;1;1.3001466949198928E7
693;2447;3;1.3001466949198928E7
694;2450;3;1.3001466949198928E7
695;2453;3;1.3001466949198928E7
696;2457;4;1.3001466949198928E7
697;2458;1;1.3001466949198928E7
698;2461;3;1.3001466949198928E7
699;2462;1;1.3001466949198928E7
700;2463;1;1.3001466949198928E7
701;2466;3;1.3001466949198928E7
702;2468;2;1.3001466949198928E7
703;2471;3;1.3001466949198928E7
704;2474;3;1.3001466949198928E7
705;2477;3;1.3001466808003098E7
706;2479;2;1.3001466808003098E7
707;2481;2;1.3001466808003098E7
708;2483;2;1.3001466808003098E7
709;2484;1;1.3001460453534406E7
710;2488;4;1.3001460453534406E7
711;2490;2;1.3001460453534406E7
712;2491;1;1.3001460453534406E7
713;2494;3;1.3001460453534406E7
714;2495;1;1.3001460453534406E7
715;2498;3;1.3001460453534406E7
716;2501;3;1.3001460453534406E7
717;2505;4;1.3001460453534406E7
718;2505;0;1.3001460453534406E7
719;2509;4;1.3001460453534406E7
720;2511;2;1.3001460453534406E7
721;2515;4;1.3001460453534406E7
722;2518;3;1.3001460453534406E7
723;2523;5;1.3001460453534406E7
724;2526;3;1.3001460453534406E7
725;2529;3;1.3001460453534406E7
726;2531;2;1.3001460453534406E7
727;2535;4;1.3001460453534406E7
728;2538;3;1.3001460453534406E7
729;2540;2;1.3001460453534406E7
730;2544;4;1.3001460453534406E7
731;2546;2;1.3001460453534406E7
732;2549;3;1.3001460453534406E7
733;2550;1;1.3001460453534406E7
734;2553;3;1.3001460453534406E7
735;2555;2;1.3001460453534406E7
736;2560;5;1.3001460453534406E7
737;2560;0;1.3001460453534406E7
738;2563;3;1.3001460453534406E7
739;2565;2;1.3001460453534406E7
740;2567;2;1.3001460453534406E7
741;2568;1;1.3001460453534406E7
742;2569;1;1.3001460453534406E7
743;2570;1;1.3001460453534406E7
744;2572;2;1.3001460453534406E7
745;2573;1;1.3001460453534406E7
746;2574;1;1.3001460453534406E7
747;2575;1;1.3001460453534406E7
748;2578;3;1.3001460453534406E7
749;2582;4;1.3001460453534406E7
750;2586;4;1.3001460453534406E7
751;2588;2;1.3001460453534406E7
752;2589;1;1.3001460453534406E7
753;2592;3;1.3001460453534406E7
754;2595;3;1.3001460453534406E7
755;2598;3;1.3001460453534406E7
756;2601;3;1.3001460453534406E7
757;2604;3;1.3001460453534406E7
758;2607;3;1.3001460453534406E7
759;2609;2;1.3001460453534406E7
760;2612;3;1.3001460453534406E7
761;2614;2;1.3001460453534406E7
762;2614;0;1.3001460453534406E7
763;2618;4;1.3001460453534406E7
764;2620;2;1.3001460453534406E7
765;2623;3;1.3001460453534406E7
766;2624;1;1.3001460453534406E7
767;2627;3;1.3001460453534406E7
768;2630;3;1.3001460453534406E7
769;2634;4;1.3001460453534406E7
770;2635;1;1.3001460453534406E7
771;2635;0;1.3001460453534406E7
772;2639;4;1.3001460453534406E7
773;2641;2;1.3001460453534406E7
774;2643;2;1.3001460453534406E7
775;2644;1;1.3001460453534406E7
776;2644;0;1.3001460453534406E7
777;2645;1;1.3001460453534406E7
778;2647;2;1.3001460453534406E7
779;2648;1;1.3001460453534406E7
780;2650;2;1.3001460453534406E7
781;2653;3;1.3001460453534406E7
782;2655;2;1.3001460453534406E7
783;2658;3;1.3001460453534406E7
784;2659;1;1.3001460453534406E7
785;2661;2;1.3001460453534406E7
786;2663;2;1.3001460453534406E7
787;2665;2;1.3001460453534406E7
788;2668;3;1.3001460453534406E7
789;2668;0;1.3001460453534406E7
790;2670;2;1.3001460453534406E7
791;2672;2;1.3001460453534406E7
792;2673;1;1.3001460453534406E7
793;2674;1;1.3001460453534406E7
794;2676;2;1.3001460453534406E7
795;2680;4;1.3001460453534406E7
796;2682;2;1.3001460453534406E7
797;2685;3;1.3001460453534406E7
798;2688;3;1.3001460453534406E7
799;2691;3;1.3001460453534406E7
800;2694;3;1.3001460453534406E7
801;2695;1;1.3001460453534406E7
802;2696;1;1.3001460453534406E7
803;2696;0;1.3001460453534406E7
804;2697;1;1.3001460453534406E7
805;2699;2;1.3001460453534406E7
806;2701;2;1.3001460453534406E7
807;2704;3;1.3001460453534406E7
808;2706;2;1.3001460453534406E7
809;2709;3;1.3001460453534406E7
810;2712;3;1.3001460453534406E7
811;2715;3;1.3001460453534406E7
812;2717;2;1.3001460453534406E7
813;2719;2;1.3001460453534406E7
814;2724;5;1.3001460453534406E7
815;2726;2;1.3001460453534406E7
816;2726;0;1.3001460453534406E7
817;2730;4;1.3001460453534406E7
818;2731;1;1.3001460453534406E7
819;2732;1;1.3001460453534406E7
820;2735;3;1.3001460453534406E7
821;2737;2;1.3001460453534406E7
822;2741;4;1.3001460453534406E7
823;2741;0;1.3001460453534406E7
824;2743;2;1.3001460453534406E7
825;2744;1;1.3001460453534406E7
826;2745;1;1.3001460453534406E7
827;2748;3;1.3001460453534406E7
828;2750;2;1.3001460453534406E7
829;2754;4;1.3001460453534406E7
830;2755;1;1.3001460453534406E7
831;2758;3;1.3001460453534406E7
832;2760;2;1.3001460453534406E7
833;2763;3;1.3001460453534406E7
834;2765;2;1.3001460453534406E7
835;2766;1;1.3001460453534406E7
836;2768;2;1.3001460453534406E7
837;2771;3;1.3001460453534406E7
838;2774;3;1.3001460453534406E7
839;2776;2;1.3001460453534406E7
840;2778;2;1.3001460453534406E7
841;2781;3;1.3001460453534406E7
842;2783;2;1.3001460453534406E7
843;2787;4;1.3001460453534406E7
844;2789;2;1.3001460453534406E7
845;2792;3;1.3001460453534406E7
846;2795;3;1.3001460453534406E7
847;2798;3;1.3001460453534406E7
848;2801;3;1.3001460453534406E7
849;2804;3;1.3001460453534406E7
850;2804;0;1.3001460453534406E7
851;2805;1;1.3001460453534406E7
852;2807;2;1.3001460453534406E7
853;2809;2;1.3001460453534406E7
854;2813;4;1.3001460453534406E7
855;2814;1;1.3001460453534406E7
856;2818;4;1.3001460453534406E7
857;2820;2;1.3001460453534406E7
858;2820;0;1.3001460453534406E7
859;2823;3;1.3001460453534406E7
860;2825;2;1.3001460453534406E7
861;2828;3;1.3001460453534406E7
862;2830;2;1.3001460453534406E7
863;2832;2;1.3001460453534406E7
864;2835;3;1.3001460453534406E7
865;2836;1;1.3001460453534406E7
866;2839;3;1.3001460453534406E7
867;2841;2;1.3001460453534406E7
868;2842;1;1.3001460453534406E7
869;2843;1;1.3001460453534406E7
870;2846;3;1.3001460453534406E7
871;2847;1;1.3001460453534406E7
872;2849;2;1.3001460453534406E7
873;2852;3;1.3001460453534406E7
874;2855;3;1.3001460453534406E7
875;2857;2;1.3001460453534406E7
876;2859;2;1.3001460453534406E7
877;2862;3;1.3001460453534406E7
878;2863;1;1.3001460453534406E7
879;2867;4;1.3001460453534406E7
880;2871;4;1.3001460453534406E7
881;2873;2;1.3001460453534406E7
882;2875;2;1.3001460453534406E7
883;2876;1;1.3001460453534406E7
884;2879;3;1.3001460453534406E7
885;2882;3;1.3001460453534406E7
886;2884;2;1.3001460453534406E7
887;2886;2;1.3001460453534406E7
888;2888;2;1.3001460453534406E7
889;2890;2;1.3001460453534406E7
890;2891;1;1.3001460453534406E7
891;2893;2;1.3001460453534406E7
892;2893;0;1.3001460453534406E7
893;2896;3;1.3001460453534406E7
894;2899;3;1.3001460453534406E7
895;2903;4;1.3001460453534406E7
896;2905;2;1.3001460453534406E7
897;2907;2;1.3001460453534406E7
898;2910;3;1.3001460453534406E7
899;2913;3;1.3001460453534406E7
900;2917;4;1.3001460453534406E7
901;2921;4;1.3001460453534406E7
902;2922;1;1.3001460453534406E7
903;2923;1;1.3001460453534406E7
904;2924;1;1.3001460453534406E7
905;2926;2;1.3001460453534406E7
906;2928;2;1.3001460453534406E7
907;2928;0;1.3001460453534406E7
908;2932;4;1.3001460453534406E7
909;2933;1;1.3001460453534406E7
910;2936;3;1.3001460453534406E7
911;2940;4;1.3001460453534406E7
912;2943;3;1.3001460453534406E7
913;2946;3;1.3001460453534406E7
914;2946;0;1.3001460453534406E7
915;2948;2;1.3001460453534406E7
916;2951;3;1.3001460453534406E7
917;2953;2;1.3001460453534406E7
918;2954;1;1.3001460453534406E7
919;2954;0;1.3001460453534406E7
920;2957;3;1.3001460453534406E7
921;2959;2;1.3001460453534406E7
922;2961;2;1.3001460453534406E7
923;2964;3;1.3001460453534406E7
924;2967;3;1.3001460453534406E7
925;2967;0;1.3001460453534406E7
926;2971;4;1.3001460453534406E7
927;2972;1;1.300143638556884E7
928;2974;2;1.3001434709640818E7
929;2976;2;1.3001434709640818E7
930;2979;3;1.3001434709640818E7
931;2981;2;1.3001434709640818E7
932;2984;3;1.3001434709640818E7
933;2984;0;1.3001434709640818E7
934;2985;1;1.3001434709640818E7
935;2987;2;1.3001434709640818E7
936;2989;2;1.3001434709640818E7
937;2992;3;1.3001434709640818E7
938;2992;0;1.3001434709640818E7
939;2997;5;1.3001434709640818E7
940;2999;2;1.3001434709640818E7
941;3002;3;1.3001434709640818E7
942;3005;3;1.3001424348891936E7
943;3008;3;1.3001424348891936E7
944;3011;3;1.3001424348891936E7
945;3011;0;1.3001424348891936E7
946;3014;3;1.3001424348891936E7
947;3015;1;1.3001424348891936E7
948;3017;2;1.3001424348891936E7
949;3020;3;1.3001424348891936E7
950;3024;4;1.3001424348891936E7
951;3026;2;1.3001424348891936E7
952;3029;3;1.3001424348891936E7
953;3032;3;1.3001424348891936E7
954;3035;3;1.3001424348891936E7
955;3037;2;1.3001424348891936E7
956;3041;4;1.3001424348891936E7
957;3044;3;1.3001424348891936E7
958;3046;2;1.3001424348891936E7
959;3048;2;1.3001424348891936E7
960;3051;3;1.3001424348891936E7
961;3052;1;1.3001424348891936E7
962;3054;2;1.3001424348891936E7
963;3057;3;1.3001424348891936E7
964;3059;2;1.3001424348891936E7
965;3061;2;1.3001424348891936E7
966;3062;1;1.3001424348891936E7
967;3062;0;1.3001424348891936E7
968;3067;5;1.3001424348891936E7
969;3071;4;1.3001424348891936E7
970;3074;3;1.3001424348891936E7
971;3077;3;1.3001424348891936E7
972;3079;2;1.3001424348891936E7
973;3079;0;1.3001424348891936E7
974;3081;2;1.3001424348891936E7
975;3085;4;1.3001424348891936E7
976;3088;3;1.3001424348891936E7
977;3090;2;1.3001424348891936E7
978;3092;2;1.3001424348891936E7
979;3095;3;1.3001424348891936E7
980;3097;2;1.3001424348891936E7
981;3100;3;1.3001424348891936E7
982;3100;0;1.3001424348891936E7
983;3103;3;1.3001424348891936E7
984;3106;3;1.3001424348891936E7
985;3107;1;1.3001424348891936E7
986;3109;2;1.3001424348891936E7
987;3112;3;1.3001424348891936E7
988;3115;3;1.3001424348891936E7
989;3117;2;1.3001424348891936E7
990;3119;2;1.3001424348891936E7
991;3120;1;1.3001424348891936E7
992;3122;2;1.3001424348891936E7
993;3125;3;1.3001424348891936E7
994;3127;2;1.3001424348891936E7
995;3130;3;1.3001424348891936E7
996;3132;2;1.3001424348891936E7
997;3136;4;1.3001424348891936E7
998;3136;0;1.3001424348891936E7
999;3137;1;1.3001424348891936E7
1000;3139;2;1.3001424348891936E7
1001;3141;2;1.3001424348891936E7
1002;3143;2;1.3001424348891936E7
1003;3146;3;1.3001424348891936E7
1004;3149;3;1.3001424348891936E7
1005;3150;1;1.3001424348891936E7
1006;3152;2;1.3001424348891936E7
1007;3153;1;1.3001424348891936E7
1008;3156;3;1.3001424348891936E7
1009;3159;3;1.3001424348891936E7
1010;3160;1;1.3001424348891936E7
1011;3160;0;1.3001424348891936E7
1012;3162;2;1.3001424348891936E7
1013;3164;2;1.3001424348891936E7
1014;3165;1;1.3001424348891936E7
1015;3167;2;1.3001424348891936E7
1016;3168;1;1.3001424348891936E7
1017;3170;2;1.3001424348891936E7
1018;3172;2;1.3001424348891936E7
1019;3175;3;1.3001424348891936E7
1020;3176;1;1.3001424348891936E7
1021;3180;4;1.3001424348891936E7
1022;3183;3;1.3001424348891936E7
1023;3184;1;1.3001424348891936E7
1024;3187;3;1.3001424348891936E7
1025;3189;2;1.3001424348891936E7
1026;3191;2;1.3001424348891936E7
1027;3192;1;1.3001424348891936E7
1028;3194;2;1.3001424348891936E7
1029;3197;3;1.3001424348891936E7
1030;3197;0;1.3001424348891936E7
1031;3200;3;1.3001424348891936E7
1032;3202;2;1.3001424348891936E7
1033;3204;2;1.3001424348891936E7
1034;3206;2;1.3001424348891936E7
1035;3209;3;1.3001424348891936E7
1036;3209;0;1.3001424348891936E7
1037;3212;3;1.3001424348891936E7
1038;3214;2;1.3001424348891936E7
1039;3216;2;1.3001424348891936E7
1040;3219;3;1.3001424348891936E7
1041;3222;3;1.3001424348891936E7
1042;3225;3;1.3001424348891936E7
1043;3227;2;1.3001424348891936E7
1044;3229;2;1.3001424348891936E7
1045;3232;3;1.3001424348891936E7
1046;3233;1;1.3001424348891936E7
1047;3236;3;1.3001424348891936E7
1048;3239;3;1.3001424348891936E7
1049;3240;1;1.3001424348891936E7
1050;3241;1;1.3001424348891936E7
1051;3243;2;1.3001424348891936E7
1052;3247;4;1.3001424348891936E7
1053;3247;0;1.3001424348891936E7
1054;3250;3;1.3001424348891936E7
1055;3251;1;1.3001424348891936E7
1056;3253;2;1.3001424348891936E7
1057;3255;2;1.3001424348891936E7
1058;3257;2;1.3001424348891936E7
1059;3258;1;1.3001424348891936E7
1060;3259;1;1.3001424348891936E7
1061;3259;0;1.3001424348891936E7
1062;3262;3;1.3001424348891936E7
1063;3264;2;1.3001424348891936E7
1064;3264;0;1.3001424348891936E7
1065;3265;1;1.3001424348891936E7
1066;3266;1;1.3001424348891936E7
1067;3268;2;1.3001424348891936E7
1068;3269;1;1.3001424348891936E7
1069;3272;3;1.3001424348891936E7
1070;3274;2;1.3001424348891936E7
1071;3276;2;1.3001424348891936E7
1072;3278;2;1.3001424348891936E7
1073;3281;3;1.3001424348891936E7
1074;3282;1;1.3001424348891936E7
1075;3284;2;1.3001424348891936E7
1076;3286;2;1.3001424348891936E7
1077;3290;4;1.3001424348891936E7
1078;3293;3;1.3001424348891936E7
1079;3296;3;1.3001424348891936E7
1080;3297;1;1.3001424348891936E7
1081;3300;3;1.3001424348891936E7
1082;3302;2;1.3001424348891936E7
1083;3306;4;1.3001424348891936E7
1084;3307;1;1.3001424348891936E7
1085;3310;3;1.3001424348891936E7
1086;3313;3;1.3001424348891936E7
1087;3313;0;1.3001424348891936E7
1088;3316;3;1.3001424348891936E7
1089;3319;3;1.3001424348891936E7
1090;3321;2;1.3001424348891936E7
1091;3323;2;1.3001424348891936E7
1092;3326;3;1.3001424348891936E7
1093;3328;2;1.3001424348891936E7
1094;3330;2;1.3001424348891936E7
1095;3333;3;1.3001424348891936E7
1096;3335;2;1.3001424348891936E7
1097;3335;0;1.3001424348891936E7
1098;3338;3;1.3001424348891936E7
1099;3339;1;1.3001424348891936E7
1100;3341;2;1.3001424348891936E7
1101;3345;4;1.3001424348891936E7
1102;3347;2;1.3001424348891936E7
1103;3349;2;1.3001424348891936E7
1104;3350;1;1.3001424348891936E7
1105;3353;3;1.3001424348891936E7
1106;3354;1;1.3001424348891936E7
1107;3356;2;1.3001424348891936E7
1108;3359;3;1.3001424348891936E7
1109;3361;2;1.3001424348891936E7
1110;3363;2;1.3001424348891936E7
1111;3367;4;1.3001424348891936E7
1112;3369;2;1.3001424348891936E7
1113;3371;2;1.3001424348891936E7
1114;3373;2;1.3001424348891936E7
1115;3376;3;1.3001424348891936E7
1116;3379;3;1.3001424348891936E7
1117;3381;2;1.3001424348891936E7
1118;3383;2;1.3001424348891936E7
1119;3386;3;1.3001424348891936E7
1120;3389;3;1.3001424348891936E7
1121;3391;2;1.3001424348891936E7
1122;3394;3;1.3001424348891936E7
1123;3396;2;1.3001424348891936E7
1124;3399;3;1.3001424348891936E7
1125;3403;4;1.3001424348891936E7
1126;3405;2;1.3001424348891936E7
1127;3406;1;1.3001424348891936E7
1128;3408;2;1.3001424348891936E7
1129;3410;2;1.3001424348891936E7
1130;3413;3;1.3001424348891936E7
1131;3415;2;1.3001424348891936E7
1132;3418;3;1.3001424348891936E7
1133;3421;3;1.3001424348891936E7
1134;3423;2;1.3001424348891936E7
1135;3426;3;1.3001424348891936E7
1136;3428;2;1.3001424348891936E7
1137;3430;2;1.3001424348891936E7
1138;3432;2;1.3001424348891936E7
1139;3434;2;1.3001424348891936E7
1140;3436;2;1.3001424348891936E7
1141;3437;1;1.3001424348891936E7
1142;3439;2;1.3001424348891936E7
1143;3443;4;1.3001424348891936E7
1144;3443;0;1.3001424348891936E7
1145;3446;3;1.3001424348891936E7
1146;3448;2;1.3001424348891936E7
1147;3450;2;1.3001424348891936E7
1148;3451;1;1.3001424348891936E7
1149;3452;1;1.3001424348891936E7
1150;3455;3;1.3001424348891936E7
1151;3458;3;1.3001424348891936E7
1152;3460;2;1.3001424348891936E7
1153;3463;3;1.3001424348891936E7
1154;3464;1;1.3001424348891936E7
1155;3467;3;1.3001424348891936E7
1156;3469;2;1.3001424348891936E7
1157;3472;3;1.3001424348891936E7
1158;3475;3;1.3001424348891936E7
1159;3479;4;1.3001424348891936E7
1160;3479;0;1.3001424348891936E7
1161;3481;2;1.3001424348891936E7
1162;3484;3;1.3001424348891936E7
1163;3485;1;1.3001424348891936E7
1164;3487;2;1.3001424348891936E7
1165;3491;4;1.3001424348891936E7
1166;3493;2;1.3001424348891936E7
1167;3495;2;1.3001424348891936E7
1168;3499;4;1.3001424348891936E7
1169;3500;1;1.3001424348891936E7
1170;3504;4;1.3001424348891936E7
1171;3506;2;1.3001424348891936E7
1172;3509;3;1.3001424348891936E7
1173;3511;2;1.3001424348891936E7
1174;3513;2;1.3001424348891936E7
1175;3517;4;1.3001424348891936E7
1176;3521;4;1.3001424348891936E7
1177;3523;2;1.3001424348891936E7
1178;3524;1;1.3001424348891936E7
1179;3527;3;1.3001424348891936E7
1180;3531;4;1.3001424348891936E7
1181;3536;5;1.3001424348891936E7
1182;3540;4;1.3001424348891936E7
1183;3544;4;1.3001424348891936E7
1184;3547;3;1.3001424348891936E7
1185;3548;1;1.3001424348891936E7
1186;3550;2;1.3001424348891936E7
1187;3554;4;1.3001424348891936E7
1188;3557;3;1.3001424348891936E7
1189;3559;2;1.3001424348891936E7
1190;3563;4;1.3001424348891936E7
1191;3565;2;1.3001424348891936E7
1192;3567;2;1.3001424348891936E7
1193;3567;0;1.3001424348891936E7
1194;3570;3;1.3001424348891936E7
1195;3572;2;1.3001424348891936E7
1196;3574;2;1.3001424348891936E7
1197;3577;3;1.3001424348891936E7
1198;3579;2;1.3001424348891936E7
1199;3580;1;1.3001424348891936E7
1200;3582;2;1.3001424348891936E7
1201;3583;1;1.3001424348891936E7
1202;3585;2;1.3001424348891936E7
1203;3588;3;1.3001424348891936E7
1204;3591;3;1.3001424348891936E7
1205;3591;0;1.3001424348891936E7
1206;3593;2;1.3001424348891936E7
1207;3596;3;1.3001424348891936E7
1208;3598;2;1.3001424348891936E7
1209;3600;2;1.3001424348891936E7
1210;3602;2;1.3001424348891936E7
1211;3605;3;1.3001424348891936E7
1212;3608;3;1.3001424348891936E7
1213;3610;2;1.3001424348891936E7
1214;3613;3;1.3001424348891936E7
1215;3616;3;1.3001424348891936E7
1216;3618;2;1.3001424348891936E7
1217;3620;2;1.3001424348891936E7
1218;3622;2;1.3001424348891936E7
1219;3623;1;1.3001424348891936E7
1220;3626;3;1.3001424348891936E7
1221;3626;0;1.3001424348891936E7
1222;3630;4;1.3001424348891936E7
1223;3631;1;1.3001424348891936E7
1224;3634;3;1.3001424348891936E7
1225;3636;2;1.3001424348891936E7
1226;3638;2;1.3001424348891936E7
1227;3639;1;1.3001424348891936E7
1228;3641;2;1.3001424348891936E7
1229;3644;3;1.3001424348891936E7
1230;3645;1;1.3001424348891936E7
1231;3647;2;1.3001424348891936E7
1232;3650;3;1.3001424348891936E7
1233;3652;2;1.3001424348891936E7
1234;3655;3;1.3001424348891936E7
1235;3656;1;1.3001424348891936E7
1236;3657;1;1.3001424348891936E7
1237;3661;4;1.3001424348891936E7
1238;3663;2;1.3001424348891936E7
1239;3666;3;1.3001424348891936E7
1240;3669;3;1.3001424348891936E7
1241;3673;4;1.3001424348891936E7
1242;3677;4;1.3001424348891936E7
1243;3681;4;1.3001424348891936E7
1244;3683;2;1.3001424348891936E7
1245;3686;3;1.3001424348891936E7
1246;3689;3;1.3001424348891936E7
1247;3690;1;1.3001424348891936E7
1248;3691;1;1.3001424348891936E7
1249;3694;3;1.3001424348891936E7
1250;3697;3;1.3001424348891936E7
1251;3699;2;1.3001424348891936E7
1252;3701;2;1.3001424348891936E7
1253;3703;2;1.3001424348891936E7
1254;3705;2;1.3001424348891936E7
1255;3706;1;1.3001424348891936E7
1256;3708;2;1.3001424348891936E7
1257;3710;2;1.3001424348891936E7
1258;3713;3;1.3001424348891936E7
1259;3714;1;1.3001424348891936E7
1260;3718;4;1.3001424348891936E7
1261;3720;2;1.3001424348891936E7
1262;3722;2;1.3001424348891936E7
1263;3725;3;1.3001424348891936E7
1264;3727;2;1.3001424348891936E7
1265;3731;4;1.3001424348891936E7
1266;3733;2;1.3001424348891936E7
1267;3734;1;1.3001424348891936E7
1268;3736;2;1.3001424348891936E7
1269;3738;2;1.3001424348891936E7
1270;3743;5;1.3001424348891936E7
1271;3744;1;1.3001424348891936E7
1272;3746;2;1.3001424348891936E7
1273;3748;2;1.3001424348891936E7
1274;3751;3;1.3001424348891936E7
1275;3754;3;1.3001424348891936E7
1276;3756;2;1.3001424348891936E7
1277;3758;2;1.3001424348891936E7
1278;3760;2;1.3001424348891936E7
1279;3762;2;1.3001424348891936E7
1280;3763;1;1.3001424348891936E7
1281;3766;3;1.3001424348891936E7
1282;3769;3;1.3001424348891936E7
1283;3772;3;1.3001424348891936E7
1284;3775;3;1.3001424348891936E7
1285;3777;2;1.3001424348891936E7
1286;3779;2;1.3001424348891936E7
1287;3781;2;1.3001424348891936E7
1288;3783;2;1.3001424348891936E7
1289;3785;2;1.3001424348891936E7
1290;3788;3;1.3001424348891936E7
1291;3789;1;1.3001424348891936E7
1292;3791;2;1.3001424348891936E7
1293;3792;1;1.3001424348891936E7
1294;3792;0;1.3001424348891936E7
1295;3795;3;1.3001424348891936E7
1296;3798;3;1.3001424348891936E7
1297;3799;1;1.3001424348891936E7
1298;3802;3;1.300139321748185E7
1299;3805;3;1.300139321748185E7
1300;3806;1;1.3001393123920387E7
1301;3808;2;1.3001393123920387E7
1302;3812;4;1.3001393123920387E7
1303;3812;0;1.3001393123920387E7
1304;3814;2;1.3001393123920387E7
1305;3816;2;1.3001393123920387E7
1306;3818;2;1.3001393123920387E7
1307;3820;2;1.3001393123920387E7
1308;3822;2;1.3001393123920387E7
1309;3825;3;1.3001393123920387E7
1310;3827;2;1.3001393123920387E7
1311;3828;1;1.3001393123920387E7
1312;3832;4;1.3001393123920387E7
1313;3834;2;1.3001393123920387E7
1314;3836;2;1.3001393123920387E7
1315;3839;3;1.3001393123920387E7
1316;3842;3;1.3001393123920387E7
1317;3845;3;1.3001393123920387E7
1318;3848;3;1.3001393123920387E7
1319;3849;1;1.3001393123920387E7
1320;3851;2;1.3001393123920387E7
1321;3853;2;1.3001393123920387E7
1322;3855;2;1.3001393123920387E7
1323;3857;2;1.3001393123920387E7
1324;3857;0;1.3001393123920387E7
1325;3858;1;1.3001393123920387E7
1326;3859;1;1.3001393123920387E7
1327;3860;1;1.3001393123920387E7
1328;3862;2;1.3001393123920387E7
1329;3864;2;1.3001393123920387E7
1330;3867;3;1.3001393123920387E7
1331;3868;1;1.3001393123920387E7
1332;3870;2;1.3001393123920387E7
1333;3872;2;1.3001393123920387E7
1334;3875;3;1.3001393123920387E7
1335;3877;2;1.3001393123920387E7
1336;3878;1;1.3001393123920387E7
1337;3880;2;1.3001393123920387E7
1338;3882;2;1.3001393123920387E7
1339;3882;0;1.3001393123920387E7
1340;3885;3;1.3001393123920387E7
1341;3887;2;1.3001393123920387E7
1342;3892;5;1.3001393123920387E7
1343;3893;1;1.3001393123920387E7
1344;3895;2;1.3001393123920387E7
1345;3896;1;1.3001393123920387E7
1346;3898;2;1.3001393123920387E7
1347;3899;1;1.3001393123920387E7
1348;3901;2;1.3001393123920387E7
1349;3904;3;1.3001393123920387E7
1350;3907;3;1.3001393123920387E7
1351;3909;2;1.3001393123920387E7
1352;3913;4;1.3001393123920387E7
1353;3915;2;1.3001393123920387E7
1354;3917;2;1.3001393123920387E7
1355;3917;0;1.3001393123920387E7
1356;3918;1;1.3001393123920387E7
1357;3919;1;1.3001393123920387E7
1358;3922;3;1.3001393123920387E7
1359;3923;1;1.3001393123920387E7
1360;3925;2;1.3001393123920387E7
1361;3927;2;1.3001393123920387E7
1362;3930;3;1.3001393123920387E7
1363;3935;5;1.3001393123920387E7
1364;3937;2;1.3001393123920387E7
1365;3939;2;1.3001393123920387E7
1366;3942;3;1.3001393123920387E7
1367;3943;1;1.3001393123920387E7
1368;3946;3;1.3001393123920387E7
1369;3948;2;1.3001393123920387E7
1370;3950;2;1.3001393123920387E7
1371;3951;1;1.3001393123920387E7
1372;3953;2;1.3001393123920387E7
1373;3956;3;1.3001393123920387E7
1374;3958;2;1.3001393123920387E7
1375;3960;2;1.3001393123920387E7
1376;3962;2;1.3001393123920387E7
1377;3963;1;1.3001393123920387E7
1378;3966;3;1.3001393123920387E7
1379;3969;3;1.3001393123920387E7
1380;3970;1;1.3001393123920387E7
1381;3973;3;1.3001393123920387E7
1382;3976;3;1.3001393123920387E7
1383;3977;1;1.3001393123920387E7
1384;3980;3;1.3001393123920387E7
1385;3980;0;1.3001393123920387E7
1386;3982;2;1.3001393123920387E7
1387;3986;4;1.3001393123920387E7
1388;3989;3;1.3001393123920387E7
1389;3992;3;1.3001393123920387E7
1390;3993;1;1.3001393123920387E7
1391;3997;4;1.3001393123920387E7
1392;4001;4;1.3001393123920387E7
1393;4010;9;1.3001393123920387E7
1394;4013;3;1.3001393123920387E7
1395;4016;3;1.3001393123920387E7
1396;4018;2;1.3001393123920387E7
1397;4021;3;1.3001393123920387E7
1398;4022;1;1.3001393123920387E7
1399;4023;1;1.3001393123920387E7
1400;4026;3;1.3001393123920387E7
1401;4028;2;1.3001393123920387E7
1402;4030;2;1.3001393123920387E7
1403;4032;2;1.3001393123920387E7
1404;4033;1;1.3001393123920387E7
1405;4035;2;1.3001393123920387E7
1406;4038;3;1.3001393123920387E7
1407;4039;1;1.3001393123920387E7
1408;4041;2;1.3001393123920387E7
1409;4043;2;1.3001393123920387E7
1410;4043;0;1.3001393123920387E7
1411;4046;3;1.3001393123920387E7
1412;4048;2;1.3001393123920387E7
1413;4049;1;1.3001393123920387E7
1414;4051;2;1.3001393123920387E7
1415;4053;2;1.3001393123920387E7
1416;4054;1;1.3001393123920387E7
1417;4055;1;1.3001393123920387E7
1418;4057;2;1.3001393123920387E7
1419;4061;4;1.3001393123920387E7
1420;4063;2;1.3001393123920387E7
1421;4065;2;1.3001393123920387E7
1422;4067;2;1.3001393123920387E7
1423;4069;2;1.3001393123920387E7
1424;4073;4;1.3001393123920387E7
1425;4075;2;1.3001393123920387E7
1426;4077;2;1.3001393123920387E7
1427;4080;3;1.3001393123920387E7
1428;4083;3;1.3001393123920387E7
1429;4086;3;1.3001393123920387E7
1430;4088;2;1.3001393123920387E7
1431;4090;2;1.3001393123920387E7
1432;4093;3;1.3001393123920387E7
1433;4095;2;1.3001393123920387E7
1434;4098;3;1.3001393123920387E7
1435;4101;3;1.3001393123920387E7
1436;4103;2;1.3001393123920387E7
1437;4106;3;1.3001393123920387E7
1438;4108;2;1.3001393123920387E7
1439;4109;1;1.3001393123920387E7
1440;4111;2;1.3001393123920387E7
1441;4113;2;1.3001393123920387E7
1442;4114;1;1.3001393123920387E7
1443;4115;1;1.3001393123920387E7
1444;4117;2;1.3001393123920387E7
1445;4121;4;1.3001393123920387E7
1446;4124;3;1.3001393123920387E7
1447;4127;3;1.3001393123920387E7
1448;4129;2;1.3001393123920387E7
1449;4132;3;1.3001393123920387E7
1450;4134;2;1.3001393123920387E7
1451;4136;2;1.3001393123920387E7
1452;4138;2;1.3001393123920387E7
1453;4140;2;1.3001393123920387E7
1454;4141;1;1.3001393123920387E7
1455;4143;2;1.3001393123920387E7
1456;4147;4;1.3001393123920387E7
1457;4151;4;1.3001393123920387E7
1458;4154;3;1.3001393123920387E7
1459;4154;0;1.3001393123920387E7
1460;4156;2;1.3001393123920387E7
1461;4159;3;1.3001393123920387E7
1462;4161;2;1.3001393123920387E7
1463;4164;3;1.3001393123920387E7
1464;4166;2;1.3001393123920387E7
1465;4168;2;1.3001393123920387E7
1466;4171;3;1.3001393123920387E7
1467;4175;4;1.3001393123920387E7
1468;4179;4;1.3001393123920387E7
1469;4179;0;1.3001393123920387E7
1470;4183;4;1.3001393123920387E7
1471;4186;3;1.3001393123920387E7
1472;4189;3;1.3001393123920387E7
1473;4192;3;1.3001393123920387E7
1474;4194;2;1.3001393123920387E7
1475;4196;2;1.3001393123920387E7
1476;4199;3;1.3001393123920387E7
1477;4200;1;1.3001393123920387E7
1478;4202;2;1.3001393123920387E7
1479;4205;3;1.3001393123920387E7
1480;4207;2;1.3001393123920387E7
1481;4210;3;1.3001393123920387E7
1482;4212;2;1.3001393123920387E7
1483;4215;3;1.3001393123920387E7
1484;4218;3;1.3001393123920387E7
1485;4222;4;1.3001393123920387E7
1486;4224;2;1.3001393123920387E7
1487;4226;2;1.3001393123920387E7
1488;4228;2;1.3001393123920387E7
1489;4230;2;1.3001393123920387E7
1490;4232;2;1.3001393123920387E7
1491;4233;1;1.3001393123920387E7
1492;4237;4;1.3001393123920387E7
1493;4239;2;1.3001393123920387E7
1494;4241;2;1.3001393123920387E7
1495;4243;2;1.3001393123920387E7
1496;4245;2;1.3001393123920387E7
1497;4246;1;1.3001393123920387E7
1498;4248;2;1.3001393123920387E7
1499;4250;2;1.3001393123920387E7
1500;4251;1;1.3001393123920387E7
1501;4253;2;1.3001393123920387E7
1502;4255;2;1.3001393123920387E7
1503;4258;3;1.3001393123920387E7
1504;4258;0;1.3001393123920387E7
1505;4261;3;1.3001393123920387E7
1506;4262;1;1.3001393123920387E7
1507;4263;1;1.3001393123920387E7
1508;4265;2;1.3001393123920387E7
1509;4268;3;1.3001393123920387E7
1510;4270;2;1.3001393123920387E7
1511;4273;3;1.3001393123920387E7
1512;4275;2;1.3001393123920387E7
1513;4278;3;1.3001393123920387E7
1514;4280;2;1.3001393123920387E7
1515;4281;1;1.3001393123920387E7
1516;4283;2;1.3001393123920387E7
1517;4287;4;1.3001393123920387E7
1518;4289;2;1.3001393123920387E7
1519;4293;4;1.3001393123920387E7
1520;4295;2;1.3001393123920387E7
1521;4296;1;1.3001393123920387E7
1522;4297;1;1.3001393123920387E7
1523;4300;3;1.3001393123920387E7
1524;4303;3;1.3001393123920387E7
1525;4306;3;1.3001393123920387E7
1526;4308;2;1.3001393123920387E7
1527;4311;3;1.3001393123920387E7
1528;4314;3;1.3001393123920387E7
1529;4314;0;1.3001393123920387E7
1530;4318;4;1.3001393123920387E7
1531;4320;2;1.3001393123920387E7
1532;4322;2;1.3001393123920387E7
1533;4324;2;1.3001393123920387E7
1534;4326;2;1.3001393123920387E7
1535;4329;3;1.3001393123920387E7
1536;4332;3;1.3001393123920387E7
1537;4335;3;1.3001393123920387E7
1538;4336;1;1.3001393123920387E7
1539;4338;2;1.3001393123920387E7
1540;4341;3;1.3001393123920387E7
1541;4344;3;1.3001393123920387E7
1542;4347;3;1.3001393123920387E7
1543;4349;2;1.3001393123920387E7
1544;4350;1;1.3001393123920387E7
1545;4352;2;1.3001393123920387E7
1546;4355;3;1.3001393123920387E7
1547;4357;2;1.3001393123920387E7
1548;4359;2;1.3001393123920387E7
1549;4360;1;1.3001393123920387E7
1550;4360;0;1.3001393123920387E7
1551;4362;2;1.3001393123920387E7
1552;4363;1;1.3001393123920387E7
1553;4368;5;1.3001393123920387E7
1554;4368;0;1.3001393123920387E7
1555;4370;2;1.3001393123920387E7
1556;4371;1;1.3001393123920387E7
1557;4372;1;1.3001393123920387E7
1558;4373;1;1.3001393123920387E7
1559;4375;2;1.3001393123920387E7
1560;4377;2;1.3001393123920387E7
1561;4378;1;1.3001393123920387E7
1562;4380;2;1.3001393123920387E7
1563;4380;0;1.3001393123920387E7
1564;4383;3;1.3001393123920387E7
1565;4383;0;1.3001393123920387E7
1566;4385;2;1.3001393123920387E7
1567;4386;1;1.3001393123920387E7
1568;4389;3;1.3001393123920387E7
1569;4392;3;1.3001393123920387E7
1570;4395;3;1.3001370258945256E7
1571;4397;2;1.3001370258945256E7
1572;4398;1;1.3001370258945256E7
1573;4400;2;1.3001370258945256E7
1574;4402;2;1.3001370258945256E7
1575;4403;1;1.3001370258945256E7
1576;4406;3;1.3001370258945256E7
1577;4408;2;1.3001370258945256E7
1578;4410;2;1.3001370258945256E7
1579;4411;1;1.3001370258945256E7
1580;4414;3;1.3001370258945256E7
1581;4417;3;1.3001370258945256E7
1582;4419;2;1.3001370258945256E7
1583;4423;4;1.3001370258945256E7
1584;4425;2;1.3001370258945256E7
1585;4430;5;1.3001370258945256E7
1586;4432;2;1.3001370258945256E7
1587;4435;3;1.3001370258945256E7
1588;4439;4;1.3001370258945256E7
1589;4441;2;1.3001370258945256E7
1590;4444;3;1.3001370258945256E7
1591;4446;2;1.3001370258945256E7
1592;4446;0;1.3001370258945256E7
1593;4449;3;1.3001370258945256E7
1594;4452;3;1.3001370258945256E7
1595;4455;3;1.3001370258945256E7
1596;4456;1;1.3001370258945256E7
1597;4457;1;1.3001370258945256E7
1598;4459;2;1.3001370258945256E7
1599;4461;2;1.300135677953975E7
1600;4463;2;1.300135677953975E7
1601;4466;3;1.300135677953975E7
1602;4466;0;1.300135677953975E7
1603;4468;2;1.300135677953975E7
1604;4470;2;1.300135677953975E7
1605;4472;2;1.300135677953975E7
1606;4473;1;1.300135677953975E7
1607;4475;2;1.300135677953975E7
1608;4479;4;1.300135677953975E7
1609;4481;2;1.300135677953975E7
1610;4484;3;1.300135677953975E7
1611;4486;2;1.300135677953975E7
1612;4489;3;1.300135677953975E7
1613;4491;2;1.300135677953975E7
1614;4493;2;1.300135677953975E7
1615;4497;4;1.300135677953975E7
1616;4499;2;1.300135677953975E7
1617;4501;2;1.300135677953975E7
1618;4503;2;1.300135677953975E7
1619;4503;0;1.300135677953975E7
1620;4505;2;1.300135677953975E7
1621;4506;1;1.300135677953975E7
1622;4508;2;1.300135677953975E7
1623;4508;0;1.300135677953975E7
1624;4511;3;1.300135677953975E7
1625;4512;1;1.300135677953975E7
1626;4515;3;1.300135677953975E7
1627;4516;1;1.300135677953975E7
1628;4519;3;1.300135677953975E7
1629;4522;3;1.300135677953975E7
1630;4525;3;1.300135677953975E7
1631;4526;1;1.300135677953975E7
1632;4529;3;1.300135677953975E7
1633;4532;3;1.300135677953975E7
1634;4534;2;1.300135677953975E7
1635;4534;0;1.300135677953975E7
1636;4536;2;1.300135677953975E7
1637;4538;2;1.300135677953975E7
1638;4538;0;1.300135677953975E7
1639;4540;2;1.300135677953975E7
1640;4542;2;1.300135677953975E7
1641;4543;1;1.300135677953975E7
1642;4546;3;1.300135677953975E7
1643;4550;4;1.300135677953975E7
1644;4551;1;1.300135677953975E7
1645;4554;3;1.300135677953975E7
1646;4556;2;1.300135677953975E7
1647;4558;2;1.300135677953975E7
1648;4561;3;1.300135677953975E7
1649;4567;6;1.300135677953975E7
1650;4571;4;1.300135677953975E7
1651;4574;3;1.300135677953975E7
1652;4577;3;1.300135677953975E7
1653;4580;3;1.300135677953975E7
1654;4582;2;1.300135677953975E7
1655;4585;3;1.300135677953975E7
1656;4588;3;1.300135677953975E7
1657;4592;4;1.300135677953975E7
1658;4595;3;1.300135677953975E7
1659;4600;5;1.300135677953975E7
1660;4603;3;1.300135677953975E7
1661;4606;3;1.300135677953975E7
1662;4608;2;1.300135677953975E7
1663;4609;1;1.300135677953975E7
1664;4613;4;1.300135677953975E7
1665;4616;3;1.300135677953975E7
1666;4621;5;1.300135677953975E7
1667;4623;2;1.300135677953975E7
1668;4626;3;1.300135677953975E7
1669;4627;1;1.300135677953975E7
1670;4630;3;1.300135677953975E7
1671;4632;2;1.300135677953975E7
1672;4635;3;1.300135677953975E7
1673;4637;2;1.300135677953975E7
1674;4639;2;1.300135677953975E7
1675;4642;3;1.300135677953975E7
1676;4644;2;1.300135677953975E7
1677;4646;2;1.300135677953975E7
1678;4649;3;1.300135677953975E7
1679;4651;2;1.300135677953975E7
1680;4654;3;1.300135677953975E7
1681;4655;1;1.300135677953975E7
1682;4656;1;1.300135677953975E7
1683;4659;3;1.300135677953975E7
1684;4661;2;1.300135677953975E7
1685;4664;3;1.300135677953975E7
1686;4667;3;1.300135677953975E7
1687;4668;1;1.300135677953975E7
1688;4670;2;1.300135677953975E7
1689;4671;1;1.300135677953975E7
1690;4674;3;1.300135677953975E7
1691;4676;2;1.300135677953975E7
1692;4679;3;1.300135677953975E7
1693;4681;2;1.300135677953975E7
1694;4681;0;1.300135677953975E7
1695;4685;4;1.300135677953975E7
1696;4686;1;1.300135677953975E7
1697;4688;2;1.300135677953975E7
1698;4691;3;1.300135677953975E7
1699;4692;1;1.300135677953975E7
1700;4694;2;1.300135677953975E7
1701;4695;1;1.300135677953975E7
1702;4697;2;1.300135677953975E7
1703;4699;2;1.300135677953975E7
1704;4701;2;1.300135677953975E7
1705;4703;2;1.300135677953975E7
1706;4705;2;1.300135677953975E7
1707;4705;0;1.300135677953975E7
1708;4708;3;1.300135677953975E7
1709;4710;2;1.300135677953975E7
1710;4711;1;1.300135677953975E7
1711;4714;3;1.300135677953975E7
1712;4715;1;1.300135677953975E7
1713;4718;3;1.300135677953975E7
1714;4720;2;1.300135677953975E7
1715;4720;0;1.300135677953975E7
1716;4723;3;1.300135677953975E7
1717;4723;0;1.300135677953975E7
1718;4725;2;1.300135677953975E7
1719;4728;3;1.300135677953975E7
1720;4730;2;1.300135677953975E7
1721;4732;2;1.300135677953975E7
1722;4733;1;1.300135677953975E7
1723;4736;3;1.300135677953975E7
1724;4739;3;1.300135677953975E7
1725;4741;2;1.300135677953975E7
1726;4743;2;1.300135677953975E7
1727;4745;2;1.300135677953975E7
1728;4746;1;1.300135677953975E7
1729;4747;1;1.300135677953975E7
1730;4750;3;1.300135677953975E7
1731;4752;2;1.300135677953975E7
1732;4754;2;1.300135677953975E7
1733;4757;3;1.300135677953975E7
1734;4759;2;1.300135677953975E7
1735;4763;4;1.300135677953975E7
1736;4764;1;1.300135677953975E7
1737;4766;2;1.300135677953975E7
1738;4769;3;1.300135677953975E7
1739;4772;3;1.300135677953975E7
1740;4776;4;1.300135677953975E7
1741;4778;2;1.300135677953975E7
1742;4780;2;1.300135677953975E7
1743;4782;2;1.300135677953975E7
1744;4784;2;1.300135677953975E7
1745;4787;3;1.300135677953975E7
1746;4789;2;1.300135677953975E7
1747;4792;3;1.300135677953975E7
1748;4795;3;1.300135677953975E7
1749;4797;2;1.300135677953975E7
1750;4798;1;1.300135677953975E7
1751;4802;4;1.300135677953975E7
1752;4806;4;1.300135677953975E7
1753;4808;2;1.300135677953975E7
1754;4810;2;1.300135677953975E7
1755;4812;2;1.300135677953975E7
1756;4816;4;1.300135677953975E7
1757;4819;3;1.300135677953975E7
1758;4819;0;1.300135677953975E7
1759;4822;3;1.300135677953975E7
1760;4825;3;1.300135677953975E7
1761;4827;2;1.300135677953975E7
1762;4828;1;1.300135677953975E7
1763;4830;2;1.300135677953975E7
1764;4832;2;1.300135677953975E7
1765;4835;3;1.300135677953975E7
1766;4837;2;1.300135677953975E7
1767;4838;1;1.300135677953975E7
1768;4841;3;1.300135677953975E7
1769;4843;2;1.300135677953975E7
1770;4844;1;1.300135677953975E7
1771;4844;0;1.300135677953975E7
1772;4847;3;1.300135677953975E7
1773;4849;2;1.300135677953975E7
1774;4850;1;1.300135677953975E7
1775;4852;2;1.300135677953975E7
1776;4855;3;1.300135677953975E7
1777;4858;3;1.300135677953975E7
1778;4861;3;1.300135677953975E7
1779;4863;2;1.300135677953975E7
1780;4864;1;1.300135677953975E7
1781;4867;3;1.300135677953975E7
1782;4869;2;1.300135677953975E7
1783;4869;0;1.300135677953975E7
1784;4871;2;1.300135677953975E7
1785;4872;1;1.300135677953975E7
1786;4874;2;1.300135677953975E7
1787;4879;5;1.300135677953975E7
1788;4879;0;1.300135677953975E7
1789;4882;3;1.300135677953975E7
1790;4883;1;1.300135677953975E7
1791;4884;1;1.300135677953975E7
1792;4886;2;1.300135677953975E7
1793;4889;3;1.300135677953975E7
1794;4891;2;1.300135677953975E7
1795;4892;1;1.300135677953975E7
1796;4895;3;1.300135677953975E7
1797;4897;2;1.300135677953975E7
1798;4898;1;1.300135677953975E7
1799;4900;2;1.300135677953975E7
1800;4902;2;1.300135677953975E7
1801;4903;1;1.300135677953975E7
1802;4904;1;1.300135677953975E7
1803;4905;1;1.300135677953975E7
1804;4908;3;1.300135677953975E7
1805;4912;4;1.300135677953975E7
1806;4914;2;1.300135677953975E7
1807;4919;5;1.300135677953975E7
1808;4923;4;1.300135677953975E7
1809;4925;2;1.300135677953975E7
1810;4928;3;1.300135677953975E7
1811;4930;2;1.300135677953975E7
1812;4933;3;1.300135677953975E7
1813;4935;2;1.300135677953975E7
1814;4935;0;1.300135677953975E7
1815;4938;3;1.300135677953975E7
1816;4939;1;1.300135677953975E7
1817;4943;4;1.300135677953975E7
1818;4946;3;1.300135677953975E7
1819;4948;2;1.300135677953975E7
1820;4951;3;1.300135677953975E7
1821;4953;2;1.300135677953975E7
1822;4955;2;1.300135677953975E7
1823;4956;1;1.300135677953975E7
1824;4957;1;1.300135677953975E7
1825;4959;2;1.300135677953975E7
1826;4960;1;1.300135677953975E7
1827;4963;3;1.300135677953975E7
1828;4965;2;1.300135677953975E7
1829;4966;1;1.300135677953975E7
1830;4968;2;1.300135677953975E7
1831;4970;2;1.300135677953975E7
1832;4973;3;1.300135677953975E7
1833;4975;2;1.300135677953975E7
1834;4977;2;1.300135677953975E7
1835;4979;2;1.300135677953975E7
1836;4981;2;1.300135677953975E7
1837;4982;1;1.300135677953975E7
1838;4984;2;1.300135677953975E7
1839;4986;2;1.300135677953975E7
1840;4987;1;1.300135677953975E7
1841;4989;2;1.300135677953975E7
1842;4992;3;1.300135677953975E7
1843;4993;1;1.300135677953975E7
1844;4996;3;1.300135677953975E7
1845;4997;1;1.300135677953975E7
1846;4998;1;1.300135677953975E7
1847;4999;1;1.300135677953975E7
1848;5002;3;1.300135677953975E7
1849;5003;1;1.300135677953975E7
1850;5006;3;1.300135677953975E7
1851;5007;1;1.300135677953975E7
1852;5010;3;1.300135677953975E7
1853;5012;2;1.300135677953975E7
1854;5012;0;1.300135677953975E7
1855;5014;2;1.300135677953975E7
1856;5016;2;1.300135677953975E7
1857;5019;3;1.300135677953975E7
1858;5020;1;1.300135677953975E7
1859;5021;1;1.300135677953975E7
1860;5025;4;1.300135677953975E7
1861;5025;0;1.300135677953975E7
1862;5026;1;1.300135677953975E7
1863;5028;2;1.300135677953975E7
1864;5029;1;1.300135677953975E7
1865;5032;3;1.300135677953975E7
1866;5034;2;1.300135677953975E7
1867;5037;3;1.300135677953975E7
1868;5040;3;1.300135677953975E7
1869;5042;2;1.300135677953975E7
1870;5044;2;1.300135677953975E7
1871;5045;1;1.300135677953975E7
1872;5048;3;1.300135677953975E7
1873;5050;2;1.300135677953975E7
1874;5051;1;1.300135677953975E7
1875;5052;1;1.300135677953975E7
1876;5054;2;1.300135677953975E7
1877;5055;1;1.300135677953975E7
1878;5057;2;1.300135677953975E7
1879;5060;3;1.300135677953975E7
1880;5063;3;1.300135677953975E7
1881;5065;2;1.300135677953975E7
1882;5070;5;1.300135677953975E7
1883;5072;2;1.300135677953975E7
1884;5074;2;1.300135677953975E7
1885;5076;2;1.300135677953975E7
1886;5076;0;1.300135677953975E7
1887;5079;3;1.300135677953975E7
1888;5081;2;1.300135677953975E7
1889;5082;1;1.300135677953975E7
1890;5084;2;1.300135677953975E7
1891;5086;2;1.300135677953975E7
1892;5088;2;1.300135677953975E7
1893;5091;3;1.300135677953975E7
1894;5092;1;1.300135677953975E7
1895;5094;2;1.300135677953975E7
1896;5096;2;1.300135677953975E7
1897;5097;1;1.300135677953975E7
1898;5099;2;1.300135677953975E7
1899;5100;1;1.300135677953975E7
1900;5103;3;1.300135677953975E7
1901;5106;3;1.300135677953975E7
1902;5108;2;1.300135677953975E7
1903;5109;1;1.300135677953975E7
1904;5111;2;1.300135677953975E7
1905;5114;3;1.300135677953975E7
1906;5115;1;1.300135677953975E7
1907;5118;3;1.300135677953975E7
1908;5119;1;1.300135677953975E7
1909;5122;3;1.300135677953975E7
1910;5124;2;1.300135677953975E7
1911;5127;3;1.300135677953975E7
1912;5129;2;1.300135677953975E7
1913;5131;2;1.300135677953975E7
1914;5134;3;1.300135677953975E7
1915;5135;1;1.300135677953975E7
1916;5138;3;1.300135677953975E7
1917;5140;2;1.300135677953975E7
1918;5142;2;1.300135677953975E7
1919;5143;1;1.300135677953975E7
1920;5146;3;1.300135677953975E7
1921;5148;2;1.300135677953975E7
1922;5148;0;1.300135677953975E7
1923;5150;2;1.300135677953975E7
1924;5152;2;1.300135677953975E7
1925;5156;4;1.300135677953975E7
1926;5159;3;1.300135677953975E7
1927;5161;2;1.300135677953975E7
1928;5162;1;1.300135677953975E7
1929;5164;2;1.300135677953975E7
1930;5166;2;1.300135677953975E7
1931;5168;2;1.300135677953975E7
1932;5170;2;1.300135677953975E7
1933;5171;1;1.300135677953975E7
1934;5171;0;1.300135677953975E7
1935;5174;3;1.300135677953975E7
1936;5175;1;1.300135677953975E7
1937;5177;2;1.300135677953975E7
1938;5179;2;1.300135677953975E7
1939;5182;3;1.300135677953975E7
1940;5184;2;1.300135677953975E7
1941;5186;2;1.300135677953975E7
1942;5189;3;1.300135677953975E7
1943;5192;3;1.300135677953975E7
1944;5194;2;1.300135677953975E7
1945;5196;2;1.300135677953975E7
1946;5199;3;1.300135677953975E7
1947;5200;1;1.300135677953975E7
1948;5201;1;1.300135677953975E7
1949;5204;3;1.300135677953975E7
1950;5206;2;1.300135677953975E7
1951;5207;1;1.300135677953975E7
1952;5210;3;1.300135677953975E7
1953;5211;1;1.300135677953975E7
1954;5214;3;1.300135677953975E7
1955;5218;4;1.300135677953975E7
1956;5219;1;1.300135677953975E7
1957;5223;4;1.300135677953975E7
1958;5228;5;1.300135677953975E7
1959;5230;2;1.300135677953975E7
1960;5231;1;1.300135677953975E7
1961;5234;3;1.300135677953975E7
1962;5235;1;1.300135677953975E7
1963;5243;8;1.3001352281731015E7
1964;5247;4;1.3001352281731015E7
1965;5251;4;1.3001338454212924E7
1966;5253;2;1.3001338454212924E7
1967;5259;6;1.3001309446764406E7
1968;5266;7;1.3001309446764406E7
1969;5272;6;1.3001309446764406E7
1970;5277;5;1.3001309446764406E7
1971;5280;3;1.3001309446764406E7
1972;5281;1;1.3001309446764406E7
1973;5284;3;1.3001309446764406E7
1974;5285;1;1.3001309446764406E7
1975;5287;2;1.3001309446764406E7
1976;5289;2;1.3001309446764406E7
1977;5291;2;1.3001309446764406E7
1978;5292;1;1.3001309446764406E7
1979;5294;2;1.3001309446764406E7
1980;5297;3;1.3001309446764406E7
1981;5300;3;1.3001309446764406E7
1982;5304;4;1.3001309446764406E7
1983;5304;0;1.3001309446764406E7
1984;5306;2;1.3001309446764406E7
1985;5309;3;1.3001309446764406E7
1986;5311;2;1.3001309446764406E7
1987;5312;1;1.3001309446764406E7
1988;5314;2;1.3001309446764406E7
1989;5314;0;1.3001309446764406E7
1990;5315;1;1.3001309446764406E7
1991;5317;2;1.3001309446764406E7
1992;5319;2;1.3001309446764406E7
1993;5321;2;1.3001309446764406E7
1994;5323;2;1.3001309446764406E7
1995;5325;2;1.3001309446764406E7
1996;5328;3;1.3001309446764406E7
1997;5332;4;1.3001309446764406E7
1998;5334;2;1.3001309446764406E7
1999;5335;1;1.3001309446764406E7
2000;5337;2;1.3001309446764406E7
2001;5338;1;1.3001309446764406E7
2002;5340;2;1.3001309446764406E7
2003;5343;3;1.3001309446764406E7
2004;5345;2;1.3001309446764406E7
2005;5349;4;1.3001309446764406E7
2006;5351;2;1.3001309446764406E7
2007;5352;1;1.3001309446764406E7
2008;5354;2;1.3001309446764406E7
2009;5356;2;1.3001309446764406E7
2010;5357;1;1.3001309446764406E7
2011;5359;2;1.3001309446764406E7
2012;5362;3;1.3001309446764406E7
2013;5364;2;1.3001309446764406E7
2014;5367;3;1.3001309446764406E7
2015;5368;1;1.3001309446764406E7
2016;5370;2;1.3001309446764406E7
2017;5370;0;1.3001309446764406E7
2018;5371;1;1.3001309446764406E7
2019;5372;1;1.3001309446764406E7
2020;5374;2;1.3001309446764406E7
2021;5375;1;1.3001309446764406E7
2022;5376;1;1.3001309446764406E7
2023;5377;1;1.3001309446764406E7
2024;5378;1;1.3001309446764406E7
2025;5381;3;1.3001309446764406E7
2026;5383;2;1.3001309446764406E7
2027;5386;3;1.3001309446764406E7
2028;5388;2;1.3001309446764406E7
2029;5390;2;1.3001309446764406E7
2030;5393;3;1.3001309446764406E7
2031;5395;2;1.3001309446764406E7
2032;5396;1;1.3001309446764406E7
2033;5399;3;1.3001309446764406E7
2034;5400;1;1.3001309446764406E7
2035;5402;2;1.3001309446764406E7
2036;5403;1;1.3001309446764406E7
2037;5406;3;1.3001309446764406E7
2038;5409;3;1.3001309446764406E7
2039;5409;0;1.3001309446764406E7
2040;5411;2;1.3001309446764406E7
2041;5414;3;1.3001309446764406E7
2042;5417;3;1.3001309446764406E7
2043;5417;0;1.3001309446764406E7
2044;5422;5;1.3001309446764406E7
2045;5422;0;1.3001309446764406E7
2046;5424;2;1.3001309446764406E7
2047;5428;4;1.3001309446764406E7
2048;5431;3;1.3001309446764406E7
2049;5433;2;1.3001309446764406E7
2050;5436;3;1.3001309446764406E7
2051;5437;1;1.3001309446764406E7
2052;5439;2;1.3001309446764406E7
2053;5440;1;1.3001309446764406E7
2054;5441;1;1.3001309446764406E7
2055;5442;1;1.3001309446764406E7
2056;5444;2;1.3001309446764406E7
2057;5451;7;1.3001309446764406E7
2058;5454;3;1.3001309446764406E7
2059;5455;1;1.3001309446764406E7
2060;5457;2;1.3001309446764406E7
2061;5459;2;1.3001309446764406E7
2062;5461;2;1.3001309446764406E7
2063;5464;3;1.3001309446764406E7
2064;5465;1;1.3001309446764406E7
2065;5467;2;1.3001309446764406E7
2066;5470;3;1.3001309446764406E7
2067;5472;2;1.3001309446764406E7
2068;5474;2;1.3001309446764406E7
2069;5476;2;1.3001309446764406E7
2070;5479;3;1.3001309446764406E7
2071;5480;1;1.3001309446764406E7
2072;5482;2;1.3001309446764406E7
2073;5484;2;1.3001309446764406E7
2074;5487;3;1.3001309446764406E7
2075;5489;2;1.3001309446764406E7
2076;5491;2;1.3001309446764406E7
2077;5493;2;1.3001309446764406E7
2078;5495;2;1.3001309446764406E7
2079;5497;2;1.3001309446764406E7
2080;5499;2;1.3001309446764406E7
2081;5501;2;1.3001309446764406E7
2082;5502;1;1.3001309446764406E7
2083;5504;2;1.3001309446764406E7
2084;5504;0;1.3001309446764406E7
2085;5505;1;1.3001309446764406E7
2086;5506;1;1.3001309446764406E7
2087;5508;2;1.3001309446764406E7
2088;5510;2;1.3001309446764406E7
2089;5513;3;1.3001309446764406E7
2090;5514;1;1.3001309446764406E7
2091;5517;3;1.3001309446764406E7
2092;5519;2;1.3001309446764406E7
2093;5522;3;1.3001309446764406E7
2094;5525;3;1.3001309446764406E7
2095;5525;0;1.3001309446764406E7
2096;5526;1;1.3001309446764406E7
2097;5529;3;1.3001309446764406E7
2098;5532;3;1.3001309446764406E7
2099;5533;1;1.3001309446764406E7
2100;5535;2;1.3001309446764406E7
2101;5538;3;1.3001309446764406E7
2102;5539;1;1.3001309446764406E7
2103;5540;1;1.3001309446764406E7
2104;5542;2;1.3001309446764406E7
2105;5543;1;1.3001309446764406E7
2106;5545;2;1.3001309446764406E7
2107;5547;2;1.3001309446764406E7
2108;5548;1;1.3001309446764406E7
2109;5551;3;1.3001309446764406E7
2110;5552;1;1.3001309446764406E7
2111;5553;1;1.3001309446764406E7
2112;5554;1;1.3001309446764406E7
2113;5554;0;1.3001309446764406E7
2114;5556;2;1.3001309446764406E7
2115;5558;2;1.3001309446764406E7
2116;5562;4;1.3001309446764406E7
2117;5562;0;1.3001309446764406E7
2118;5564;2;1.3001309446764406E7
2119;5566;2;1.3001309446764406E7
2120;5567;1;1.3001309446764406E7
2121;5568;1;1.3001309446764406E7
2122;5570;2;1.3001309446764406E7
2123;5572;2;1.3001309446764406E7
2124;5592;20;1.3001309446764406E7
2125;5594;2;1.3001309446764406E7
2126;5595;1;1.3001309446764406E7
2127;5597;2;1.3001309446764406E7
2128;5600;3;1.3001309446764406E7
2129;5603;3;1.3001309446764406E7
2130;5607;4;1.3001309446764406E7
2131;5609;2;1.3001309446764406E7
2132;5611;2;1.3001309446764406E7
2133;5615;4;1.3001309446764406E7
2134;5617;2;1.3001309446764406E7
2135;5621;4;1.3001309446764406E7
2136;5626;5;1.3001309446764406E7
2137;5632;6;1.3001309446764406E7
2138;5636;4;1.3001309446764406E7
2139;5640;4;1.3001309446764406E7
2140;5643;3;1.3001309446764406E7
2141;5645;2;1.3001309446764406E7
2142;5649;4;1.3001309446764406E7
2143;5653;4;1.3001309446764406E7
2144;5656;3;1.3001309446764406E7
2145;5660;4;1.3001309446764406E7
2146;5665;5;1.3001309446764406E7
2147;5666;1;1.3001309446764406E7
2148;5668;2;1.3001309446764406E7
2149;5671;3;1.3001309446764406E7
2150;5676;5;1.3001309446764406E7
2151;5681;5;1.3001309446764406E7
2152;5685;4;1.3001309446764406E7
2153;5690;5;1.3001309446764406E7
2154;5691;1;1.3001309446764406E7
2155;5692;1;1.3001309446764406E7
2156;5697;5;1.3001309446764406E7
2157;5701;4;1.3001309446764406E7
2158;5702;1;1.3001309446764406E7
2159;5705;3;1.3001309446764406E7
2160;5708;3;1.3001309446764406E7
2161;5710;2;1.3001309446764406E7
2162;5715;5;1.3001309446764406E7
2163;5717;2;1.3001309446764406E7
2164;5719;2;1.3001309446764406E7
2165;5721;2;1.3001309446764406E7
2166;5723;2;1.3001309446764406E7
2167;5726;3;1.3001309446764406E7
2168;5727;1;1.3001309446764406E7
2169;5729;2;1.3001309446764406E7
2170;5730;1;1.3001309446764406E7
2171;5732;2;1.3001309446764406E7
2172;5735;3;1.3001309446764406E7
2173;5735;0;1.3001309446764406E7
2174;5737;2;1.3001309446764406E7
2175;5740;3;1.3001309446764406E7
2176;5743;3;1.3001309446764406E7
2177;5745;2;1.3001309446764406E7
2178;5748;3;1.3001309446764406E7
2179;5750;2;1.3001308243349764E7
2180;5751;1;1.3001299335208094E7
2181;5753;2;1.3001299335208094E7
2182;5754;1;1.3001298273111712E7
2183;5756;2;1.300129472532827E7
2184;5759;3;1.300129472532827E7
2185;5762;3;1.300129472532827E7
2186;5764;2;1.300129472532827E7
2187;5767;3;1.300129472532827E7
2188;5769;2;1.300129472532827E7
2189;5771;2;1.300129472532827E7
2190;5773;2;1.300129472532827E7
2191;5774;1;1.300129472532827E7
2192;5776;2;1.300129472532827E7
2193;5776;0;1.300129472532827E7
2194;5778;2;1.3001290002680207E7
2195;5779;1;1.3001290002680207E7
2196;5780;1;1.3001290002680207E7
2197;5781;1;1.3001290002680207E7
2198;5784;3;1.3001290002680207E7
2199;5786;2;1.3001285954722658E7
2200;5789;3;1.3001285954722658E7
2201;5789;0;1.3001285954722658E7
2202;5792;3;1.3001285954722658E7
2203;5793;1;1.3001285954722658E7
2204;5795;2;1.3001285954722658E7
2205;5797;2;1.3001285954722658E7
2206;5799;2;1.3001285954722658E7
2207;5800;1;1.3001285954722658E7
2208;5803;3;1.3001285954722658E7
2209;5804;1;1.3001285954722658E7
2210;5804;0;1.3001285954722658E7
2211;5805;1;1.3001285954722658E7
2212;5806;1;1.3001285954722658E7
2213;5809;3;1.3001285954722658E7
2214;5811;2;1.3001285954722658E7
2215;5813;2;1.3001285954722658E7
2216;5815;2;1.3001285954722658E7
2217;5817;2;1.3001285954722658E7
2218;5817;0;1.3001285954722658E7
2219;5819;2;1.3001285954722658E7
2220;5822;3;1.3001285954722658E7
2221;5824;2;1.3001285954722658E7
2222;5826;2;1.3001285954722658E7
2223;5828;2;1.3001285954722658E7
2224;5830;2;1.3001285954722658E7
2225;5832;2;1.3001285954722658E7
2226;5833;1;1.3001285954722658E7
2227;5836;3;1.3001285954722658E7
2228;5839;3;1.3001285954722658E7
2229;5840;1;1.3001285954722658E7
2230;5841;1;1.3001285954722658E7
2231;5842;1;1.3001285954722658E7
2232;5843;1;1.3001285954722658E7
2233;5845;2;1.3001285954722658E7
2234;5847;2;1.3001285954722658E7
2235;5850;3;1.3001285954722658E7
2236;5851;1;1.3001285954722658E7
2237;5852;1;1.3001285954722658E7
2238;5854;2;1.3001285954722658E7
2239;5855;1;1.3001285954722658E7
2240;5858;3;1.3001285954722658E7
2241;5860;2;1.3001285954722658E7
2242;5862;2;1.3001285954722658E7
2243;5863;1;1.3001285954722658E7
2244;5865;2;1.3001285954722658E7
2245;5867;2;1.3001285954722658E7
2246;5868;1;1.3001285954722658E7
2247;5869;1;1.3001285954722658E7
2248;5870;1;1.3001285954722658E7
2249;5872;2;1.3001285954722658E7
2250;5873;1;1.3001285954722658E7
2251;5876;3;1.3001285954722658E7
2252;5877;1;1.3001285954722658E7
2253;5878;1;1.3001285954722658E7
2254;5880;2;1.3001285954722658E7
2255;5882;2;1.3001285954722658E7
2256;5883;1;1.3001285954722658E7
2257;5883;0;1.3001285954722658E7
2258;5885;2;1.3001285954722658E7
2259;5888;3;1.3001285954722658E7
2260;5889;1;1.3001285954722658E7
2261;5891;2;1.3001285954722658E7
2262;5893;2;1.3001285954722658E7
2263;5893;0;1.3001285954722658E7
2264;5894;1;1.3001285954722658E7
2265;5895;1;1.3001285954722658E7
2266;5899;4;1.3001285954722658E7
2267;5901;2;1.3001285954722658E7
2268;5903;2;1.3001285954722658E7
2269;5905;2;1.3001285954722658E7
2270;5907;2;1.3001285954722658E7
2271;5909;2;1.3001285954722658E7
2272;5911;2;1.3001285954722658E7
2273;5914;3;1.3001285954722658E7
2274;5917;3;1.3001285954722658E7
2275;5919;2;1.3001285954722658E7
2276;5921;2;1.3001285954722658E7
2277;5924;3;1.3001285954722658E7
2278;5926;2;1.3001285954722658E7
2279;5928;2;1.3001285954722658E7
2280;5931;3;1.3001285954722658E7
2281;5932;1;1.3001285954722658E7
2282;5934;2;1.3001285954722658E7
2283;5936;2;1.3001285954722658E7
2284;5939;3;1.3001285954722658E7
2285;5941;2;1.3001285954722658E7
2286;5941;0;1.3001285954722658E7
2287;5943;2;1.3001285954722658E7
2288;5945;2;1.3001285954722658E7
2289;5947;2;1.3001285954722658E7
2290;5950;3;1.3001285954722658E7
2291;5953;3;1.3001285954722658E7
2292;5954;1;1.3001285954722658E7
2293;5958;4;1.3001285954722658E7
2294;5960;2;1.3001285954722658E7
2295;5962;2;1.3001285954722658E7
2296;5963;1;1.3001285954722658E7
2297;5964;1;1.3001285954722658E7
2298;5967;3;1.3001285954722658E7
2299;5970;3;1.3001285954722658E7
2300;5971;1;1.3001285954722658E7
2301;5974;3;1.3001285954722658E7
2302;5976;2;1.3001285954722658E7
2303;5979;3;1.3001285954722658E7
2304;5979;0;1.3001285954722658E7
2305;5982;3;1.3001285954722658E7
2306;5984;2;1.3001285954722658E7
2307;5986;2;1.3001285954722658E7
2308;5990;4;1.3001285954722658E7
2309;5992;2;1.3001285954722658E7
2310;5994;2;1.3001285954722658E7
2311;5996;2;1.3001285954722658E7
2312;5998;2;1.3001285954722658E7
2313;6010;12;1.3001285954722658E7
2314;6011;1;1.3001285954722658E7
2315;6014;3;1.3001285954722658E7
2316;6015;1;1.3001285954722658E7
2317;6017;2;1.3001285954722658E7
2318;6020;3;1.3001285954722658E7
2319;6024;4;1.3001285954722658E7
2320;6027;3;1.3001285954722658E7
2321;6032;5;1.3001285954722658E7
2322;6035;3;1.3001285954722658E7
2323;6040;5;1.3001285954722658E7
2324;6045;5;1.3001285954722658E7
2325;6056;11;1.3001285954722658E7
2326;6058;2;1.3001285954722658E7
2327;6059;1;1.3001285954722658E7
2328;6062;3;1.3001285954722658E7
2329;6068;6;1.3001285954722658E7
2330;6072;4;1.3001285954722658E7
2331;6074;2;1.3001285954722658E7
2332;6080;6;1.3001285954722658E7
2333;6081;1;1.3001285954722658E7
2334;6083;2;1.3001285954722658E7
2335;6087;4;1.3001285954722658E7
2336;6091;4;1.3001285954722658E7
2337;6096;5;1.3001285954722658E7
2338;6099;3;1.3001285954722658E7
2339;6104;5;1.3001285954722658E7
2340;6106;2;1.3001285954722658E7
2341;6109;3;1.3001285954722658E7
2342;6110;1;1.3001285954722658E7
2343;6113;3;1.3001285954722658E7
2344;6113;0;1.3001285954722658E7
2345;6116;3;1.3001285954722658E7
2346;6118;2;1.3001285954722658E7
2347;6121;3;1.3001285954722658E7
2348;6123;2;1.3001285954722658E7
2349;6124;1;1.3001285954722658E7
2350;6126;2;1.3001285954722658E7
2351;6127;1;1.3001285954722658E7
2352;6128;1;1.3001285954722658E7
2353;6130;2;1.3001285954722658E7
2354;6133;3;1.3001285954722658E7
2355;6134;1;1.3001285954722658E7
2356;6136;2;1.3001285954722658E7
2357;6138;2;1.3001285954722658E7
2358;6141;3;1.3001285954722658E7
2359;6142;1;1.3001285954722658E7
2360;6143;1;1.3001285954722658E7
2361;6144;1;1.3001285954722658E7
2362;6146;2;1.3001285954722658E7
2363;6147;1;1.3001285954722658E7
2364;6148;1;1.3001285954722658E7
2365;6152;4;1.3001285954722658E7
2366;6154;2;1.3001285954722658E7
2367;6156;2;1.3001285954722658E7
2368;6159;3;1.3001285954722658E7
2369;6161;2;1.3001285954722658E7
2370;6164;3;1.3001285954722658E7
2371;6167;3;1.3001285954722658E7
2372;6169;2;1.3001285954722658E7
2373;6169;0;1.3001285954722658E7
2374;6170;1;1.3001285954722658E7
2375;6173;3;1.3001285954722658E7
2376;6175;2;1.3001285954722658E7
2377;6177;2;1.3001285954722658E7
2378;6179;2;1.3001285954722658E7
2379;6182;3;1.3001285954722658E7
2380;6184;2;1.3001285954722658E7
2381;6185;1;1.3001285954722658E7
2382;6187;2;1.3001285954722658E7
2383;6188;1;1.3001285954722658E7
2384;6192;4;1.3001285954722658E7
2385;6193;1;1.3001285954722658E7
2386;6196;3;1.3001285954722658E7
2387;6198;2;1.3001285954722658E7
2388;6201;3;1.3001285954722658E7
2389;6201;0;1.3001285954722658E7
2390;6204;3;1.3001285954722658E7
2391;6204;0;1.3001285954722658E7
2392;6206;2;1.3001285954722658E7
2393;6207;1;1.3001285954722658E7
2394;6209;2;1.3001285954722658E7
2395;6210;1;1.3001285954722658E7
2396;6212;2;1.3001285954722658E7
2397;6215;3;1.3001285954722658E7
2398;6218;3;1.3001285954722658E7
2399;6220;2;1.3001285954722658E7
2400;6221;1;1.3001285954722658E7
2401;6223;2;1.3001285954722658E7
2402;6224;1;1.3001285954722658E7
2403;6225;1;1.3001285954722658E7
2404;6226;1;1.3001285954722658E7
2405;6228;2;1.3001285954722658E7
2406;6230;2;1.3001285954722658E7
2407;6231;1;1.3001285954722658E7
2408;6233;2;1.3001283556184808E7
2409;6235;2;1.3001282284782713E7
2410;6237;2;1.3001282284782713E7
2411;6240;3;1.3001282284782713E7
2412;6241;1;1.3001282284782713E7
2413;6242;1;1.3001282284782713E7
2414;6245;3;1.3001282284782713E7
2415;6249;4;1.3001282284782713E7
2416;6249;0;1.3001282284782713E7
2417;6250;1;1.3001282284782713E7
2418;6253;3;1.3001282284782713E7
2419;6257;4;1.3001282284782713E7
2420;6261;4;1.3001282284782713E7
2421;6267;6;1.3001282284782713E7
2422;6271;4;1.3001282284782713E7
2423;6277;6;1.3001282284782713E7
2424;6279;2;1.3001282284782713E7
2425;6283;4;1.3001282284782713E7
2426;6287;4;1.3001282284782713E7
2427;6291;4;1.3001282284782713E7
2428;6294;3;1.3001282284782713E7
2429;6295;1;1.3001282284782713E7
2430;6296;1;1.3001282284782713E7
2431;6300;4;1.3001282284782713E7
2432;6303;3;1.3001282284782713E7
2433;6305;2;1.3001282284782713E7
2434;6306;1;1.3001282284782713E7
2435;6308;2;1.3001282284782713E7
2436;6315;7;1.3001282284782713E7
2437;6316;1;1.3001282284782713E7
2438;6319;3;1.3001282284782713E7
2439;6322;3;1.3001282284782713E7
2440;6324;2;1.3001282284782713E7
2441;6325;1;1.3001282284782713E7
2442;6328;3;1.3001282284782713E7
2443;6330;2;1.3001282284782713E7
2444;6330;0;1.3001282284782713E7
2445;6332;2;1.3001282284782713E7
2446;6333;1;1.3001282284782713E7
2447;6335;2;1.3001282284782713E7
2448;6338;3;1.3001282284782713E7
2449;6340;2;1.3001282284782713E7
2450;6342;2;1.3001282284782713E7
2451;6344;2;1.3001282284782713E7
2452;6345;1;1.3001282284782713E7
2453;6347;2;1.3001282284782713E7
2454;6349;2;1.3001282284782713E7
2455;6350;1;1.3001282284782713E7
2456;6352;2;1.3001282284782713E7
2457;6353;1;1.3001282284782713E7
2458;6356;3;1.3001282284782713E7
2459;6358;2;1.3001282284782713E7
2460;6359;1;1.3001282284782713E7
2461;6362;3;1.3001282284782713E7
2462;6365;3;1.3001282284782713E7
2463;6368;3;1.3001282284782713E7
2464;6370;2;1.3001282284782713E7
2465;6371;1;1.3001282284782713E7
2466;6373;2;1.3001282284782713E7
2467;6375;2;1.3001282284782713E7
2468;6377;2;1.3001282284782713E7
2469;6378;1;1.3001282284782713E7
2470;6379;1;1.3001282284782713E7
2471;6380;1;1.3001282284782713E7
2472;6380;0;1.3001282284782713E7
2473;6382;2;1.3001282284782713E7
2474;6383;1;1.3001282284782713E7
2475;6387;4;1.3001282284782713E7
2476;6389;2;1.3001282284782713E7
2477;6391;2;1.3001282284782713E7
2478;6392;1;1.3001282284782713E7
2479;6395;3;1.3001282284782713E7
2480;6397;2;1.3001282284782713E7
2481;6399;2;1.3001282284782713E7
2482;6399;0;1.3001282284782713E7
2483;6400;1;1.3001282284782713E7
2484;6403;3;1.3001282284782713E7
2485;6405;2;1.3001282284782713E7
2486;6408;3;1.3001282284782713E7
2487;6409;1;1.3001282284782713E7
2488;6412;3;1.3001282284782713E7
2489;6412;0;1.3001282284782713E7
2490;6415;3;1.3001282284782713E7
2491;6417;2;1.3001282284782713E7
2492;6419;2;1.3001282284782713E7
2493;6421;2;1.3001282284782713E7
2494;6423;2;1.3001282284782713E7
2495;6426;3;1.3001282284782713E7
2496;6427;1;1.3001282284782713E7
2497;6429;2;1.3001282284782713E7
2498;6431;2;1.3001282284782713E7
2499;6434;3;1.3001282284782713E7
2500;6434;0;1.3001282284782713E7
2501;6436;2;1.3001282284782713E7
2502;6439;3;1.3001282284782713E7
2503;6441;2;1.3001282284782713E7
2504;6442;1;1.3001282284782713E7
2505;6444;2;1.3001282284782713E7
2506;6447;3;1.3001282284782713E7
2507;6450;3;1.3001282284782713E7
2508;6452;2;1.3001282284782713E7
2509;6455;3;1.3001282284782713E7
2510;6459;4;1.3001282284782713E7
2511;6461;2;1.3001282284782713E7
2512;6463;2;1.3001282284782713E7
2513;6464;1;1.3001282284782713E7
2514;6466;2;1.3001282284782713E7
2515;6468;2;1.3001282284782713E7
2516;6468;0;1.3001282284782713E7
2517;6470;2;1.3001282284782713E7
2518;6472;2;1.3001282284782713E7
2519;6475;3;1.3001282284782713E7
2520;6475;0;1.3001282284782713E7
2521;6477;2;1.3001282284782713E7
2522;6479;2;1.3001282284782713E7
2523;6482;3;1.3001282284782713E7
2524;6483;1;1.3001282284782713E7
2525;6485;2;1.3001282284782713E7
2526;6486;1;1.3001282284782713E7
2527;6488;2;1.3001282284782713E7
2528;6489;1;1.3001282284782713E7
2529;6490;1;1.3001282284782713E7
2530;6492;2;1.3001282284782713E7
2531;6494;2;1.3001282284782713E7
2532;6495;1;1.3001282284782713E7
2533;6497;2;1.3001282284782713E7
2534;6498;1;1.3001282284782713E7
2535;6499;1;1.3001282284782713E7
2536;6500;1;1.3001282284782713E7
2537;6503;3;1.3001282284782713E7
2538;6506;3;1.3001282284782713E7
2539;6508;2;1.3001282284782713E7
2540;6510;2;1.3001282284782713E7
2541;6511;1;1.3001282284782713E7
2542;6514;3;1.3001282284782713E7
2543;6516;2;1.3001282284782713E7
2544;6518;2;1.3001282284782713E7
2545;6520;2;1.3001282284782713E7
2546;6523;3;1.3001282284782713E7
2547;6525;2;1.3001282284782713E7
2548;6526;1;1.3001282284782713E7
2549;6528;2;1.3001282284782713E7
2550;6529;1;1.3001282284782713E7
2551;6532;3;1.3001282284782713E7
2552;6534;2;1.3001282284782713E7
2553;6536;2;1.3001282284782713E7
2554;6537;1;1.3001282284782713E7
2555;6538;1;1.3001282284782713E7
2556;6540;2;1.3001282284782713E7
2557;6541;1;1.3001282284782713E7
2558;6544;3;1.3001282284782713E7
2559;6547;3;1.3001282284782713E7
2560;6550;3;1.3001282284782713E7
2561;6552;2;1.3001282284782713E7
2562;6555;3;1.3001282284782713E7
2563;6556;1;1.3001282284782713E7
2564;6559;3;1.3001282284782713E7
2565;6561;2;1.3001282284782713E7
2566;6563;2;1.300128127700149E7
2567;6564;1;1.300128127700149E7
2568;6567;3;1.3001271967281956E7
2569;6569;2;1.3001271967281956E7
2570;6569;0;1.3001271967281956E7
2571;6571;2;1.3001271967281956E7
2572;6574;3;1.3001271967281956E7
2573;6577;3;1.3001271967281956E7
2574;6579;2;1.3001271967281956E7
2575;6581;2;1.3001271967281956E7
2576;6585;4;1.3001271967281956E7
2577;6587;2;1.3001271967281956E7
2578;6589;2;1.3001269221936015E7
2579;6591;2;1.3001269221936015E7
2580;6593;2;1.3001268815658217E7
2581;6595;2;1.3001268815658217E7
2582;6596;1;1.300125800850332E7
2583;6600;4;1.300125800850332E7
2584;6603;3;1.300125800850332E7
2585;6604;1;1.300125800850332E7
2586;6606;2;1.300125800850332E7
2587;6607;1;1.300125800850332E7
2588;6609;2;1.300125800850332E7
2589;6612;3;1.300125800850332E7
2590;6614;2;1.300125800850332E7
2591;6617;3;1.300125800850332E7
2592;6617;0;1.300125800850332E7
2593;6619;2;1.300125800850332E7
2594;6621;2;1.300125800850332E7
2595;6623;2;1.300125800850332E7
2596;6625;2;1.300125800850332E7
2597;6627;2;1.300125800850332E7
2598;6629;2;1.300125800850332E7
2599;6632;3;1.3001229073663874E7
2600;6633;1;1.3001229073663874E7
2601;6635;2;1.3001229073663874E7
2602;6636;1;1.3001229073663874E7
2603;6637;1;1.3001229073663874E7
2604;6638;1;1.3001229073663874E7
2605;6639;1;1.3001229073663874E7
2606;6641;2;1.3001229073663874E7
2607;6644;3;1.3001229073663874E7
2608;6645;1;1.3001229073663874E7
2609;6647;2;1.3001229073663874E7
2610;6649;2;1.3001229073663874E7
2611;6651;2;1.3001229073663874E7
2612;6652;1;1.3001229073663874E7
2613;6653;1;1.3001229073663874E7
2614;6654;1;1.3001229073663874E7
2615;6656;2;1.3001229073663874E7
2616;6657;1;1.3001229073663874E7
2617;6657;0;1.3001229073663874E7
2618;6658;1;1.3001229073663874E7
2619;6659;1;1.3001229073663874E7
2620;6662;3;1.3001229073663874E7
2621;6664;2;1.3001229073663874E7
2622;6665;1;1.3001229073663874E7
2623;6667;2;1.3001229073663874E7
2624;6669;2;1.2001313349974101E7
2625;6672;3;1.2001313349974101E7
2626;6674;2;1.2001304401325777E7
2627;6676;2;1.2001300344613502E7
2628;6678;2;1.2001300344613502E7
2629;6680;2;1.2001300344613502E7
2630;6682;2;1.2001300344613502E7
2631;6684;2;1.2001300344613502E7
2632;6686;2;1.2001300344613502E7
2633;6687;1;1.2001300003273869E7
2634;6689;2;1.2001300003273869E7
2635;6689;0;1.2001300003273869E7
2636;6691;2;1.2001300003273869E7
2637;6692;1;1.2001300003273869E7
2638;6693;1;1.2001295229167672E7
2639;6694;1;1.2001295178414205E7
2640;6696;2;1.2001295178414205E7
2641;6699;3;1.2001295178414205E7
2642;6700;1;1.2001295178414205E7
2643;6701;1;1.2001295178414205E7
2644;6704;3;1.2001295178414205E7
2645;6706;2;1.2001295178414205E7
2646;6708;2;1.2001295178414205E7
2647;6711;3;1.2001295178414205E7
2648;6712;1;1.2001295178414205E7
2649;6713;1;1.2001295178414205E7
2650;6715;2;1.2001295178414205E7
2651;6717;2;1.2001283072472584E7
2652;6719;2;1.2001283072472584E7
2653;6722;3;1.2001283072472584E7
2654;6725;3;1.2001283072472584E7
2655;6727;2;1.2001283072472584E7
2656;6729;2;1.2001283072472584E7
2657;6733;4;1.2001283072472584E7
2658;6734;1;1.200128008375095E7
2659;6736;2;1.200128008375095E7
2660;6738;2;1.200128008375095E7
2661;6740;2;1.200128008375095E7
2662;6741;1;1.200128008375095E7
2663;6744;3;1.200128008375095E7
2664;6745;1;1.200128008375095E7
2665;6747;2;1.200128008375095E7
2666;6749;2;1.2001255634926891E7
2667;6751;2;1.2001255634926891E7
2668;6752;1;1.2001254468126034E7
2669;6754;2;1.2001254468126034E7
2670;6755;1;1.2001254468126034E7
2671;6757;2;1.2001254468126034E7
2672;6759;2;1.2001254468126034E7
2673;6760;1;1.2001254468126034E7
2674;6762;2;1.2001254468126034E7
2675;6764;2;1.2001254468126034E7
2676;6766;2;1.2001254468126034E7
2677;6768;2;1.2001254468126034E7
2678;6769;1;1.2001254468126034E7
2679;6771;2;1.2001254468126034E7
2680;6774;3;1.2001254468126034E7
2681;6775;1;1.2001254468126034E7
2682;6777;2;1.2001254468126034E7
2683;6779;2;1.2001254468126034E7
2684;6782;3;1.2001254468126034E7
2685;6783;1;1.2001254468126034E7
2686;6785;2;1.2001254468126034E7
2687;6787;2;1.2001254468126034E7
2688;6790;3;1.2001254468126034E7
2689;6792;2;1.2001254468126034E7
2690;6795;3;1.2001254468126034E7
2691;6796;1;1.2001254468126034E7
2692;6799;3;1.2001254468126034E7
2693;6801;2;1.2001254468126034E7
2694;6803;2;1.2001254468126034E7
2695;6805;2;1.2001254468126034E7
2696;6808;3;1.2001254468126034E7
2697;6808;0;1.2001254468126034E7
2698;6810;2;1.2001254468126034E7
2699;6813;3;1.2001254468126034E7
2700;6815;2;1.2001254468126034E7
2701;6818;3;1.2001254468126034E7
2702;6819;1;1.2001254468126034E7
2703;6821;2;1.2001254468126034E7
2704;6823;2;1.2001254468126034E7
2705;6826;3;1.2001254468126034E7
2706;6828;2;1.2001254468126034E7
2707;6830;2;1.2001254468126034E7
2708;6832;2;1.2001254468126034E7
2709;6834;2;1.2001254468126034E7
2710;6836;2;1.2001254468126034E7
2711;6837;1;1.2001254468126034E7
2712;6839;2;1.2001254468126034E7
2713;6841;2;1.2001254468126034E7
2714;6843;2;1.2001254468126034E7
2715;6845;2;1.2001254468126034E7
2716;6847;2;1.2001254468126034E7
2717;6850;3;1.2001254468126034E7
2718;6852;2;1.2001254468126034E7
2719;6853;1;1.2001254468126034E7
2720;6855;2;1.2001254468126034E7
2721;6856;1;1.2001254468126034E7
2722;6858;2;1.2001254468126034E7
2723;6861;3;1.2001254468126034E7
2724;6863;2;1.2001254468126034E7
2725;6864;1;1.2001254468126034E7
2726;6867;3;1.2001254468126034E7
2727;6867;0;1.2001254468126034E7
2728;6869;2;1.2001254468126034E7
2729;6871;2;1.2001254468126034E7
2730;6873;2;1.2001254468126034E7
2731;6875;2;1.2001254468126034E7
2732;6877;2;1.2001254468126034E7
2733;6877;0;1.2001254468126034E7
2734;6879;2;1.2001254468126034E7
2735;6882;3;1.2001254468126034E7
2736;6884;2;1.2001254468126034E7
2737;6884;0;1.2001254468126034E7
2738;6886;2;1.2001254468126034E7
2739;6887;1;1.2001254468126034E7
2740;6887;0;1.2001254468126034E7
2741;6888;1;1.2001254468126034E7
2742;6890;2;1.2001254468126034E7
2743;6893;3;1.2001254468126034E7
2744;6894;1;1.2001254468126034E7
2745;6895;1;1.2001254468126034E7
2746;6896;1;1.2001248955305384E7
2747;6898;2;1.2001247381974636E7
2748;6900;2;1.2001247381974636E7
2749;6903;3;1.2001238323367948E7
2750;6903;0;1.2001238323367948E7
2751;6905;2;1.2001238323367948E7
2752;6905;0;1.2001238323367948E7
2753;6907;2;1.2001238323367948E7
2754;6910;3;1.2001238323367948E7
2755;6911;1;1.2001237599703565E7
2756;6912;1;1.2001237599703565E7
2757;6914;2;1.2001237599703565E7
2758;6916;2;1.2001237599703565E7
2759;6918;2;1.2001237599703565E7
2760;6919;1;1.2001237599703565E7
2761;6919;0;1.2001237599703565E7
2762;6920;1;1.2001237599703565E7
2763;6922;2;1.2001237599703565E7
2764;6925;3;1.2001237599703565E7
2765;6927;2;1.2001237599703565E7
2766;6930;3;1.2001237599703565E7
2767;6932;2;1.2001237599703565E7
2768;6934;2;1.2001237599703565E7
2769;6935;1;1.2001237599703565E7
2770;6937;2;1.2001237599703565E7
2771;6939;2;1.2001237599703565E7
2772;6940;1;1.2001219807164352E7
2773;6941;1;1.2001219807164352E7
2774;6941;0;1.2001219807164352E7
2775;6944;3;1.2001219807164352E7
2776;6945;1;1.2001219807164352E7
2777;6948;3;1.2001219807164352E7
2778;6948;0;1.2001219807164352E7
2779;6950;2;1.2001219807164352E7
2780;6951;1;1.2001219807164352E7
2781;6953;2;1.200121866048506E7
2782;6955;2;1.200121866048506E7
2783;6957;2;1.200121866048506E7
2784;6959;2;1.200121866048506E7
2785;6961;2;1.200121866048506E7
2786;6963;2;1.200121866048506E7
2787;6965;2;1.200121866048506E7
2788;6966;1;1.200121866048506E7
2789;6968;2;1.200121866048506E7
2790;6970;2;1.200121866048506E7
2791;6974;4;1.200121866048506E7
2792;6975;1;1.200121866048506E7
2793;6977;2;1.200121866048506E7
2794;6978;1;1.200121866048506E7
2795;6979;1;1.200121866048506E7
2796;6980;1;1.200121866048506E7
2797;6982;2;1.200121866048506E7
2798;6982;0;1.200121866048506E7
2799;6984;2;1.200121866048506E7
2800;6986;2;1.200121866048506E7
2801;6989;3;1.200121866048506E7
2802;6992;3;1.200121866048506E7
2803;6992;0;1.200121866048506E7
2804;6993;1;1.200121866048506E7
2805;6995;2;1.2001212199733429E7
2806;6996;1;1.2001212199733429E7
2807;6998;2;1.2001212199733429E7
2808;7000;2;1.2001209087245548E7
2809;7004;4;1.2001209087245548E7
2810;7005;1;1.2001209039939485E7
2811;7007;2;1.2001209039939485E7
2812;7010;3;1.2001209039939485E7
2813;7012;2;1.2001209039939485E7
2814;7015;3;1.2001209039939485E7
2815;7016;1;1.2001209039939485E7
2816;7019;3;1.2001209039939485E7
2817;7022;3;1.2001209039939485E7
2818;7024;2;1.2001209039939485E7
2819;7026;2;1.2001209039939485E7
2820;7028;2;1.2001204639495496E7
2821;7030;2;1.2001204639495496E7
2822;7033;3;1.2001203417029062E7
2823;7034;1;1.2001203417029062E7
2824;7037;3;1.2001203417029062E7
2825;7038;1;1.2001203417029062E7
2826;7040;2;1.2001203417029062E7
2827;7041;1;1.2001203417029062E7
2828;7042;1;1.2001203417029062E7
2829;7042;0;1.2001203417029062E7
2830;7043;1;1.2001203417029062E7
2831;7044;1;1.2001203417029062E7
2832;7047;3;1.2001203417029062E7
2833;7049;2;1.2001203417029062E7
2834;7051;2;1.2001203417029062E7
2835;7054;3;1.2001203417029062E7
2836;7055;1;1.2001203417029062E7
2837;7058;3;1.2001203417029062E7
2838;7060;2;1.2001203417029062E7
2839;7061;1;1.2001203417029062E7
2840;7063;2;1.2001203417029062E7
2841;7065;2;1.2001203417029062E7
2842;7067;2;1.2001203417029062E7
2843;7069;2;1.2001203417029062E7
2844;7071;2;1.2001203417029062E7
2845;7072;1;1.2001203417029062E7
2846;7073;1;1.2001203417029062E7
2847;7075;2;1.2001203417029062E7
2848;7076;1;1.2001202435432319E7
2849;7078;2;1.2001202435432319E7
2850;7082;4;1.2001202435432319E7
2851;7085;3;1.2001202435432319E7
2852;7086;1;1.2001202435432319E7
2853;7087;1;1.2001202435432319E7
2854;7087;0;1.2001202435432319E7
2855;7089;2;1.2001202435432319E7
2856;7091;2;1.2001202435432319E7
2857;7092;1;1.2001202435432319E7
2858;7095;3;1.2001202435432319E7
2859;7097;2;1.2001202435432319E7
2860;7100;3;1.2001202435432319E7
2861;7101;1;1.2001202435432319E7
2862;7103;2;1.2001202435432319E7
2863;7107;4;1.2001202435432319E7
2864;7110;3;1.2001202435432319E7
2865;7112;2;1.2001202435432319E7
2866;7114;2;1.2001202435432319E7
2867;7116;2;1.2001202435432319E7
2868;7118;2;1.2001202435432319E7
2869;7120;2;1.2001202435432319E7
2870;7122;2;1.2001202435432319E7
2871;7125;3;1.2001202435432319E7
2872;7127;2;1.2001202435432319E7
2873;7129;2;1.2001202435432319E7
2874;7132;3;1.2001197307917546E7
2875;7134;2;1.2001197307917546E7
2876;7136;2;1.2001197307917546E7
2877;7138;2;1.2001197307917546E7
2878;7140;2;1.2001195935472323E7
2879;7143;3;1.2001195935472323E7
2880;7145;2;1.2001195935472323E7
2881;7146;1;1.2001195935472323E7
2882;7149;3;1.2001195935472323E7
2883;7150;1;1.2001195935472323E7
2884;7152;2;1.2001195935472323E7
2885;7153;1;1.2001195935472323E7
2886;7156;3;1.2001195935472323E7
2887;7158;2;1.2001195935472323E7
2888;7161;3;1.2001195935472323E7
2889;7162;1;1.2001195935472323E7
2890;7164;2;1.2001195935472323E7
2891;7166;2;1.2001195935472323E7
2892;7169;3;1.2001195935472323E7
2893;7172;3;1.2001195935472323E7
2894;7174;2;1.2001195935472323E7
2895;7176;2;1.2001195935472323E7
2896;7178;2;1.2001195935472323E7
2897;7180;2;1.2001195935472323E7
2898;7182;2;1.2001195935472323E7
2899;7183;1;1.2001195935472323E7
2900;7183;0;1.2001195935472323E7
2901;7185;2;1.2001195935472323E7
2902;7186;1;1.2001195935472323E7
2903;7188;2;1.2001195935472323E7
2904;7191;3;1.2001195935472323E7
2905;7194;3;1.2001195935472323E7
2906;7196;2;1.2001195935472323E7
2907;7198;2;1.2001195935472323E7
2908;7201;3;1.2001195935472323E7
2909;7202;1;1.2001195935472323E7
2910;7205;3;1.2001195935472323E7
2911;7207;2;1.2001195935472323E7
2912;7208;1;1.2001195935472323E7
2913;7210;2;1.2001195935472323E7
2914;7211;1;1.2001195935472323E7
2915;7212;1;1.2001191062272048E7
2916;7213;1;1.2001191062272048E7
2917;7214;1;1.2001191062272048E7
2918;7214;0;1.2001191062272048E7
2919;7216;2;1.2001191062272048E7
2920;7217;1;1.2001191062272048E7
2921;7221;4;1.2001191062272048E7
2922;7222;1;1.2001191062272048E7
2923;7224;2;1.2001191014965985E7
2924;7227;3;1.2001191014965985E7
2925;7228;1;1.2001191014965985E7
2926;7229;1;1.2001191014965985E7
2927;7230;1;1.2001191014965985E7
2928;7232;2;1.2001191014965985E7
2929;7234;2;1.2001191014965985E7
2930;7235;1;1.2001191014965985E7
2931;7236;1;1.2001191014965985E7
2932;7239;3;1.2001191014965985E7
2933;7241;2;1.2001191014965985E7
2934;7243;2;1.200118964252076E7
2935;7245;2;1.200118964252076E7
2936;7247;2;1.200118964252076E7
2937;7248;1;1.200118964252076E7
2938;7249;1;1.200118964252076E7
2939;7252;3;1.200118964252076E7
2940;7253;1;1.200118964252076E7
2941;7254;1;1.200118964252076E7
2942;7255;1;1.200118964252076E7
2943;7256;1;1.200118964252076E7
2944;7257;1;1.200118964252076E7
2945;7259;2;1.200118964252076E7
2946;7260;1;1.200118964252076E7
2947;7262;2;1.2001189266770551E7
2948;7264;2;1.2001189266770551E7
2949;7265;1;1.2001189266770551E7
2950;7266;1;1.2001189266770551E7
2951;7268;2;1.2001189266770551E7
2952;7270;2;1.2001189266770551E7
2953;7272;2;1.2001189266770551E7
2954;7273;1;1.2001189266770551E7
2955;7275;2;1.2001189266770551E7
2956;7276;1;1.2001189266770551E7
2957;7278;2;1.2001189266770551E7
2958;7281;3;1.2001189266770551E7
2959;7284;3;1.2001189266770551E7
2960;7286;2;1.2001189266770551E7
2961;7288;2;1.2001189266770551E7
2962;7291;3;1.2001189266770551E7
2963;7292;1;1.2001189266770551E7
2964;7295;3;1.2001189266770551E7
2965;7298;3;1.2001189266770551E7
2966;7300;2;1.2001189266770551E7
2967;7301;1;1.2001189266770551E7
2968;7303;2;1.2001189266770551E7
2969;7305;2;1.2001189266770551E7
2970;7307;2;1.2001189266770551E7
2971;7309;2;1.2001189266770551E7
2972;7311;2;1.2001189266770551E7
2973;7313;2;1.2001189266770551E7
2974;7315;2;1.2001189266770551E7
2975;7317;2;1.2001189266770551E7
2976;7320;3;1.2001189266770551E7
2977;7322;2;1.2001189266770551E7
2978;7325;3;1.2001189266770551E7
2979;7327;2;1.2001189266770551E7
2980;7329;2;1.2001189266770551E7
2981;7330;1;1.200118691839986E7
2982;7331;1;1.200118691839986E7
2983;7334;3;1.200118691839986E7
2984;7337;3;1.200118691839986E7
2985;7339;2;1.200118691839986E7
2986;7340;1;1.200118691839986E7
2987;7341;1;1.200118691839986E7
2988;7343;2;1.200118691839986E7
2989;7345;2;1.200118691839986E7
2990;7347;2;1.200118691839986E7
2991;7349;2;1.2001185740661459E7
2992;7350;1;1.2001185740661459E7
2993;7352;2;1.2001185740661459E7
2994;7356;4;1.2001185740661459E7
2995;7357;1;1.20011853993512E7
2996;7358;1;1.20011853993512E7
2997;7359;1;1.20011853993512E7
2998;7360;1;1.20011853993512E7
2999;7361;1;1.20011853993512E7
