Index;Time point [ms];Iteration length [ms];Cost
0;11;11;3001458.8964507068
1;16;5;3001458.8964507068
2;22;6;3001447.7033242797
3;27;5;3001360.961795177
4;34;7;3001135.7679604674
5;40;6;3001135.7679604674
6;48;8;3001055.7015201245
7;52;4;3001042.1505591455
8;60;8;3000951.915891441
9;67;7;3000951.915891441
10;73;6;3000951.915891441
11;83;10;3000951.915891441
12;88;5;3000951.915891441
13;91;3;3000951.915891441
14;92;1;3000951.915891441
15;100;8;3000951.915891441
16;107;7;3000951.915891441
17;117;10;3000951.915891441
18;129;12;3000951.915891441
19;133;4;3000951.915891441
20;140;7;3000951.915891441
21;147;7;3000951.915891441
22;147;0;3000951.915891441
23;148;1;3000951.915891441
24;157;9;3000951.915891441
25;165;8;3000951.915891441
26;170;5;3000951.915891441
27;174;4;3000951.915891441
28;183;9;3000951.915891441
29;189;6;3000951.915891441
30;190;1;3000951.915891441
31;198;8;3000951.915891441
32;207;9;3000951.915891441
33;213;6;3000951.915891441
34;218;5;3000951.915891441
35;221;3;3000951.915891441
36;229;8;3000951.915891441
37;236;7;3000951.915891441
38;241;5;3000951.915891441
39;250;9;3000951.915891441
40;256;6;3000951.915891441
41;263;7;3000951.915891441
42;271;8;3000951.915891441
43;277;6;3000951.915891441
44;285;8;3000951.915891441
45;290;5;3000951.915891441
46;291;1;3000951.915891441
47;292;1;3000951.915891441
48;292;0;3000951.915891441
49;299;7;3000951.915891441
50;305;6;3000892.3120305045
51;310;5;3000886.112466717
52;316;6;3000886.112466717
53;327;11;3000886.112466717
54;335;8;3000850.485421598
55;344;9;3000850.485421598
56;353;9;3000850.485421598
57;363;10;3000850.485421598
58;370;7;3000850.485421598
59;378;8;3000850.485421598
60;388;10;3000850.485421598
61;396;8;3000850.485421598
62;408;12;3000850.485421598
63;409;1;3000850.485421598
64;418;9;3000850.485421598
65;430;12;3000850.485421598
66;444;14;3000850.485421598
67;457;13;3000850.485421598
68;471;14;3000850.485421598
69;496;25;3000850.485421598
70;509;13;3000850.485421598
71;520;11;3000850.485421598
72;529;9;3000850.485421598
73;536;7;3000850.485421598
74;541;5;3000850.485421598
75;542;1;3000850.485421598
76;552;10;3000850.485421598
77;562;10;3000850.485421598
78;569;7;3000850.485421598
79;577;8;3000850.485421598
80;585;8;3000850.485421598
81;591;6;3000850.485421598
82;605;14;3000850.485421598
83;621;16;3000850.485421598
84;631;10;3000850.485421598
85;637;6;3000850.485421598
86;639;2;3000850.485421598
87;651;12;3000850.485421598
88;658;7;3000850.485421598
89;659;1;3000850.485421598
90;669;10;3000850.485421598
91;674;5;3000850.485421598
92;687;13;3000850.485421598
93;702;15;3000850.485421598
94;712;10;3000850.485421598
95;719;7;3000850.485421598
96;722;3;3000850.485421598
97;732;10;3000850.485421598
98;738;6;3000850.485421598
99;747;9;3000850.485421598
100;753;6;3000850.485421598
101;755;2;3000850.485421598
102;758;3;3000850.485421598
103;767;9;3000850.485421598
104;781;14;3000850.485421598
105;785;4;3000850.485421598
106;795;10;3000850.485421598
107;809;14;3000850.485421598
108;809;0;3000850.485421598
109;810;1;3000850.485421598
110;818;8;3000850.485421598
111;818;0;3000850.485421598
112;819;1;3000850.485421598
113;826;7;3000850.485421598
114;830;4;3000850.485421598
115;837;7;3000850.485421598
116;845;8;3000850.485421598
117;855;10;3000850.485421598
118;862;7;3000850.485421598
119;867;5;3000850.485421598
120;874;7;3000850.485421598
121;885;11;3000850.485421598
122;888;3;3000850.485421598
123;892;4;3000850.485421598
124;898;6;3000850.485421598
125;908;10;3000850.485421598
126;915;7;3000850.485421598
127;923;8;3000850.485421598
128;924;1;3000850.485421598
129;928;4;3000850.485421598
130;931;3;3000850.485421598
131;937;6;3000850.485421598
132;942;5;3000850.485421598
133;942;0;3000850.485421598
134;949;7;3000850.485421598
135;956;7;3000850.485421598
136;961;5;3000850.485421598
137;965;4;3000850.485421598
138;979;14;3000850.485421598
139;981;2;3000850.485421598
140;989;8;3000850.485421598
141;997;8;3000850.485421598
142;1003;6;3000850.485421598
143;1004;1;3000850.485421598
144;1009;5;3000850.485421598
145;1013;4;3000850.485421598
146;1014;1;3000850.485421598
147;1021;7;3000850.485421598
148;1027;6;3000850.485421598
149;1033;6;3000850.485421598
150;1037;4;3000850.485421598
151;1043;6;3000850.485421598
152;1044;1;3000850.485421598
153;1047;3;3000850.485421598
154;1054;7;3000850.485421598
155;1060;6;3000850.485421598
156;1071;11;3000850.485421598
157;1086;15;3000850.485421598
158;1092;6;3000850.485421598
159;1101;9;3000850.485421598
160;1110;9;3000850.485421598
161;1113;3;3000850.485421598
162;1123;10;3000850.485421598
163;1131;8;3000850.485421598
164;1141;10;3000850.485421598
165;1150;9;3000850.485421598
166;1157;7;3000850.485421598
167;1165;8;3000850.485421598
168;1180;15;3000850.485421598
169;1193;13;3000850.485421598
170;1195;2;3000850.485421598
171;1201;6;3000850.485421598
172;1208;7;3000850.485421598
173;1209;1;3000850.485421598
174;1210;1;3000850.485421598
175;1220;10;3000850.485421598
176;1227;7;3000850.485421598
177;1228;1;3000850.485421598
178;1238;10;3000850.485421598
179;1239;1;3000850.485421598
180;1240;1;3000850.485421598
181;1245;5;3000850.485421598
182;1257;12;3000850.485421598
183;1269;12;3000850.485421598
184;1277;8;3000850.485421598
185;1278;1;3000850.485421598
186;1291;13;3000850.485421598
187;1296;5;3000850.485421598
188;1300;4;3000850.485421598
189;1310;10;3000850.485421598
190;1317;7;3000850.485421598
191;1322;5;3000850.485421598
192;1328;6;3000850.485421598
193;1331;3;3000850.485421598
194;1339;8;3000850.485421598
195;1349;10;3000850.485421598
196;1354;5;3000850.485421598
197;1363;9;3000850.485421598
198;1370;7;3000850.485421598
199;1374;4;3000850.485421598
200;1378;4;3000850.485421598
201;1381;3;3000850.485421598
202;1386;5;3000850.485421598
203;1393;7;3000850.485421598
204;1401;8;3000850.485421598
205;1408;7;3000850.485421598
206;1408;0;3000850.485421598
207;1415;7;3000850.485421598
208;1422;7;3000850.485421598
209;1428;6;3000850.485421598
210;1436;8;3000850.485421598
211;1441;5;3000850.485421598
212;1441;0;3000850.485421598
213;1448;7;3000850.485421598
214;1453;5;3000850.485421598
215;1453;0;3000850.485421598
216;1462;9;3000850.485421598
217;1472;10;3000850.485421598
218;1480;8;3000850.485421598
219;1487;7;3000850.485421598
220;1494;7;3000850.485421598
221;1496;2;3000850.485421598
222;1508;12;3000850.485421598
223;1515;7;3000850.485421598
224;1520;5;3000850.485421598
225;1524;4;3000850.485421598
226;1530;6;3000850.485421598
227;1535;5;3000850.485421598
228;1536;1;3000850.485421598
229;1537;1;3000850.485421598
230;1542;5;3000850.485421598
231;1545;3;3000850.485421598
232;1553;8;3000850.485421598
233;1559;6;3000845.2998889512
234;1567;8;3000842.746636599
235;1574;7;3000838.0323998495
236;1580;6;3000838.0323998495
237;1588;8;3000832.5289694136
238;1599;11;3000832.5289694136
239;1611;12;3000832.5289694136
240;1626;15;3000832.5289694136
241;1627;1;3000832.5289694136
242;1629;2;3000832.5289694136
243;1632;3;3000832.5289694136
244;1642;10;3000832.5289694136
245;1652;10;3000832.5289694136
246;1661;9;3000832.5289694136
247;1663;2;3000832.5289694136
248;1670;7;3000832.5289694136
249;1679;9;3000832.5289694136
250;1688;9;3000832.5289694136
251;1698;10;3000832.5289694136
252;1707;9;3000832.5289694136
253;1720;13;3000832.5289694136
254;1732;12;3000832.5289694136
255;1734;2;3000832.5289694136
256;1735;1;3000832.5289694136
257;1751;16;3000832.5289694136
258;1765;14;3000832.5289694136
259;1780;15;3000832.5289694136
260;1784;4;3000832.5289694136
261;1799;15;3000832.5289694136
262;1808;9;3000832.5289694136
263;1824;16;3000832.5289694136
264;1841;17;3000832.5289694136
265;1850;9;3000832.5289694136
266;1859;9;3000832.5289694136
267;1860;1;3000832.5289694136
268;1866;6;3000832.5289694136
269;1879;13;3000832.5289694136
270;1890;11;3000832.5289694136
271;1902;12;3000832.5289694136
272;1906;4;3000832.5289694136
273;1916;10;3000832.5289694136
274;1927;11;3000832.5289694136
275;1933;6;3000832.5289694136
276;1933;0;3000832.5289694136
277;1939;6;3000832.5289694136
278;1945;6;3000832.5289694136
279;1948;3;3000832.5289694136
280;1956;8;3000832.5289694136
281;1960;4;3000832.5289694136
282;1973;13;3000832.5289694136
283;1981;8;3000832.5289694136
284;1987;6;3000832.5289694136
285;1993;6;3000832.5289694136
286;2002;9;3000832.5289694136
287;2006;4;3000832.5289694136
288;2016;10;3000832.5289694136
289;2026;10;3000832.5289694136
290;2034;8;3000832.5289694136
291;2038;4;3000832.5289694136
292;2044;6;3000832.5289694136
293;2050;6;3000832.5289694136
294;2059;9;3000832.5289694136
295;2066;7;3000832.5289694136
296;2070;4;3000832.5289694136
297;2074;4;3000832.5289694136
298;2084;10;3000832.5289694136
299;2085;1;3000832.5289694136
300;2093;8;3000832.5289694136
301;2106;13;3000832.5289694136
302;2114;8;3000832.5289694136
303;2116;2;3000832.5289694136
304;2122;6;3000832.5289694136
305;2135;13;3000832.5289694136
306;2151;16;3000832.5289694136
307;2156;5;3000832.5289694136
308;2160;4;3000832.5289694136
309;2167;7;3000832.5289694136
310;2173;6;3000832.5289694136
311;2174;1;3000832.5289694136
312;2185;11;3000832.5289694136
313;2191;6;3000832.5289694136
314;2192;1;3000832.5289694136
315;2199;7;3000832.5289694136
316;2204;5;3000832.5289694136
317;2210;6;3000832.5289694136
318;2216;6;3000832.5289694136
319;2223;7;3000832.5289694136
320;2230;7;3000832.5289694136
321;2237;7;3000832.5289694136
322;2243;6;3000832.5289694136
323;2248;5;3000832.5289694136
324;2249;1;3000832.5289694136
325;2253;4;3000832.5289694136
326;2259;6;3000832.5289694136
327;2260;1;3000832.5289694136
328;2278;18;3000832.5289694136
329;2287;9;3000832.5289694136
330;2292;5;3000832.5289694136
331;2296;4;3000832.5289694136
332;2302;6;3000832.5289694136
333;2308;6;3000832.5289694136
334;2317;9;3000832.5289694136
335;2320;3;3000832.5289694136
336;2327;7;3000832.5289694136
337;2330;3;3000832.5289694136
338;2330;0;3000832.5289694136
339;2337;7;3000832.5289694136
340;2342;5;3000832.5289694136
341;2343;1;3000832.5289694136
342;2349;6;3000832.5289694136
343;2352;3;3000832.5289694136
344;2352;0;3000832.5289694136
345;2353;1;3000832.5289694136
346;2358;5;3000832.5289694136
347;2364;6;3000832.5289694136
348;2368;4;3000832.5289694136
349;2381;13;3000832.5289694136
350;2389;8;3000832.5289694136
351;2390;1;3000832.5289694136
352;2397;7;3000832.5289694136
353;2402;5;3000832.5289694136
354;2403;1;3000832.5289694136
355;2408;5;3000832.5289694136
356;2409;1;3000832.5289694136
357;2414;5;3000832.5289694136
358;2419;5;3000832.5289694136
359;2425;6;3000832.5289694136
360;2432;7;3000832.5289694136
361;2438;6;3000832.5289694136
362;2446;8;3000832.5289694136
363;2455;9;3000832.5289694136
364;2455;0;3000832.5289694136
365;2461;6;3000832.5289694136
366;2473;12;3000832.5289694136
367;2483;10;3000832.5289694136
368;2488;5;3000832.5289694136
369;2490;2;3000832.5289694136
370;2497;7;3000832.5289694136
371;2504;7;3000832.5289694136
372;2518;14;3000832.5289694136
373;2522;4;3000832.5289694136
374;2528;6;3000832.5289694136
375;2534;6;3000832.5289694136
376;2542;8;3000832.5289694136
377;2546;4;3000832.5289694136
378;2554;8;3000832.5289694136
379;2572;18;3000832.5289694136
380;2584;12;3000832.5289694136
381;2593;9;3000832.5289694136
382;2598;5;3000832.5289694136
383;2608;10;3000832.5289694136
384;2618;10;3000832.5289694136
385;2628;10;3000832.5289694136
386;2643;15;3000832.5289694136
387;2650;7;3000832.5289694136
388;2657;7;3000832.5289694136
389;2666;9;3000832.5289694136
390;2682;16;3000832.5289694136
391;2685;3;3000832.5289694136
392;2691;6;3000832.5289694136
393;2698;7;3000832.5289694136
394;2704;6;3000832.5289694136
395;2711;7;3000832.5289694136
396;2712;1;3000832.5289694136
397;2712;0;3000832.5289694136
398;2718;6;3000832.5289694136
399;2726;8;3000832.5289694136
400;2735;9;3000832.5289694136
401;2743;8;3000832.5289694136
402;2751;8;3000832.5289694136
403;2758;7;3000832.5289694136
404;2758;0;3000832.5289694136
405;2759;1;3000832.5289694136
406;2760;1;3000832.5289694136
407;2766;6;3000832.5289694136
408;2777;11;3000832.5289694136
409;2784;7;3000832.5289694136
410;2791;7;3000832.5289694136
411;2800;9;3000832.5289694136
412;2809;9;3000832.5289694136
413;2817;8;3000832.5289694136
414;2823;6;3000832.5289694136
415;2826;3;3000832.5289694136
416;2827;1;3000832.5289694136
417;2838;11;3000832.5289694136
418;2841;3;3000832.5289694136
419;2852;11;3000832.5289694136
420;2857;5;3000832.5289694136
421;2862;5;3000832.5289694136
422;2875;13;3000832.5289694136
423;2884;9;3000832.5289694136
424;2891;7;3000832.5289694136
425;2896;5;3000832.5289694136
426;2901;5;3000832.5289694136
427;2905;4;3000832.5289694136
428;2914;9;3000832.5289694136
429;2915;1;3000832.5289694136
430;2926;11;3000832.5289694136
431;2941;15;3000832.5289694136
432;2957;16;3000832.5289694136
433;2963;6;3000832.5289694136
434;2981;18;3000832.5289694136
435;2982;1;3000832.5289694136
436;2985;3;3000832.5289694136
437;2986;1;3000832.5289694136
438;2998;12;3000832.5289694136
439;3004;6;3000832.5289694136
440;3016;12;3000832.5289694136
441;3026;10;3000832.5289694136
442;3038;12;3000832.5289694136
443;3045;7;3000832.5289694136
444;3047;2;3000832.5289694136
445;3049;2;3000832.5289694136
446;3057;8;3000832.5289694136
447;3068;11;3000832.5289694136
448;3081;13;3000832.5289694136
449;3091;10;3000832.5289694136
450;3096;5;3000832.5289694136
451;3103;7;3000832.5289694136
452;3111;8;3000832.5289694136
453;3124;13;3000832.5289694136
454;3132;8;3000832.5289694136
455;3139;7;3000832.5289694136
456;3140;1;3000832.5289694136
457;3152;12;3000832.5289694136
458;3159;7;3000832.5289694136
459;3160;1;3000832.5289694136
460;3164;4;3000832.5289694136
461;3173;9;3000832.5289694136
462;3179;6;3000832.5289694136
463;3186;7;3000832.5289694136
464;3198;12;3000832.5289694136
465;3206;8;3000832.5289694136
466;3215;9;3000832.5289694136
467;3222;7;3000832.5289694136
468;3226;4;3000832.5289694136
469;3227;1;3000832.5289694136
470;3228;1;3000832.5289694136
471;3234;6;3000832.5289694136
472;3241;7;3000832.5289694136
473;3247;6;3000832.5289694136
474;3257;10;3000832.5289694136
475;3265;8;3000832.5289694136
476;3275;10;3000832.5289694136
477;3275;0;3000832.5289694136
478;3280;5;3000832.5289694136
479;3288;8;3000832.5289694136
480;3295;7;3000832.5289694136
481;3304;9;3000832.5289694136
482;3309;5;3000832.5289694136
483;3313;4;3000832.5289694136
484;3318;5;3000832.5289694136
485;3325;7;3000832.5289694136
486;3332;7;3000832.5289694136
487;3332;0;3000832.5289694136
488;3341;9;3000832.5289694136
489;3347;6;3000832.5289694136
490;3354;7;3000832.5289694136
491;3360;6;3000832.5289694136
492;3362;2;3000832.5289694136
493;3369;7;3000832.5289694136
494;3375;6;3000832.5289694136
495;3379;4;3000832.5289694136
496;3390;11;3000832.5289694136
497;3400;10;3000832.5289694136
498;3410;10;3000832.5289694136
499;3425;15;3000832.5289694136
500;3442;17;3000832.5289694136
501;3455;13;3000832.5289694136
502;3456;1;3000832.5289694136
503;3469;13;3000832.5289694136
504;3479;10;3000832.5289694136
505;3490;11;3000832.5289694136
506;3506;16;3000832.5289694136
507;3525;19;3000832.5289694136
508;3530;5;3000832.5289694136
509;3538;8;3000832.5289694136
510;3545;7;3000832.5289694136
511;3551;6;3000832.5289694136
512;3558;7;3000832.5289694136
513;3566;8;3000832.5289694136
514;3579;13;3000832.5289694136
515;3585;6;3000832.5289694136
516;3591;6;3000832.5289694136
517;3596;5;3000832.5289694136
518;3600;4;3000832.5289694136
519;3610;10;3000832.5289694136
520;3613;3;3000832.5289694136
521;3614;1;3000832.5289694136
522;3622;8;3000832.5289694136
523;3630;8;3000832.5289694136
524;3634;4;3000832.5289694136
525;3640;6;3000832.5289694136
526;3649;9;3000832.5289694136
527;3657;8;3000832.5289694136
528;3662;5;3000832.5289694136
529;3672;10;3000832.5289694136
530;3674;2;3000832.5289694136
531;3682;8;3000832.5289694136
532;3688;6;3000832.5289694136
533;3694;6;3000832.5289694136
534;3703;9;3000832.5289694136
535;3710;7;3000832.5289694136
536;3717;7;3000832.5289694136
537;3723;6;3000832.5289694136
538;3724;1;3000832.5289694136
539;3731;7;3000832.5289694136
540;3740;9;3000832.5289694136
541;3747;7;3000832.5289694136
542;3753;6;3000832.5289694136
543;3762;9;3000832.5289694136
544;3772;10;3000832.5289694136
545;3784;12;3000832.5289694136
546;3792;8;3000832.5289694136
547;3793;1;3000832.5289694136
548;3799;6;3000832.5289694136
549;3804;5;3000832.5289694136
550;3813;9;3000832.5289694136
551;3827;14;3000832.5289694136
552;3834;7;3000832.5289694136
553;3850;16;3000832.5289694136
554;3852;2;3000832.5289694136
555;3861;9;3000832.5289694136
556;3863;2;3000832.5289694136
557;3874;11;3000832.5289694136
558;3885;11;3000832.5289694136
559;3895;10;3000832.5289694136
560;3912;17;3000832.5289694136
561;3922;10;3000832.5289694136
562;3928;6;3000832.5289694136
563;3941;13;3000832.5289694136
564;3944;3;3000832.5289694136
565;3947;3;3000832.5289694136
566;3952;5;3000832.5289694136
567;3962;10;3000832.5289694136
568;3974;12;3000832.5289694136
569;3986;12;3000832.5289694136
570;3987;1;3000832.5289694136
571;3992;5;3000832.5289694136
572;4001;9;3000832.5289694136
573;4002;1;3000832.5289694136
574;4015;13;3000832.5289694136
575;4027;12;3000832.5289694136
576;4039;12;3000832.5289694136
577;4055;16;3000832.5289694136
578;4065;10;3000832.5289694136
579;4072;7;3000832.5289694136
580;4079;7;3000832.5289694136
581;4085;6;3000832.5289694136
582;4095;10;3000832.5289694136
583;4107;12;3000832.5289694136
584;4123;16;3000832.5289694136
585;4133;10;3000832.5289694136
586;4142;9;3000832.5289694136
587;4155;13;3000832.5289694136
588;4156;1;3000832.5289694136
589;4166;10;3000832.5289694136
590;4182;16;3000832.5289694136
591;4201;19;3000832.5289694136
592;4230;29;3000832.5289694136
593;4238;8;3000832.5289694136
594;4245;7;3000832.5289694136
595;4253;8;3000832.5289694136
596;4269;16;3000832.5289694136
597;4286;17;3000832.5289694136
598;4292;6;3000832.5289694136
599;4306;14;3000832.5289694136
600;4317;11;3000832.5289694136
601;4322;5;3000832.5289694136
602;4332;10;3000832.5289694136
603;4339;7;3000832.5289694136
604;4351;12;3000832.5289694136
605;4356;5;3000832.5289694136
606;4363;7;3000832.5289694136
607;4367;4;3000832.5289694136
608;4373;6;3000832.5289694136
609;4378;5;3000832.5289694136
610;4384;6;3000832.5289694136
611;4393;9;3000832.5289694136
612;4398;5;3000832.5289694136
613;4404;6;3000832.5289694136
614;4412;8;3000832.5289694136
615;4418;6;3000832.5289694136
616;4428;10;3000832.5289694136
617;4437;9;3000832.5289694136
618;4446;9;3000832.5289694136
619;4454;8;3000832.5289694136
620;4459;5;3000832.5289694136
621;4469;10;3000832.5289694136
622;4476;7;3000832.5289694136
623;4481;5;3000832.5289694136
624;4488;7;3000832.5289694136
625;4490;2;3000832.5289694136
626;4497;7;3000832.5289694136
627;4500;3;3000832.5289694136
628;4501;1;3000832.5289694136
629;4507;6;3000832.5289694136
630;4514;7;3000832.5289694136
631;4521;7;3000832.5289694136
632;4526;5;3000832.5289694136
633;4533;7;3000832.5289694136
634;4538;5;3000832.5289694136
635;4545;7;3000832.5289694136
636;4551;6;3000832.5289694136
637;4557;6;3000832.5289694136
638;4563;6;3000832.5289694136
639;4565;2;3000832.5289694136
640;4571;6;3000832.5289694136
641;4572;1;3000832.5289694136
642;4581;9;3000832.5289694136
643;4582;1;3000832.5289694136
644;4591;9;3000832.5289694136
645;4593;2;3000832.5289694136
646;4601;8;3000832.5289694136
647;4609;8;3000832.5289694136
648;4618;9;3000832.5289694136
649;4619;1;3000832.5289694136
650;4624;5;3000832.5289694136
651;4625;1;3000832.5289694136
652;4631;6;3000832.5289694136
653;4637;6;3000832.5289694136
654;4643;6;3000832.5289694136
655;4648;5;3000832.5289694136
656;4651;3;3000832.5289694136
657;4654;3;3000832.5289694136
658;4658;4;3000832.5289694136
659;4658;0;3000832.5289694136
660;4664;6;3000832.5289694136
661;4668;4;3000832.5289694136
662;4672;4;3000832.5289694136
663;4682;10;3000832.5289694136
664;4690;8;3000832.5289694136
665;4695;5;3000832.5289694136
666;4705;10;3000832.5289694136
667;4714;9;3000832.5289694136
668;4719;5;3000832.5289694136
669;4726;7;3000832.5289694136
670;4734;8;3000832.5289694136
671;4743;9;3000832.5289694136
672;4755;12;3000832.5289694136
673;4767;12;3000832.5289694136
674;4771;4;3000832.5289694136
675;4780;9;3000832.5289694136
676;4784;4;3000832.5289694136
677;4787;3;3000832.5289694136
678;4796;9;3000832.5289694136
679;4802;6;3000832.5289694136
680;4808;6;3000832.5289694136
681;4808;0;3000832.5289694136
682;4810;2;3000832.5289694136
683;4818;8;3000832.5289694136
684;4818;0;3000832.5289694136
685;4823;5;3000832.5289694136
686;4826;3;3000832.5289694136
687;4832;6;3000832.5289694136
688;4838;6;3000832.5289694136
689;4846;8;3000832.5289694136
690;4856;10;3000832.5289694136
691;4862;6;3000832.5289694136
692;4865;3;3000832.5289694136
693;4871;6;3000832.5289694136
694;4882;11;3000832.5289694136
695;4890;8;3000832.5289694136
696;4896;6;3000832.5289694136
697;4900;4;3000832.5289694136
698;4905;5;3000832.5289694136
699;4911;6;3000832.5289694136
700;4915;4;3000832.5289694136
701;4922;7;3000832.5289694136
702;4932;10;3000832.5289694136
703;4942;10;3000832.5289694136
704;4944;2;3000832.5289694136
705;4945;1;3000832.5289694136
706;4956;11;3000832.5289694136
707;4961;5;3000832.5289694136
708;4966;5;3000832.5289694136
709;4974;8;3000832.5289694136
710;4978;4;3000832.5289694136
711;4983;5;3000832.5289694136
712;4984;1;3000832.5289694136
713;4985;1;3000832.5289694136
714;4990;5;3000832.5289694136
715;4998;8;3000832.5289694136
716;5003;5;3000832.5289694136
717;5004;1;3000832.5289694136
718;5008;4;3000832.5289694136
719;5013;5;3000832.5289694136
720;5014;1;3000832.5289694136
721;5015;1;3000832.5289694136
722;5022;7;3000832.5289694136
723;5027;5;3000832.5289694136
724;5035;8;3000832.5289694136
725;5043;8;3000832.5289694136
726;5051;8;3000832.5289694136
727;5052;1;3000832.5289694136
728;5061;9;3000832.5289694136
729;5065;4;3000832.5289694136
730;5069;4;3000832.5289694136
731;5077;8;3000832.5289694136
732;5080;3;3000832.5289694136
733;5085;5;3000832.5289694136
734;5092;7;3000832.5289694136
735;5098;6;3000832.5289694136
736;5103;5;3000832.5289694136
737;5105;2;3000832.5289694136
738;5107;2;3000832.5289694136
739;5113;6;3000832.5289694136
740;5119;6;3000832.5289694136
741;5125;6;3000832.5289694136
742;5127;2;3000832.5289694136
743;5134;7;3000832.5289694136
744;5138;4;3000832.5289694136
745;5147;9;3000832.5289694136
746;5148;1;3000832.5289694136
747;5150;2;3000832.5289694136
748;5156;6;3000832.5289694136
749;5163;7;3000832.5289694136
750;5169;6;3000832.5289694136
751;5176;7;3000832.5289694136
752;5183;7;3000802.630068617
753;5185;2;3000802.630068617
754;5193;8;3000802.630068617
755;5197;4;3000802.630068617
756;5206;9;3000802.630068617
757;5206;0;3000802.630068617
758;5212;6;3000802.630068617
759;5213;1;3000802.630068617
760;5215;2;3000802.630068617
761;5222;7;3000802.630068617
762;5226;4;3000802.630068617
763;5227;1;3000802.630068617
764;5231;4;3000802.630068617
765;5237;6;3000802.630068617
766;5246;9;3000802.630068617
767;5256;10;3000802.630068617
768;5261;5;3000802.630068617
769;5267;6;3000802.630068617
770;5272;5;3000802.630068617
771;5278;6;3000802.630068617
772;5284;6;3000802.630068617
773;5289;5;3000802.630068617
774;5294;5;3000802.630068617
775;5302;8;3000802.630068617
776;5308;6;3000802.630068617
777;5310;2;3000802.630068617
778;5317;7;3000802.630068617
779;5321;4;3000802.630068617
780;5322;1;3000802.630068617
781;5330;8;3000802.630068617
782;5342;12;3000802.630068617
783;5343;1;3000802.630068617
784;5353;10;3000802.630068617
785;5358;5;3000802.630068617
786;5361;3;3000802.630068617
787;5369;8;3000802.630068617
788;5375;6;3000802.630068617
789;5385;10;3000802.630068617
790;5394;9;3000802.630068617
791;5402;8;3000802.630068617
792;5406;4;3000802.630068617
793;5412;6;3000802.630068617
794;5413;1;3000802.630068617
795;5420;7;3000802.630068617
796;5428;8;3000802.630068617
797;5436;8;3000802.630068617
798;5437;1;3000802.630068617
799;5445;8;3000802.630068617
800;5455;10;3000802.630068617
801;5462;7;3000802.630068617
802;5464;2;3000802.630068617
803;5471;7;3000802.630068617
804;5472;1;3000802.630068617
805;5477;5;3000802.630068617
806;5478;1;3000802.630068617
807;5483;5;3000802.630068617
808;5494;11;3000802.630068617
809;5502;8;3000802.630068617
810;5511;9;3000802.630068617
811;5512;1;3000802.630068617
812;5513;1;3000802.630068617
813;5517;4;3000802.630068617
814;5521;4;3000802.630068617
815;5528;7;3000802.630068617
816;5535;7;3000802.630068617
817;5542;7;3000802.630068617
818;5546;4;3000802.630068617
819;5552;6;3000802.630068617
820;5559;7;3000802.630068617
821;5563;4;3000802.630068617
822;5569;6;3000802.630068617
823;5575;6;3000802.630068617
824;5576;1;3000802.630068617
825;5584;8;3000802.630068617
826;5585;1;3000802.630068617
827;5590;5;3000802.630068617
828;5591;1;3000802.630068617
829;5596;5;3000802.630068617
830;5596;0;3000802.630068617
831;5603;7;3000802.630068617
832;5608;5;3000802.630068617
833;5613;5;3000802.630068617
834;5618;5;3000802.630068617
835;5624;6;3000802.630068617
836;5629;5;3000802.630068617
837;5636;7;3000802.630068617
838;5641;5;3000802.630068617
839;5651;10;3000802.630068617
840;5662;11;3000802.630068617
841;5669;7;3000802.630068617
842;5673;4;3000802.630068617
843;5674;1;3000802.630068617
844;5683;9;3000802.630068617
845;5690;7;3000802.630068617
846;5696;6;3000802.630068617
847;5701;5;3000802.630068617
848;5708;7;3000802.630068617
849;5714;6;3000802.630068617
850;5719;5;3000802.630068617
851;5725;6;3000802.630068617
852;5735;10;3000802.630068617
853;5743;8;3000802.630068617
854;5752;9;3000802.630068617
855;5758;6;3000802.630068617
856;5764;6;3000802.630068617
857;5765;1;3000802.630068617
858;5768;3;3000802.630068617
859;5776;8;3000802.630068617
860;5776;0;3000802.630068617
861;5781;5;3000802.630068617
862;5788;7;3000802.630068617
863;5796;8;3000802.630068617
864;5803;7;3000802.630068617
865;5810;7;3000802.630068617
866;5816;6;3000802.630068617
867;5823;7;3000802.630068617
868;5828;5;3000802.630068617
869;5832;4;3000802.630068617
870;5833;1;3000802.630068617
871;5834;1;3000802.630068617
872;5839;5;3000802.630068617
873;5845;6;3000802.630068617
874;5851;6;3000802.630068617
875;5857;6;3000802.630068617
876;5863;6;3000802.630068617
877;5869;6;3000802.630068617
878;5876;7;3000802.630068617
879;5884;8;3000802.630068617
880;5884;0;3000802.630068617
881;5890;6;3000802.630068617
882;5893;3;3000802.630068617
883;5898;5;3000802.630068617
884;5908;10;3000802.630068617
885;5909;1;3000802.630068617
886;5917;8;3000802.630068617
887;5919;2;3000802.630068617
888;5923;4;3000802.630068617
889;5929;6;3000802.630068617
890;5935;6;3000802.630068617
891;5946;11;3000802.630068617
892;5956;10;3000802.630068617
893;5962;6;3000802.630068617
894;5968;6;3000802.630068617
895;5972;4;3000802.630068617
896;5978;6;3000802.630068617
897;5979;1;3000802.630068617
898;5984;5;3000802.630068617
899;5990;6;3000802.630068617
900;5991;1;3000802.630068617
901;5997;6;3000802.630068617
902;6006;9;3000802.630068617
903;6012;6;3000802.630068617
904;6018;6;3000802.630068617
905;6027;9;3000802.630068617
906;6033;6;3000802.630068617
907;6036;3;3000802.630068617
908;6040;4;3000802.630068617
909;6047;7;3000802.630068617
910;6056;9;3000802.630068617
911;6060;4;3000802.630068617
912;6068;8;3000802.630068617
913;6073;5;3000802.630068617
914;6079;6;3000802.630068617
915;6084;5;3000802.630068617
916;6088;4;3000802.630068617
917;6088;0;3000802.630068617
918;6094;6;3000802.630068617
919;6099;5;3000802.630068617
920;6104;5;3000802.630068617
921;6109;5;3000802.630068617
922;6116;7;3000802.630068617
923;6123;7;3000802.630068617
924;6131;8;3000802.630068617
925;6137;6;3000802.630068617
926;6138;1;3000802.630068617
927;6147;9;3000802.630068617
928;6151;4;3000802.630068617
929;6157;6;3000802.630068617
930;6161;4;3000802.630068617
931;6168;7;3000802.630068617
932;6169;1;3000802.630068617
933;6174;5;3000802.630068617
934;6180;6;3000802.630068617
935;6186;6;3000802.630068617
936;6192;6;3000802.630068617
937;6198;6;3000802.630068617
938;6199;1;3000802.630068617
939;6204;5;3000802.630068617
940;6211;7;3000802.630068617
941;6217;6;3000802.630068617
942;6221;4;3000802.630068617
943;6224;3;3000802.630068617
944;6229;5;3000802.630068617
945;6235;6;3000802.630068617
946;6238;3;3000802.630068617
947;6244;6;3000802.630068617
948;6248;4;3000802.630068617
949;6256;8;3000802.630068617
950;6261;5;3000802.630068617
951;6271;10;3000802.630068617
952;6272;1;3000802.630068617
953;6282;10;3000802.630068617
954;6285;3;3000802.630068617
955;6296;11;3000802.630068617
956;6301;5;3000802.630068617
957;6308;7;3000802.630068617
958;6313;5;3000802.630068617
959;6316;3;3000802.630068617
960;6322;6;3000802.630068617
961;6328;6;3000802.630068617
962;6335;7;3000802.630068617
963;6340;5;3000802.630068617
964;6346;6;3000802.630068617
965;6353;7;3000802.630068617
966;6361;8;3000802.630068617
967;6372;11;3000802.630068617
968;6377;5;3000802.630068617
969;6384;7;3000802.630068617
970;6384;0;3000802.630068617
971;6385;1;3000802.630068617
972;6386;1;3000802.630068617
973;6391;5;3000802.630068617
974;6399;8;3000802.630068617
975;6406;7;3000802.630068617
976;6411;5;3000802.630068617
977;6415;4;3000802.630068617
978;6421;6;3000802.630068617
979;6431;10;3000802.630068617
980;6442;11;3000802.630068617
981;6446;4;3000802.630068617
982;6453;7;3000802.630068617
983;6461;8;3000802.630068617
984;6468;7;3000802.630068617
985;6472;4;3000802.630068617
986;6473;1;3000802.630068617
987;6476;3;3000802.630068617
988;6485;9;3000802.630068617
989;6493;8;3000802.630068617
990;6497;4;3000802.630068617
991;6504;7;3000802.630068617
992;6513;9;3000802.630068617
993;6516;3;3000802.630068617
994;6525;9;3000802.630068617
995;6529;4;3000802.630068617
996;6536;7;3000802.630068617
997;6538;2;3000802.630068617
998;6541;3;3000802.630068617
999;6550;9;3000802.630068617
1000;6551;1;3000802.630068617
1001;6558;7;3000802.630068617
1002;6564;6;3000802.630068617
1003;6576;12;3000802.630068617
1004;6579;3;3000802.630068617
1005;6585;6;3000802.630068617
1006;6590;5;3000802.630068617
1007;6595;5;3000802.630068617
1008;6597;2;3000802.630068617
1009;6604;7;3000802.630068617
1010;6611;7;3000802.630068617
1011;6619;8;3000802.630068617
1012;6626;7;3000802.630068617
1013;6631;5;3000802.630068617
1014;6636;5;3000802.630068617
1015;6640;4;3000802.630068617
1016;6650;10;3000802.630068617
1017;6651;1;3000802.630068617
1018;6659;8;3000802.630068617
1019;6666;7;3000802.630068617
1020;6675;9;3000802.630068617
1021;6681;6;3000802.630068617
1022;6682;1;3000802.630068617
1023;6683;1;3000802.630068617
1024;6684;1;3000802.630068617
1025;6691;7;3000802.630068617
1026;6696;5;3000802.630068617
1027;6702;6;3000802.630068617
1028;6711;9;3000802.630068617
1029;6716;5;3000802.630068617
1030;6723;7;3000802.630068617
1031;6723;0;3000802.630068617
1032;6725;2;3000802.630068617
1033;6730;5;3000802.630068617
1034;6738;8;3000802.630068617
1035;6745;7;3000802.630068617
1036;6754;9;3000802.630068617
1037;6759;5;3000802.630068617
1038;6765;6;3000802.630068617
1039;6771;6;3000802.630068617
1040;6777;6;3000802.630068617
1041;6783;6;3000802.630068617
1042;6789;6;3000802.630068617
1043;6790;1;3000802.630068617
1044;6796;6;3000802.630068617
1045;6798;2;3000802.630068617
1046;6802;4;3000802.630068617
1047;6811;9;3000802.630068617
1048;6818;7;3000802.630068617
1049;6827;9;3000802.630068617
1050;6831;4;3000802.630068617
1051;6839;8;3000802.630068617
1052;6845;6;3000802.630068617
1053;6845;0;3000802.630068617
1054;6846;1;3000802.630068617
1055;6849;3;3000802.630068617
1056;6850;1;3000802.630068617
1057;6856;6;3000802.630068617
1058;6862;6;3000802.630068617
1059;6866;4;3000802.630068617
1060;6873;7;3000802.630068617
1061;6876;3;3000802.630068617
1062;6880;4;3000802.630068617
1063;6886;6;3000802.630068617
1064;6891;5;3000802.630068617
1065;6898;7;3000802.630068617
1066;6903;5;3000802.630068617
1067;6909;6;3000802.630068617
1068;6916;7;3000802.630068617
1069;6920;4;3000802.630068617
1070;6927;7;3000802.630068617
1071;6934;7;3000802.630068617
1072;6942;8;3000802.630068617
1073;6942;0;3000802.630068617
1074;6952;10;3000802.630068617
1075;6958;6;3000802.630068617
1076;6959;1;3000802.630068617
1077;6965;6;3000802.630068617
1078;6969;4;3000802.630068617
1079;6970;1;3000802.630068617
1080;6979;9;3000802.630068617
1081;6985;6;3000802.630068617
1082;6988;3;3000802.630068617
1083;6994;6;3000802.630068617
1084;6995;1;3000802.630068617
1085;7002;7;3000802.630068617
1086;7007;5;3000802.630068617
1087;7008;1;3000802.630068617
1088;7010;2;3000802.630068617
1089;7011;1;3000802.630068617
1090;7018;7;3000802.630068617
1091;7019;1;3000802.630068617
1092;7024;5;3000802.630068617
1093;7024;0;3000802.630068617
1094;7032;8;3000802.630068617
1095;7034;2;3000802.630068617
1096;7041;7;3000802.630068617
1097;7046;5;3000802.630068617
1098;7050;4;3000802.630068617
1099;7054;4;3000802.630068617
1100;7055;1;3000802.630068617
1101;7063;8;3000802.630068617
1102;7069;6;3000802.630068617
1103;7075;6;3000802.630068617
1104;7079;4;3000802.630068617
1105;7080;1;3000802.630068617
1106;7081;1;3000802.630068617
1107;7087;6;3000802.630068617
1108;7094;7;3000802.630068617
1109;7100;6;3000802.630068617
1110;7107;7;3000802.630068617
1111;7111;4;3000802.630068617
1112;7119;8;3000802.630068617
1113;7121;2;3000802.630068617
1114;7123;2;3000802.630068617
1115;7127;4;3000802.630068617
1116;7131;4;3000802.630068617
1117;7134;3;3000802.630068617
1118;7141;7;3000802.630068617
1119;7142;1;3000802.630068617
1120;7148;6;3000802.630068617
1121;7149;1;3000802.630068617
1122;7149;0;3000802.630068617
1123;7153;4;3000802.630068617
1124;7157;4;3000802.630068617
1125;7157;0;3000802.630068617
1126;7163;6;3000802.630068617
1127;7170;7;3000802.630068617
1128;7173;3;3000802.630068617
1129;7183;10;3000802.630068617
1130;7184;1;3000802.630068617
1131;7185;1;3000802.630068617
1132;7193;8;3000802.630068617
1133;7207;14;3000802.630068617
1134;7213;6;3000802.630068617
1135;7224;11;3000802.630068617
1136;7234;10;3000802.630068617
1137;7249;15;3000802.630068617
1138;7261;12;3000802.630068617
1139;7267;6;3000802.630068617
1140;7277;10;3000802.630068617
1141;7277;0;3000802.630068617
1142;7279;2;3000802.630068617
1143;7285;6;3000802.630068617
1144;7293;8;3000802.630068617
1145;7298;5;3000802.630068617
1146;7302;4;3000802.630068617
1147;7303;1;3000802.630068617
1148;7309;6;3000802.630068617
1149;7310;1;3000802.630068617
1150;7316;6;3000802.630068617
1151;7321;5;3000802.630068617
1152;7325;4;3000802.630068617
1153;7325;0;3000802.630068617
1154;7331;6;3000802.630068617
1155;7338;7;3000802.630068617
1156;7339;1;3000802.630068617
1157;7347;8;3000802.630068617
1158;7351;4;3000802.630068617
1159;7355;4;3000802.630068617
1160;7356;1;3000802.630068617
1161;7360;4;3000802.630068617
1162;7374;14;3000802.630068617
1163;7382;8;3000802.630068617
1164;7383;1;3000802.630068617
1165;7387;4;3000802.630068617
1166;7393;6;3000802.630068617
1167;7395;2;3000802.630068617
1168;7399;4;3000802.630068617
1169;7400;1;3000802.630068617
1170;7404;4;3000802.630068617
1171;7410;6;3000802.630068617
1172;7415;5;3000802.630068617
1173;7420;5;3000802.630068617
1174;7420;0;3000802.630068617
1175;7424;4;3000802.630068617
1176;7428;4;3000802.630068617
1177;7435;7;3000802.630068617
1178;7438;3;3000802.630068617
1179;7443;5;3000802.630068617
1180;7443;0;3000802.630068617
1181;7449;6;3000802.630068617
1182;7455;6;3000802.630068617
1183;7463;8;3000802.630068617
1184;7469;6;3000802.630068617
1185;7472;3;3000802.630068617
1186;7478;6;3000802.630068617
1187;7486;8;3000802.630068617
1188;7489;3;3000802.630068617
1189;7496;7;3000802.630068617
1190;7496;0;3000802.630068617
1191;7500;4;3000802.630068617
1192;7507;7;3000802.630068617
1193;7514;7;3000802.630068617
1194;7519;5;3000802.630068617
1195;7520;1;3000802.630068617
1196;7528;8;3000802.630068617
1197;7534;6;3000802.630068617
1198;7539;5;3000802.630068617
1199;7540;1;3000802.630068617
1200;7546;6;3000802.630068617
1201;7546;0;3000802.630068617
1202;7552;6;3000802.630068617
1203;7561;9;3000802.630068617
1204;7570;9;3000802.630068617
1205;7578;8;3000802.630068617
1206;7585;7;3000802.630068617
1207;7585;0;3000802.630068617
1208;7586;1;3000802.630068617
1209;7593;7;3000802.630068617
1210;7597;4;3000802.630068617
1211;7598;1;3000802.630068617
1212;7603;5;3000802.630068617
1213;7608;5;3000802.630068617
1214;7613;5;3000802.630068617
1215;7617;4;3000802.630068617
1216;7624;7;3000802.630068617
1217;7632;8;3000802.630068617
1218;7638;6;3000802.630068617
1219;7644;6;3000802.630068617
1220;7649;5;3000802.630068617
1221;7654;5;3000802.630068617
1222;7661;7;3000802.630068617
1223;7663;2;3000802.630068617
1224;7666;3;3000802.630068617
1225;7671;5;3000802.630068617
1226;7672;1;3000802.630068617
1227;7677;5;3000802.630068617
1228;7681;4;3000802.630068617
1229;7684;3;3000802.630068617
1230;7685;1;3000802.630068617
1231;7694;9;3000802.630068617
1232;7701;7;3000802.630068617
1233;7708;7;3000802.630068617
1234;7715;7;3000802.630068617
1235;7716;1;3000802.630068617
1236;7721;5;3000802.630068617
1237;7724;3;3000802.630068617
1238;7727;3;3000802.630068617
1239;7735;8;3000802.630068617
1240;7741;6;3000802.630068617
1241;7746;5;3000802.630068617
1242;7750;4;3000802.630068617
1243;7756;6;3000802.630068617
1244;7762;6;3000802.630068617
1245;7775;13;3000802.630068617
1246;7784;9;3000802.630068617
1247;7795;11;3000802.630068617
1248;7796;1;3000802.630068617
1249;7803;7;3000802.630068617
1250;7810;7;3000802.630068617
1251;7815;5;3000802.630068617
1252;7816;1;3000802.630068617
1253;7820;4;3000802.630068617
1254;7825;5;3000802.630068617
1255;7829;4;3000802.630068617
1256;7834;5;3000802.630068617
1257;7838;4;3000802.630068617
1258;7843;5;3000802.630068617
1259;7847;4;3000802.630068617
1260;7853;6;3000802.630068617
1261;7857;4;3000802.630068617
1262;7862;5;3000802.630068617
1263;7868;6;3000802.630068617
1264;7872;4;3000802.630068617
1265;7873;1;3000802.630068617
1266;7878;5;3000802.630068617
1267;7884;6;3000802.630068617
1268;7888;4;3000802.630068617
1269;7891;3;3000802.630068617
1270;7897;6;3000802.630068617
1271;7906;9;3000802.630068617
1272;7912;6;3000802.630068617
1273;7917;5;3000802.630068617
1274;7920;3;3000802.630068617
1275;7927;7;3000802.630068617
1276;7928;1;3000802.630068617
1277;7929;1;3000802.630068617
1278;7933;4;3000802.630068617
1279;7938;5;3000802.630068617
1280;7939;1;3000802.630068617
1281;7944;5;3000802.630068617
1282;7951;7;3000802.630068617
1283;7953;2;3000802.630068617
1284;7960;7;3000802.630068617
1285;7964;4;3000802.630068617
1286;7965;1;3000802.630068617
1287;7969;4;3000802.630068617
1288;7969;0;3000802.630068617
1289;7973;4;3000802.630068617
1290;7979;6;3000802.630068617
1291;7980;1;3000802.630068617
1292;7983;3;3000802.630068617
1293;7987;4;3000802.630068617
1294;7994;7;3000802.630068617
1295;7997;3;3000802.630068617
1296;8000;3;3000802.630068617
1297;8003;3;3000802.630068617
1298;8006;3;3000802.630068617
1299;8011;5;3000802.630068617
1300;8013;2;3000802.630068617
1301;8019;6;3000802.630068617
1302;8024;5;3000802.630068617
1303;8029;5;3000802.630068617
1304;8036;7;3000802.630068617
1305;8042;6;3000802.630068617
1306;8049;7;3000802.630068617
1307;8054;5;3000802.630068617
1308;8059;5;3000802.630068617
1309;8065;6;3000802.630068617
1310;8072;7;3000802.630068617
1311;8078;6;3000802.630068617
1312;8082;4;3000802.630068617
1313;8088;6;3000802.630068617
1314;8093;5;3000802.630068617
1315;8095;2;3000802.630068617
1316;8102;7;3000802.630068617
1317;8107;5;3000802.630068617
1318;8111;4;3000802.630068617
1319;8117;6;3000802.630068617
1320;8121;4;3000802.630068617
1321;8126;5;3000802.630068617
1322;8133;7;3000802.630068617
1323;8135;2;3000802.630068617
1324;8142;7;3000802.630068617
1325;8146;4;3000802.630068617
1326;8151;5;3000802.630068617
1327;8152;1;3000802.630068617
1328;8153;1;3000802.630068617
1329;8158;5;3000802.630068617
1330;8162;4;3000802.630068617
1331;8168;6;3000802.630068617
1332;8173;5;3000802.630068617
1333;8177;4;3000802.630068617
1334;8179;2;3000802.630068617
1335;8186;7;3000802.630068617
1336;8193;7;3000802.630068617
1337;8200;7;3000802.630068617
1338;8204;4;3000802.630068617
1339;8207;3;3000802.630068617
1340;8213;6;3000802.630068617
1341;8219;6;3000802.630068617
1342;8225;6;3000802.630068617
1343;8230;5;3000802.630068617
1344;8234;4;3000802.630068617
1345;8239;5;3000802.630068617
1346;8240;1;3000802.630068617
1347;8246;6;3000802.630068617
1348;8247;1;3000802.630068617
1349;8251;4;3000802.630068617
1350;8253;2;3000802.630068617
1351;8258;5;3000802.630068617
1352;8260;2;3000802.630068617
1353;8266;6;3000802.630068617
1354;8273;7;3000802.630068617
1355;8281;8;3000802.630068617
1356;8287;6;3000802.630068617
1357;8293;6;3000802.630068617
1358;8300;7;3000802.630068617
1359;8301;1;3000802.630068617
1360;8307;6;3000802.630068617
1361;8314;7;3000802.630068617
1362;8315;1;3000802.630068617
1363;8322;7;3000802.630068617
1364;8334;12;3000802.630068617
1365;8346;12;3000802.630068617
1366;8364;18;3000802.630068617
1367;8371;7;3000802.630068617
1368;8383;12;3000802.630068617
1369;8397;14;3000802.630068617
1370;8404;7;3000802.630068617
1371;8405;1;3000802.630068617
1372;8410;5;3000802.630068617
1373;8425;15;3000802.630068617
1374;8436;11;3000802.630068617
1375;8444;8;3000802.630068617
1376;8452;8;3000802.630068617
1377;8457;5;3000802.630068617
1378;8464;7;3000802.630068617
1379;8473;9;3000802.630068617
1380;8487;14;3000802.630068617
1381;8492;5;3000802.630068617
1382;8497;5;3000802.630068617
1383;8498;1;3000802.630068617
1384;8507;9;3000802.630068617
1385;8511;4;3000802.630068617
1386;8511;0;3000802.630068617
1387;8516;5;3000802.630068617
1388;8523;7;3000802.630068617
1389;8526;3;3000802.630068617
1390;8531;5;3000802.630068617
1391;8537;6;3000802.630068617
1392;8541;4;3000802.630068617
1393;8546;5;3000802.630068617
1394;8549;3;3000802.630068617
1395;8551;2;3000802.630068617
1396;8552;1;3000802.630068617
1397;8556;4;3000802.630068617
1398;8560;4;3000802.630068617
1399;8564;4;3000802.630068617
1400;8570;6;3000802.630068617
1401;8575;5;3000802.630068617
1402;8580;5;3000802.630068617
1403;8586;6;3000802.630068617
1404;8592;6;3000802.630068617
1405;8598;6;3000802.630068617
1406;8604;6;3000802.630068617
1407;8604;0;3000802.630068617
1408;8607;3;3000802.630068617
1409;8613;6;3000802.630068617
1410;8613;0;3000802.630068617
1411;8620;7;3000802.630068617
1412;8625;5;3000802.630068617
1413;8630;5;3000802.630068617
1414;8649;19;3000802.630068617
1415;8655;6;3000802.630068617
1416;8663;8;3000802.630068617
1417;8670;7;3000802.630068617
1418;8672;2;3000802.630068617
1419;8675;3;3000802.630068617
1420;8675;0;3000802.630068617
1421;8682;7;3000802.630068617
1422;8683;1;3000802.630068617
1423;8684;1;3000802.630068617
1424;8688;4;3000802.630068617
1425;8688;0;3000802.630068617
1426;8694;6;3000802.630068617
1427;8699;5;3000802.630068617
1428;8703;4;3000802.630068617
1429;8707;4;3000802.630068617
1430;8713;6;3000802.630068617
1431;8719;6;3000802.630068617
1432;8726;7;3000802.630068617
1433;8727;1;3000802.630068617
1434;8732;5;3000802.630068617
1435;8738;6;3000802.630068617
1436;8744;6;3000802.630068617
1437;8749;5;3000802.630068617
1438;8751;2;3000802.630068617
1439;8758;7;3000802.630068617
1440;8759;1;3000802.630068617
1441;8766;7;3000802.630068617
1442;8773;7;3000802.630068617
1443;8778;5;3000802.630068617
1444;8783;5;3000802.630068617
1445;8790;7;3000802.630068617
1446;8797;7;3000802.630068617
1447;8800;3;3000802.630068617
1448;8804;4;3000802.630068617
1449;8810;6;3000802.630068617
1450;8814;4;3000802.630068617
1451;8814;0;3000802.630068617
1452;8817;3;3000802.630068617
1453;8826;9;3000802.630068617
1454;8827;1;3000802.630068617
1455;8831;4;3000802.630068617
1456;8837;6;3000802.630068617
1457;8846;9;3000802.630068617
1458;8852;6;3000802.630068617
1459;8855;3;3000802.630068617
1460;8861;6;3000802.630068617
1461;8864;3;3000802.630068617
1462;8865;1;3000802.630068617
1463;8871;6;3000802.630068617
1464;8877;6;3000802.630068617
1465;8883;6;3000802.630068617
1466;8890;7;3000802.630068617
1467;8896;6;3000802.630068617
1468;8900;4;3000802.630068617
1469;8905;5;3000802.630068617
1470;8912;7;3000802.630068617
1471;8913;1;3000802.630068617
1472;8913;0;3000802.630068617
1473;8919;6;3000802.630068617
1474;8922;3;3000802.630068617
1475;8928;6;3000802.630068617
1476;8933;5;3000802.630068617
1477;8939;6;3000802.630068617
1478;8946;7;3000802.630068617
1479;8950;4;3000802.630068617
1480;8958;8;3000802.630068617
1481;8963;5;3000802.630068617
1482;8971;8;3000802.630068617
1483;8977;6;3000802.630068617
1484;8978;1;3000802.630068617
1485;8982;4;3000802.630068617
1486;8988;6;3000802.630068617
1487;8988;0;3000802.630068617
1488;8992;4;3000802.630068617
1489;8992;0;3000802.630068617
1490;8996;4;3000802.630068617
1491;9003;7;3000802.630068617
1492;9008;5;3000802.630068617
1493;9014;6;3000802.630068617
1494;9020;6;3000802.630068617
1495;9025;5;3000802.630068617
1496;9029;4;3000802.630068617
1497;9034;5;3000802.630068617
1498;9039;5;3000802.630068617
1499;9046;7;3000802.630068617
1500;9053;7;3000802.630068617
1501;9061;8;3000802.630068617
1502;9068;7;3000802.630068617
1503;9074;6;3000802.630068617
1504;9078;4;3000802.630068617
1505;9080;2;3000802.630068617
1506;9086;6;3000802.630068617
1507;9087;1;3000802.630068617
1508;9088;1;3000802.630068617
1509;9095;7;3000802.630068617
1510;9098;3;3000802.630068617
1511;9104;6;3000802.630068617
1512;9110;6;3000802.630068617
1513;9115;5;3000802.630068617
1514;9119;4;3000802.630068617
1515;9130;11;3000802.630068617
1516;9135;5;3000802.630068617
1517;9137;2;3000802.630068617
1518;9143;6;3000802.630068617
1519;9153;10;3000802.630068617
1520;9164;11;3000802.630068617
1521;9172;8;3000802.630068617
1522;9175;3;3000802.630068617
1523;9180;5;3000802.630068617
1524;9186;6;3000802.630068617
1525;9191;5;3000802.630068617
1526;9194;3;3000802.630068617
1527;9199;5;3000802.630068617
1528;9204;5;3000802.630068617
1529;9209;5;3000802.630068617
1530;9213;4;3000802.630068617
1531;9216;3;3000802.630068617
1532;9220;4;3000802.630068617
1533;9225;5;3000802.630068617
1534;9232;7;3000802.630068617
1535;9237;5;3000802.630068617
1536;9238;1;3000802.630068617
1537;9243;5;3000802.630068617
1538;9248;5;3000802.630068617
1539;9257;9;3000802.630068617
1540;9262;5;3000802.630068617
1541;9270;8;3000802.630068617
1542;9277;7;3000802.630068617
1543;9282;5;3000802.630068617
1544;9285;3;3000802.630068617
1545;9289;4;3000802.630068617
1546;9292;3;3000802.630068617
1547;9299;7;3000802.630068617
1548;9304;5;3000802.630068617
1549;9310;6;3000802.630068617
1550;9316;6;3000802.630068617
1551;9317;1;3000802.630068617
1552;9322;5;3000802.630068617
1553;9330;8;3000802.630068617
1554;9336;6;3000802.630068617
1555;9342;6;3000802.630068617
1556;9344;2;3000802.630068617
1557;9350;6;3000802.630068617
1558;9354;4;3000802.630068617
1559;9356;2;3000802.630068617
1560;9358;2;3000802.630068617
1561;9366;8;3000802.630068617
1562;9371;5;3000802.630068617
1563;9378;7;3000802.630068617
1564;9384;6;3000802.630068617
1565;9389;5;3000802.630068617
1566;9390;1;3000802.630068617
1567;9396;6;3000802.630068617
1568;9400;4;3000802.630068617
1569;9402;2;3000802.630068617
1570;9406;4;3000802.630068617
1571;9407;1;3000802.630068617
1572;9408;1;3000802.630068617
1573;9409;1;3000802.630068617
1574;9409;0;3000802.630068617
1575;9410;1;3000802.630068617
1576;9415;5;3000802.630068617
1577;9418;3;3000802.630068617
1578;9420;2;3000802.630068617
1579;9423;3;3000802.630068617
1580;9424;1;3000802.630068617
1581;9431;7;3000802.630068617
1582;9434;3;3000802.630068617
1583;9438;4;3000802.630068617
1584;9443;5;3000802.630068617
1585;9449;6;3000802.630068617
1586;9457;8;3000802.630068617
1587;9464;7;3000802.630068617
1588;9470;6;3000802.630068617
1589;9478;8;3000802.630068617
1590;9479;1;3000802.630068617
1591;9485;6;3000802.630068617
1592;9492;7;3000802.630068617
1593;9497;5;3000802.630068617
1594;9504;7;3000802.630068617
1595;9513;9;3000802.630068617
1596;9520;7;3000802.630068617
1597;9526;6;3000802.630068617
1598;9527;1;3000802.630068617
1599;9532;5;3000802.630068617
1600;9541;9;3000802.630068617
1601;9545;4;3000802.630068617
1602;9550;5;3000802.630068617
1603;9554;4;3000802.630068617
1604;9561;7;3000802.630068617
1605;9566;5;3000802.630068617
1606;9572;6;3000802.630068617
1607;9572;0;3000802.630068617
1608;9578;6;3000802.630068617
1609;9583;5;3000802.630068617
1610;9588;5;3000802.630068617
1611;9591;3;3000802.630068617
1612;9596;5;3000802.630068617
1613;9603;7;3000802.630068617
1614;9610;7;3000802.630068617
1615;9618;8;3000802.630068617
1616;9625;7;3000802.630068617
1617;9632;7;3000802.630068617
1618;9639;7;3000802.630068617
1619;9647;8;3000802.630068617
1620;9651;4;3000802.630068617
1621;9660;9;3000802.630068617
1622;9666;6;3000802.630068617
1623;9671;5;3000802.630068617
1624;9675;4;3000802.630068617
1625;9681;6;3000802.630068617
1626;9688;7;3000802.630068617
1627;9695;7;3000802.630068617
1628;9700;5;3000802.630068617
1629;9708;8;3000802.630068617
1630;9716;8;3000802.630068617
1631;9721;5;3000802.630068617
1632;9722;1;3000802.630068617
1633;9727;5;3000802.630068617
1634;9734;7;3000802.630068617
1635;9736;2;3000802.630068617
1636;9738;2;3000802.630068617
1637;9743;5;3000802.630068617
1638;9746;3;3000802.630068617
1639;9747;1;3000802.630068617
1640;9750;3;3000802.630068617
1641;9755;5;3000802.630068617
1642;9760;5;3000802.630068617
1643;9767;7;3000802.630068617
1644;9772;5;3000802.630068617
1645;9774;2;3000802.630068617
1646;9778;4;3000802.630068617
1647;9784;6;3000802.630068617
1648;9787;3;3000802.630068617
1649;9790;3;3000802.630068617
1650;9796;6;3000802.630068617
1651;9802;6;3000802.630068617
1652;9810;8;3000802.630068617
1653;9819;9;3000802.630068617
1654;9822;3;3000802.630068617
1655;9828;6;3000802.630068617
1656;9831;3;3000802.630068617
1657;9839;8;3000802.630068617
1658;9844;5;3000802.630068617
1659;9848;4;3000802.630068617
1660;9853;5;3000802.630068617
1661;9860;7;3000802.630068617
1662;9870;10;3000802.630068617
1663;9874;4;3000802.630068617
1664;9879;5;3000802.630068617
1665;9880;1;3000802.630068617
1666;9887;7;3000802.630068617
1667;9895;8;3000802.630068617
1668;9895;0;3000802.630068617
1669;9900;5;3000802.630068617
1670;9909;9;3000802.630068617
1671;9913;4;3000802.630068617
1672;9914;1;3000802.630068617
1673;9915;1;3000802.630068617
1674;9916;1;3000802.630068617
1675;9916;0;3000802.630068617
1676;9923;7;3000802.630068617
1677;9931;8;3000802.630068617
1678;9936;5;3000802.630068617
1679;9940;4;3000802.630068617
1680;9948;8;3000802.630068617
1681;9950;2;3000802.630068617
1682;9956;6;3000802.630068617
1683;9958;2;3000802.630068617
1684;9962;4;3000802.630068617
1685;9963;1;3000802.630068617
1686;9967;4;3000802.630068617
1687;9973;6;3000802.630068617
1688;9980;7;3000802.630068617
1689;9990;10;3000802.630068617
1690;9991;1;3000802.630068617
1691;9994;3;3000802.630068617
1692;9997;3;3000802.630068617
1693;9997;0;3000802.630068617
1694;10003;6;3000802.630068617
1695;10009;6;3000802.630068617
1696;10013;4;3000802.630068617
1697;10018;5;3000802.630068617
1698;10025;7;3000802.630068617
1699;10030;5;3000802.630068617
1700;10037;7;3000802.630068617
1701;10041;4;3000802.630068617
1702;10046;5;3000802.630068617
1703;10049;3;3000802.630068617
1704;10055;6;3000802.630068617
1705;10056;1;3000802.630068617
1706;10059;3;3000802.630068617
1707;10066;7;3000802.630068617
1708;10072;6;3000802.630068617
1709;10078;6;3000802.630068617
1710;10083;5;3000802.630068617
1711;10088;5;3000802.630068617
1712;10095;7;3000802.630068617
1713;10100;5;3000802.630068617
1714;10109;9;3000802.630068617
1715;10118;9;3000802.630068617
1716;10124;6;3000802.630068617
1717;10128;4;3000802.630068617
1718;10134;6;3000802.630068617
1719;10137;3;3000802.630068617
1720;10138;1;3000802.630068617
1721;10140;2;3000802.630068617
1722;10146;6;3000802.630068617
1723;10147;1;3000802.630068617
1724;10156;9;3000802.630068617
1725;10160;4;3000802.630068617
1726;10165;5;3000802.630068617
1727;10166;1;3000802.630068617
1728;10171;5;3000802.630068617
1729;10174;3;3000802.630068617
1730;10177;3;3000802.630068617
1731;10186;9;3000802.630068617
1732;10192;6;3000802.630068617
1733;10199;7;3000802.630068617
1734;10205;6;3000802.630068617
1735;10210;5;3000802.630068617
1736;10215;5;3000802.630068617
1737;10221;6;3000802.630068617
1738;10226;5;3000802.630068617
1739;10227;1;3000802.630068617
1740;10232;5;3000802.630068617
1741;10238;6;3000802.630068617
1742;10243;5;3000802.630068617
1743;10253;10;3000802.630068617
1744;10254;1;3000802.630068617
1745;10256;2;3000802.630068617
1746;10258;2;3000802.630068617
1747;10262;4;3000802.630068617
1748;10264;2;3000802.630068617
1749;10272;8;3000802.630068617
1750;10274;2;3000802.630068617
1751;10278;4;3000802.630068617
1752;10285;7;3000802.630068617
1753;10289;4;3000802.630068617
1754;10293;4;3000802.630068617
1755;10294;1;3000802.630068617
1756;10298;4;3000802.630068617
1757;10301;3;3000802.630068617
1758;10306;5;3000802.630068617
1759;10307;1;3000802.630068617
1760;10308;1;3000802.630068617
1761;10313;5;3000802.630068617
1762;10315;2;3000802.630068617
1763;10320;5;3000802.630068617
1764;10321;1;3000802.630068617
1765;10323;2;3000802.630068617
1766;10328;5;3000802.630068617
1767;10334;6;3000802.630068617
1768;10339;5;3000802.630068617
1769;10346;7;3000802.630068617
1770;10351;5;3000802.630068617
1771;10359;8;3000802.630068617
1772;10363;4;3000802.630068617
1773;10370;7;3000802.630068617
1774;10372;2;3000802.630068617
1775;10375;3;3000802.630068617
1776;10379;4;3000802.630068617
1777;10391;12;3000802.630068617
1778;10399;8;3000802.630068617
1779;10409;10;3000802.630068617
1780;10412;3;3000802.630068617
1781;10417;5;3000802.630068617
1782;10425;8;3000802.630068617
1783;10429;4;3000802.630068617
1784;10436;7;3000802.630068617
1785;10441;5;3000802.630068617
1786;10450;9;3000802.630068617
1787;10459;9;3000802.630068617
1788;10469;10;3000802.630068617
1789;10474;5;3000802.630068617
1790;10479;5;3000802.630068617
1791;10488;9;3000802.630068617
1792;10492;4;3000802.630068617
1793;10498;6;3000802.630068617
1794;10502;4;3000802.630068617
1795;10509;7;3000802.630068617
1796;10517;8;3000802.630068617
1797;10524;7;3000802.630068617
1798;10531;7;3000802.630068617
1799;10535;4;3000802.630068617
1800;10541;6;3000802.630068617
1801;10547;6;3000802.630068617
1802;10552;5;3000802.630068617
1803;10557;5;3000802.630068617
1804;10562;5;3000802.630068617
1805;10566;4;3000802.630068617
1806;10570;4;3000802.630068617
1807;10575;5;3000802.630068617
1808;10577;2;3000802.630068617
1809;10583;6;3000802.630068617
1810;10590;7;3000802.630068617
1811;10593;3;3000802.630068617
1812;10595;2;3000802.630068617
1813;10600;5;3000802.630068617
1814;10606;6;3000802.630068617
1815;10610;4;3000802.630068617
1816;10618;8;3000802.630068617
1817;10621;3;3000802.630068617
1818;10622;1;3000802.630068617
1819;10629;7;3000802.630068617
1820;10632;3;3000802.630068617
1821;10638;6;3000802.630068617
1822;10642;4;3000802.630068617
1823;10650;8;3000802.630068617
1824;10656;6;3000802.630068617
1825;10664;8;3000802.630068617
1826;10668;4;3000802.630068617
1827;10672;4;3000802.630068617
1828;10676;4;3000802.630068617
1829;10685;9;3000802.630068617
1830;10691;6;3000802.630068617
1831;10693;2;3000802.630068617
1832;10699;6;3000802.630068617
1833;10704;5;3000802.630068617
1834;10713;9;3000802.630068617
1835;10719;6;3000802.630068617
1836;10725;6;3000802.630068617
1837;10732;7;3000802.630068617
1838;10737;5;3000802.630068617
1839;10741;4;3000802.630068617
1840;10746;5;3000802.630068617
1841;10750;4;3000802.630068617
1842;10751;1;3000802.630068617
1843;10759;8;3000802.630068617
1844;10770;11;3000802.630068617
1845;10776;6;3000802.630068617
1846;10781;5;3000802.630068617
1847;10787;6;3000802.630068617
1848;10793;6;3000802.630068617
1849;10799;6;3000802.630068617
1850;10804;5;3000802.630068617
1851;10809;5;3000802.630068617
1852;10814;5;3000802.630068617
1853;10823;9;3000802.630068617
1854;10829;6;3000802.630068617
1855;10836;7;3000802.630068617
1856;10843;7;3000802.630068617
1857;10849;6;3000802.630068617
1858;10850;1;3000802.630068617
1859;10860;10;3000802.630068617
1860;10867;7;3000802.630068617
1861;10876;9;3000802.630068617
1862;10882;6;3000802.630068617
1863;10891;9;3000802.630068617
1864;10900;9;3000802.630068617
1865;10905;5;3000802.630068617
1866;10910;5;3000802.630068617
1867;10911;1;3000802.630068617
1868;10912;1;3000802.630068617
1869;10912;0;3000802.630068617
1870;10917;5;3000802.630068617
1871;10921;4;3000802.630068617
1872;10928;7;3000802.630068617
1873;10933;5;3000802.630068617
1874;10939;6;3000802.630068617
1875;10945;6;3000802.630068617
1876;10945;0;3000802.630068617
1877;10950;5;3000802.630068617
1878;10955;5;3000802.630068617
1879;10956;1;3000802.630068617
1880;10960;4;3000802.630068617
1881;10963;3;3000802.630068617
1882;10966;3;3000802.630068617
1883;10970;4;3000802.630068617
1884;10976;6;3000802.630068617
1885;10979;3;3000802.630068617
1886;10984;5;3000802.630068617
1887;10990;6;3000802.630068617
1888;10995;5;3000802.630068617
1889;10999;4;3000802.630068617
1890;11007;8;3000802.630068617
1891;11013;6;3000802.630068617
1892;11016;3;3000802.630068617
1893;11017;1;3000802.630068617
1894;11026;9;3000802.630068617
1895;11027;1;3000802.630068617
1896;11029;2;3000802.630068617
1897;11030;1;3000802.630068617
1898;11031;1;3000802.630068617
1899;11032;1;3000802.630068617
1900;11038;6;3000802.630068617
1901;11042;4;3000802.630068617
1902;11049;7;3000802.630068617
1903;11053;4;3000802.630068617
1904;11054;1;3000802.630068617
1905;11059;5;3000802.630068617
1906;11068;9;3000802.630068617
1907;11068;0;3000802.630068617
1908;11076;8;3000802.630068617
1909;11083;7;3000802.630068617
1910;11089;6;3000802.630068617
1911;11095;6;3000802.630068617
1912;11096;1;3000802.630068617
1913;11105;9;3000802.630068617
1914;11113;8;3000802.630068617
1915;11115;2;3000802.630068617
1916;11122;7;3000802.630068617
1917;11131;9;3000802.630068617
1918;11137;6;3000802.630068617
1919;11144;7;3000802.630068617
1920;11151;7;3000802.630068617
1921;11155;4;3000802.630068617
1922;11164;9;3000802.630068617
1923;11165;1;3000802.630068617
1924;11168;3;3000802.630068617
1925;11172;4;3000802.630068617
1926;11179;7;3000802.630068617
1927;11182;3;3000802.630068617
1928;11186;4;3000802.630068617
1929;11187;1;3000802.630068617
1930;11190;3;3000802.630068617
1931;11193;3;3000802.630068617
1932;11198;5;3000802.630068617
1933;11198;0;3000802.630068617
1934;11203;5;3000802.6183422143
1935;11208;5;3000802.6183422143
1936;11215;7;3000802.6183422143
1937;11220;5;3000798.1329650506
1938;11226;6;3000798.1329650506
1939;11230;4;3000798.1329650506
1940;11232;2;3000798.1329650506
1941;11236;4;3000798.1329650506
1942;11243;7;3000798.1329650506
1943;11247;4;3000798.1329650506
1944;11251;4;3000798.1329650506
1945;11257;6;3000798.1329650506
1946;11261;4;3000798.1329650506
1947;11262;1;3000798.1329650506
1948;11267;5;3000798.1329650506
1949;11268;1;3000798.1329650506
1950;11272;4;3000798.1329650506
1951;11280;8;3000798.1329650506
1952;11284;4;3000798.1329650506
1953;11287;3;3000798.1329650506
1954;11293;6;3000798.1329650506
1955;11297;4;3000798.1329650506
1956;11298;1;3000798.1329650506
1957;11298;0;3000798.1329650506
1958;11301;3;3000798.1329650506
1959;11307;6;3000798.1329650506
1960;11315;8;3000798.1329650506
1961;11318;3;3000798.1329650506
1962;11326;8;3000798.1329650506
1963;11333;7;3000798.1329650506
1964;11338;5;3000798.1329650506
1965;11339;1;3000798.1329650506
1966;11342;3;3000798.1329650506
1967;11343;1;3000798.1329650506
1968;11344;1;3000798.1329650506
1969;11351;7;3000798.1329650506
1970;11360;9;3000798.1329650506
1971;11368;8;3000798.1329650506
1972;11375;7;3000798.1329650506
1973;11376;1;3000798.1329650506
1974;11385;9;3000798.1329650506
1975;11393;8;3000798.1329650506
1976;11399;6;3000798.1329650506
1977;11409;10;3000798.1329650506
1978;11418;9;3000798.1329650506
1979;11420;2;3000798.1329650506
1980;11424;4;3000798.1329650506
1981;11428;4;3000798.1329650506
1982;11428;0;3000798.1329650506
1983;11435;7;3000798.1329650506
1984;11438;3;3000798.1329650506
1985;11443;5;3000798.1329650506
1986;11444;1;3000798.1329650506
1987;11448;4;3000798.1329650506
1988;11452;4;3000798.1329650506
1989;11457;5;3000798.1329650506
1990;11463;6;3000798.1329650506
1991;11472;9;3000798.1329650506
1992;11478;6;3000798.1329650506
1993;11482;4;3000798.1329650506
1994;11486;4;3000798.1329650506
1995;11492;6;3000798.1329650506
1996;11496;4;3000798.1329650506
1997;11502;6;3000798.1329650506
1998;11503;1;3000798.1329650506
1999;11508;5;3000798.1329650506
2000;11515;7;3000798.1329650506
2001;11519;4;3000798.1329650506
2002;11522;3;3000798.1329650506
2003;11529;7;3000798.1329650506
2004;11535;6;3000798.1329650506
2005;11540;5;3000798.1329650506
2006;11545;5;3000798.1329650506
2007;11550;5;3000798.1329650506
2008;11553;3;3000798.1329650506
2009;11560;7;3000798.1329650506
2010;11564;4;3000798.1329650506
2011;11572;8;3000798.1329650506
2012;11577;5;3000798.1329650506
2013;11582;5;3000798.1329650506
2014;11590;8;3000798.1329650506
2015;11593;3;3000798.1329650506
2016;11593;0;3000798.1329650506
2017;11598;5;3000798.1329650506
2018;11605;7;3000798.1329650506
2019;11609;4;3000798.1329650506
2020;11613;4;3000798.1329650506
2021;11619;6;3000798.1329650506
2022;11627;8;3000798.1329650506
2023;11632;5;3000798.1329650506
2024;11637;5;3000798.1329650506
2025;11648;11;3000798.1329650506
2026;11653;5;3000798.1329650506
2027;11659;6;3000798.1329650506
2028;11664;5;3000798.1329650506
2029;11668;4;3000798.1329650506
2030;11673;5;3000798.1329650506
2031;11678;5;3000798.1329650506
2032;11682;4;3000798.1329650506
2033;11688;6;3000798.1329650506
2034;11693;5;3000798.1329650506
2035;11699;6;3000798.1329650506
2036;11705;6;3000798.1329650506
2037;11713;8;3000798.1329650506
2038;11718;5;3000798.1329650506
2039;11724;6;3000798.1329650506
2040;11728;4;3000798.1329650506
2041;11735;7;3000798.1329650506
2042;11741;6;3000798.1329650506
2043;11744;3;3000798.1329650506
2044;11745;1;3000798.1329650506
2045;11749;4;3000798.1329650506
2046;11750;1;3000798.1329650506
2047;11755;5;3000798.1329650506
2048;11762;7;3000798.1329650506
2049;11769;7;3000798.1329650506
2050;11772;3;3000798.1329650506
2051;11773;1;3000798.1329650506
2052;11779;6;3000798.1329650506
2053;11781;2;3000798.1329650506
2054;11785;4;3000798.1329650506
2055;11787;2;3000798.1329650506
2056;11792;5;3000798.1329650506
2057;11797;5;3000798.1329650506
2058;11803;6;3000798.1329650506
2059;11806;3;3000798.1329650506
2060;11810;4;3000798.1329650506
2061;11814;4;3000798.1329650506
2062;11822;8;3000798.1329650506
2063;11827;5;3000798.1329650506
2064;11830;3;3000798.1329650506
2065;11837;7;3000798.1329650506
2066;11840;3;3000798.1329650506
2067;11845;5;3000798.1329650506
2068;11850;5;3000798.1329650506
2069;11860;10;3000798.1329650506
2070;11868;8;3000798.1329650506
2071;11878;10;3000798.1329650506
2072;11884;6;3000798.1329650506
2073;11890;6;3000798.1329650506
2074;11890;0;3000798.1329650506
2075;11898;8;3000798.1329650506
2076;11899;1;3000798.1329650506
2077;11908;9;3000798.1329650506
2078;11915;7;3000798.1329650506
2079;11927;12;3000798.1329650506
2080;11928;1;3000798.1329650506
2081;11934;6;3000798.1329650506
2082;11939;5;3000798.1329650506
2083;11942;3;3000798.1329650506
2084;11943;1;3000798.1329650506
2085;11944;1;3000798.1329650506
2086;11949;5;3000794.4453917337
2087;11956;7;3000793.119181771
2088;11961;5;3000785.053413717
2089;11964;3;3000777.22376247
2090;11968;4;3000777.22376247
2091;11973;5;3000777.22376247
2092;11975;2;3000777.22376247
2093;11981;6;3000777.22376247
2094;11986;5;3000777.22376247
2095;11992;6;3000777.22376247
2096;11997;5;3000777.22376247
2097;11998;1;3000777.22376247
2098;12001;3;3000777.22376247
2099;12008;7;3000777.22376247
2100;12014;6;3000764.2386451215
2101;12015;1;3000764.2386451215
2102;12019;4;3000764.2386451215
2103;12024;5;3000757.43740971
2104;12029;5;3000757.43740971
2105;12034;5;3000757.43740971
2106;12039;5;3000755.7619228847
2107;12047;8;3000755.110443059
2108;12056;9;3000755.110443059
2109;12058;2;3000752.1930653984
2110;12061;3;3000752.1930653984
2111;12064;3;3000750.462424499
2112;12070;6;3000750.462424499
2113;12073;3;3000750.462424499
2114;12081;8;3000750.462424499
2115;12086;5;3000750.462424499
2116;12088;2;3000750.462424499
2117;12096;8;3000750.462424499
2118;12103;7;3000750.462424499
2119;12109;6;3000750.462424499
2120;12114;5;3000750.462424499
2121;12120;6;3000750.462424499
2122;12125;5;3000750.462424499
2123;12129;4;3000750.462424499
2124;12136;7;3000750.462424499
2125;12142;6;3000750.462424499
2126;12148;6;3000750.462424499
2127;12149;1;3000750.462424499
2128;12158;9;3000750.462424499
2129;12162;4;3000750.462424499
2130;12170;8;3000750.462424499
2131;12178;8;3000750.462424499
2132;12183;5;3000750.462424499
2133;12193;10;3000750.462424499
2134;12197;4;3000750.462424499
2135;12198;1;3000750.462424499
2136;12204;6;3000750.462424499
2137;12206;2;3000750.462424499
2138;12215;9;3000750.462424499
2139;12223;8;3000750.462424499
2140;12227;4;3000750.462424499
2141;12231;4;3000750.462424499
2142;12235;4;3000750.462424499
2143;12238;3;3000750.462424499
2144;12241;3;3000750.462424499
2145;12246;5;3000750.462424499
2146;12252;6;3000750.462424499
2147;12260;8;3000750.462424499
2148;12267;7;3000750.462424499
2149;12268;1;3000750.462424499
2150;12269;1;3000750.462424499
2151;12275;6;3000750.462424499
2152;12281;6;3000750.462424499
2153;12286;5;3000750.462424499
2154;12290;4;3000750.462424499
2155;12300;10;3000750.462424499
2156;12304;4;3000750.462424499
2157;12309;5;3000750.462424499
2158;12315;6;3000750.462424499
2159;12322;7;3000750.462424499
2160;12328;6;3000750.462424499
2161;12328;0;3000750.462424499
2162;12334;6;3000750.462424499
2163;12347;13;3000750.462424499
2164;12347;0;3000750.462424499
2165;12354;7;3000750.462424499
2166;12361;7;3000750.462424499
2167;12361;0;3000750.462424499
2168;12364;3;3000750.462424499
2169;12367;3;3000750.462424499
2170;12372;5;3000742.6971742436
2171;12376;4;3000742.6971742436
2172;12385;9;3000730.782394272
2173;12390;5;3000730.782394272
2174;12392;2;3000730.782394272
2175;12397;5;3000730.782394272
2176;12398;1;3000730.782394272
2177;12403;5;3000730.782394272
2178;12406;3;3000730.782394272
2179;12410;4;3000730.782394272
2180;12413;3;3000730.782394272
2181;12418;5;3000730.782394272
2182;12421;3;3000730.782394272
2183;12426;5;3000730.782394272
2184;12432;6;3000730.782394272
2185;12436;4;3000730.782394272
2186;12442;6;3000730.782394272
2187;12446;4;3000730.782394272
2188;12457;11;3000730.782394272
2189;12461;4;3000730.782394272
2190;12462;1;3000730.782394272
2191;12465;3;3000730.782394272
2192;12470;5;3000730.782394272
2193;12479;9;3000730.782394272
2194;12480;1;3000730.782394272
2195;12489;9;3000730.782394272
2196;12494;5;3000730.782394272
2197;12505;11;3000730.782394272
2198;12508;3;3000730.782394272
2199;12513;5;3000730.782394272
2200;12515;2;3000730.782394272
2201;12519;4;3000730.782394272
2202;12520;1;3000730.782394272
2203;12526;6;3000730.782394272
2204;12530;4;3000730.782394272
2205;12540;10;3000730.782394272
2206;12548;8;3000730.782394272
2207;12554;6;3000730.782394272
2208;12556;2;3000730.782394272
2209;12564;8;3000730.782394272
2210;12566;2;3000730.782394272
2211;12568;2;3000730.782394272
2212;12569;1;3000730.782394272
2213;12573;4;3000730.782394272
2214;12575;2;3000730.782394272
2215;12588;13;3000730.782394272
2216;12593;5;3000730.782394272
2217;12597;4;3000730.782394272
2218;12599;2;3000730.782394272
2219;12608;9;3000730.782394272
2220;12613;5;3000730.782394272
2221;12617;4;3000730.782394272
2222;12624;7;3000730.782394272
2223;12626;2;3000730.782394272
2224;12627;1;3000730.782394272
2225;12634;7;3000730.782394272
2226;12641;7;3000730.782394272
2227;12649;8;3000730.782394272
2228;12659;10;3000730.782394272
2229;12664;5;3000730.782394272
2230;12687;23;3000730.782394272
2231;12699;12;3000730.782394272
2232;12740;41;3000730.782394272
2233;12747;7;3000730.782394272
2234;12748;1;3000730.782394272
2235;12771;23;3000730.782394272
2236;12772;1;3000730.782394272
2237;12774;2;3000730.782394272
2238;12778;4;3000730.782394272
2239;12790;12;3000730.782394272
2240;12805;15;3000730.782394272
2241;12812;7;3000730.782394272
2242;12825;13;3000730.782394272
2243;12831;6;3000730.782394272
2244;12841;10;3000730.782394272
2245;12850;9;3000730.782394272
2246;12866;16;3000730.782394272
2247;12868;2;3000730.782394272
2248;12878;10;3000730.782394272
2249;12889;11;3000730.782394272
2250;12910;21;3000730.782394272
2251;12917;7;3000730.782394272
2252;12929;12;3000730.782394272
2253;12935;6;3000730.782394272
2254;12957;22;3000730.782394272
2255;12958;1;3000730.782394272
2256;12973;15;3000730.782394272
2257;12998;25;3000730.782394272
2258;13004;6;3000730.782394272
2259;13015;11;3000730.782394272
2260;13029;14;3000730.782394272
2261;13034;5;3000730.782394272
2262;13047;13;3000730.782394272
2263;13069;22;3000730.782394272
2264;13082;13;3000730.782394272
2265;13092;10;3000730.782394272
2266;13118;26;3000730.782394272
2267;13151;33;3000730.782394272
2268;13152;1;3000730.782394272
2269;13180;28;3000730.782394272
2270;13204;24;3000730.782394272
2271;13212;8;3000730.782394272
2272;13224;12;3000730.782394272
2273;13226;2;3000730.782394272
2274;13237;11;3000730.782394272
2275;13252;15;3000730.782394272
2276;13264;12;3000730.782394272
2277;13271;7;3000730.782394272
2278;13272;1;3000730.782394272
2279;13281;9;3000730.782394272
2280;13287;6;3000730.782394272
2281;13316;29;3000730.782394272
2282;13332;16;3000730.782394272
2283;13333;1;3000730.782394272
2284;13338;5;3000730.782394272
2285;13360;22;3000730.782394272
2286;13363;3;3000730.782394272
2287;13364;1;3000730.782394272
2288;13390;26;3000730.782394272
2289;13392;2;3000730.782394272
2290;13412;20;3000730.782394272
2291;13421;9;3000730.782394272
2292;13432;11;3000730.782394272
2293;13441;9;3000730.782394272
2294;13458;17;3000730.782394272
2295;13465;7;3000730.782394272
2296;13470;5;3000730.782394272
2297;13480;10;3000730.782394272
2298;13491;11;3000730.782394272
2299;13495;4;3000730.782394272
2300;13500;5;3000730.782394272
2301;13514;14;3000730.782394272
2302;13520;6;3000730.782394272
2303;13528;8;3000730.782394272
2304;13536;8;3000730.782394272
2305;13540;4;3000730.782394272
2306;13546;6;3000730.782394272
2307;13557;11;3000730.782394272
2308;13567;10;3000730.782394272
2309;13568;1;3000730.782394272
2310;13580;12;3000730.782394272
2311;13590;10;3000730.782394272
2312;13591;1;3000730.782394272
2313;13601;10;3000730.782394272
2314;13602;1;3000730.782394272
2315;13606;4;3000730.782394272
2316;13612;6;3000730.782394272
2317;13615;3;3000730.782394272
2318;13618;3;3000730.782394272
2319;13623;5;3000730.782394272
2320;13624;1;3000730.782394272
2321;13632;8;3000730.782394272
2322;13638;6;3000730.782394272
2323;13640;2;3000730.782394272
2324;13644;4;3000730.782394272
2325;13647;3;3000730.782394272
2326;13650;3;3000730.782394272
2327;13651;1;3000730.782394272
2328;13654;3;3000730.782394272
2329;13660;6;3000730.782394272
2330;13661;1;3000730.782394272
2331;13668;7;3000730.782394272
2332;13676;8;3000730.782394272
2333;13683;7;3000730.782394272
2334;13685;2;3000730.782394272
2335;13689;4;3000730.782394272
2336;13695;6;3000730.782394272
2337;13698;3;3000730.782394272
2338;13703;5;3000727.9187662317
2339;13706;3;3000727.9187662317
2340;13711;5;3000727.9187662317
2341;13714;3;3000727.9187662317
2342;13715;1;3000727.9187662317
2343;13718;3;3000727.9187662317
2344;13719;1;3000727.9187662317
2345;13723;4;3000727.9187662317
2346;13727;4;3000727.9187662317
2347;13732;5;3000727.9187662317
2348;13739;7;3000727.9187662317
2349;13746;7;3000727.9187662317
2350;13751;5;3000727.9187662317
2351;13756;5;3000727.9187662317
2352;13762;6;3000727.9187662317
2353;13768;6;3000727.9187662317
2354;13779;11;3000727.9187662317
2355;13781;2;3000727.9187662317
2356;13793;12;3000727.9187662317
2357;13798;5;3000727.9187662317
2358;13802;4;3000727.9187662317
2359;13803;1;3000727.9187662317
2360;13808;5;3000727.3595912955
2361;13809;1;3000727.3595912955
2362;13815;6;3000727.3595912955
2363;13821;6;3000727.3595912955
2364;13824;3;3000727.3595912955
2365;13828;4;3000727.3595912955
2366;13832;4;3000727.3595912955
2367;13833;1;3000727.3595912955
2368;13839;6;3000727.3595912955
2369;13844;5;3000727.3595912955
2370;13845;1;3000727.3595912955
2371;13848;3;3000727.3595912955
2372;13852;4;3000727.3595912955
2373;13856;4;3000727.3595912955
2374;13859;3;3000727.3595912955
2375;13862;3;3000727.3595912955
2376;13863;1;3000727.3595912955
2377;13868;5;3000727.3595912955
2378;13872;4;3000727.3595912955
2379;13879;7;3000727.3595912955
2380;13883;4;3000727.3595912955
2381;13884;1;3000727.3595912955
2382;13890;6;3000727.3595912955
2383;13894;4;3000727.3595912955
2384;13897;3;3000727.3595912955
2385;13901;4;3000727.3595912955
2386;13912;11;3000727.3595912955
2387;13917;5;3000727.3595912955
2388;13920;3;3000727.3595912955
2389;13927;7;3000727.3595912955
2390;13928;1;3000727.3595912955
2391;13935;7;3000727.3595912955
2392;13940;5;3000727.3595912955
2393;13949;9;3000727.3595912955
2394;13956;7;3000727.3595912955
2395;13961;5;3000727.3595912955
2396;13965;4;3000727.3595912955
2397;13969;4;3000727.3595912955
2398;13977;8;3000727.3595912955
2399;13986;9;3000727.3595912955
2400;13989;3;3000726.991382827
2401;13992;3;3000726.991382827
2402;13997;5;3000726.991382827
2403;14003;6;3000726.991382827
2404;14008;5;3000726.991382827
2405;14016;8;3000726.991382827
2406;14020;4;3000726.991382827
2407;14023;3;3000726.991382827
2408;14029;6;3000726.991382827
2409;14033;4;3000726.991382827
2410;14039;6;3000726.991382827
2411;14046;7;3000726.991382827
2412;14053;7;3000726.991382827
2413;14057;4;3000726.991382827
2414;14058;1;3000726.991382827
2415;14065;7;3000726.991382827
2416;14072;7;3000726.991382827
2417;14077;5;3000726.991382827
2418;14079;2;3000726.991382827
2419;14089;10;3000726.991382827
2420;14090;1;3000726.991382827
2421;14095;5;3000726.991382827
2422;14099;4;3000726.991382827
2423;14105;6;3000726.991382827
2424;14110;5;3000726.991382827
2425;14115;5;3000726.991382827
2426;14117;2;3000726.991382827
2427;14121;4;3000726.991382827
2428;14127;6;3000726.991382827
2429;14131;4;3000726.991382827
2430;14135;4;3000726.991382827
2431;14140;5;3000726.991382827
2432;14145;5;3000726.991382827
2433;14150;5;3000726.991382827
2434;14157;7;3000726.991382827
2435;14158;1;3000726.991382827
2436;14164;6;3000726.991382827
2437;14169;5;3000726.991382827
2438;14173;4;3000726.991382827
2439;14177;4;3000726.991382827
2440;14182;5;3000726.991382827
2441;14188;6;3000726.991382827
2442;14196;8;3000726.991382827
2443;14199;3;3000726.991382827
2444;14204;5;3000726.991382827
2445;14209;5;3000726.991382827
2446;14212;3;3000726.991382827
2447;14217;5;3000726.991382827
2448;14221;4;3000726.991382827
2449;14224;3;3000726.991382827
2450;14228;4;3000726.991382827
2451;14231;3;3000726.991382827
2452;14232;1;3000726.991382827
2453;14233;1;3000726.991382827
2454;14239;6;3000726.991382827
2455;14243;4;3000726.991382827
2456;14250;7;3000726.991382827
2457;14254;4;3000726.991382827
2458;14261;7;3000726.991382827
2459;14267;6;3000726.991382827
2460;14272;5;3000726.991382827
2461;14277;5;3000726.991382827
2462;14281;4;3000726.991382827
2463;14285;4;3000726.991382827
2464;14295;10;3000726.991382827
2465;14296;1;3000726.991382827
2466;14301;5;3000726.991382827
2467;14302;1;3000726.991382827
2468;14305;3;3000726.991382827
2469;14311;6;3000726.991382827
2470;14316;5;3000726.991382827
2471;14319;3;3000726.991382827
2472;14321;2;3000726.991382827
2473;14326;5;3000726.991382827
2474;14328;2;3000726.991382827
2475;14329;1;3000726.991382827
2476;14334;5;3000726.991382827
2477;14335;1;3000726.991382827
2478;14340;5;3000726.991382827
2479;14344;4;3000726.991382827
2480;14347;3;3000726.991382827
2481;14348;1;3000726.991382827
2482;14352;4;3000726.991382827
2483;14359;7;3000726.991382827
2484;14364;5;3000726.991382827
2485;14364;0;3000726.991382827
2486;14371;7;3000726.991382827
2487;14375;4;3000726.991382827
2488;14378;3;3000726.991382827
2489;14388;10;3000726.991382827
2490;14389;1;3000726.991382827
2491;14393;4;3000726.991382827
2492;14397;4;3000726.991382827
2493;14402;5;3000726.991382827
2494;14409;7;3000726.991382827
2495;14416;7;3000726.991382827
2496;14422;6;3000726.991382827
2497;14429;7;3000726.991382827
2498;14438;9;3000726.991382827
2499;14439;1;3000726.991382827
2500;14439;0;3000726.991382827
2501;14446;7;3000726.991382827
2502;14448;2;3000726.991382827
2503;14453;5;3000726.991382827
2504;14459;6;3000726.991382827
2505;14464;5;3000726.991382827
2506;14469;5;3000726.991382827
2507;14470;1;3000726.991382827
2508;14471;1;3000726.991382827
2509;14473;2;3000726.991382827
2510;14481;8;3000726.991382827
2511;14482;1;3000726.991382827
2512;14484;2;3000726.991382827
2513;14487;3;3000726.991382827
2514;14497;10;3000726.991382827
2515;14504;7;3000726.991382827
2516;14505;1;3000726.991382827
2517;14508;3;3000726.991382827
2518;14516;8;3000726.991382827
2519;14517;1;3000726.991382827
2520;14519;2;3000726.991382827
2521;14523;4;3000726.991382827
2522;14531;8;3000726.991382827
2523;14535;4;3000726.991382827
2524;14539;4;3000726.991382827
2525;14543;4;3000726.991382827
2526;14555;12;3000726.991382827
2527;14559;4;3000726.991382827
2528;14566;7;3000726.991382827
2529;14567;1;3000726.991382827
2530;14573;6;3000726.991382827
2531;14574;1;3000726.991382827
2532;14575;1;3000726.991382827
2533;14579;4;3000726.991382827
2534;14583;4;3000726.991382827
2535;14591;8;3000726.991382827
2536;14595;4;3000726.991382827
2537;14599;4;3000726.991382827
2538;14606;7;3000726.991382827
2539;14609;3;3000726.991382827
2540;14614;5;3000726.991382827
2541;14617;3;3000726.991382827
2542;14617;0;3000726.991382827
2543;14622;5;3000726.991382827
2544;14628;6;3000726.991382827
2545;14631;3;3000726.991382827
2546;14637;6;3000726.991382827
2547;14638;1;3000726.991382827
2548;14645;7;3000726.991382827
2549;14650;5;3000726.991382827
2550;14654;4;3000726.991382827
2551;14661;7;3000726.991382827
2552;14665;4;3000726.991382827
2553;14668;3;3000726.991382827
2554;14676;8;3000726.991382827
2555;14680;4;3000726.991382827
2556;14680;0;3000726.991382827
2557;14682;2;3000726.991382827
2558;14687;5;3000726.991382827
2559;14692;5;3000726.991382827
2560;14692;0;3000726.991382827
2561;14697;5;3000726.991382827
2562;14700;3;3000726.991382827
2563;14705;5;3000726.991382827
2564;14711;6;3000726.991382827
2565;14715;4;3000726.991382827
2566;14721;6;3000726.991382827
2567;14728;7;3000726.991382827
2568;14734;6;3000726.991382827
2569;14741;7;3000726.991382827
2570;14749;8;3000726.991382827
2571;14756;7;3000726.0383165814
2572;14762;6;3000726.0383165814
2573;14764;2;3000726.0383165814
2574;14766;2;3000726.0383165814
2575;14767;1;3000726.0383165814
2576;14774;7;3000726.0383165814
2577;14782;8;3000726.0383165814
2578;14793;11;3000726.0383165814
2579;14798;5;3000726.0383165814
2580;14801;3;3000725.8049711096
2581;14808;7;3000725.8049711096
2582;14812;4;3000725.8049711096
2583;14822;10;3000725.8049711096
2584;14827;5;3000725.8049711096
2585;14833;6;3000725.8049711096
2586;14838;5;3000725.8049711096
2587;14844;6;3000725.8049711096
2588;14848;4;3000725.8049711096
2589;14851;3;3000725.8049711096
2590;14854;3;3000725.8049711096
2591;14856;2;3000725.8049711096
2592;14861;5;3000725.09540898
2593;14864;3;3000725.09540898
2594;14867;3;3000725.09540898
2595;14873;6;3000725.09540898
2596;14881;8;3000725.09540898
2597;14884;3;3000725.09540898
2598;14890;6;3000725.09540898
2599;14893;3;3000725.09540898
2600;14898;5;3000725.09540898
2601;14902;4;3000725.09540898
2602;14905;3;3000725.09540898
2603;14907;2;3000725.09540898
2604;14911;4;3000725.09540898
2605;14915;4;3000725.09540898
2606;14926;11;3000725.09540898
2607;14934;8;3000725.09540898
2608;14937;3;3000725.09540898
2609;14947;10;3000725.09540898
2610;14949;2;3000725.09540898
2611;14957;8;3000725.09540898
2612;14959;2;3000725.09540898
2613;14965;6;3000725.09540898
2614;14969;4;3000725.09540898
2615;14971;2;3000725.09540898
2616;14972;1;3000725.09540898
2617;14975;3;3000725.09540898
2618;14981;6;3000725.09540898
2619;14985;4;3000725.09540898
2620;14992;7;3000725.09540898
2621;14995;3;3000725.09540898
2622;14996;1;3000725.09540898
2623;15000;4;3000723.6325938185
2624;15007;7;3000723.6325938185
2625;15008;1;3000723.6325938185
2626;15014;6;3000723.326679007
2627;15018;4;3000723.326679007
2628;15021;3;3000723.326679007
2629;15027;6;3000723.326679007
2630;15031;4;3000723.326679007
2631;15033;2;3000723.326679007
2632;15035;2;3000723.326679007
2633;15039;4;3000723.326679007
2634;15043;4;3000723.326679007
2635;15047;4;3000723.326679007
2636;15050;3;3000723.326679007
2637;15055;5;3000723.326679007
2638;15058;3;3000723.326679007
2639;15064;6;3000723.326679007
2640;15068;4;3000723.326679007
2641;15070;2;3000723.326679007
2642;15073;3;3000723.326679007
2643;15079;6;3000723.326679007
2644;15083;4;3000723.326679007
2645;15091;8;3000723.326679007
2646;15100;9;3000723.326679007
2647;15104;4;3000723.326679007
2648;15106;2;3000723.326679007
2649;15112;6;3000723.326679007
2650;15114;2;3000723.326679007
2651;15114;0;3000723.326679007
2652;15120;6;3000723.326679007
2653;15121;1;3000723.326679007
2654;15122;1;3000723.326679007
2655;15127;5;3000723.326679007
2656;15131;4;3000723.326679007
2657;15135;4;3000723.326679007
2658;15139;4;3000723.326679007
2659;15140;1;3000723.326679007
2660;15143;3;3000723.326679007
2661;15146;3;3000723.326679007
2662;15151;5;3000723.326679007
2663;15153;2;3000723.326679007
2664;15159;6;3000723.326679007
2665;15163;4;3000723.326679007
2666;15164;1;3000723.326679007
2667;15169;5;3000723.326679007
2668;15170;1;3000723.326679007
2669;15177;7;3000723.326679007
2670;15178;1;3000723.326679007
2671;15186;8;3000723.326679007
2672;15192;6;3000723.326679007
2673;15193;1;3000723.326679007
2674;15197;4;3000723.326679007
2675;15198;1;3000723.326679007
2676;15206;8;3000723.326679007
2677;15207;1;3000723.326679007
2678;15211;4;3000723.326679007
2679;15216;5;3000723.326679007
2680;15217;1;3000723.326679007
2681;15222;5;3000723.326679007
2682;15228;6;3000723.326679007
2683;15235;7;3000723.326679007
2684;15236;1;3000723.326679007
2685;15242;6;3000723.326679007
2686;15243;1;3000723.326679007
2687;15247;4;3000723.326679007
2688;15252;5;3000723.326679007
2689;15259;7;3000723.326679007
2690;15262;3;3000723.326679007
2691;15270;8;3000723.326679007
2692;15271;1;3000723.326679007
2693;15276;5;3000723.326679007
2694;15282;6;3000723.326679007
2695;15288;6;3000723.326679007
2696;15293;5;3000723.326679007
2697;15299;6;3000723.326679007
2698;15304;5;3000721.9814140536
2699;15309;5;3000721.9814140536
2700;15314;5;3000721.9814140536
2701;15318;4;3000721.9814140536
2702;15327;9;3000721.9814140536
2703;15335;8;3000721.9814140536
2704;15339;4;3000721.9814140536
2705;15345;6;3000721.9814140536
2706;15350;5;3000721.9814140536
2707;15350;0;3000721.9814140536
2708;15361;11;3000721.9814140536
2709;15364;3;3000721.9814140536
2710;15369;5;3000721.9814140536
2711;15381;12;3000721.9814140536
2712;15386;5;3000721.9814140536
2713;15393;7;3000721.9814140536
2714;15398;5;3000721.9814140536
2715;15401;3;3000721.9814140536
2716;15411;10;3000721.9814140536
2717;15415;4;3000721.9814140536
2718;15420;5;3000719.9049897483
2719;15425;5;3000719.9049897483
2720;15439;14;3000719.9049897483
2721;15442;3;3000719.9049897483
2722;15446;4;3000719.9049897483
2723;15450;4;3000719.9049897483
2724;15455;5;3000719.9049897483
2725;15460;5;3000719.9049897483
2726;15462;2;3000719.9049897483
2727;15468;6;3000719.9049897483
2728;15473;5;3000719.9049897483
2729;15479;6;3000719.9049897483
2730;15481;2;3000719.9049897483
2731;15489;8;3000719.9049897483
2732;15495;6;3000719.9049897483
2733;15496;1;3000719.9049897483
2734;15506;10;3000719.9049897483
2735;15509;3;3000719.9049897483
2736;15515;6;3000719.7081348975
2737;15519;4;3000719.7081348975
2738;15523;4;3000719.7081348975
2739;15527;4;3000719.7081348975
2740;15528;1;3000719.7081348975
2741;15531;3;3000719.7081348975
2742;15537;6;3000719.7081348975
2743;15540;3;3000719.7081348975
2744;15545;5;3000719.7081348975
2745;15550;5;3000719.7081348975
2746;15554;4;3000719.7081348975
2747;15557;3;3000719.7081348975
2748;15558;1;3000719.7081348975
2749;15562;4;3000719.7081348975
2750;15569;7;3000719.7081348975
2751;15573;4;3000719.7081348975
2752;15576;3;3000719.7081348975
2753;15579;3;3000719.7081348975
2754;15587;8;3000719.7081348975
2755;15596;9;3000719.7081348975
2756;15603;7;3000719.7081348975
2757;15611;8;3000719.7081348975
2758;15618;7;3000719.7081348975
2759;15619;1;3000719.7081348975
2760;15624;5;3000719.7081348975
2761;15632;8;3000719.7081348975
2762;15632;0;3000719.7081348975
2763;15634;2;3000719.4066952774
2764;15640;6;3000719.4066952774
2765;15646;6;3000719.4066952774
2766;15653;7;3000719.4066952774
2767;15654;1;3000719.4066952774
2768;15658;4;3000719.4066952774
2769;15658;0;3000719.4066952774
2770;15661;3;3000719.4066952774
2771;15664;3;3000719.4066952774
2772;15669;5;3000719.4066952774
2773;15673;4;3000719.4066952774
2774;15677;4;3000719.4066952774
2775;15680;3;3000719.4066952774
2776;15683;3;3000719.4066952774
2777;15687;4;3000719.4066952774
2778;15690;3;3000719.4066952774
2779;15695;5;3000719.4066952774
2780;15699;4;3000719.4066952774
2781;15703;4;3000719.4066952774
2782;15705;2;3000718.615516344
2783;15711;6;3000718.615516344
2784;15715;4;3000718.615516344
2785;15724;9;3000718.615516344
2786;15734;10;3000718.615516344
2787;15739;5;3000718.0736380117
2788;15743;4;3000718.0736380117
2789;15745;2;3000718.0736380117
2790;15750;5;3000717.943426735
2791;15755;5;3000717.943426735
2792;15759;4;3000717.943426735
2793;15760;1;3000717.943426735
2794;15765;5;3000717.943426735
2795;15769;4;3000717.943426735
2796;15770;1;3000717.943426735
2797;15771;1;3000717.943426735
2798;15774;3;3000717.943426735
2799;15775;1;3000717.943426735
2800;15779;4;3000717.908061892
2801;15780;1;3000717.908061892
2802;15785;5;3000717.908061892
2803;15791;6;3000717.908061892
2804;15794;3;3000717.908061892
2805;15799;5;3000717.908061892
2806;15802;3;3000717.908061892
2807;15808;6;3000717.908061892
2808;15812;4;3000717.8049276965
2809;15813;1;3000717.8049276965
2810;15816;3;3000717.8049276965
2811;15819;3;3000717.8049276965
2812;15820;1;3000717.8049276965
2813;15825;5;3000717.8049276965
2814;15828;3;3000717.8049276965
2815;15831;3;3000717.8049276965
2816;15835;4;3000717.8049276965
2817;15840;5;3000717.8049276965
2818;15844;4;3000717.8049276965
2819;15845;1;3000717.8049276965
2820;15851;6;3000717.8049276965
2821;15857;6;3000717.8049276965
2822;15861;4;3000717.8049276965
2823;15866;5;3000717.8049276965
2824;15872;6;3000717.8049276965
2825;15877;5;3000717.8049276965
2826;15882;5;3000717.8049276965
2827;15886;4;3000717.8049276965
2828;15889;3;3000717.8049276965
2829;15894;5;3000717.8049276965
2830;15899;5;3000717.8049276965
2831;15905;6;3000717.8049276965
2832;15911;6;3000717.8049276965
2833;15912;1;3000717.8049276965
2834;15914;2;3000717.8049276965
2835;15915;1;3000717.8049276965
2836;15915;0;3000717.8049276965
2837;15921;6;3000717.8049276965
2838;15925;4;3000717.8049276965
2839;15926;1;3000717.8049276965
2840;15930;4;3000717.8049276965
2841;15937;7;3000717.8049276965
2842;15938;1;3000717.8049276965
2843;15939;1;3000717.8049276965
2844;15943;4;3000717.8049276965
2845;15948;5;3000717.0654686075
2846;15949;1;3000717.0654686075
2847;15954;5;3000717.0654686075
2848;15956;2;3000717.0654686075
2849;15964;8;3000717.0654686075
2850;15975;11;3000717.0654686075
2851;15980;5;3000717.0654686075
2852;15983;3;3000717.0654686075
2853;15986;3;3000717.0654686075
2854;15987;1;3000717.0654686075
2855;15993;6;3000717.0654686075
2856;15995;2;3000717.0654686075
2857;16003;8;3000717.0654686075
2858;16007;4;3000717.0654686075
2859;16012;5;3000717.0654686075
2860;16019;7;3000717.0654686075
2861;16027;8;3000717.0654686075
2862;16033;6;3000717.0654686075
2863;16034;1;3000717.0654686075
2864;16040;6;3000717.0654686075
2865;16044;4;3000717.0654686075
2866;16048;4;3000717.0654686075
2867;16054;6;3000717.0654686075
2868;16056;2;3000717.0654686075
2869;16060;4;3000717.0654686075
2870;16064;4;3000717.0654686075
2871;16071;7;3000717.0654686075
2872;16077;6;3000717.0654686075
2873;16081;4;3000717.0654686075
2874;16082;1;3000717.0654686075
2875;16085;3;3000717.0654686075
2876;16086;1;3000717.0654686075
2877;16092;6;3000717.0654686075
2878;16097;5;3000717.0654686075
2879;16097;0;3000717.0654686075
2880;16100;3;3000717.0654686075
2881;16104;4;3000717.0654686075
2882;16112;8;3000717.0654686075
2883;16115;3;3000717.0654686075
2884;16116;1;3000717.0654686075
2885;16117;1;3000717.0654686075
2886;16122;5;3000717.0654686075
2887;16128;6;3000717.0654686075
2888;16131;3;3000717.0654686075
2889;16134;3;3000717.0654686075
2890;16137;3;3000717.0654686075
2891;16142;5;3000717.0654686075
2892;16151;9;3000717.0654686075
2893;16151;0;3000717.0654686075
2894;16156;5;3000717.0654686075
2895;16160;4;3000717.0654686075
2896;16164;4;3000717.0654686075
2897;16170;6;3000717.0654686075
2898;16175;5;3000717.0654686075
2899;16179;4;3000717.0654686075
2900;16184;5;3000717.0654686075
2901;16190;6;3000717.0654686075
2902;16192;2;3000717.0654686075
2903;16197;5;3000717.0654686075
2904;16201;4;3000717.0654686075
2905;16204;3;3000717.0654686075
2906;16211;7;3000717.0654686075
2907;16215;4;3000717.0654686075
2908;16219;4;3000717.0654686075
2909;16221;2;3000717.0654686075
2910;16232;11;3000717.0654686075
2911;16239;7;3000717.0654686075
2912;16245;6;3000717.0654686075
2913;16248;3;3000717.0408719415
2914;16254;6;3000717.0408719415
2915;16261;7;3000717.0408719415
2916;16266;5;3000717.0408719415
2917;16273;7;3000717.0408719415
2918;16278;5;3000717.0408719415
2919;16282;4;3000717.0408719415
2920;16284;2;3000717.0408719415
2921;16290;6;3000717.0408719415
2922;16296;6;3000717.0408719415
2923;16298;2;3000717.0408719415
2924;16302;4;3000717.0408719415
2925;16306;4;3000717.0408719415
2926;16307;1;3000717.0408719415
2927;16309;2;3000717.0408719415
2928;16313;4;3000717.0408719415
2929;16316;3;3000717.0408719415
2930;16320;4;3000717.0408719415
2931;16322;2;3000717.0408719415
2932;16327;5;3000717.0408719415
2933;16331;4;3000717.0408719415
2934;16335;4;3000717.0408719415
2935;16338;3;3000717.0408719415
2936;16342;4;3000717.0408719415
2937;16346;4;3000717.0408719415
2938;16353;7;3000717.0408719415
2939;16356;3;3000717.0408719415
2940;16363;7;3000717.0408719415
2941;16364;1;3000717.0408719415
2942;16366;2;3000717.0408719415
2943;16371;5;3000717.0408719415
2944;16374;3;3000717.0408719415
2945;16378;4;3000717.0408719415
2946;16383;5;3000717.0408719415
2947;16387;4;3000717.0408719415
2948;16390;3;3000717.0408719415
2949;16394;4;3000717.0408719415
2950;16398;4;3000717.0408719415
2951;16403;5;3000717.0408719415
2952;16407;4;3000717.0408719415
2953;16410;3;3000717.0408719415
2954;16415;5;3000717.0408719415
2955;16417;2;3000717.0408719415
2956;16419;2;3000717.0408719415
2957;16423;4;3000717.0408719415
2958;16423;0;3000717.0408719415
2959;16430;7;3000717.0408719415
2960;16434;4;3000717.0408719415
2961;16437;3;3000717.0408719415
2962;16437;0;3000717.0408719415
2963;16439;2;3000717.0408719415
2964;16446;7;3000717.0408719415
2965;16451;5;3000717.0408719415
2966;16457;6;3000717.0408719415
2967;16459;2;3000717.0408719415
2968;16461;2;3000717.0408719415
2969;16465;4;3000717.0408719415
2970;16470;5;3000717.0408719415
2971;16475;5;3000717.0408719415
2972;16480;5;3000717.0408719415
2973;16485;5;3000717.0408719415
2974;16494;9;3000717.0408719415
2975;16501;7;3000717.0408719415
2976;16506;5;3000717.0408719415
2977;16510;4;3000717.0408719415
2978;16516;6;3000717.0408719415
2979;16519;3;3000717.0408719415
2980;16526;7;3000717.0408719415
2981;16531;5;3000717.0408719415
2982;16536;5;3000717.0408719415
2983;16541;5;3000717.0408719415
2984;16549;8;3000717.0408719415
2985;16556;7;3000717.0408719415
2986;16558;2;3000717.0408719415
2987;16560;2;3000717.0408719415
2988;16560;0;3000717.0408719415
2989;16565;5;3000717.0408719415
2990;16567;2;3000717.0408719415
2991;16570;3;3000717.0408719415
2992;16573;3;3000717.0408719415
2993;16576;3;3000717.0408719415
2994;16580;4;3000717.0408719415
2995;16584;4;3000717.0408719415
2996;16586;2;3000717.0408719415
2997;16592;6;3000717.0408719415
2998;16594;2;3000717.0408719415
2999;16596;2;3000717.0408719415
