Index;Time point [ms];Iteration length [ms];Cost
0;7;7;4002405.5911424137
1;15;8;4001813.227421678
2;20;5;4001689.7312066862
3;27;7;4001467.1026749862
4;34;7;4001467.1026749862
5;34;0;4001467.1026749862
6;40;6;4001467.1026749862
7;42;2;4001467.1026749862
8;48;6;4001467.1026749862
9;56;8;4001467.1026749862
10;57;1;4001467.1026749862
11;62;5;4001467.1026749862
12;68;6;4001467.1026749862
13;70;2;4001467.1026749862
14;75;5;4001467.1026749862
15;80;5;4001467.1026749862
16;84;4;4001467.1026749862
17;88;4;4001467.1026749862
18;95;7;4001079.1144547397
19;101;6;4001079.1144547397
20;109;8;4001079.1144547397
21;113;4;4001079.1144547397
22;114;1;4001079.1144547397
23;122;8;4001079.1144547397
24;128;6;4001079.1144547397
25;131;3;4001079.1144547397
26;137;6;4001079.1144547397
27;142;5;4001079.1144547397
28;146;4;4001079.1144547397
29;150;4;4001079.1144547397
30;154;4;4001079.1144547397
31;158;4;4001079.1144547397
32;159;1;4001079.1144547397
33;161;2;4001079.1144547397
34;168;7;4001079.1144547397
35;173;5;4001079.1144547397
36;176;3;4001079.1144547397
37;180;4;4001079.1144547397
38;183;3;4001079.1144547397
39;188;5;4001079.1144547397
40;193;5;4001079.1144547397
41;199;6;4001079.1144547397
42;204;5;4001079.1144547397
43;209;5;4001079.1144547397
44;214;5;4001079.1144547397
45;218;4;4001079.1144547397
46;219;1;4001079.1144547397
47;221;2;4001079.1144547397
48;222;1;4001079.1144547397
49;231;9;4001079.1144547397
50;232;1;4001079.1144547397
51;240;8;4001079.1144547397
52;247;7;4001079.1144547397
53;256;9;4001079.1144547397
54;267;11;4001079.1144547397
55;279;12;4001079.1144547397
56;289;10;4001079.1144547397
57;305;16;4001079.1144547397
58;317;12;4001079.1144547397
59;324;7;4000912.8165024044
60;335;11;4000912.8165024044
61;336;1;4000912.8165024044
62;340;4;4000881.0604172433
63;345;5;4000881.0604172433
64;348;3;4000866.085176404
65;352;4;4000824.156098692
66;358;6;4000824.156098692
67;361;3;4000824.156098692
68;362;1;4000824.156098692
69;367;5;4000824.156098692
70;367;0;4000824.156098692
71;371;4;4000824.156098692
72;376;5;4000824.156098692
73;382;6;4000824.156098692
74;382;0;4000824.156098692
75;387;5;4000824.156098692
76;392;5;4000824.156098692
77;398;6;4000824.156098692
78;405;7;4000824.156098692
79;411;6;4000824.156098692
80;417;6;4000824.156098692
81;422;5;4000824.156098692
82;423;1;4000824.156098692
83;428;5;4000824.156098692
84;433;5;4000824.156098692
85;440;7;4000824.156098692
86;445;5;4000824.156098692
87;451;6;4000824.156098692
88;456;5;4000824.156098692
89;457;1;4000824.156098692
90;465;8;4000824.156098692
91;473;8;4000824.156098692
92;477;4;4000824.156098692
93;482;5;4000824.156098692
94;488;6;4000824.156098692
95;494;6;4000824.156098692
96;495;1;4000824.156098692
97;502;7;4000824.156098692
98;508;6;4000824.156098692
99;512;4;4000824.156098692
100;516;4;4000824.156098692
101;522;6;4000824.156098692
102;530;8;4000824.156098692
103;537;7;4000824.156098692
104;542;5;4000824.156098692
105;549;7;4000824.156098692
106;559;10;4000824.156098692
107;560;1;4000824.156098692
108;566;6;4000824.156098692
109;575;9;4000824.156098692
110;580;5;4000824.156098692
111;591;11;4000824.156098692
112;595;4;4000824.156098692
113;598;3;4000824.156098692
114;609;11;4000824.156098692
115;617;8;4000824.156098692
116;626;9;4000824.156098692
117;638;12;4000824.156098692
118;647;9;4000824.156098692
119;651;4;4000824.156098692
120;658;7;4000824.156098692
121;661;3;4000824.156098692
122;666;5;4000824.156098692
123;676;10;4000824.156098692
124;686;10;4000824.156098692
125;693;7;4000824.156098692
126;696;3;4000824.156098692
127;701;5;4000824.156098692
128;708;7;4000824.156098692
129;714;6;4000824.156098692
130;718;4;4000824.156098692
131;725;7;4000824.156098692
132;734;9;4000824.156098692
133;739;5;4000824.156098692
134;744;5;4000824.156098692
135;748;4;4000824.156098692
136;752;4;4000824.156098692
137;759;7;4000824.156098692
138;764;5;4000824.156098692
139;770;6;4000824.156098692
140;774;4;4000824.156098692
141;780;6;4000824.156098692
142;795;15;4000824.156098692
143;811;16;4000824.156098692
144;822;11;4000815.506792912
145;823;1;4000815.506792912
146;835;12;4000815.506792912
147;843;8;4000815.506792912
148;844;1;4000815.506792912
149;856;12;4000815.506792912
150;857;1;4000815.506792912
151;866;9;4000815.506792912
152;875;9;4000815.506792912
153;881;6;4000815.506792912
154;886;5;4000815.506792912
155;906;20;4000815.506792912
156;912;6;4000815.506792912
157;923;11;4000815.506792912
158;934;11;4000815.506792912
159;944;10;4000815.506792912
160;945;1;4000815.506792912
161;950;5;4000815.506792912
162;954;4;4000815.506792912
163;959;5;4000815.506792912
164;965;6;4000815.506792912
165;972;7;4000815.506792912
166;974;2;4000815.506792912
167;975;1;4000815.506792912
168;975;0;4000815.506792912
169;983;8;4000815.506792912
170;984;1;4000815.506792912
171;992;8;4000815.506792912
172;999;7;4000815.506792912
173;1003;4;4000815.506792912
174;1008;5;4000815.506792912
175;1014;6;4000815.506792912
176;1018;4;4000815.506792912
177;1027;9;4000815.506792912
178;1033;6;4000815.506792912
179;1034;1;4000815.506792912
180;1035;1;4000815.506792912
181;1043;8;4000815.506792912
182;1045;2;4000815.506792912
183;1052;7;4000815.506792912
184;1057;5;4000815.506792912
185;1063;6;4000815.506792912
186;1068;5;4000815.506792912
187;1071;3;4000815.506792912
188;1076;5;4000815.506792912
189;1077;1;4000815.506792912
190;1083;6;4000815.506792912
191;1088;5;4000815.506792912
192;1096;8;4000815.506792912
193;1101;5;4000815.506792912
194;1108;7;4000815.506792912
195;1111;3;4000815.506792912
196;1113;2;4000815.506792912
197;1119;6;4000815.506792912
198;1120;1;4000815.506792912
199;1126;6;4000815.506792912
200;1133;7;4000815.506792912
201;1133;0;4000815.506792912
202;1140;7;4000815.506792912
203;1144;4;4000815.506792912
204;1148;4;4000815.506792912
205;1153;5;4000815.506792912
206;1157;4;4000815.506792912
207;1162;5;4000815.506792912
208;1167;5;4000815.506792912
209;1170;3;4000815.506792912
210;1178;8;4000815.506792912
211;1183;5;4000815.506792912
212;1188;5;4000815.506792912
213;1191;3;4000815.506792912
214;1197;6;4000815.506792912
215;1198;1;4000815.506792912
216;1199;1;4000815.506792912
217;1203;4;4000815.506792912
218;1209;6;4000815.506792912
219;1213;4;4000815.506792912
220;1217;4;4000815.506792912
221;1220;3;4000815.506792912
222;1225;5;4000815.506792912
223;1229;4;4000815.506792912
224;1235;6;4000815.506792912
225;1237;2;4000815.506792912
226;1238;1;4000815.506792912
227;1249;11;4000815.506792912
228;1250;1;4000815.506792912
229;1251;1;4000815.506792912
230;1266;15;4000815.506792912
231;1275;9;4000815.506792912
232;1287;12;4000815.506792912
233;1300;13;4000815.506792912
234;1311;11;4000815.506792912
235;1316;5;4000815.506792912
236;1323;7;4000815.506792912
237;1332;9;4000815.506792912
238;1338;6;4000815.506792912
239;1343;5;4000815.506792912
240;1349;6;4000815.506792912
241;1356;7;4000815.506792912
242;1365;9;4000815.506792912
243;1371;6;4000815.506792912
244;1372;1;4000815.506792912
245;1375;3;4000815.506792912
246;1380;5;4000815.506792912
247;1387;7;4000798.4153570365
248;1394;7;4000798.4153570365
249;1399;5;4000798.4153570365
250;1414;15;4000798.4153570365
251;1429;15;4000798.4153570365
252;1440;11;4000798.4153570365
253;1449;9;4000798.4153570365
254;1450;1;4000798.4153570365
255;1461;11;4000798.4153570365
256;1471;10;4000798.4153570365
257;1478;7;4000798.4153570365
258;1482;4;4000798.4153570365
259;1490;8;4000798.4153570365
260;1497;7;4000798.4153570365
261;1509;12;4000798.4153570365
262;1520;11;4000798.4153570365
263;1530;10;4000798.4153570365
264;1539;9;4000798.4153570365
265;1549;10;4000798.4153570365
266;1561;12;4000798.4153570365
267;1570;9;4000798.4153570365
268;1582;12;4000798.4153570365
269;1587;5;4000798.4153570365
270;1596;9;4000798.4153570365
271;1600;4;4000798.4153570365
272;1601;1;4000798.4153570365
273;1606;5;4000798.4153570365
274;1611;5;4000798.4153570365
275;1618;7;4000798.4153570365
276;1624;6;4000798.4153570365
277;1625;1;4000798.4153570365
278;1632;7;4000798.4153570365
279;1633;1;4000798.4153570365
280;1638;5;4000766.464384781
281;1644;6;4000729.630256671
282;1647;3;4000692.7204416515
283;1651;4;4000674.828492827
284;1656;5;4000674.828492827
285;1657;1;4000674.828492827
286;1664;7;4000674.828492827
287;1670;6;4000674.828492827
288;1677;7;4000674.828492827
289;1682;5;4000674.828492827
290;1684;2;4000674.828492827
291;1689;5;4000674.828492827
292;1691;2;4000674.828492827
293;1698;7;4000674.828492827
294;1702;4;4000674.828492827
295;1706;4;4000674.828492827
296;1712;6;4000674.828492827
297;1718;6;4000674.828492827
298;1721;3;4000674.828492827
299;1728;7;4000674.828492827
300;1736;8;4000674.828492827
301;1742;6;4000674.828492827
302;1744;2;4000674.828492827
303;1747;3;4000674.828492827
304;1751;4;4000674.828492827
305;1756;5;4000674.828492827
306;1765;9;4000674.828492827
307;1771;6;4000674.828492827
308;1776;5;4000674.828492827
309;1782;6;4000674.828492827
310;1789;7;4000674.828492827
311;1791;2;4000674.828492827
312;1792;1;4000674.828492827
313;1799;7;4000674.828492827
314;1809;10;4000674.828492827
315;1815;6;4000674.828492827
316;1815;0;4000674.828492827
317;1816;1;4000674.828492827
318;1817;1;4000674.828492827
319;1822;5;4000674.828492827
320;1825;3;4000674.828492827
321;1830;5;4000674.828492827
322;1834;4;4000674.828492827
323;1839;5;4000674.828492827
324;1841;2;4000674.828492827
325;1850;9;4000674.828492827
326;1856;6;4000674.828492827
327;1862;6;4000674.828492827
328;1868;6;4000674.828492827
329;1872;4;4000674.828492827
330;1879;7;4000674.828492827
331;1883;4;4000674.828492827
332;1886;3;4000674.828492827
333;1891;5;4000674.828492827
334;1899;8;4000674.828492827
335;1904;5;4000674.828492827
336;1905;1;4000674.828492827
337;1905;0;4000674.828492827
338;1912;7;4000674.828492827
339;1916;4;4000674.828492827
340;1919;3;4000674.828492827
341;1925;6;4000674.828492827
342;1925;0;4000674.828492827
343;1926;1;4000674.828492827
344;1933;7;4000674.828492827
345;1938;5;4000674.828492827
346;1944;6;4000674.828492827
347;1949;5;4000674.828492827
348;1956;7;4000674.828492827
349;1962;6;4000674.828492827
350;1968;6;4000674.828492827
351;1975;7;4000674.828492827
352;1980;5;4000674.828492827
353;1985;5;4000674.828492827
354;1988;3;4000674.828492827
355;1993;5;4000674.828492827
356;1997;4;4000674.828492827
357;2002;5;4000674.828492827
358;2007;5;4000674.828492827
359;2010;3;4000674.828492827
360;2015;5;4000674.828492827
361;2015;0;4000674.828492827
362;2023;8;4000674.828492827
363;2029;6;4000674.828492827
364;2033;4;4000674.828492827
365;2040;7;4000674.828492827
366;2044;4;4000674.828492827
367;2047;3;4000674.828492827
368;2052;5;4000674.828492827
369;2055;3;4000674.828492827
370;2062;7;4000674.828492827
371;2069;7;4000674.828492827
372;2075;6;4000674.828492827
373;2080;5;4000674.828492827
374;2086;6;4000674.828492827
375;2095;9;4000674.828492827
376;2098;3;4000674.828492827
377;2103;5;4000674.828492827
378;2111;8;4000674.828492827
379;2116;5;4000674.828492827
380;2120;4;4000674.828492827
381;2128;8;4000674.828492827
382;2132;4;4000674.828492827
383;2133;1;4000674.828492827
384;2133;0;4000674.828492827
385;2139;6;4000674.828492827
386;2144;5;4000674.828492827
387;2151;7;4000674.828492827
388;2157;6;4000674.828492827
389;2162;5;4000674.828492827
390;2168;6;4000674.828492827
391;2171;3;4000674.828492827
392;2175;4;4000674.828492827
393;2183;8;4000674.828492827
394;2188;5;4000674.828492827
395;2189;1;4000674.828492827
396;2194;5;4000674.828492827
397;2199;5;4000674.828492827
398;2202;3;4000674.828492827
399;2205;3;4000674.828492827
400;2210;5;4000674.828492827
401;2216;6;4000674.828492827
402;2223;7;4000674.828492827
403;2224;1;4000674.828492827
404;2229;5;4000674.828492827
405;2234;5;4000674.828492827
406;2238;4;4000674.828492827
407;2245;7;4000674.828492827
408;2250;5;4000674.828492827
409;2253;3;4000674.828492827
410;2259;6;4000674.828492827
411;2264;5;4000674.828492827
412;2267;3;4000674.828492827
413;2271;4;4000674.828492827
414;2275;4;4000674.828492827
415;2276;1;4000674.828492827
416;2284;8;4000674.828492827
417;2292;8;4000674.828492827
418;2302;10;4000674.828492827
419;2306;4;4000674.828492827
420;2312;6;4000674.828492827
421;2318;6;4000674.828492827
422;2324;6;4000674.828492827
423;2335;11;4000674.828492827
424;2343;8;4000674.828492827
425;2346;3;4000674.828492827
426;2347;1;4000674.828492827
427;2351;4;4000674.828492827
428;2357;6;4000674.828492827
429;2363;6;4000674.828492827
430;2366;3;4000674.828492827
431;2370;4;4000674.828492827
432;2374;4;4000674.828492827
433;2379;5;4000674.828492827
434;2384;5;4000674.828492827
435;2392;8;4000674.828492827
436;2398;6;4000674.828492827
437;2412;14;4000674.828492827
438;2421;9;4000674.828492827
439;2431;10;4000674.828492827
440;2442;11;4000674.828492827
441;2448;6;4000674.828492827
442;2454;6;4000674.828492827
443;2455;1;4000674.828492827
444;2466;11;4000674.828492827
445;2475;9;4000674.828492827
446;2481;6;4000674.828492827
447;2492;11;4000674.828492827
448;2509;17;4000674.828492827
449;2522;13;4000674.828492827
450;2529;7;4000674.828492827
451;2536;7;4000674.828492827
452;2541;5;4000674.828492827
453;2545;4;4000674.828492827
454;2557;12;4000674.828492827
455;2563;6;4000674.828492827
456;2570;7;4000674.828492827
457;2576;6;4000674.828492827
458;2582;6;4000674.828492827
459;2587;5;4000674.828492827
460;2592;5;4000674.828492827
461;2594;2;4000674.828492827
462;2599;5;4000674.828492827
463;2606;7;4000674.828492827
464;2608;2;4000674.828492827
465;2614;6;4000674.828492827
466;2619;5;4000674.828492827
467;2624;5;4000674.828492827
468;2627;3;4000674.828492827
469;2633;6;4000674.828492827
470;2638;5;4000674.828492827
471;2643;5;4000674.828492827
472;2647;4;4000674.828492827
473;2652;5;4000674.828492827
474;2656;4;4000674.828492827
475;2659;3;4000674.828492827
476;2663;4;4000674.828492827
477;2664;1;4000674.828492827
478;2672;8;4000674.828492827
479;2677;5;4000674.828492827
480;2683;6;4000674.828492827
481;2689;6;4000674.828492827
482;2694;5;4000674.828492827
483;2702;8;4000674.828492827
484;2709;7;4000674.828492827
485;2719;10;4000674.828492827
486;2726;7;4000674.828492827
487;2731;5;4000674.828492827
488;2731;0;4000674.828492827
489;2735;4;4000674.828492827
490;2741;6;4000674.828492827
491;2745;4;4000674.828492827
492;2752;7;4000674.828492827
493;2758;6;4000674.828492827
494;2767;9;4000674.828492827
495;2774;7;4000674.828492827
496;2780;6;4000674.828492827
497;2785;5;4000674.828492827
498;2792;7;4000674.828492827
499;2797;5;4000674.828492827
500;2803;6;4000674.828492827
501;2809;6;4000674.828492827
502;2819;10;4000674.828492827
503;2823;4;4000674.828492827
504;2827;4;4000674.828492827
505;2833;6;4000674.828492827
506;2836;3;4000674.828492827
507;2841;5;4000674.828492827
508;2850;9;4000674.828492827
509;2853;3;4000674.828492827
510;2860;7;4000674.828492827
511;2871;11;4000674.828492827
512;2878;7;4000674.828492827
513;2880;2;4000674.828492827
514;2881;1;4000674.828492827
515;2897;16;4000674.828492827
516;2903;6;4000674.828492827
517;2920;17;4000674.828492827
518;2926;6;4000674.828492827
519;2944;18;4000674.828492827
520;2947;3;4000674.828492827
521;2955;8;4000674.828492827
522;2960;5;4000674.828492827
523;2966;6;4000674.828492827
524;2968;2;4000674.828492827
525;2971;3;4000674.828492827
526;2973;2;4000674.828492827
527;2979;6;4000674.828492827
528;2982;3;4000674.828492827
529;2987;5;4000674.828492827
530;2991;4;4000674.828492827
531;2995;4;4000674.828492827
532;3002;7;4000674.828492827
533;3009;7;4000674.828492827
534;3017;8;4000674.828492827
535;3018;1;4000674.828492827
536;3023;5;4000674.828492827
537;3028;5;4000674.828492827
538;3029;1;4000674.828492827
539;3034;5;4000674.828492827
540;3038;4;4000674.828492827
541;3045;7;4000674.828492827
542;3048;3;4000674.828492827
543;3052;4;4000674.828492827
544;3057;5;4000674.828492827
545;3059;2;4000674.828492827
546;3063;4;4000674.828492827
547;3068;5;4000674.828492827
548;3073;5;4000674.828492827
549;3077;4;4000674.828492827
550;3079;2;4000674.828492827
551;3084;5;4000674.828492827
552;3090;6;4000674.828492827
553;3096;6;4000674.828492827
554;3096;0;4000674.828492827
555;3098;2;4000674.828492827
556;3104;6;4000674.828492827
557;3107;3;4000674.828492827
558;3112;5;4000674.828492827
559;3115;3;4000674.828492827
560;3117;2;4000674.828492827
561;3124;7;4000674.828492827
562;3129;5;4000674.828492827
563;3138;9;4000674.828492827
564;3143;5;4000674.828492827
565;3148;5;4000674.828492827
566;3153;5;4000674.828492827
567;3157;4;4000674.828492827
568;3158;1;4000674.828492827
569;3160;2;4000674.828492827
570;3164;4;4000674.828492827
571;3170;6;4000674.828492827
572;3174;4;4000674.828492827
573;3176;2;4000674.828492827
574;3181;5;4000674.828492827
575;3183;2;4000674.828492827
576;3189;6;4000674.828492827
577;3193;4;4000674.828492827
578;3195;2;4000674.828492827
579;3199;4;4000674.828492827
580;3199;0;4000674.828492827
581;3203;4;4000674.828492827
582;3209;6;4000674.828492827
583;3215;6;4000674.828492827
584;3219;4;4000674.828492827
585;3223;4;4000674.828492827
586;3227;4;4000674.828492827
587;3234;7;4000674.828492827
588;3241;7;4000674.828492827
589;3250;9;4000674.828492827
590;3259;9;4000674.828492827
591;3267;8;4000674.828492827
592;3273;6;4000674.828492827
593;3280;7;4000674.828492827
594;3284;4;4000674.828492827
595;3294;10;4000674.828492827
596;3324;30;4000674.828492827
597;3325;1;4000674.828492827
598;3336;11;4000674.828492827
599;3339;3;4000674.828492827
600;3349;10;4000674.828492827
601;3379;30;4000674.828492827
602;3393;14;4000674.828492827
603;3409;16;4000674.828492827
604;3419;10;4000674.828492827
605;3425;6;4000674.828492827
606;3436;11;4000674.828492827
607;3441;5;4000674.828492827
608;3445;4;4000674.828492827
609;3451;6;4000674.828492827
610;3459;8;4000674.828492827
611;3464;5;4000674.828492827
612;3474;10;4000674.828492827
613;3476;2;4000674.828492827
614;3483;7;4000674.828492827
615;3487;4;4000674.828492827
616;3490;3;4000674.828492827
617;3496;6;4000674.828492827
618;3499;3;4000674.828492827
619;3507;8;4000674.828492827
620;3511;4;4000674.828492827
621;3520;9;4000674.828492827
622;3528;8;4000674.828492827
623;3532;4;4000674.828492827
624;3532;0;4000674.828492827
625;3537;5;4000674.828492827
626;3540;3;4000674.828492827
627;3544;4;4000674.828492827
628;3546;2;4000674.828492827
629;3548;2;4000674.828492827
630;3552;4;4000674.828492827
631;3558;6;4000674.828492827
632;3558;0;4000674.828492827
633;3562;4;4000674.828492827
634;3566;4;4000674.828492827
635;3569;3;4000674.828492827
636;3577;8;4000674.828492827
637;3580;3;4000674.828492827
638;3587;7;4000674.828492827
639;3590;3;4000674.828492827
640;3596;6;4000674.828492827
641;3602;6;4000674.828492827
642;3608;6;4000674.828492827
643;3612;4;4000674.828492827
644;3615;3;4000674.828492827
645;3616;1;4000674.828492827
646;3620;4;4000674.828492827
647;3625;5;4000674.828492827
648;3626;1;4000674.828492827
649;3631;5;4000674.828492827
650;3635;4;4000674.828492827
651;3643;8;4000674.828492827
652;3648;5;4000674.828492827
653;3654;6;4000674.828492827
654;3661;7;4000674.828492827
655;3662;1;4000674.828492827
656;3665;3;4000674.828492827
657;3670;5;4000674.828492827
658;3674;4;4000674.828492827
659;3675;1;4000674.828492827
660;3681;6;4000674.828492827
661;3685;4;4000674.828492827
662;3689;4;4000674.828492827
663;3692;3;4000674.828492827
664;3693;1;4000674.828492827
665;3698;5;4000674.828492827
666;3698;0;4000674.828492827
667;3702;4;4000674.828492827
668;3706;4;4000674.828492827
669;3710;4;4000674.828492827
670;3715;5;4000674.828492827
671;3721;6;4000674.828492827
672;3724;3;4000674.828492827
673;3728;4;4000674.828492827
674;3729;1;4000674.828492827
675;3729;0;4000674.828492827
676;3736;7;4000674.828492827
677;3740;4;4000674.828492827
678;3745;5;4000674.828492827
679;3746;1;4000674.828492827
680;3750;4;4000674.828492827
681;3755;5;4000674.828492827
682;3761;6;4000674.828492827
683;3764;3;4000674.828492827
684;3765;1;4000674.828492827
685;3765;0;4000674.828492827
686;3767;2;4000674.828492827
687;3771;4;4000674.828492827
688;3783;12;4000674.828492827
689;3788;5;4000674.828492827
690;3799;11;4000674.828492827
691;3802;3;4000674.828492827
692;3810;8;4000674.828492827
693;3814;4;4000674.828492827
694;3816;2;4000674.828492827
695;3825;9;4000674.828492827
696;3835;10;4000674.828492827
697;3843;8;4000674.828492827
698;3852;9;4000674.828492827
699;3853;1;4000674.828492827
700;3862;9;4000674.828492827
701;3864;2;4000674.828492827
702;3870;6;4000674.828492827
703;3874;4;4000674.828492827
704;3880;6;4000674.828492827
705;3884;4;4000674.828492827
706;3890;6;4000674.828492827
707;3896;6;4000674.828492827
708;3904;8;4000674.828492827
709;3912;8;4000674.828492827
710;3917;5;4000674.828492827
711;3923;6;4000674.828492827
712;3929;6;4000674.828492827
713;3933;4;4000674.828492827
714;3938;5;4000674.828492827
715;3945;7;4000674.828492827
716;3951;6;4000674.828492827
717;3954;3;4000674.828492827
718;3960;6;4000674.828492827
719;3964;4;4000674.828492827
720;3969;5;4000674.828492827
721;3974;5;4000674.828492827
722;3975;1;4000674.828492827
723;3980;5;4000674.828492827
724;3980;0;4000674.828492827
725;3985;5;4000674.828492827
726;3991;6;4000674.828492827
727;3997;6;4000674.828492827
728;4003;6;4000674.828492827
729;4008;5;4000674.828492827
730;4008;0;4000674.828492827
731;4014;6;4000674.828492827
732;4018;4;4000674.828492827
733;4020;2;4000674.828492827
734;4025;5;4000674.828492827
735;4028;3;4000674.828492827
736;4031;3;4000674.828492827
737;4037;6;4000674.828492827
738;4042;5;3000803.1618515993
739;4043;1;3000801.8519933047
740;4044;1;3000801.8519933047
741;4047;3;3000801.8519933047
742;4054;7;3000801.8519933047
743;4060;6;3000801.8519933047
744;4067;7;3000801.8519933047
745;4071;4;3000778.4010820054
746;4078;7;3000778.4010820054
747;4079;1;3000778.4010820054
748;4084;5;3000778.4010820054
749;4095;11;3000778.4010820054
750;4098;3;3000754.883045237
751;4102;4;3000754.883045237
752;4107;5;3000754.883045237
753;4108;1;3000754.883045237
754;4109;1;3000754.883045237
755;4109;0;3000754.883045237
756;4121;12;3000754.883045237
757;4131;10;3000754.883045237
758;4137;6;3000754.883045237
759;4142;5;3000754.883045237
760;4146;4;3000754.883045237
761;4146;0;3000754.883045237
762;4152;6;3000754.883045237
763;4154;2;3000754.883045237
764;4162;8;3000754.883045237
765;4170;8;3000754.883045237
766;4174;4;3000754.883045237
767;4177;3;3000754.883045237
768;4184;7;3000754.883045237
769;4188;4;3000754.883045237
770;4192;4;3000754.883045237
771;4198;6;3000754.883045237
772;4199;1;3000754.883045237
773;4206;7;3000754.883045237
774;4208;2;3000754.883045237
775;4211;3;3000754.883045237
776;4217;6;3000754.883045237
777;4225;8;3000754.883045237
778;4230;5;3000754.883045237
779;4237;7;3000754.883045237
780;4240;3;3000754.883045237
781;4245;5;3000754.883045237
782;4249;4;3000754.883045237
783;4252;3;3000754.883045237
784;4260;8;3000754.883045237
785;4262;2;3000754.883045237
786;4267;5;3000754.883045237
787;4272;5;3000754.883045237
788;4279;7;3000754.883045237
789;4287;8;3000754.883045237
790;4290;3;3000754.883045237
791;4296;6;3000754.883045237
792;4298;2;3000754.883045237
793;4306;8;3000754.883045237
794;4310;4;3000754.883045237
795;4314;4;3000754.883045237
796;4317;3;3000754.883045237
797;4323;6;3000754.883045237
798;4328;5;3000754.883045237
799;4333;5;3000754.883045237
800;4337;4;3000754.883045237
801;4343;6;3000754.883045237
802;4348;5;3000754.883045237
803;4350;2;3000754.883045237
804;4351;1;3000754.883045237
805;4352;1;3000754.883045237
806;4357;5;3000754.883045237
807;4362;5;3000754.883045237
808;4369;7;3000754.883045237
809;4370;1;3000754.883045237
810;4371;1;3000754.883045237
811;4377;6;3000754.883045237
812;4380;3;3000754.883045237
813;4384;4;3000754.883045237
814;4388;4;3000754.883045237
815;4392;4;3000754.883045237
816;4397;5;3000754.883045237
817;4397;0;3000754.883045237
818;4398;1;3000754.883045237
819;4402;4;3000754.883045237
820;4404;2;3000754.883045237
821;4412;8;3000754.883045237
822;4416;4;3000754.883045237
823;4420;4;3000754.883045237
824;4424;4;3000754.883045237
825;4430;6;3000754.883045237
826;4436;6;3000754.883045237
827;4440;4;3000754.883045237
828;4445;5;3000754.883045237
829;4449;4;3000721.32953964
830;4455;6;3000721.32953964
831;4461;6;3000721.32953964
832;4469;8;3000721.32953964
833;4472;3;3000721.32953964
834;4473;1;3000721.32953964
835;4477;4;3000721.32953964
836;4480;3;3000721.32953964
837;4487;7;3000721.32953964
838;4497;10;3000721.32953964
839;4501;4;3000721.32953964
840;4507;6;3000721.32953964
841;4514;7;3000721.32953964
842;4520;6;3000721.32953964
843;4525;5;3000721.32953964
844;4527;2;3000721.32953964
845;4531;4;3000721.32953964
846;4534;3;3000721.32953964
847;4535;1;3000721.32953964
848;4540;5;3000721.32953964
849;4543;3;3000721.32953964
850;4549;6;3000721.32953964
851;4549;0;3000721.32953964
852;4554;5;3000721.32953964
853;4555;1;3000721.32953964
854;4561;6;3000721.32953964
855;4562;1;3000721.32953964
856;4569;7;3000721.32953964
857;4572;3;3000721.32953964
858;4576;4;3000721.32953964
859;4579;3;3000721.32953964
860;4580;1;3000721.32953964
861;4583;3;3000721.32953964
862;4586;3;3000721.32953964
863;4592;6;3000721.32953964
864;4598;6;3000721.32953964
865;4599;1;3000721.32953964
866;4601;2;3000721.32953964
867;4601;0;3000721.32953964
868;4606;5;3000721.32953964
869;4615;9;3000721.32953964
870;4616;1;3000721.32953964
871;4623;7;3000721.32953964
872;4627;4;3000721.32953964
873;4628;1;3000721.32953964
874;4634;6;3000721.32953964
875;4642;8;3000716.5902830865
876;4649;7;3000714.467927027
877;4655;6;3000714.467927027
878;4659;4;3000714.467927027
879;4664;5;3000714.467927027
880;4664;0;3000714.467927027
881;4668;4;3000714.467927027
882;4669;1;3000714.467927027
883;4669;0;3000714.467927027
884;4674;5;3000714.467927027
885;4680;6;3000714.467927027
886;4683;3;3000714.467927027
887;4688;5;3000714.467927027
888;4694;6;3000714.467927027
889;4701;7;3000714.467927027
890;4706;5;3000714.467927027
891;4709;3;3000714.467927027
892;4710;1;3000714.467927027
893;4711;1;3000714.467927027
894;4715;4;3000714.467927027
895;4722;7;3000714.467927027
896;4730;8;3000714.467927027
897;4735;5;3000714.467927027
898;4737;2;3000714.467927027
899;4742;5;3000714.467927027
900;4748;6;3000714.467927027
901;4751;3;3000714.467927027
902;4757;6;3000714.467927027
903;4759;2;3000714.467927027
904;4766;7;3000714.467927027
905;4773;7;3000714.467927027
906;4777;4;3000714.467927027
907;4785;8;3000714.467927027
908;4786;1;3000714.467927027
909;4790;4;3000714.467927027
910;4794;4;3000714.467927027
911;4801;7;3000714.467927027
912;4806;5;3000714.467927027
913;4807;1;3000714.467927027
914;4810;3;3000714.467927027
915;4817;7;3000714.467927027
916;4824;7;3000714.467927027
917;4830;6;3000714.467927027
918;4839;9;3000714.467927027
919;4842;3;3000714.467927027
920;4846;4;3000714.467927027
921;4853;7;3000714.467927027
922;4854;1;3000714.467927027
923;4857;3;3000714.467927027
924;4863;6;3000714.467927027
925;4870;7;3000714.467927027
926;4870;0;3000714.467927027
927;4877;7;3000714.467927027
928;4877;0;3000714.467927027
929;4883;6;3000714.467927027
930;4892;9;3000714.467927027
931;4895;3;3000714.467927027
932;4902;7;3000714.467927027
933;4908;6;3000714.467927027
934;4915;7;3000714.467927027
935;4921;6;3000714.467927027
936;4922;1;3000714.467927027
937;4928;6;3000714.467927027
938;4934;6;3000714.467927027
939;4934;0;3000714.467927027
940;4939;5;3000714.467927027
941;4940;1;3000714.467927027
942;4946;6;3000714.467927027
943;4950;4;3000714.467927027
944;4954;4;3000714.467927027
945;4959;5;3000714.467927027
946;4965;6;3000714.467927027
947;4968;3;3000714.467927027
948;4969;1;3000714.467927027
949;4976;7;3000714.467927027
950;4980;4;3000714.467927027
951;4985;5;3000714.467927027
952;4986;1;3000714.467927027
953;4990;4;3000714.467927027
954;4999;9;3000714.467927027
955;5004;5;3000714.467927027
956;5005;1;3000714.467927027
957;5010;5;3000714.467927027
958;5011;1;3000714.467927027
959;5017;6;3000714.467927027
960;5019;2;3000714.467927027
961;5020;1;3000714.467927027
962;5023;3;3000714.467927027
963;5029;6;3000714.467927027
964;5033;4;3000714.467927027
965;5039;6;3000714.467927027
966;5044;5;3000714.467927027
967;5049;5;3000714.467927027
968;5055;6;3000714.467927027
969;5061;6;3000714.467927027
970;5067;6;3000714.467927027
971;5073;6;3000714.467927027
972;5080;7;3000714.467927027
973;5083;3;3000714.467927027
974;5092;9;3000714.467927027
975;5099;7;3000714.467927027
976;5101;2;3000714.467927027
977;5108;7;3000714.467927027
978;5112;4;3000714.467927027
979;5117;5;3000714.467927027
980;5121;4;3000714.467927027
981;5124;3;3000714.467927027
982;5129;5;3000714.467927027
983;5134;5;3000714.467927027
984;5135;1;3000714.467927027
985;5137;2;3000714.467927027
986;5144;7;3000714.467927027
987;5152;8;3000714.467927027
988;5153;1;3000714.467927027
989;5159;6;3000714.467927027
990;5163;4;3000714.467927027
991;5168;5;3000714.467927027
992;5173;5;3000714.467927027
993;5180;7;3000714.467927027
994;5184;4;3000714.467927027
995;5191;7;3000714.467927027
996;5197;6;3000714.467927027
997;5207;10;3000714.467927027
998;5215;8;3000714.467927027
999;5223;8;3000714.467927027
1000;5227;4;3000714.467927027
1001;5232;5;3000714.467927027
1002;5238;6;3000714.467927027
1003;5244;6;3000714.467927027
1004;5244;0;3000714.467927027
1005;5247;3;3000714.467927027
1006;5254;7;3000714.467927027
1007;5258;4;3000714.467927027
1008;5266;8;3000714.467927027
1009;5271;5;3000714.467927027
1010;5271;0;3000714.467927027
1011;5276;5;3000714.467927027
1012;5282;6;3000714.467927027
1013;5288;6;3000714.467927027
1014;5293;5;3000714.467927027
1015;5300;7;3000714.467927027
1016;5310;10;3000714.467927027
1017;5312;2;3000714.467927027
1018;5317;5;3000714.467927027
1019;5330;13;3000714.467927027
1020;5333;3;3000714.467927027
1021;5339;6;3000714.467927027
1022;5341;2;3000714.467927027
1023;5343;2;3000714.467927027
1024;5352;9;3000714.467927027
1025;5359;7;3000714.467927027
1026;5360;1;3000714.467927027
1027;5370;10;3000714.467927027
1028;5376;6;3000714.467927027
1029;5388;12;3000714.467927027
1030;5391;3;3000714.467927027
1031;5403;12;3000714.467927027
1032;5404;1;3000714.467927027
1033;5413;9;3000714.467927027
1034;5419;6;3000714.467927027
1035;5425;6;3000714.467927027
1036;5430;5;3000714.467927027
1037;5436;6;3000714.467927027
1038;5437;1;3000714.467927027
1039;5440;3;3000714.467927027
1040;5444;4;3000714.467927027
1041;5448;4;3000714.467927027
1042;5453;5;3000714.467927027
1043;5462;9;3000714.467927027
1044;5470;8;3000714.467927027
1045;5475;5;3000714.467927027
1046;5481;6;3000714.467927027
1047;5481;0;3000714.467927027
1048;5486;5;3000714.467927027
1049;5490;4;3000714.467927027
1050;5491;1;3000714.467927027
1051;5492;1;3000714.467927027
1052;5497;5;3000714.467927027
1053;5504;7;3000714.467927027
1054;5509;5;3000714.467927027
1055;5515;6;3000714.467927027
1056;5520;5;3000714.467927027
1057;5525;5;3000714.467927027
1058;5528;3;3000714.467927027
1059;5533;5;3000714.467927027
1060;5538;5;3000714.467927027
1061;5541;3;3000714.467927027
1062;5547;6;3000714.467927027
1063;5554;7;3000714.467927027
1064;5558;4;3000714.467927027
1065;5563;5;3000714.467927027
1066;5567;4;3000714.467927027
1067;5570;3;3000714.467927027
1068;5574;4;3000714.467927027
1069;5576;2;3000714.467927027
1070;5581;5;3000714.467927027
1071;5585;4;3000714.467927027
1072;5591;6;3000714.467927027
1073;5594;3;3000714.467927027
1074;5594;0;3000714.467927027
1075;5601;7;3000714.467927027
1076;5608;7;3000714.467927027
1077;5612;4;3000714.467927027
1078;5616;4;3000714.467927027
1079;5625;9;3000714.467927027
1080;5631;6;3000714.467927027
1081;5637;6;3000714.467927027
1082;5643;6;3000714.467927027
1083;5650;7;3000714.467927027
1084;5651;1;3000714.467927027
1085;5654;3;3000714.467927027
1086;5655;1;3000714.467927027
1087;5659;4;3000714.467927027
1088;5662;3;3000714.467927027
1089;5662;0;3000714.467927027
1090;5668;6;3000714.467927027
1091;5673;5;3000714.467927027
1092;5677;4;3000714.467927027
1093;5685;8;3000714.467927027
1094;5688;3;3000714.467927027
1095;5692;4;3000714.467927027
1096;5698;6;3000714.467927027
1097;5702;4;3000714.467927027
1098;5706;4;3000714.467927027
1099;5713;7;3000714.467927027
1100;5720;7;3000714.467927027
1101;5729;9;3000714.467927027
1102;5735;6;3000714.467927027
1103;5745;10;3000714.467927027
1104;5749;4;3000714.467927027
1105;5755;6;3000714.467927027
1106;5764;9;3000714.467927027
1107;5770;6;3000714.467927027
1108;5777;7;3000714.467927027
1109;5781;4;3000714.467927027
1110;5782;1;3000714.467927027
1111;5801;19;3000714.467927027
1112;5811;10;3000714.467927027
1113;5825;14;3000714.467927027
1114;5828;3;3000714.467927027
1115;5834;6;3000714.467927027
1116;5837;3;3000714.467927027
1117;5842;5;3000714.467927027
1118;5846;4;3000714.467927027
1119;5855;9;3000714.467927027
1120;5862;7;3000714.467927027
1121;5869;7;3000714.467927027
1122;5870;1;3000714.467927027
1123;5879;9;3000714.467927027
1124;5886;7;3000714.467927027
1125;5886;0;3000714.467927027
1126;5892;6;3000714.467927027
1127;5896;4;3000714.467927027
1128;5901;5;3000714.467927027
1129;5907;6;3000714.467927027
1130;5913;6;3000714.467927027
1131;5919;6;3000714.467927027
1132;5923;4;3000714.467927027
1133;5926;3;3000714.467927027
1134;5931;5;3000714.467927027
1135;5936;5;3000714.467927027
1136;5937;1;3000714.467927027
1137;5942;5;3000714.467927027
1138;5944;2;3000714.467927027
1139;5948;4;3000714.467927027
1140;5949;1;3000714.467927027
1141;5956;7;3000714.467927027
1142;5961;5;3000714.467927027
1143;5966;5;3000714.467927027
1144;5973;7;3000714.467927027
1145;5976;3;3000714.467927027
1146;5983;7;3000714.467927027
1147;5984;1;3000714.467927027
1148;5988;4;3000714.467927027
1149;5993;5;3000714.467927027
1150;5994;1;3000714.467927027
1151;5995;1;3000714.467927027
1152;6001;6;3000714.467927027
1153;6005;4;3000714.467927027
1154;6008;3;3000714.467927027
1155;6015;7;3000714.467927027
1156;6019;4;3000714.467927027
1157;6024;5;3000714.467927027
1158;6030;6;3000714.467927027
1159;6034;4;3000714.467927027
1160;6041;7;3000714.467927027
1161;6049;8;3000714.467927027
1162;6054;5;3000714.467927027
1163;6062;8;3000714.467927027
1164;6072;10;3000714.467927027
1165;6081;9;3000714.467927027
1166;6091;10;3000714.467927027
1167;6100;9;3000714.467927027
1168;6110;10;3000714.467927027
1169;6110;0;3000714.467927027
1170;6117;7;3000714.467927027
1171;6121;4;3000714.467927027
1172;6128;7;3000714.467927027
1173;6131;3;3000714.467927027
1174;6136;5;3000714.467927027
1175;6143;7;3000714.467927027
1176;6151;8;3000714.467927027
1177;6164;13;3000714.467927027
1178;6172;8;3000714.467927027
1179;6185;13;3000714.467927027
1180;6187;2;3000714.467927027
1181;6192;5;3000714.467927027
1182;6195;3;3000714.467927027
1183;6205;10;3000714.467927027
1184;6209;4;3000714.467927027
1185;6213;4;3000714.467927027
1186;6226;13;3000714.467927027
1187;6235;9;3000714.467927027
1188;6241;6;3000714.467927027
1189;6246;5;3000714.467927027
1190;6250;4;3000714.467927027
1191;6251;1;3000714.467927027
1192;6255;4;3000714.467927027
1193;6260;5;3000714.467927027
1194;6268;8;3000714.467927027
1195;6271;3;3000714.467927027
1196;6275;4;3000714.467927027
1197;6278;3;3000714.467927027
1198;6284;6;3000714.467927027
1199;6294;10;3000714.467927027
1200;6298;4;3000714.467927027
1201;6303;5;3000714.467927027
1202;6310;7;3000714.467927027
1203;6311;1;3000714.467927027
1204;6317;6;3000714.467927027
1205;6324;7;3000714.467927027
1206;6329;5;3000714.467927027
1207;6334;5;3000714.467927027
1208;6337;3;3000714.467927027
1209;6343;6;3000714.467927027
1210;6345;2;3000714.467927027
1211;6349;4;3000714.467927027
1212;6355;6;3000714.467927027
1213;6359;4;3000714.467927027
1214;6363;4;3000714.467927027
1215;6365;2;3000714.467927027
1216;6371;6;3000714.467927027
1217;6375;4;3000714.467927027
1218;6376;1;3000714.467927027
1219;6380;4;3000714.467927027
1220;6384;4;3000714.467927027
1221;6390;6;3000714.467927027
1222;6394;4;3000714.467927027
1223;6399;5;3000714.467927027
1224;6403;4;3000714.467927027
1225;6404;1;3000714.467927027
1226;6409;5;3000714.467927027
1227;6415;6;3000714.467927027
1228;6421;6;3000714.467927027
1229;6424;3;3000714.467927027
1230;6425;1;3000714.467927027
1231;6429;4;3000714.467927027
1232;6432;3;3000714.467927027
1233;6439;7;3000714.467927027
1234;6444;5;3000714.467927027
1235;6450;6;3000714.467927027
1236;6455;5;3000714.467927027
1237;6459;4;3000714.467927027
1238;6467;8;3000714.467927027
1239;6475;8;3000714.467927027
1240;6479;4;3000714.467927027
1241;6483;4;3000714.467927027
1242;6488;5;3000714.467927027
1243;6496;8;3000714.467927027
1244;6500;4;3000714.467927027
1245;6504;4;3000714.467927027
1246;6510;6;3000714.467927027
1247;6513;3;3000714.467927027
1248;6517;4;3000714.467927027
1249;6524;7;3000714.467927027
1250;6533;9;3000714.467927027
1251;6541;8;3000714.467927027
1252;6548;7;3000714.467927027
1253;6557;9;3000714.467927027
1254;6563;6;3000714.467927027
1255;6571;8;3000714.467927027
1256;6576;5;3000714.467927027
1257;6587;11;3000714.467927027
1258;6594;7;3000714.467927027
1259;6595;1;3000714.467927027
1260;6602;7;3000714.467927027
1261;6603;1;3000714.467927027
1262;6616;13;3000714.467927027
1263;6618;2;3000714.467927027
1264;6628;10;3000714.467927027
1265;6635;7;3000714.467927027
1266;6642;7;3000714.467927027
1267;6643;1;3000714.467927027
1268;6648;5;3000714.467927027
1269;6654;6;3000714.467927027
1270;6660;6;3000714.467927027
1271;6667;7;3000714.467927027
1272;6675;8;3000714.467927027
1273;6681;6;3000714.467927027
1274;6686;5;3000714.467927027
1275;6687;1;3000714.467927027
1276;6691;4;3000714.467927027
1277;6700;9;3000714.467927027
1278;6703;3;3000714.467927027
1279;6704;1;3000714.467927027
1280;6715;11;3000714.467927027
1281;6719;4;3000714.467927027
1282;6724;5;3000714.467927027
1283;6725;1;3000714.467927027
1284;6729;4;3000714.467927027
1285;6732;3;3000714.467927027
1286;6734;2;3000714.467927027
1287;6740;6;3000714.467927027
1288;6746;6;3000714.467927027
1289;6751;5;3000714.467927027
1290;6756;5;3000714.467927027
1291;6764;8;3000714.467927027
1292;6772;8;3000714.467927027
1293;6777;5;3000714.467927027
1294;6781;4;3000714.467927027
1295;6787;6;3000714.467927027
1296;6793;6;3000714.467927027
1297;6797;4;3000714.467927027
1298;6801;4;3000714.467927027
1299;6808;7;3000714.467927027
1300;6814;6;3000714.467927027
1301;6819;5;3000714.467927027
1302;6823;4;3000714.467927027
1303;6827;4;3000714.467927027
1304;6833;6;3000714.467927027
1305;6837;4;3000714.467927027
1306;6841;4;3000714.467927027
1307;6846;5;3000714.467927027
1308;6850;4;3000714.467927027
1309;6855;5;3000714.467927027
1310;6862;7;3000714.467927027
1311;6865;3;3000714.467927027
1312;6872;7;3000714.467927027
1313;6877;5;3000714.467927027
1314;6882;5;3000714.467927027
1315;6883;1;3000714.467927027
1316;6887;4;3000714.467927027
1317;6892;5;3000714.467927027
1318;6896;4;3000714.467927027
1319;6899;3;3000714.467927027
1320;6903;4;3000714.467927027
1321;6906;3;3000714.467927027
1322;6913;7;3000714.467927027
1323;6917;4;3000714.467927027
1324;6924;7;3000714.467927027
1325;6928;4;3000714.467927027
1326;6931;3;3000714.467927027
1327;6939;8;3000714.467927027
1328;6943;4;3000714.467927027
1329;6947;4;3000714.467927027
1330;6952;5;3000714.467927027
1331;6957;5;3000714.467927027
1332;6962;5;3000714.467927027
1333;6970;8;3000714.467927027
1334;6970;0;3000714.467927027
1335;6977;7;3000714.467927027
1336;6981;4;3000714.467927027
1337;6981;0;3000714.467927027
1338;6987;6;3000714.467927027
1339;6991;4;3000714.467927027
1340;6997;6;3000714.467927027
1341;7010;13;3000714.467927027
1342;7015;5;3000714.467927027
1343;7021;6;3000714.467927027
1344;7029;8;3000714.467927027
1345;7042;13;3000714.467927027
1346;7047;5;3000714.467927027
1347;7062;15;3000714.467927027
1348;7069;7;3000714.467927027
1349;7076;7;3000714.467927027
1350;7085;9;3000714.467927027
1351;7090;5;3000714.467927027
1352;7097;7;3000714.467927027
1353;7104;7;3000714.467927027
1354;7111;7;3000714.467927027
1355;7117;6;3000714.467927027
1356;7126;9;3000714.467927027
1357;7127;1;3000714.467927027
1358;7139;12;3000714.467927027
1359;7145;6;3000714.467927027
1360;7152;7;3000714.467927027
1361;7160;8;3000714.467927027
1362;7167;7;3000714.467927027
1363;7177;10;3000714.467927027
1364;7182;5;3000714.467927027
1365;7185;3;3000714.467927027
1366;7190;5;3000714.467927027
1367;7201;11;3000714.467927027
1368;7205;4;3000714.467927027
1369;7211;6;3000714.467927027
1370;7220;9;3000714.467927027
1371;7225;5;3000714.467927027
1372;7233;8;3000714.467927027
1373;7238;5;3000714.467927027
1374;7239;1;3000714.467927027
1375;7245;6;3000714.467927027
1376;7247;2;3000714.467927027
1377;7248;1;3000714.467927027
1378;7252;4;3000714.467927027
1379;7257;5;3000714.467927027
1380;7264;7;3000714.467927027
1381;7273;9;3000714.467927027
1382;7276;3;3000714.467927027
1383;7282;6;3000714.467927027
1384;7290;8;3000714.467927027
1385;7290;0;3000714.467927027
1386;7293;3;3000714.467927027
1387;7303;10;3000714.467927027
1388;7307;4;3000714.467927027
1389;7312;5;3000714.467927027
1390;7314;2;3000714.467927027
1391;7321;7;3000714.467927027
1392;7322;1;3000714.467927027
1393;7326;4;3000714.467927027
1394;7335;9;3000714.467927027
1395;7339;4;3000714.467927027
1396;7344;5;3000714.467927027
1397;7350;6;3000714.467927027
1398;7351;1;3000714.467927027
1399;7353;2;3000714.467927027
1400;7356;3;3000714.467927027
1401;7357;1;3000714.467927027
1402;7362;5;3000714.467927027
1403;7366;4;3000714.467927027
1404;7369;3;3000714.467927027
1405;7373;4;3000714.467927027
1406;7374;1;3000714.467927027
1407;7379;5;3000714.467927027
1408;7382;3;3000714.467927027
1409;7388;6;3000714.467927027
1410;7392;4;3000714.467927027
1411;7393;1;3000714.467927027
1412;7397;4;3000714.467927027
1413;7404;7;3000714.467927027
1414;7408;4;3000714.467927027
1415;7411;3;3000714.467927027
1416;7415;4;3000714.467927027
1417;7422;7;3000714.467927027
1418;7424;2;3000714.467927027
1419;7428;4;3000714.467927027
1420;7432;4;3000714.467927027
1421;7433;1;3000714.467927027
1422;7439;6;3000714.467927027
1423;7443;4;3000714.467927027
1424;7443;0;3000714.467927027
1425;7447;4;3000714.467927027
1426;7449;2;3000714.467927027
1427;7454;5;3000714.467927027
1428;7459;5;3000714.467927027
1429;7462;3;3000714.467927027
1430;7468;6;3000714.467927027
1431;7476;8;3000714.467927027
1432;7480;4;3000714.467927027
1433;7484;4;3000714.467927027
1434;7488;4;3000714.467927027
1435;7494;6;3000714.467927027
1436;7498;4;3000714.467927027
1437;7503;5;3000714.467927027
1438;7507;4;3000714.467927027
1439;7512;5;3000714.467927027
1440;7515;3;3000714.467927027
1441;7525;10;3000714.467927027
1442;7531;6;3000714.467927027
1443;7539;8;3000714.467927027
1444;7541;2;3000714.467927027
1445;7547;6;3000714.467927027
1446;7548;1;3000714.467927027
1447;7551;3;3000714.467927027
1448;7555;4;3000714.467927027
1449;7558;3;3000714.467927027
1450;7565;7;3000714.467927027
1451;7569;4;3000714.467927027
1452;7574;5;3000714.467927027
1453;7582;8;3000714.467927027
1454;7587;5;3000714.467927027
1455;7591;4;3000714.467927027
1456;7593;2;3000714.467927027
1457;7598;5;3000714.467927027
1458;7602;4;3000714.467927027
1459;7603;1;3000714.467927027
1460;7607;4;3000714.467927027
1461;7613;6;3000714.467927027
1462;7621;8;3000714.467927027
1463;7626;5;3000714.467927027
1464;7630;4;3000714.467927027
1465;7634;4;3000714.467927027
1466;7635;1;3000714.467927027
1467;7641;6;3000714.467927027
1468;7649;8;3000714.467927027
1469;7655;6;3000714.467927027
1470;7657;2;3000714.467927027
1471;7661;4;3000714.467927027
1472;7665;4;3000714.467927027
1473;7671;6;3000714.467927027
1474;7676;5;3000714.467927027
1475;7679;3;3000714.467927027
1476;7684;5;3000714.467927027
1477;7685;1;3000714.467927027
1478;7691;6;3000714.467927027
1479;7696;5;3000714.467927027
1480;7703;7;3000714.467927027
1481;7703;0;3000714.467927027
1482;7707;4;3000714.467927027
1483;7711;4;3000714.467927027
1484;7714;3;3000714.467927027
1485;7717;3;3000714.467927027
1486;7717;0;3000714.467927027
1487;7722;5;3000714.467927027
1488;7726;4;3000714.467927027
1489;7730;4;3000714.467927027
1490;7734;4;3000714.467927027
1491;7738;4;3000714.467927027
1492;7742;4;3000714.467927027
1493;7743;1;3000714.467927027
1494;7744;1;3000714.467927027
1495;7749;5;3000714.467927027
1496;7752;3;3000714.467927027
1497;7753;1;3000714.467927027
1498;7754;1;3000714.467927027
1499;7760;6;3000714.467927027
1500;7763;3;3000714.467927027
1501;7763;0;3000714.467927027
1502;7765;2;3000714.467927027
1503;7769;4;3000714.467927027
1504;7772;3;3000714.467927027
1505;7775;3;3000714.467927027
1506;7778;3;3000714.467927027
1507;7784;6;3000714.467927027
1508;7788;4;3000714.467927027
1509;7792;4;3000714.467927027
1510;7793;1;3000714.467927027
1511;7798;5;3000714.467927027
1512;7801;3;3000714.467927027
1513;7805;4;3000714.467927027
1514;7809;4;3000714.467927027
1515;7817;8;3000714.467927027
1516;7820;3;3000714.467927027
1517;7825;5;3000714.467927027
1518;7829;4;3000714.467927027
1519;7836;7;3000714.467927027
1520;7845;9;3000714.467927027
1521;7849;4;3000714.467927027
1522;7854;5;3000714.467927027
1523;7858;4;3000714.467927027
1524;7858;0;3000714.467927027
1525;7861;3;3000714.467927027
1526;7865;4;3000714.467927027
1527;7870;5;3000714.467927027
1528;7872;2;3000714.467927027
1529;7875;3;3000714.467927027
1530;7882;7;3000714.467927027
1531;7887;5;3000714.467927027
1532;7891;4;3000714.467927027
1533;7897;6;3000714.467927027
1534;7897;0;3000714.467927027
1535;7902;5;3000714.467927027
1536;7904;2;3000714.467927027
1537;7910;6;3000714.467927027
1538;7916;6;3000714.467927027
1539;7922;6;3000714.467927027
1540;7927;5;3000714.467927027
1541;7937;10;3000714.467927027
1542;7938;1;3000714.467927027
1543;7941;3;3000714.467927027
1544;7945;4;3000714.467927027
1545;7950;5;3000714.467927027
1546;7954;4;3000714.467927027
1547;7961;7;3000714.467927027
1548;7964;3;3000714.467927027
1549;7968;4;3000714.467927027
1550;7972;4;3000714.467927027
1551;7978;6;3000714.467927027
1552;7982;4;3000714.467927027
1553;7989;7;3000714.467927027
1554;7992;3;3000714.467927027
1555;7997;5;3000714.467927027
1556;8001;4;3000714.467927027
1557;8008;7;3000714.467927027
1558;8016;8;3000714.467927027
1559;8024;8;3000714.467927027
1560;8028;4;3000714.467927027
1561;8032;4;3000714.467927027
1562;8037;5;3000714.467927027
1563;8037;0;3000714.467927027
1564;8043;6;3000714.467927027
1565;8043;0;3000714.467927027
1566;8047;4;3000714.467927027
1567;8051;4;3000714.467927027
1568;8053;2;3000714.467927027
1569;8060;7;3000714.467927027
1570;8065;5;3000714.467927027
1571;8069;4;3000714.467927027
1572;8071;2;3000714.467927027
1573;8079;8;3000714.467927027
1574;8083;4;3000714.467927027
1575;8089;6;3000714.467927027
1576;8095;6;3000714.467927027
1577;8100;5;3000714.467927027
1578;8106;6;3000714.467927027
1579;8110;4;3000714.467927027
1580;8111;1;3000714.467927027
1581;8119;8;3000714.467927027
1582;8124;5;3000714.467927027
1583;8128;4;3000714.467927027
1584;8132;4;3000714.467927027
1585;8134;2;3000714.467927027
1586;8140;6;3000714.467927027
1587;8147;7;3000714.467927027
1588;8147;0;3000714.467927027
1589;8152;5;3000714.467927027
1590;8155;3;3000714.467927027
1591;8158;3;3000714.467927027
1592;8164;6;3000714.467927027
1593;8167;3;3000714.467927027
1594;8172;5;3000714.467927027
1595;8173;1;3000714.467927027
1596;8177;4;3000714.467927027
1597;8183;6;3000714.467927027
1598;8191;8;3000714.467927027
1599;8195;4;3000714.467927027
1600;8202;7;3000714.467927027
1601;8207;5;3000714.467927027
1602;8210;3;3000714.467927027
1603;8211;1;3000714.467927027
1604;8219;8;3000714.467927027
1605;8223;4;3000714.467927027
1606;8224;1;3000714.467927027
1607;8228;4;3000714.467927027
1608;8234;6;3000714.467927027
1609;8244;10;3000714.467927027
1610;8256;12;3000714.467927027
1611;8266;10;3000714.467927027
1612;8275;9;3000714.467927027
1613;8276;1;3000714.467927027
1614;8284;8;3000714.467927027
1615;8288;4;3000714.467927027
1616;8289;1;3000714.467927027
1617;8293;4;3000714.467927027
1618;8293;0;3000714.467927027
1619;8296;3;3000714.467927027
1620;8305;9;3000714.467927027
1621;8314;9;3000714.467927027
1622;8322;8;3000714.467927027
1623;8329;7;3000714.467927027
1624;8337;8;3000714.467927027
1625;8343;6;3000714.467927027
1626;8350;7;3000714.467927027
1627;8369;19;3000714.467927027
1628;8379;10;3000714.467927027
1629;8392;13;3000714.467927027
1630;8396;4;3000714.467927027
1631;8406;10;3000714.467927027
1632;8415;9;3000714.467927027
1633;8420;5;3000714.467927027
1634;8426;6;3000714.467927027
1635;8440;14;3000714.467927027
1636;8442;2;3000714.467927027
1637;8448;6;3000714.467927027
1638;8460;12;3000714.467927027
1639;8472;12;3000714.467927027
1640;8485;13;3000714.467927027
1641;8489;4;3000714.467927027
1642;8496;7;3000714.467927027
1643;8505;9;3000714.467927027
1644;8511;6;3000714.467927027
1645;8524;13;3000714.467927027
1646;8525;1;3000714.467927027
1647;8529;4;3000714.467927027
1648;8533;4;3000714.467927027
1649;8536;3;3000714.467927027
1650;8539;3;3000714.467927027
1651;8545;6;3000714.467927027
1652;8550;5;3000714.467927027
1653;8551;1;3000714.467927027
1654;8556;5;3000714.467927027
1655;8562;6;3000714.467927027
1656;8567;5;3000714.467927027
1657;8571;4;3000714.467927027
1658;8571;0;3000714.467927027
1659;8576;5;3000714.467927027
1660;8579;3;3000714.467927027
1661;8584;5;3000714.467927027
1662;8585;1;3000714.467927027
1663;8587;2;3000714.467927027
1664;8591;4;3000714.467927027
1665;8594;3;3000714.467927027
1666;8599;5;3000714.467927027
1667;8602;3;3000714.467927027
1668;8608;6;3000714.467927027
1669;8611;3;3000714.467927027
1670;8615;4;3000714.467927027
1671;8618;3;3000714.467927027
1672;8622;4;3000714.467927027
1673;8628;6;3000714.467927027
1674;8632;4;3000714.467927027
1675;8633;1;3000714.467927027
1676;8636;3;3000714.467927027
1677;8641;5;3000714.467927027
1678;8648;7;3000714.467927027
1679;8653;5;3000714.467927027
1680;8660;7;3000714.467927027
1681;8669;9;3000714.467927027
1682;8680;11;3000714.467927027
1683;8686;6;3000714.467927027
1684;8703;17;3000714.467927027
1685;8711;8;3000714.467927027
1686;8719;8;3000714.467927027
1687;8730;11;3000714.467927027
1688;8737;7;3000714.467927027
1689;8741;4;3000714.467927027
1690;8747;6;3000714.467927027
1691;8753;6;3000714.467927027
1692;8758;5;3000714.467927027
1693;8766;8;3000714.467927027
1694;8767;1;3000714.467927027
1695;8772;5;3000714.467927027
1696;8778;6;3000714.467927027
1697;8789;11;3000714.467927027
1698;8795;6;3000714.467927027
1699;8803;8;3000714.467927027
1700;8805;2;3000714.467927027
1701;8816;11;3000714.467927027
1702;8819;3;3000714.467927027
1703;8828;9;3000714.467927027
1704;8829;1;3000714.467927027
1705;8836;7;3000714.467927027
1706;8842;6;3000714.467927027
1707;8854;12;3000714.467927027
1708;8861;7;3000714.467927027
1709;8868;7;3000714.467927027
1710;8882;14;3000714.467927027
1711;8888;6;3000714.467927027
1712;8897;9;3000714.467927027
1713;8917;20;3000714.467927027
1714;8924;7;3000714.467927027
1715;8943;19;3000714.467927027
1716;8955;12;3000714.467927027
1717;8968;13;3000714.467927027
1718;8974;6;3000714.467927027
1719;8979;5;3000714.467927027
1720;8990;11;3000714.467927027
1721;8995;5;3000714.467927027
1722;8999;4;3000714.467927027
1723;9006;7;3000714.467927027
1724;9016;10;3000714.467927027
1725;9026;10;3000714.467927027
1726;9042;16;3000714.467927027
1727;9045;3;3000714.467927027
1728;9051;6;3000714.467927027
1729;9057;6;3000714.467927027
1730;9058;1;3000714.467927027
1731;9067;9;3000714.467927027
1732;9073;6;3000714.467927027
1733;9074;1;3000714.467927027
1734;9079;5;3000714.467927027
1735;9079;0;3000714.467927027
1736;9085;6;3000714.467927027
1737;9090;5;3000714.467927027
1738;9093;3;3000714.467927027
1739;9097;4;3000714.467927027
1740;9101;4;3000714.467927027
1741;9104;3;3000714.467927027
1742;9108;4;3000714.467927027
1743;9112;4;3000714.467927027
1744;9116;4;3000714.467927027
1745;9116;0;3000714.467927027
1746;9118;2;3000714.467927027
1747;9127;9;3000714.467927027
1748;9135;8;3000714.467927027
1749;9138;3;3000714.467927027
1750;9140;2;3000714.467927027
1751;9145;5;3000714.467927027
1752;9147;2;3000714.467927027
1753;9154;7;3000714.467927027
1754;9162;8;3000714.467927027
1755;9164;2;3000714.467927027
1756;9165;1;3000714.467927027
1757;9173;8;3000714.467927027
1758;9182;9;3000714.467927027
1759;9186;4;3000714.467927027
1760;9188;2;3000714.467927027
1761;9195;7;3000714.467927027
1762;9198;3;3000714.467927027
1763;9202;4;3000714.467927027
1764;9207;5;3000714.467927027
1765;9210;3;3000714.467927027
1766;9215;5;3000714.467927027
1767;9215;0;3000714.467927027
1768;9221;6;3000714.467927027
1769;9221;0;3000714.467927027
1770;9224;3;3000714.467927027
1771;9228;4;3000714.467927027
1772;9229;1;3000714.467927027
1773;9234;5;3000714.467927027
1774;9238;4;3000714.467927027
1775;9243;5;3000714.467927027
1776;9248;5;3000714.467927027
1777;9252;4;3000714.467927027
1778;9257;5;3000714.467927027
1779;9270;13;3000714.467927027
1780;9272;2;3000714.467927027
1781;9280;8;3000714.467927027
1782;9282;2;3000714.467927027
1783;9289;7;3000714.467927027
1784;9295;6;3000714.467927027
1785;9297;2;3000714.467927027
1786;9302;5;3000714.467927027
1787;9303;1;3000714.467927027
1788;9307;4;3000714.467927027
1789;9315;8;3000714.467927027
1790;9323;8;3000714.467927027
1791;9335;12;3000714.467927027
1792;9342;7;3000714.467927027
1793;9348;6;3000714.467927027
1794;9358;10;3000714.467927027
1795;9359;1;3000714.467927027
1796;9372;13;3000714.467927027
1797;9374;2;3000714.467927027
1798;9380;6;3000714.467927027
1799;9386;6;3000714.467927027
1800;9389;3;3000714.467927027
1801;9399;10;3000714.467927027
1802;9406;7;3000714.467927027
1803;9414;8;3000712.029406726
1804;9420;6;3000711.2108270405
1805;9422;2;3000711.2108270405
1806;9426;4;3000711.2108270405
1807;9434;8;3000711.2108270405
1808;9451;17;3000711.2108270405
1809;9465;14;3000711.2108270405
1810;9467;2;3000711.2108270405
1811;9497;30;3000711.2108270405
1812;9501;4;3000711.2108270405
1813;9510;9;3000652.533197129
1814;9512;2;3000652.533197129
1815;9516;4;3000652.533197129
1816;9520;4;3000652.533197129
1817;9523;3;3000652.533197129
1818;9528;5;3000651.5080758836
1819;9533;5;3000651.5080758836
1820;9538;5;3000651.5080758836
1821;9544;6;3000651.5080758836
1822;9544;0;3000651.5080758836
1823;9550;6;3000651.5080758836
1824;9555;5;3000651.5080758836
1825;9560;5;3000651.5080758836
1826;9565;5;3000651.5080758836
1827;9566;1;3000651.5080758836
1828;9568;2;3000651.5080758836
1829;9571;3;3000651.5080758836
1830;9576;5;3000651.5080758836
1831;9581;5;3000651.5080758836
1832;9585;4;3000651.5080758836
1833;9591;6;3000651.5080758836
1834;9595;4;3000651.5080758836
1835;9596;1;3000651.5080758836
1836;9600;4;3000651.5080758836
1837;9603;3;3000651.5080758836
1838;9607;4;3000651.5080758836
1839;9612;5;3000651.5080758836
1840;9618;6;3000651.5080758836
1841;9624;6;3000651.5080758836
1842;9627;3;3000651.5080758836
1843;9631;4;3000651.5080758836
1844;9633;2;3000651.5080758836
1845;9634;1;3000651.5080758836
1846;9638;4;3000651.5080758836
1847;9642;4;3000651.5080758836
1848;9645;3;3000651.5080758836
1849;9648;3;3000651.5080758836
1850;9652;4;3000651.5080758836
1851;9655;3;3000651.5080758836
1852;9658;3;3000651.5080758836
1853;9661;3;3000651.5080758836
1854;9665;4;3000651.5080758836
1855;9669;4;3000651.5080758836
1856;9673;4;3000651.5080758836
1857;9674;1;3000651.5080758836
1858;9678;4;3000651.5080758836
1859;9679;1;3000651.5080758836
1860;9683;4;3000651.5080758836
1861;9691;8;3000651.5080758836
1862;9694;3;3000651.5080758836
1863;9699;5;3000651.5080758836
1864;9700;1;3000651.5080758836
1865;9704;4;3000651.5080758836
1866;9708;4;3000651.5080758836
1867;9714;6;3000651.5080758836
1868;9721;7;3000651.5080758836
1869;9728;7;3000651.5080758836
1870;9735;7;3000651.5080758836
1871;9741;6;3000651.5080758836
1872;9745;4;3000651.5080758836
1873;9753;8;3000651.5080758836
1874;9757;4;3000651.5080758836
1875;9760;3;3000651.5080758836
1876;9764;4;3000651.5080758836
1877;9768;4;3000651.5080758836
1878;9771;3;3000651.5080758836
1879;9774;3;3000651.5080758836
1880;9778;4;3000651.5080758836
1881;9785;7;3000651.5080758836
1882;9787;2;3000651.5080758836
1883;9794;7;3000651.5080758836
1884;9799;5;3000651.5080758836
1885;9802;3;3000651.5080758836
1886;9809;7;3000651.5080758836
1887;9815;6;3000651.5080758836
1888;9824;9;3000651.5080758836
1889;9832;8;3000651.5080758836
1890;9837;5;3000651.5080758836
1891;9843;6;3000651.5080758836
1892;9850;7;3000651.5080758836
1893;9857;7;3000651.5080758836
1894;9858;1;3000651.5080758836
1895;9865;7;3000651.5080758836
1896;9874;9;3000651.5080758836
1897;9881;7;3000651.5080758836
1898;9888;7;3000651.5080758836
1899;9894;6;3000651.5080758836
1900;9916;22;3000651.5080758836
1901;9926;10;3000651.5080758836
1902;9936;10;3000651.5080758836
1903;9946;10;3000651.5080758836
1904;9952;6;3000651.5080758836
1905;9961;9;3000651.5080758836
1906;9966;5;3000651.5080758836
1907;9972;6;3000651.5080758836
1908;9982;10;3000651.5080758836
1909;9989;7;3000651.5080758836
1910;9996;7;3000651.5080758836
1911;10007;11;3000651.5080758836
1912;10012;5;3000651.5080758836
1913;10021;9;3000651.5080758836
1914;10028;7;3000651.5080758836
1915;10030;2;3000651.5080758836
1916;10034;4;3000651.5080758836
1917;10041;7;3000651.5080758836
1918;10045;4;3000651.5080758836
1919;10050;5;3000651.5080758836
1920;10054;4;3000651.5080758836
1921;10061;7;3000651.5080758836
1922;10064;3;3000651.5080758836
1923;10068;4;3000651.5080758836
1924;10073;5;3000651.5080758836
1925;10080;7;3000651.5080758836
1926;10083;3;3000651.5080758836
1927;10086;3;3000651.5080758836
1928;10094;8;3000651.5080758836
1929;10102;8;3000651.5080758836
1930;10110;8;3000651.5080758836
1931;10118;8;3000651.5080758836
1932;10124;6;3000651.5080758836
1933;10130;6;3000651.5080758836
1934;10136;6;3000651.5080758836
1935;10143;7;3000651.5080758836
1936;10150;7;3000651.5080758836
1937;10151;1;3000651.5080758836
1938;10160;9;3000651.5080758836
1939;10161;1;3000651.5080758836
1940;10166;5;3000651.5080758836
1941;10177;11;3000651.5080758836
1942;10190;13;3000651.5080758836
1943;10197;7;3000651.5080758836
1944;10206;9;3000651.5080758836
1945;10213;7;3000651.5080758836
1946;10219;6;3000651.5080758836
1947;10223;4;3000651.5080758836
1948;10225;2;3000651.5080758836
1949;10230;5;3000651.5080758836
1950;10235;5;3000651.5080758836
1951;10238;3;3000651.5080758836
1952;10243;5;3000651.5080758836
1953;10247;4;3000651.5080758836
1954;10247;0;3000651.5080758836
1955;10251;4;3000651.5080758836
1956;10255;4;3000651.5080758836
1957;10263;8;3000651.5080758836
1958;10266;3;3000651.5080758836
1959;10268;2;3000651.5080758836
1960;10273;5;3000651.5080758836
1961;10274;1;3000651.5080758836
1962;10279;5;3000651.5080758836
1963;10283;4;3000651.5080758836
1964;10290;7;3000651.5080758836
1965;10294;4;3000651.5080758836
1966;10298;4;3000651.5080758836
1967;10303;5;3000651.5080758836
1968;10311;8;3000651.5080758836
1969;10313;2;3000651.5080758836
1970;10319;6;3000651.5080758836
1971;10327;8;3000651.5080758836
1972;10332;5;3000651.5080758836
1973;10336;4;3000651.5080758836
1974;10339;3;3000651.5080758836
1975;10344;5;3000651.5080758836
1976;10351;7;3000651.5080758836
1977;10353;2;3000651.5080758836
1978;10355;2;3000651.5080758836
1979;10360;5;3000651.5080758836
1980;10363;3;3000651.5080758836
1981;10366;3;3000651.5080758836
1982;10371;5;3000651.5080758836
1983;10375;4;3000651.5080758836
1984;10377;2;3000651.5080758836
1985;10385;8;3000651.5080758836
1986;10392;7;3000651.5080758836
1987;10398;6;3000651.5080758836
1988;10398;0;3000651.5080758836
1989;10402;4;3000651.5080758836
1990;10407;5;3000651.5080758836
1991;10411;4;3000651.5080758836
1992;10412;1;3000651.5080758836
1993;10415;3;3000651.5080758836
1994;10419;4;3000651.5080758836
1995;10420;1;3000651.5080758836
1996;10424;4;3000651.5080758836
1997;10432;8;3000651.5080758836
1998;10436;4;3000651.5080758836
1999;10440;4;3000651.5080758836
2000;10445;5;3000651.5080758836
2001;10446;1;3000651.5080758836
2002;10450;4;3000651.5080758836
2003;10453;3;3000651.5080758836
2004;10455;2;3000651.5080758836
2005;10456;1;3000651.5080758836
2006;10462;6;3000651.5080758836
2007;10462;0;3000651.5080758836
2008;10464;2;3000651.5080758836
2009;10469;5;3000651.5080758836
2010;10473;4;3000651.5080758836
2011;10478;5;3000651.5080758836
2012;10479;1;3000651.5080758836
2013;10483;4;3000651.5080758836
2014;10487;4;3000651.5080758836
2015;10490;3;3000651.5080758836
2016;10493;3;3000651.5080758836
2017;10496;3;3000651.5080758836
2018;10501;5;3000651.5080758836
2019;10504;3;3000651.5080758836
2020;10509;5;3000651.5080758836
2021;10521;12;3000651.5080758836
2022;10530;9;3000651.5080758836
2023;10533;3;3000651.5080758836
2024;10539;6;3000651.5080758836
2025;10540;1;3000651.5080758836
2026;10543;3;3000651.5080758836
2027;10546;3;3000651.5080758836
2028;10552;6;3000651.5080758836
2029;10554;2;3000651.5080758836
2030;10556;2;3000651.5080758836
2031;10560;4;3000651.5080758836
2032;10564;4;3000651.5080758836
2033;10569;5;3000651.5080758836
2034;10574;5;3000651.5080758836
2035;10576;2;3000651.5080758836
2036;10576;0;3000651.5080758836
2037;10581;5;3000651.5080758836
2038;10582;1;3000651.5080758836
2039;10586;4;3000651.5080758836
2040;10589;3;3000651.5080758836
2041;10596;7;3000651.5080758836
2042;10598;2;3000651.5080758836
2043;10602;4;3000651.5080758836
2044;10615;13;3000651.5080758836
2045;10623;8;3000651.5080758836
2046;10632;9;3000651.5080758836
2047;10638;6;3000651.5080758836
2048;10642;4;3000651.5080758836
2049;10648;6;3000651.5080758836
2050;10651;3;3000651.5080758836
2051;10655;4;3000651.5080758836
2052;10661;6;3000651.5080758836
2053;10665;4;3000651.5080758836
2054;10672;7;3000651.5080758836
2055;10675;3;3000651.5080758836
2056;10676;1;3000651.5080758836
2057;10679;3;3000651.5080758836
2058;10683;4;3000651.5080758836
2059;10688;5;3000651.5080758836
2060;10696;8;3000651.5080758836
2061;10699;3;3000651.5080758836
2062;10706;7;3000651.5080758836
2063;10710;4;3000651.5080758836
2064;10715;5;3000651.5080758836
2065;10718;3;3000651.5080758836
2066;10722;4;3000651.5080758836
2067;10726;4;3000651.5080758836
2068;10731;5;3000651.5080758836
2069;10735;4;3000651.5080758836
2070;10736;1;3000651.5080758836
2071;10741;5;3000651.5080758836
2072;10744;3;3000651.5080758836
2073;10748;4;3000651.5080758836
2074;10752;4;3000651.5080758836
2075;10756;4;3000651.5080758836
2076;10757;1;3000651.5080758836
2077;10761;4;3000651.5080758836
2078;10764;3;3000651.5080758836
2079;10770;6;3000651.5080758836
2080;10774;4;3000651.5080758836
2081;10778;4;3000651.5080758836
2082;10783;5;3000651.5080758836
2083;10789;6;3000651.5080758836
2084;10793;4;3000651.5080758836
2085;10797;4;3000651.5080758836
2086;10798;1;3000651.5080758836
2087;10800;2;3000651.5080758836
2088;10806;6;3000651.5080758836
2089;10810;4;3000651.5080758836
2090;10814;4;3000651.5080758836
2091;10815;1;3000651.5080758836
2092;10820;5;3000651.5080758836
2093;10826;6;3000651.5080758836
2094;10833;7;3000651.5080758836
2095;10836;3;3000651.5080758836
2096;10840;4;3000651.5080758836
2097;10845;5;3000651.5080758836
2098;10849;4;3000651.5080758836
2099;10853;4;3000651.5080758836
2100;10856;3;3000651.5080758836
2101;10860;4;3000651.5080758836
2102;10864;4;3000651.5080758836
2103;10865;1;3000651.5080758836
2104;10869;4;3000651.5080758836
2105;10875;6;3000651.5080758836
2106;10880;5;3000651.5080758836
2107;10886;6;3000651.5080758836
2108;10897;11;3000651.5080758836
2109;10909;12;3000651.5080758836
2110;10918;9;3000651.5080758836
2111;10930;12;3000651.5080758836
2112;10934;4;3000651.5080758836
2113;10943;9;3000651.5080758836
2114;10952;9;3000651.5080758836
2115;10959;7;3000651.5080758836
2116;10967;8;3000651.5080758836
2117;10971;4;3000651.5080758836
2118;10971;0;3000651.5080758836
2119;10978;7;3000651.5080758836
2120;10984;6;3000651.5080758836
2121;10985;1;3000651.5080758836
2122;10992;7;3000651.5080758836
2123;10995;3;3000651.5080758836
2124;11003;8;3000651.5080758836
2125;11005;2;3000651.5080758836
2126;11011;6;3000651.5080758836
2127;11013;2;3000651.5080758836
2128;11022;9;3000651.5080758836
2129;11026;4;3000651.5080758836
2130;11030;4;3000651.5080758836
2131;11033;3;3000651.5080758836
2132;11034;1;3000651.5080758836
2133;11038;4;3000651.5080758836
2134;11042;4;3000651.5080758836
2135;11046;4;3000651.5080758836
2136;11049;3;3000651.5080758836
2137;11053;4;3000651.5080758836
2138;11055;2;3000651.5080758836
2139;11061;6;3000651.5080758836
2140;11064;3;3000651.5080758836
2141;11067;3;3000651.5080758836
2142;11068;1;3000651.5080758836
2143;11072;4;3000651.5080758836
2144;11075;3;3000651.5080758836
2145;11082;7;3000651.5080758836
2146;11087;5;3000651.5080758836
2147;11090;3;3000651.5080758836
2148;11097;7;3000651.5080758836
2149;11105;8;3000651.5080758836
2150;11107;2;3000651.5080758836
2151;11112;5;3000651.5080758836
2152;11113;1;3000651.5080758836
2153;11121;8;3000651.5080758836
2154;11127;6;3000651.5080758836
2155;11131;4;3000651.5080758836
2156;11134;3;3000651.5080758836
2157;11139;5;3000651.5080758836
2158;11144;5;3000651.5080758836
2159;11149;5;3000651.5080758836
2160;11157;8;3000651.5080758836
2161;11161;4;3000651.5080758836
2162;11163;2;3000651.5080758836
2163;11167;4;3000651.5080758836
2164;11171;4;3000651.5080758836
2165;11172;1;3000651.5080758836
2166;11177;5;3000651.5080758836
2167;11181;4;3000651.5080758836
2168;11184;3;3000651.5080758836
2169;11189;5;3000651.5080758836
2170;11196;7;3000651.5080758836
2171;11202;6;3000651.5080758836
2172;11203;1;3000651.5080758836
2173;11204;1;3000651.5080758836
2174;11207;3;3000651.5080758836
2175;11211;4;3000651.5080758836
2176;11217;6;3000651.5080758836
2177;11220;3;3000651.5080758836
2178;11221;1;3000651.5080758836
2179;11227;6;3000651.5080758836
2180;11230;3;3000651.5080758836
2181;11235;5;3000651.5080758836
2182;11240;5;3000651.5080758836
2183;11243;3;3000651.5080758836
2184;11248;5;3000651.5080758836
2185;11252;4;3000651.5080758836
2186;11258;6;3000651.5080758836
2187;11265;7;3000651.5080758836
2188;11272;7;3000651.5080758836
2189;11277;5;3000651.5080758836
2190;11283;6;3000651.5080758836
2191;11288;5;3000651.5080758836
2192;11288;0;3000651.5080758836
2193;11291;3;3000651.5080758836
2194;11294;3;3000651.5080758836
2195;11301;7;3000651.5080758836
2196;11304;3;3000651.5080758836
2197;11310;6;3000651.5080758836
2198;11315;5;3000651.5080758836
2199;11319;4;3000651.5080758836
2200;11324;5;3000651.5080758836
2201;11332;8;3000651.5080758836
2202;11334;2;3000651.5080758836
2203;11341;7;3000651.5080758836
2204;11348;7;3000651.5080758836
2205;11353;5;3000651.5080758836
2206;11358;5;3000651.5080758836
2207;11362;4;3000651.5080758836
2208;11367;5;3000651.5080758836
2209;11371;4;3000651.5080758836
2210;11374;3;3000651.5080758836
2211;11376;2;3000651.5080758836
2212;11380;4;3000651.5080758836
2213;11384;4;3000651.5080758836
2214;11386;2;3000651.5080758836
2215;11388;2;3000651.5080758836
2216;11390;2;3000651.5080758836
2217;11394;4;3000651.5080758836
2218;11395;1;3000651.5080758836
2219;11395;0;3000651.5080758836
2220;11399;4;3000651.5080758836
2221;11399;0;3000651.5080758836
2222;11406;7;3000651.5080758836
2223;11410;4;3000651.5080758836
2224;11417;7;3000651.5080758836
2225;11418;1;3000651.5080758836
2226;11422;4;3000651.5080758836
2227;11428;6;3000651.5080758836
2228;11433;5;3000651.5080758836
2229;11434;1;3000651.5080758836
2230;11437;3;3000651.5080758836
2231;11437;0;3000651.5080758836
2232;11444;7;3000651.5080758836
2233;11449;5;3000651.5080758836
2234;11449;0;3000651.5080758836
2235;11453;4;3000651.5080758836
2236;11457;4;3000651.5080758836
2237;11461;4;3000651.5080758836
2238;11466;5;3000651.5080758836
2239;11472;6;3000651.5080758836
2240;11473;1;3000651.5080758836
2241;11478;5;3000651.5080758836
2242;11482;4;3000651.5080758836
2243;11487;5;3000651.5080758836
2244;11491;4;3000651.5080758836
2245;11496;5;3000641.533043024
2246;11497;1;3000641.533043024
2247;11500;3;3000639.2292321473
2248;11504;4;3000639.2292321473
2249;11509;5;3000639.2292321473
2250;11513;4;3000639.2292321473
2251;11518;5;3000639.2292321473
2252;11522;4;3000639.2292321473
2253;11523;1;3000639.2292321473
2254;11527;4;3000639.2292321473
2255;11534;7;3000639.2292321473
2256;11539;5;3000639.2292321473
2257;11541;2;3000639.2292321473
2258;11544;3;3000639.2292321473
2259;11548;4;3000639.2292321473
2260;11552;4;3000639.2292321473
2261;11556;4;3000639.2292321473
2262;11561;5;3000639.2292321473
2263;11564;3;3000639.2292321473
2264;11571;7;3000639.2292321473
2265;11576;5;3000639.2292321473
2266;11576;0;3000639.2292321473
2267;11580;4;3000639.2292321473
2268;11584;4;3000639.2292321473
2269;11587;3;3000639.2292321473
2270;11590;3;3000639.2292321473
2271;11596;6;3000639.2292321473
2272;11600;4;3000639.2292321473
2273;11603;3;3000639.2292321473
2274;11608;5;3000639.2292321473
2275;11613;5;3000639.2292321473
2276;11616;3;3000639.2292321473
2277;11616;0;3000639.2292321473
2278;11620;4;3000634.143727454
2279;11624;4;3000634.143727454
2280;11629;5;3000634.143727454
2281;11635;6;3000634.143727454
2282;11640;5;3000634.143727454
2283;11644;4;3000634.143727454
2284;11645;1;3000634.143727454
2285;11649;4;3000634.143727454
2286;11653;4;3000634.143727454
2287;11660;7;3000634.143727454
2288;11663;3;3000634.143727454
2289;11663;0;3000634.143727454
2290;11664;1;3000634.143727454
2291;11668;4;3000634.143727454
2292;11673;5;3000634.143727454
2293;11676;3;3000634.143727454
2294;11681;5;3000634.143727454
2295;11683;2;3000634.143727454
2296;11684;1;3000634.143727454
2297;11688;4;3000634.143727454
2298;11690;2;3000634.143727454
2299;11698;8;3000634.143727454
2300;11699;1;3000634.143727454
2301;11703;4;3000634.143727454
2302;11710;7;3000634.143727454
2303;11715;5;3000634.143727454
2304;11719;4;3000634.143727454
2305;11723;4;3000634.143727454
2306;11728;5;3000634.143727454
2307;11728;0;3000634.143727454
2308;11732;4;3000634.143727454
2309;11737;5;3000634.143727454
2310;11740;3;3000634.143727454
2311;11743;3;3000634.143727454
2312;11744;1;3000634.143727454
2313;11747;3;3000634.143727454
2314;11749;2;3000634.143727454
2315;11753;4;3000634.143727454
2316;11754;1;3000634.143727454
2317;11758;4;3000634.143727454
2318;11761;3;3000634.143727454
2319;11764;3;3000634.143727454
2320;11770;6;3000634.143727454
2321;11776;6;3000634.143727454
2322;11780;4;3000634.143727454
2323;11781;1;3000634.143727454
2324;11782;1;3000634.143727454
2325;11791;9;3000634.143727454
2326;11795;4;3000634.143727454
2327;11800;5;3000634.143727454
2328;11803;3;3000634.143727454
2329;11808;5;3000634.143727454
2330;11813;5;3000634.143727454
2331;11819;6;3000634.143727454
2332;11823;4;3000634.143727454
2333;11827;4;3000634.143727454
2334;11834;7;3000634.143727454
2335;11838;4;3000634.143727454
2336;11839;1;3000634.143727454
2337;11839;0;3000634.143727454
2338;11843;4;3000634.143727454
2339;11847;4;3000634.143727454
2340;11853;6;3000634.143727454
2341;11856;3;3000631.5394018996
2342;11861;5;3000631.5394018996
2343;11864;3;3000631.5394018996
2344;11868;4;3000631.5394018996
2345;11871;3;3000631.5394018996
2346;11875;4;3000631.5394018996
2347;11879;4;3000631.5394018996
2348;11882;3;3000631.5394018996
2349;11882;0;3000631.5394018996
2350;11889;7;3000631.5394018996
2351;11895;6;3000631.3328745635
2352;11901;6;3000631.3328745635
2353;11906;5;3000631.3328745635
2354;11908;2;3000631.3328745635
2355;11909;1;3000631.3328745635
2356;11913;4;3000631.3328745635
2357;11919;6;3000631.3328745635
2358;11924;5;3000631.3328745635
2359;11929;5;3000631.3328745635
2360;11930;1;3000631.3328745635
2361;11933;3;3000630.5062763747
2362;11937;4;3000630.299749038
2363;11940;3;3000630.299749038
2364;11945;5;3000630.299749038
2365;11951;6;3000630.299749038
2366;11956;5;3000630.299749038
2367;11961;5;3000630.299749038
2368;11969;8;3000630.299749038
2369;11976;7;3000630.299749038
2370;11983;7;3000630.299749038
2371;11986;3;3000630.299749038
2372;11993;7;3000630.299749038
2373;11998;5;3000630.299749038
2374;12002;4;3000630.299749038
2375;12005;3;3000630.299749038
2376;12014;9;3000630.299749038
2377;12019;5;3000630.299749038
2378;12023;4;3000630.299749038
2379;12028;5;3000630.299749038
2380;12033;5;3000630.299749038
2381;12037;4;3000630.299749038
2382;12043;6;3000630.299749038
2383;12044;1;3000630.299749038
2384;12049;5;3000630.299749038
2385;12053;4;3000630.299749038
2386;12057;4;3000630.299749038
2387;12060;3;3000630.299749038
2388;12066;6;3000630.299749038
2389;12070;4;3000630.299749038
2390;12071;1;3000630.299749038
2391;12075;4;3000630.299749038
2392;12080;5;3000630.299749038
2393;12085;5;3000630.299749038
2394;12093;8;3000630.299749038
2395;12097;4;3000614.878762124
2396;12100;3;3000614.878762124
2397;12101;1;3000614.878762124
2398;12104;3;3000614.878762124
2399;12105;1;3000614.878762124
2400;12109;4;3000614.878762124
2401;12111;2;3000614.878762124
2402;12116;5;3000614.878762124
2403;12119;3;3000614.878762124
2404;12123;4;3000614.878762124
2405;12127;4;3000614.878762124
2406;12127;0;3000614.878762124
2407;12132;5;3000614.878762124
2408;12140;8;3000614.878762124
2409;12144;4;3000614.878762124
2410;12148;4;3000614.878762124
2411;12153;5;3000614.878762124
2412;12157;4;3000614.878762124
2413;12161;4;3000614.878762124
2414;12165;4;3000614.878762124
2415;12169;4;3000614.878762124
2416;12172;3;3000614.878762124
2417;12179;7;3000614.878762124
2418;12183;4;3000614.878762124
2419;12188;5;3000614.878762124
2420;12188;0;3000614.878762124
2421;12195;7;3000614.878762124
2422;12199;4;3000614.878762124
2423;12203;4;3000614.878762124
2424;12203;0;3000614.878762124
2425;12210;7;3000614.878762124
2426;12215;5;3000614.878762124
2427;12222;7;3000614.878762124
2428;12225;3;3000614.878762124
2429;12229;4;3000614.878762124
2430;12233;4;3000614.878762124
2431;12239;6;3000614.878762124
2432;12245;6;3000614.878762124
2433;12246;1;3000614.878762124
2434;12250;4;3000614.878762124
2435;12254;4;3000614.878762124
2436;12259;5;3000614.878762124
2437;12263;4;3000614.878762124
2438;12264;1;3000614.878762124
2439;12267;3;3000614.878762124
2440;12274;7;3000614.878762124
2441;12277;3;3000614.878762124
2442;12281;4;3000614.878762124
2443;12287;6;3000614.878762124
2444;12295;8;3000614.878762124
2445;12303;8;3000614.878762124
2446;12318;15;3000614.878762124
2447;12323;5;3000614.878762124
2448;12327;4;3000614.878762124
2449;12333;6;3000614.878762124
2450;12336;3;3000614.878762124
2451;12340;4;3000614.878762124
2452;12344;4;3000614.878762124
2453;12349;5;3000614.878762124
2454;12352;3;3000614.878762124
2455;12357;5;3000614.878762124
2456;12360;3;3000614.878762124
2457;12366;6;3000614.878762124
2458;12372;6;3000614.878762124
2459;12374;2;3000614.878762124
2460;12382;8;3000614.878762124
2461;12386;4;3000614.878762124
2462;12387;1;3000614.878762124
2463;12392;5;3000614.878762124
2464;12396;4;3000614.878762124
2465;12401;5;3000614.878762124
2466;12404;3;3000614.878762124
2467;12407;3;3000614.878762124
2468;12409;2;3000614.878762124
2469;12413;4;3000614.878762124
2470;12416;3;3000614.878762124
2471;12420;4;3000614.878762124
2472;12424;4;3000614.878762124
2473;12427;3;3000614.878762124
2474;12431;4;3000614.878762124
2475;12436;5;3000614.878762124
2476;12441;5;3000614.878762124
2477;12442;1;3000614.878762124
2478;12446;4;3000614.878762124
2479;12452;6;3000614.6768917367
2480;12457;5;3000614.6768917367
2481;12462;5;3000614.6768917367
2482;12466;4;3000614.6768917367
2483;12471;5;3000614.6768917367
2484;12476;5;3000614.6768917367
2485;12480;4;3000614.6768917367
2486;12483;3;3000614.6768917367
2487;12487;4;3000614.6768917367
2488;12490;3;3000614.6768917367
2489;12494;4;3000614.6768917367
2490;12500;6;3000614.6768917367
2491;12505;5;3000614.6768917367
2492;12513;8;3000614.6768917367
2493;12514;1;3000614.6768917367
2494;12517;3;3000614.6768917367
2495;12521;4;3000614.6768917367
2496;12527;6;3000614.6768917367
2497;12532;5;3000614.6768917367
2498;12533;1;3000614.6768917367
2499;12538;5;3000614.6768917367
2500;12542;4;3000614.6768917367
2501;12546;4;3000614.6768917367
2502;12551;5;3000614.6768917367
2503;12555;4;3000614.6768917367
2504;12555;0;3000614.6768917367
2505;12561;6;3000614.6768917367
2506;12565;4;3000614.6768917367
2507;12570;5;3000614.6768917367
2508;12574;4;3000614.6768917367
2509;12575;1;3000614.6768917367
2510;12581;6;3000614.6768917367
2511;12585;4;3000614.6768917367
2512;12591;6;3000614.6768917367
2513;12596;5;3000614.6768917367
2514;12602;6;3000614.6768917367
2515;12603;1;3000614.6768917367
2516;12608;5;3000614.6768917367
2517;12612;4;3000614.6768917367
2518;12613;1;3000614.6768917367
2519;12616;3;3000614.6768917367
2520;12623;7;3000614.6768917367
2521;12633;10;3000614.6768917367
2522;12638;5;3000614.6768917367
2523;12646;8;3000614.6768917367
2524;12647;1;3000614.6768917367
2525;12653;6;3000614.6768917367
2526;12660;7;3000614.6768917367
2527;12667;7;3000614.6768917367
2528;12675;8;3000614.6768917367
2529;12696;21;3000614.6768917367
2530;12704;8;3000614.6768917367
2531;12710;6;3000614.6768917367
2532;12717;7;3000614.6768917367
2533;12723;6;3000614.6768917367
2534;12726;3;3000614.6768917367
2535;12730;4;3000614.6768917367
2536;12734;4;3000614.6768917367
2537;12742;8;3000614.6768917367
2538;12743;1;3000614.6768917367
2539;12750;7;3000614.6768917367
2540;12756;6;3000614.6768917367
2541;12758;2;3000614.6768917367
2542;12763;5;3000614.6768917367
2543;12767;4;3000614.6768917367
2544;12771;4;3000614.6768917367
2545;12771;0;3000614.6768917367
2546;12775;4;3000614.6768917367
2547;12776;1;3000614.6768917367
2548;12780;4;3000614.6768917367
2549;12783;3;3000614.6768917367
2550;12784;1;3000614.6768917367
2551;12785;1;3000614.6768917367
2552;12791;6;3000614.6768917367
2553;12796;5;3000614.6768917367
2554;12801;5;3000614.6768917367
2555;12805;4;3000614.6768917367
2556;12810;5;3000614.6768917367
2557;12813;3;3000614.6768917367
2558;12819;6;3000614.6768917367
2559;12823;4;3000614.6768917367
2560;12826;3;3000614.6768917367
2561;12830;4;3000614.6768917367
2562;12835;5;3000614.6768917367
2563;12838;3;3000614.6768917367
2564;12842;4;3000614.6768917367
2565;12846;4;3000614.6768917367
2566;12850;4;3000614.6768917367
2567;12856;6;3000614.6768917367
2568;12859;3;3000614.6768917367
2569;12864;5;3000614.6768917367
2570;12868;4;3000614.6768917367
2571;12870;2;3000614.6768917367
2572;12875;5;3000614.6768917367
2573;12879;4;3000614.6768917367
2574;12883;4;3000614.6768917367
2575;12887;4;3000614.6768917367
2576;12893;6;3000614.6768917367
2577;12898;5;3000614.6768917367
2578;12899;1;3000614.6768917367
2579;12903;4;3000614.6768917367
2580;12904;1;3000614.6768917367
2581;12907;3;3000614.6768917367
2582;12911;4;3000614.6768917367
2583;12912;1;3000614.6768917367
2584;12916;4;3000614.6768917367
2585;12921;5;3000614.6768917367
2586;12925;4;3000614.6768917367
2587;12929;4;3000614.6768917367
2588;12934;5;3000614.6768917367
2589;12940;6;3000614.6768917367
2590;12943;3;3000614.6768917367
2591;12947;4;3000614.6768917367
2592;12952;5;3000614.6768917367
2593;12955;3;3000614.6768917367
2594;12956;1;3000614.6768917367
2595;12959;3;3000614.6768917367
2596;12964;5;3000614.6768917367
2597;12966;2;3000614.6768917367
2598;12971;5;3000614.6768917367
2599;12976;5;3000614.6768917367
2600;12980;4;3000614.6768917367
2601;12988;8;3000614.6768917367
2602;12993;5;3000614.6768917367
2603;12998;5;3000614.6768917367
2604;13002;4;3000614.6768917367
2605;13007;5;3000614.6768917367
2606;13008;1;3000614.6768917367
2607;13011;3;3000614.6768917367
2608;13016;5;3000614.6768917367
2609;13017;1;3000614.6768917367
2610;13020;3;3000614.6768917367
2611;13025;5;3000614.6768917367
2612;13029;4;3000614.6768917367
2613;13032;3;3000614.6768917367
2614;13038;6;3000614.6768917367
2615;13042;4;3000614.6768917367
2616;13048;6;3000614.6768917367
2617;13049;1;3000614.6768917367
2618;13053;4;3000614.6768917367
2619;13056;3;3000614.6768917367
2620;13061;5;3000614.6768917367
2621;13066;5;3000614.6768917367
2622;13067;1;3000614.6768917367
2623;13073;6;3000614.6768917367
2624;13082;9;3000614.6768917367
2625;13089;7;3000614.6768917367
2626;13092;3;3000614.6768917367
2627;13097;5;3000614.6768917367
2628;13105;8;3000614.6768917367
2629;13106;1;3000614.6768917367
2630;13112;6;3000614.6768917367
2631;13120;8;3000614.6768917367
2632;13125;5;3000614.6768917367
2633;13136;11;3000614.6768917367
2634;13143;7;3000614.6768917367
2635;13149;6;3000614.6768917367
2636;13155;6;3000614.6768917367
2637;13159;4;3000614.6768917367
2638;13163;4;3000614.6768917367
2639;13168;5;3000614.6768917367
2640;13171;3;3000614.6768917367
2641;13172;1;3000614.6768917367
2642;13176;4;3000614.6768917367
2643;13179;3;3000614.6768917367
2644;13184;5;3000614.6768917367
2645;13185;1;3000614.6768917367
2646;13191;6;3000614.6768917367
2647;13194;3;3000614.6768917367
2648;13197;3;3000614.6768917367
2649;13200;3;3000614.6768917367
2650;13204;4;3000614.6768917367
2651;13211;7;3000614.6768917367
2652;13215;4;3000614.6768917367
2653;13219;4;3000614.6768917367
2654;13225;6;3000614.6768917367
2655;13230;5;3000614.6768917367
2656;13234;4;3000614.6768917367
2657;13235;1;3000614.6768917367
2658;13236;1;3000614.6768917367
2659;13238;2;3000614.6768917367
2660;13242;4;3000614.6768917367
2661;13246;4;3000614.6768917367
2662;13247;1;3000614.6768917367
2663;13252;5;3000614.6768917367
2664;13256;4;3000614.6768917367
2665;13258;2;3000614.6768917367
2666;13265;7;3000614.6768917367
2667;13267;2;3000614.6768917367
2668;13272;5;3000614.6768917367
2669;13279;7;3000614.6768917367
2670;13280;1;3000614.6768917367
2671;13282;2;3000614.6768917367
2672;13287;5;3000614.6768917367
2673;13293;6;3000614.6768917367
2674;13299;6;3000614.6768917367
2675;13303;4;3000614.6768917367
2676;13307;4;3000614.6768917367
2677;13312;5;3000614.6768917367
2678;13316;4;3000614.6768917367
2679;13321;5;3000614.6768917367
2680;13325;4;3000614.6768917367
2681;13326;1;3000614.6768917367
2682;13330;4;3000614.6768917367
2683;13334;4;3000614.6768917367
2684;13340;6;3000614.6768917367
2685;13345;5;3000614.6768917367
2686;13349;4;3000614.6768917367
2687;13352;3;3000614.6768917367
2688;13353;1;3000614.6768917367
2689;13354;1;3000614.6768917367
2690;13358;4;3000614.6768917367
2691;13359;1;3000614.6768917367
2692;13361;2;3000614.6768917367
2693;13363;2;3000614.6768917367
2694;13367;4;3000613.6045617745
2695;13371;4;3000613.6045617745
2696;13376;5;3000613.6045617745
2697;13379;3;3000613.6045617745
2698;13385;6;3000613.6045617745
2699;13389;4;3000613.6045617745
2700;13393;4;3000613.6045617745
2701;13393;0;3000613.6045617745
2702;13398;5;3000613.6045617745
2703;13401;3;3000613.6045617745
2704;13402;1;3000613.6045617745
2705;13406;4;3000613.6045617745
2706;13409;3;3000613.6045617745
2707;13412;3;3000613.6045617745
2708;13413;1;3000613.6045617745
2709;13416;3;3000613.6045617745
2710;13419;3;3000613.6045617745
2711;13421;2;3000613.6045617745
2712;13422;1;3000613.6045617745
2713;13426;4;3000613.6045617745
2714;13430;4;3000613.6045617745
2715;13433;3;3000613.6045617745
2716;13438;5;3000613.6045617745
2717;13442;4;3000613.6045617745
2718;13446;4;3000613.6045617745
2719;13453;7;3000613.6045617745
2720;13460;7;3000613.6045617745
2721;13468;8;3000613.6045617745
2722;13473;5;3000613.6045617745
2723;13480;7;3000613.6045617745
2724;13482;2;3000613.6045617745
2725;13491;9;3000613.6045617745
2726;13500;9;3000613.6045617745
2727;13505;5;3000613.6045617745
2728;13508;3;3000613.6045617745
2729;13514;6;3000613.6045617745
2730;13521;7;3000613.6045617745
2731;13524;3;3000613.6045617745
2732;13525;1;3000613.6045617745
2733;13529;4;3000613.6045617745
2734;13530;1;3000613.6045617745
2735;13538;8;3000613.6045617745
2736;13544;6;3000613.6045617745
2737;13551;7;3000613.6045617745
2738;13558;7;3000613.6045617745
2739;13565;7;3000613.6045617745
2740;13573;8;3000613.6045617745
2741;13585;12;3000613.6045617745
2742;13591;6;3000613.6045617745
2743;13595;4;3000613.6045617745
2744;13596;1;3000613.6045617745
2745;13598;2;3000613.6045617745
2746;13599;1;3000613.6045617745
2747;13601;2;3000613.6045617745
2748;13605;4;3000613.6045617745
2749;13609;4;3000613.6045617745
2750;13613;4;3000613.6045617745
2751;13620;7;3000613.6045617745
2752;13625;5;3000613.6045617745
2753;13633;8;3000613.6045617745
2754;13637;4;3000613.6045617745
2755;13641;4;3000613.6045617745
2756;13646;5;3000613.6045617745
2757;13651;5;3000613.6045617745
2758;13655;4;3000613.6045617745
2759;13661;6;3000613.6045617745
2760;13667;6;3000613.6045617745
2761;13670;3;3000613.6045617745
2762;13672;2;3000613.6045617745
2763;13676;4;3000613.6045617745
2764;13677;1;3000613.6045617745
2765;13681;4;3000613.6045617745
2766;13682;1;3000613.6045617745
2767;13683;1;3000613.6045617745
2768;13687;4;3000613.6045617745
2769;13688;1;3000613.6045617745
2770;13692;4;3000613.6045617745
2771;13693;1;3000613.6045617745
2772;13698;5;3000613.6045617745
2773;13698;0;3000613.6045617745
2774;13703;5;3000613.6045617745
2775;13708;5;3000613.6045617745
2776;13713;5;3000613.6045617745
2777;13718;5;3000613.6045617745
2778;13721;3;3000613.6045617745
2779;13725;4;3000613.6045617745
2780;13730;5;3000613.6045617745
2781;13736;6;3000613.6045617745
2782;13736;0;3000613.6045617745
2783;13742;6;3000613.6045617745
2784;13747;5;3000613.6045617745
2785;13751;4;3000613.6045617745
2786;13759;8;3000613.6045617745
2787;13763;4;3000613.6045617745
2788;13764;1;3000613.6045617745
2789;13769;5;3000613.6045617745
2790;13773;4;3000613.6045617745
2791;13777;4;3000613.6045617745
2792;13782;5;3000613.6045617745
2793;13787;5;3000613.6045617745
2794;13795;8;3000613.6045617745
2795;13799;4;3000613.6045617745
2796;13803;4;3000613.6045617745
2797;13803;0;3000613.6045617745
2798;13806;3;3000613.6045617745
2799;13809;3;3000613.6045617745
2800;13815;6;3000613.6045617745
2801;13819;4;3000613.6045617745
2802;13824;5;3000613.6045617745
2803;13824;0;3000613.6045617745
2804;13829;5;3000613.6045617745
2805;13835;6;3000613.6045617745
2806;13838;3;3000613.6045617745
2807;13842;4;3000613.6045617745
2808;13845;3;3000613.6045617745
2809;13847;2;3000613.6045617745
2810;13849;2;3000613.6045617745
2811;13854;5;3000613.6045617745
2812;13859;5;3000613.6045617745
2813;13862;3;3000613.6045617745
2814;13865;3;3000613.6045617745
2815;13871;6;3000613.6045617745
2816;13875;4;3000613.6045617745
2817;13882;7;3000613.6045617745
2818;13889;7;3000613.6045617745
2819;13897;8;3000613.6045617745
2820;13904;7;3000613.6045617745
2821;13912;8;3000613.6045617745
2822;13913;1;3000613.6045617745
2823;13918;5;3000613.6045617745
2824;13924;6;3000613.6045617745
2825;13925;1;3000613.6045617745
2826;13927;2;3000613.6045617745
2827;13933;6;3000613.6045617745
2828;13941;8;3000613.6045617745
2829;13942;1;3000613.6045617745
2830;13946;4;3000613.6045617745
2831;13949;3;3000613.6045617745
2832;13953;4;3000613.6045617745
2833;13956;3;3000613.6045617745
2834;13957;1;3000613.6045617745
2835;13964;7;3000613.6045617745
2836;13969;5;3000613.6045617745
2837;13974;5;3000613.6045617745
2838;13979;5;3000613.6045617745
2839;13987;8;3000613.6045617745
2840;13993;6;3000613.6045617745
2841;13995;2;3000613.6045617745
2842;14003;8;3000613.6045617745
2843;14006;3;3000613.6045617745
2844;14014;8;3000613.6045617745
2845;14023;9;3000613.6045617745
2846;14031;8;3000613.6045617745
2847;14039;8;3000613.6045617745
2848;14045;6;3000613.6045617745
2849;14051;6;3000613.6045617745
2850;14051;0;3000613.6045617745
2851;14055;4;3000613.6045617745
2852;14062;7;3000613.6045617745
2853;14066;4;3000613.6045617745
2854;14071;5;3000613.6045617745
2855;14074;3;3000613.6045617745
2856;14080;6;3000613.6045617745
2857;14085;5;3000613.6045617745
2858;14091;6;3000613.6045617745
2859;14095;4;3000613.6045617745
2860;14100;5;3000613.6045617745
2861;14105;5;3000613.6045617745
2862;14108;3;3000613.6045617745
2863;14113;5;3000613.6045617745
2864;14118;5;3000613.6045617745
2865;14120;2;3000613.6045617745
2866;14127;7;3000613.6045617745
2867;14131;4;3000613.6045617745
2868;14135;4;3000613.6045617745
2869;14135;0;3000613.6045617745
2870;14139;4;3000613.6045617745
2871;14143;4;3000613.6045617745
2872;14148;5;3000613.6045617745
2873;14152;4;3000613.6045617745
2874;14157;5;3000613.6045617745
2875;14160;3;3000613.6045617745
2876;14164;4;3000613.6045617745
2877;14168;4;3000613.6045617745
2878;14172;4;3000613.6045617745
2879;14173;1;3000613.6045617745
2880;14177;4;3000613.6045617745
2881;14180;3;3000613.6045617745
2882;14184;4;3000613.6045617745
2883;14185;1;3000613.6045617745
2884;14189;4;3000613.6045617745
2885;14192;3;3000613.6045617745
2886;14195;3;3000613.6045617745
2887;14201;6;3000613.6045617745
2888;14203;2;3000613.6045617745
2889;14204;1;3000613.6045617745
2890;14206;2;3000613.6045617745
2891;14208;2;3000613.6045617745
2892;14209;1;3000613.6045617745
2893;14213;4;3000613.6045617745
2894;14216;3;3000613.6045617745
2895;14220;4;3000613.6045617745
2896;14224;4;3000613.6045617745
2897;14228;4;3000613.6045617745
2898;14233;5;3000613.6045617745
2899;14234;1;3000613.6045617745
2900;14238;4;3000613.6045617745
2901;14240;2;3000613.6045617745
2902;14243;3;3000613.6045617745
2903;14248;5;3000613.6045617745
2904;14252;4;3000613.6045617745
2905;14255;3;3000613.6045617745
2906;14258;3;3000613.6045617745
2907;14262;4;3000613.6045617745
2908;14266;4;3000613.6045617745
2909;14267;1;3000613.6045617745
2910;14268;1;3000613.6045617745
2911;14273;5;3000613.6045617745
2912;14274;1;3000613.6045617745
2913;14279;5;3000613.6045617745
2914;14282;3;3000613.6045617745
2915;14287;5;3000613.6045617745
2916;14289;2;3000613.6045617745
2917;14293;4;3000613.6045617745
2918;14299;6;3000613.6045617745
2919;14304;5;3000613.6045617745
2920;14307;3;3000613.6045617745
2921;14311;4;3000613.6045617745
2922;14314;3;3000613.6045617745
2923;14317;3;3000613.6045617745
2924;14320;3;3000613.6045617745
2925;14325;5;3000613.6045617745
2926;14325;0;3000613.6045617745
2927;14328;3;3000613.6045617745
2928;14332;4;3000613.6045617745
2929;14337;5;3000613.6045617745
2930;14340;3;3000613.6045617745
2931;14343;3;3000613.6045617745
2932;14348;5;3000613.6045617745
2933;14352;4;3000613.6045617745
2934;14357;5;3000613.6045617745
2935;14358;1;3000613.6045617745
2936;14360;2;3000613.6045617745
2937;14364;4;3000613.6045617745
2938;14368;4;3000613.6045617745
2939;14371;3;3000613.6045617745
2940;14375;4;3000613.6045617745
2941;14378;3;3000613.6045617745
2942;14383;5;3000613.6045617745
2943;14389;6;3000613.6045617745
2944;14393;4;3000613.6045617745
2945;14394;1;3000613.6045617745
2946;14397;3;3000613.6045617745
2947;14400;3;3000613.6045617745
2948;14404;4;3000613.6045617745
2949;14410;6;3000613.6045617745
2950;14414;4;3000613.6045617745
2951;14416;2;3000613.6045617745
2952;14421;5;3000613.6045617745
2953;14425;4;3000613.6045617745
2954;14425;0;3000613.6045617745
2955;14430;5;3000613.6045617745
2956;14437;7;3000613.6045617745
2957;14438;1;3000613.6045617745
2958;14441;3;3000613.6045617745
2959;14445;4;3000613.6045617745
2960;14448;3;3000613.6045617745
2961;14450;2;3000613.6045617745
2962;14453;3;3000613.6045617745
2963;14457;4;3000613.6045617745
2964;14460;3;3000613.6045617745
2965;14461;1;3000613.6045617745
2966;14462;1;3000613.6045617745
2967;14466;4;3000613.6045617745
2968;14470;4;3000613.6045617745
2969;14474;4;3000613.6045617745
2970;14475;1;3000613.6045617745
2971;14479;4;3000613.6045617745
2972;14483;4;3000613.6045617745
2973;14486;3;3000613.6045617745
2974;14490;4;3000613.6045617745
2975;14492;2;3000613.6045617745
2976;14497;5;3000613.6045617745
2977;14499;2;3000613.6045617745
2978;14500;1;3000613.6045617745
2979;14502;2;3000613.6045617745
2980;14508;6;3000613.6045617745
2981;14513;5;3000613.6045617745
2982;14517;4;3000613.6045617745
2983;14521;4;3000613.6045617745
2984;14523;2;3000613.6045617745
2985;14524;1;3000613.6045617745
2986;14531;7;3000613.6045617745
2987;14536;5;3000613.6045617745
2988;14536;0;3000613.6045617745
2989;14540;4;3000613.6045617745
2990;14544;4;3000613.6045617745
2991;14548;4;3000613.6045617745
2992;14548;0;3000613.6045617745
2993;14549;1;3000613.6045617745
2994;14555;6;3000613.6045617745
2995;14556;1;3000613.6045617745
2996;14560;4;3000613.6045617745
2997;14565;5;3000613.6045617745
2998;14569;4;3000613.6045617745
2999;14573;4;3000613.6045617745
