Index;Time point [ms];Iteration length [ms];Cost
0;14;14;4001818.7793740034
1;21;7;4001529.9080006457
2;26;5;4001345.5268096714
3;33;7;3001346.131322911
4;36;3;3001346.131322911
5;38;2;3001346.131322911
6;39;1;3001346.131322911
7;45;6;3001199.266785115
8;51;6;3001165.9213698097
9;57;6;3001165.9213698097
10;61;4;3001165.9213698097
11;67;6;3001165.9213698097
12;74;7;3001165.9213698097
13;79;5;3001165.9213698097
14;86;7;3001165.9213698097
15;89;3;3001165.9213698097
16;94;5;3001165.9213698097
17;102;8;3001165.9213698097
18;113;11;3001165.9213698097
19;120;7;3001130.1615537973
20;123;3;3001130.1615537973
21;126;3;3001130.1615537973
22;133;7;3001130.1615537973
23;137;4;3001130.1615537973
24;138;1;3001130.1615537973
25;144;6;3001097.697791077
26;149;5;3001097.697791077
27;154;5;3001097.697791077
28;160;6;3001097.697791077
29;167;7;3001097.697791077
30;172;5;3001097.697791077
31;179;7;3001097.697791077
32;184;5;3001097.697791077
33;190;6;3001097.697791077
34;197;7;3001097.697791077
35;200;3;3001097.697791077
36;211;11;3001097.697791077
37;219;8;3001097.697791077
38;224;5;3001097.697791077
39;231;7;3001097.697791077
40;238;7;3001097.697791077
41;241;3;3001097.697791077
42;248;7;3001097.697791077
43;255;7;3001097.697791077
44;258;3;3001097.697791077
45;263;5;3001097.697791077
46;267;4;3001097.697791077
47;272;5;3001097.697791077
48;279;7;3001097.697791077
49;285;6;3001097.697791077
50;290;5;3001097.697791077
51;297;7;3001097.697791077
52;309;12;3001097.697791077
53;315;6;3001097.697791077
54;319;4;3001097.697791077
55;325;6;3001097.697791077
56;328;3;3001097.697791077
57;333;5;3001097.697791077
58;341;8;3001097.697791077
59;347;6;3001097.697791077
60;353;6;3001097.697791077
61;357;4;3001097.697791077
62;366;9;3001097.697791077
63;366;0;3001097.697791077
64;372;6;3001097.697791077
65;380;8;3001097.697791077
66;384;4;3001097.697791077
67;388;4;3001097.697791077
68;391;3;3001097.697791077
69;395;4;3001097.697791077
70;399;4;3001097.697791077
71;406;7;3001097.697791077
72;411;5;3001097.697791077
73;416;5;3001097.697791077
74;417;1;3001097.697791077
75;423;6;3001097.697791077
76;424;1;3001097.697791077
77;428;4;3001097.697791077
78;435;7;3001097.697791077
79;445;10;3001097.697791077
80;450;5;3001097.697791077
81;455;5;3001097.697791077
82;462;7;3001097.697791077
83;469;7;3001097.697791077
84;476;7;3001097.697791077
85;481;5;3001097.697791077
86;485;4;3001097.697791077
87;491;6;3001097.697791077
88;497;6;3001097.697791077
89;504;7;3001097.697791077
90;511;7;3001097.697791077
91;516;5;3001097.697791077
92;520;4;3001097.697791077
93;522;2;3001097.697791077
94;527;5;3001097.697791077
95;530;3;3001097.697791077
96;533;3;3001097.697791077
97;541;8;3001097.697791077
98;546;5;3001097.697791077
99;547;1;3001097.697791077
100;555;8;3001097.697791077
101;563;8;3001097.697791077
102;570;7;3001097.697791077
103;577;7;3001097.697791077
104;582;5;3001097.697791077
105;586;4;3001097.697791077
106;586;0;3001097.697791077
107;591;5;3001097.697791077
108;591;0;3001097.697791077
109;592;1;3001097.697791077
110;597;5;3001097.697791077
111;600;3;3001097.697791077
112;605;5;3001097.697791077
113;610;5;3001097.697791077
114;610;0;3001097.697791077
115;617;7;3001097.697791077
116;624;7;3001097.697791077
117;629;5;3001097.697791077
118;630;1;3001097.697791077
119;636;6;3001097.697791077
120;642;6;3001097.697791077
121;649;7;3001097.697791077
122;655;6;3001097.697791077
123;661;6;3001097.697791077
124;665;4;3001097.697791077
125;669;4;3001097.697791077
126;677;8;3001097.697791077
127;677;0;3001097.697791077
128;681;4;3001097.697791077
129;685;4;3001097.697791077
130;686;1;3001097.697791077
131;693;7;3001097.697791077
132;701;8;3001097.697791077
133;708;7;3001097.697791077
134;712;4;3001097.697791077
135;714;2;3001097.697791077
136;722;8;3001097.697791077
137;723;1;3001097.697791077
138;729;6;3001097.697791077
139;734;5;3001097.697791077
140;740;6;3001097.697791077
141;746;6;3001097.697791077
142;753;7;3001097.697791077
143;759;6;3001097.697791077
144;763;4;3001097.697791077
145;769;6;3001097.697791077
146;775;6;3001097.697791077
147;781;6;3001097.697791077
148;782;1;3001097.697791077
149;787;5;3001097.697791077
150;787;0;3001097.697791077
151;793;6;3001097.697791077
152;798;5;3001097.697791077
153;798;0;3001097.697791077
154;806;8;3001097.697791077
155;811;5;3001097.697791077
156;815;4;3001097.697791077
157;819;4;3001097.697791077
158;824;5;3001097.697791077
159;830;6;3001097.697791077
160;833;3;3001097.697791077
161;839;6;3001097.697791077
162;840;1;3001097.697791077
163;847;7;3001097.697791077
164;853;6;3001097.697791077
165;859;6;3001097.697791077
166;860;1;3001097.697791077
167;861;1;3001097.697791077
168;866;5;3001097.697791077
169;869;3;3001097.697791077
170;874;5;3001097.697791077
171;877;3;3001097.697791077
172;883;6;3001097.697791077
173;889;6;3001097.697791077
174;890;1;3001097.697791077
175;895;5;3001097.697791077
176;907;12;3001097.697791077
177;915;8;3001097.697791077
178;925;10;3001097.697791077
179;932;7;3001097.697791077
180;941;9;3001097.697791077
181;944;3;3001097.697791077
182;950;6;3001097.697791077
183;957;7;3001097.697791077
184;964;7;3001097.697791077
185;970;6;3001097.697791077
186;977;7;3001097.697791077
187;978;1;3001097.697791077
188;987;9;3001097.697791077
189;994;7;3001097.697791077
190;1000;6;3001097.697791077
191;1003;3;3001097.697791077
192;1011;8;3001092.923032172
193;1012;1;3001091.3664029776
194;1015;3;3001091.3664029776
195;1022;7;3001091.3664029776
196;1029;7;3001091.3664029776
197;1029;0;3001091.3664029776
198;1032;3;3001075.113750071
199;1036;4;3001068.1993500153
200;1041;5;3001068.1993500153
201;1045;4;3001068.1993500153
202;1051;6;3001068.1993500153
203;1057;6;3001068.1993500153
204;1064;7;3001068.1993500153
205;1074;10;3001068.1993500153
206;1081;7;3001068.1993500153
207;1086;5;3001068.1993500153
208;1089;3;3001068.1993500153
209;1092;3;3001068.1993500153
210;1093;1;3001068.1993500153
211;1097;4;3001068.1993500153
212;1104;7;3001068.1993500153
213;1113;9;3001068.1993500153
214;1115;2;3001068.1993500153
215;1119;4;3001068.1993500153
216;1125;6;3001068.1993500153
217;1130;5;3001068.1993500153
218;1139;9;3001068.1993500153
219;1145;6;3001068.1993500153
220;1147;2;3001068.1993500153
221;1149;2;3001068.1993500153
222;1154;5;3001068.1993500153
223;1161;7;3001068.1993500153
224;1164;3;3001068.1993500153
225;1165;1;3001068.1993500153
226;1170;5;3001068.1993500153
227;1177;7;3001068.1993500153
228;1182;5;3001068.1993500153
229;1188;6;3001068.1993500153
230;1194;6;3001068.1993500153
231;1197;3;3001068.1993500153
232;1203;6;3001068.1993500153
233;1214;11;3001068.1993500153
234;1226;12;3001068.1993500153
235;1238;12;3001068.1993500153
236;1239;1;3001068.1993500153
237;1262;23;3001068.1993500153
238;1266;4;3001068.1993500153
239;1281;15;3001068.1993500153
240;1291;10;3001068.1993500153
241;1308;17;3001068.1993500153
242;1321;13;3001068.1993500153
243;1333;12;3001068.1993500153
244;1343;10;3001068.1993500153
245;1350;7;3001068.1993500153
246;1357;7;3001068.1993500153
247;1362;5;3001068.1993500153
248;1366;4;3001068.1993500153
249;1377;11;3001068.1993500153
250;1388;11;3001068.1993500153
251;1402;14;3001068.1993500153
252;1415;13;3001068.1993500153
253;1424;9;3001068.1993500153
254;1431;7;3001068.1993500153
255;1437;6;3001068.1993500153
256;1445;8;3001068.1993500153
257;1446;1;3001068.1993500153
258;1451;5;3001068.1993500153
259;1456;5;3001068.1993500153
260;1463;7;3001068.1993500153
261;1469;6;3001068.1993500153
262;1469;0;3001068.1993500153
263;1470;1;3001068.1993500153
264;1475;5;3001068.1993500153
265;1483;8;3001068.1993500153
266;1490;7;3001068.1993500153
267;1494;4;3001068.1993500153
268;1506;12;3001068.1993500153
269;1511;5;3001068.1993500153
270;1517;6;3001068.1993500153
271;1522;5;3001068.1993500153
272;1525;3;3001068.1993500153
273;1526;1;3001068.1993500153
274;1532;6;3001068.1993500153
275;1541;9;3001068.1993500153
276;1546;5;3001068.1993500153
277;1551;5;3001068.1993500153
278;1555;4;3001068.1993500153
279;1560;5;3001068.1993500153
280;1562;2;3001068.1993500153
281;1563;1;3001068.1993500153
282;1567;4;3001068.1993500153
283;1575;8;3001068.1993500153
284;1581;6;3001068.1993500153
285;1587;6;3001068.1993500153
286;1591;4;3001068.1993500153
287;1598;7;3001068.1993500153
288;1610;12;3001068.1993500153
289;1619;9;3001068.1993500153
290;1620;1;3001068.1993500153
291;1621;1;3001068.1993500153
292;1621;0;3001068.1993500153
293;1628;7;3001068.1993500153
294;1631;3;3001068.1993500153
295;1637;6;3001068.1993500153
296;1639;2;3001068.1993500153
297;1640;1;3001068.1993500153
298;1645;5;3001068.1993500153
299;1652;7;3001068.1993500153
300;1653;1;3001068.1993500153
301;1654;1;3001068.1993500153
302;1660;6;3001068.1993500153
303;1665;5;3001068.1993500153
304;1671;6;3001068.1993500153
305;1674;3;3001068.1993500153
306;1679;5;3001068.1993500153
307;1684;5;3001068.1993500153
308;1688;4;3001068.1993500153
309;1695;7;3001068.1993500153
310;1702;7;3001068.1993500153
311;1709;7;3001068.1993500153
312;1717;8;3001068.1993500153
313;1724;7;3001068.1993500153
314;1734;10;3001068.1993500153
315;1756;22;3001068.1993500153
316;1766;10;3001068.1993500153
317;1775;9;3001068.1993500153
318;1786;11;3001068.1993500153
319;1787;1;3001068.1993500153
320;1788;1;3001068.1993500153
321;1798;10;3001068.1993500153
322;1807;9;3001068.1993500153
323;1809;2;3001068.1993500153
324;1820;11;3001068.1993500153
325;1826;6;3001068.1993500153
326;1835;9;3001068.1993500153
327;1836;1;3001068.1993500153
328;1842;6;3001068.1993500153
329;1849;7;3001068.1993500153
330;1850;1;3001068.1993500153
331;1855;5;3001068.1993500153
332;1868;13;3001068.1993500153
333;1878;10;3001068.1993500153
334;1885;7;3001068.1993500153
335;1893;8;3001068.1993500153
336;1902;9;3001068.1993500153
337;1904;2;3001068.1993500153
338;1914;10;3001068.1993500153
339;1917;3;3001068.1993500153
340;1924;7;3001068.1993500153
341;1924;0;3001068.1993500153
342;1931;7;3001068.1993500153
343;1937;6;3001068.1993500153
344;1944;7;3001068.1993500153
345;1945;1;3001068.1993500153
346;1954;9;3001068.1993500153
347;1962;8;3001068.1993500153
348;1973;11;3001068.1993500153
349;1984;11;3001068.1993500153
350;1995;11;3001068.1993500153
351;2009;14;3001068.1993500153
352;2018;9;3001068.1993500153
353;2024;6;3001068.1993500153
354;2034;10;3001068.1993500153
355;2041;7;3001068.1993500153
356;2050;9;3001068.1993500153
357;2055;5;3001068.1993500153
358;2062;7;3001068.1993500153
359;2062;0;3001068.1993500153
360;2070;8;3001068.1993500153
361;2079;9;3001068.1993500153
362;2079;0;3001068.1993500153
363;2080;1;3001068.1993500153
364;2085;5;3001068.1993500153
365;2091;6;3001068.1993500153
366;2099;8;3001068.1993500153
367;2105;6;3001068.1993500153
368;2113;8;3001068.1993500153
369;2113;0;3001068.1993500153
370;2119;6;3001068.1993500153
371;2126;7;3001068.1993500153
372;2131;5;3001068.1993500153
373;2138;7;3001068.1993500153
374;2140;2;3001068.1993500153
375;2145;5;3001068.1993500153
376;2153;8;3001068.1993500153
377;2155;2;3001068.1993500153
378;2161;6;3001068.1993500153
379;2167;6;3001068.1993500153
380;2176;9;3001068.1993500153
381;2181;5;3001068.1993500153
382;2188;7;3001068.1993500153
383;2189;1;3001068.1993500153
384;2192;3;3001068.1993500153
385;2196;4;3001068.1993500153
386;2198;2;3001068.1993500153
387;2202;4;3001068.1993500153
388;2207;5;3001068.1993500153
389;2214;7;3001068.1993500153
390;2218;4;3001068.1993500153
391;2225;7;3001068.1993500153
392;2231;6;3001068.1993500153
393;2237;6;3001068.1993500153
394;2248;11;3001068.1993500153
395;2258;10;3001068.1993500153
396;2269;11;3001068.1993500153
397;2281;12;3001068.1993500153
398;2287;6;3001068.1993500153
399;2299;12;3001068.1993500153
400;2305;6;3001068.1993500153
401;2312;7;3001068.1993500153
402;2320;8;3001068.1993500153
403;2325;5;3001068.1993500153
404;2333;8;3001068.1993500153
405;2339;6;3001068.1993500153
406;2346;7;3001068.1993500153
407;2350;4;3001068.1993500153
408;2357;7;3001068.1993500153
409;2358;1;3001068.1993500153
410;2363;5;3001068.1993500153
411;2367;4;3001068.1993500153
412;2372;5;3001068.1993500153
413;2374;2;3001068.1993500153
414;2378;4;3001068.1993500153
415;2382;4;3001068.1993500153
416;2387;5;3001068.1993500153
417;2388;1;3001068.1993500153
418;2395;7;3001068.1993500153
419;2395;0;3001068.1993500153
420;2402;7;3001068.1993500153
421;2407;5;3001068.1993500153
422;2407;0;3001068.1993500153
423;2411;4;3001068.1993500153
424;2417;6;3001068.1993500153
425;2421;4;3001068.1993500153
426;2422;1;3001068.1993500153
427;2423;1;3001068.1993500153
428;2425;2;3001068.1993500153
429;2426;1;3001068.1993500153
430;2429;3;3001068.1993500153
431;2434;5;3001068.1993500153
432;2435;1;3001068.1993500153
433;2441;6;3001068.1993500153
434;2446;5;3001068.1993500153
435;2452;6;3001068.1993500153
436;2453;1;3001068.1993500153
437;2453;0;3001068.1993500153
438;2454;1;3001068.1993500153
439;2458;4;3001068.1993500153
440;2464;6;3001068.1993500153
441;2471;7;3001068.1993500153
442;2474;3;3001068.1993500153
443;2475;1;3001068.1993500153
444;2481;6;3001068.1993500153
445;2487;6;3001068.1993500153
446;2490;3;3001068.1993500153
447;2496;6;3001068.1993500153
448;2502;6;3001068.1993500153
449;2508;6;3001068.1993500153
450;2514;6;3001068.1993500153
451;2521;7;3001068.1993500153
452;2524;3;3001068.1993500153
453;2529;5;3001068.1993500153
454;2537;8;3001068.1993500153
455;2538;1;3001068.1993500153
456;2544;6;3001068.1993500153
457;2547;3;3001068.1993500153
458;2550;3;3001068.1993500153
459;2557;7;3001068.1993500153
460;2561;4;3001068.1993500153
461;2567;6;3001068.1993500153
462;2573;6;3001068.1993500153
463;2579;6;3001068.1993500153
464;2584;5;3001068.1993500153
465;2590;6;3001068.1993500153
466;2594;4;3001068.1993500153
467;2598;4;3001068.1993500153
468;2602;4;3001068.1993500153
469;2609;7;3001068.1993500153
470;2611;2;3001068.1993500153
471;2615;4;3001068.1993500153
472;2621;6;3001068.1993500153
473;2626;5;3001068.1993500153
474;2631;5;3001068.1993500153
475;2634;3;3001068.1993500153
476;2640;6;3001068.1993500153
477;2645;5;3001068.1993500153
478;2651;6;3001068.1993500153
479;2660;9;3001064.5050505246
480;2666;6;3001064.5050505246
481;2669;3;3001064.5050505246
482;2674;5;3001064.5050505246
483;2678;4;3001064.5050505246
484;2681;3;3001064.5050505246
485;2682;1;3001064.5050505246
486;2687;5;3001064.5050505246
487;2696;9;3001064.5050505246
488;2700;4;3001064.5050505246
489;2708;8;3001037.6181459427
490;2714;6;3001037.6181459427
491;2719;5;3001037.6181459427
492;2728;9;3001037.6181459427
493;2734;6;3001037.6181459427
494;2741;7;3001037.6181459427
495;2745;4;3001037.6181459427
496;2752;7;3001037.6181459427
497;2752;0;3001037.6181459427
498;2758;6;3001037.6181459427
499;2765;7;3001037.6181459427
500;2770;5;3001037.6181459427
501;2777;7;3001037.6181459427
502;2783;6;3001037.6181459427
503;2788;5;3001037.6181459427
504;2794;6;3001037.6181459427
505;2799;5;3001037.6181459427
506;2805;6;3001037.6181459427
507;2805;0;3001037.6181459427
508;2811;6;3001037.6181459427
509;2815;4;3001037.6181459427
510;2820;5;3001037.6181459427
511;2826;6;3001037.6181459427
512;2828;2;3001037.6181459427
513;2836;8;3001037.6181459427
514;2844;8;3001037.6181459427
515;2848;4;3001037.6181459427
516;2854;6;3001037.6181459427
517;2861;7;3001037.6181459427
518;2866;5;3001037.6181459427
519;2867;1;3001037.6181459427
520;2872;5;3001026.9519188525
521;2875;3;3001026.9519188525
522;2877;2;3001026.9519188525
523;2878;1;3001026.9519188525
524;2885;7;3001026.9519188525
525;2888;3;3001026.9519188525
526;2894;6;3001026.9519188525
527;2898;4;3001026.9519188525
528;2903;5;3001026.9519188525
529;2909;6;3001026.9519188525
530;2915;6;3001026.9519188525
531;2920;5;3001026.9519188525
532;2926;6;3001026.9519188525
533;2930;4;3001026.9519188525
534;2933;3;3001026.9519188525
535;2938;5;3001026.9519188525
536;2942;4;3001026.9519188525
537;2943;1;3001026.9519188525
538;2945;2;3001026.9519188525
539;2946;1;3001026.9519188525
540;2952;6;3001026.9519188525
541;2953;1;3001026.9519188525
542;2959;6;3001026.9519188525
543;2959;0;3001026.9519188525
544;2961;2;3001026.9519188525
545;2964;3;3001026.9519188525
546;2969;5;3001026.9519188525
547;2970;1;3001026.9519188525
548;2973;3;3001026.9519188525
549;2980;7;3001026.9519188525
550;2984;4;3001026.9519188525
551;2988;4;3001026.9519188525
552;2993;5;3001026.9519188525
553;2999;6;3001026.9519188525
554;3003;4;3001026.9519188525
555;3003;0;3001026.9519188525
556;3012;9;3001026.9519188525
557;3018;6;3001026.9519188525
558;3025;7;3001026.9519188525
559;3029;4;3001026.9519188525
560;3034;5;3001026.9519188525
561;3042;8;3001026.9519188525
562;3047;5;3001026.9519188525
563;3052;5;3001026.9519188525
564;3058;6;3001026.9519188525
565;3063;5;3001026.9519188525
566;3068;5;3001026.9519188525
567;3069;1;3001026.9519188525
568;3073;4;3001026.9519188525
569;3079;6;3001026.9519188525
570;3085;6;3001026.9519188525
571;3091;6;3001026.9519188525
572;3099;8;3001026.9519188525
573;3104;5;3001026.9519188525
574;3105;1;3001026.9519188525
575;3105;0;3001026.9519188525
576;3112;7;3001026.9519188525
577;3118;6;3001026.9519188525
578;3124;6;3001026.9519188525
579;3127;3;3001026.9519188525
580;3134;7;3001026.9519188525
581;3140;6;3001026.9519188525
582;3141;1;3001026.9519188525
583;3148;7;3001026.9519188525
584;3155;7;3001026.9519188525
585;3162;7;3001026.9519188525
586;3164;2;3001026.9519188525
587;3166;2;3001026.9519188525
588;3171;5;3001026.9519188525
589;3176;5;3001026.9519188525
590;3181;5;3001026.9519188525
591;3184;3;3001026.9519188525
592;3190;6;3001026.9519188525
593;3196;6;3001026.9519188525
594;3196;0;3001026.9519188525
595;3197;1;3001026.9519188525
596;3199;2;3001026.9519188525
597;3206;7;3001026.9519188525
598;3214;8;3001026.9519188525
599;3216;2;3001026.9519188525
600;3219;3;3001026.9519188525
601;3225;6;3001026.9519188525
602;3232;7;3001026.9519188525
603;3243;11;3001026.9519188525
604;3248;5;3001026.9519188525
605;3254;6;3001026.9519188525
606;3262;8;3001026.9519188525
607;3263;1;3001026.9519188525
608;3270;7;3001026.9519188525
609;3272;2;3001026.9519188525
610;3280;8;3001026.9519188525
611;3288;8;3001026.9519188525
612;3294;6;3001026.9519188525
613;3298;4;3001026.9519188525
614;3304;6;3001026.9519188525
615;3310;6;3001026.9519188525
616;3321;11;3001026.9519188525
617;3326;5;3001026.9519188525
618;3332;6;3001026.9519188525
619;3339;7;3001026.9519188525
620;3344;5;3001026.9519188525
621;3350;6;3001026.9519188525
622;3353;3;3001026.9519188525
623;3358;5;3001026.9519188525
624;3359;1;3001026.9519188525
625;3360;1;3001026.9519188525
626;3367;7;3001026.9519188525
627;3368;1;3001026.9519188525
628;3375;7;3001026.9519188525
629;3381;6;3001026.9519188525
630;3386;5;3001026.9519188525
631;3392;6;3001026.9519188525
632;3398;6;3001026.9519188525
633;3403;5;3001026.9519188525
634;3407;4;3001026.9519188525
635;3412;5;3001026.9519188525
636;3413;1;3001026.9519188525
637;3419;6;3001026.9519188525
638;3420;1;3001026.9519188525
639;3425;5;3001026.9519188525
640;3426;1;3001026.9519188525
641;3432;6;3001026.9519188525
642;3443;11;3001026.9519188525
643;3451;8;3001026.9519188525
644;3457;6;3001026.9519188525
645;3464;7;3001026.9519188525
646;3473;9;3001026.9519188525
647;3480;7;3001026.9519188525
648;3486;6;3001026.9519188525
649;3490;4;3001026.9519188525
650;3498;8;3001026.9519188525
651;3507;9;3001026.9519188525
652;3514;7;3001026.9519188525
653;3515;1;3001026.9519188525
654;3531;16;3001026.9519188525
655;3547;16;3001026.9519188525
656;3565;18;3001026.9519188525
657;3572;7;3001026.9519188525
658;3587;15;3001026.9519188525
659;3602;15;3001026.9519188525
660;3606;4;3001026.9519188525
661;3610;4;3001026.9519188525
662;3617;7;3001026.9519188525
663;3628;11;3001026.9519188525
664;3635;7;3001026.9519188525
665;3644;9;3001026.9519188525
666;3654;10;3001026.9519188525
667;3668;14;3001026.9519188525
668;3681;13;3001026.9519188525
669;3689;8;3001026.9519188525
670;3697;8;3001026.9519188525
671;3706;9;3001026.9519188525
672;3728;22;3001026.9519188525
673;3735;7;3001026.9519188525
674;3745;10;3001026.9519188525
675;3751;6;3001026.9519188525
676;3763;12;3001026.9519188525
677;3765;2;3001026.9519188525
678;3765;0;3001026.9519188525
679;3770;5;3001026.9519188525
680;3771;1;3001026.9519188525
681;3779;8;3001026.9519188525
682;3784;5;3001026.9519188525
683;3788;4;3001026.9519188525
684;3795;7;3001026.9519188525
685;3803;8;3001026.9519188525
686;3814;11;3001026.9519188525
687;3821;7;3001026.9519188525
688;3822;1;3001026.9519188525
689;3834;12;3001026.9519188525
690;3838;4;3001026.9519188525
691;3839;1;3001026.9519188525
692;3844;5;3001026.9519188525
693;3845;1;3001026.9519188525
694;3853;8;3001026.9519188525
695;3857;4;3001026.9519188525
696;3868;11;3001026.9519188525
697;3873;5;3001026.9519188525
698;3880;7;3001026.9519188525
699;3882;2;3001026.9519188525
700;3887;5;3001026.9519188525
701;3893;6;3001026.9519188525
702;3909;16;3001026.9519188525
703;3913;4;3001026.9519188525
704;3927;14;3001026.9519188525
705;3941;14;3001026.9519188525
706;3953;12;3001026.9519188525
707;3962;9;3001026.9519188525
708;3971;9;3001026.9519188525
709;3978;7;3001026.9519188525
710;3985;7;3001026.9519188525
711;3989;4;3001026.9519188525
712;3998;9;3001026.9519188525
713;4013;15;3001026.9519188525
714;4022;9;3001026.9519188525
715;4027;5;3001026.9519188525
716;4032;5;3001026.9519188525
717;4034;2;3001026.9519188525
718;4040;6;3001026.9519188525
719;4045;5;3001026.9519188525
720;4052;7;3001026.9519188525
721;4054;2;3001026.9519188525
722;4058;4;3001026.9519188525
723;4060;2;3001026.9519188525
724;4072;12;3001026.9519188525
725;4081;9;3001026.9519188525
726;4088;7;3001026.9519188525
727;4095;7;3001026.9519188525
728;4118;23;3001026.9519188525
729;4128;10;3001026.9519188525
730;4136;8;3001026.9519188525
731;4141;5;3001026.9519188525
732;4151;10;3001026.9519188525
733;4162;11;3001026.9519188525
734;4172;10;3001026.9519188525
735;4182;10;3001026.9519188525
736;4183;1;3001026.9519188525
737;4191;8;3001026.9519188525
738;4197;6;3001026.9519188525
739;4206;9;3001026.9519188525
740;4208;2;3001026.9519188525
741;4217;9;3001026.9519188525
742;4221;4;3001026.9519188525
743;4225;4;3001026.9519188525
744;4226;1;3001026.9519188525
745;4227;1;3001026.9519188525
746;4235;8;3001026.9519188525
747;4249;14;3001026.9519188525
748;4258;9;3001026.9519188525
749;4264;6;3001026.9519188525
750;4277;13;3001026.9519188525
751;4288;11;3001026.9519188525
752;4290;2;3001026.9519188525
753;4300;10;3001026.9519188525
754;4306;6;3001026.9519188525
755;4316;10;3001026.9519188525
756;4324;8;3001026.9519188525
757;4333;9;3001026.9519188525
758;4333;0;3001026.9519188525
759;4342;9;3001026.9519188525
760;4343;1;3001026.9519188525
761;4351;8;3001026.9519188525
762;4360;9;3001026.9519188525
763;4368;8;3001026.9519188525
764;4372;4;3001026.9519188525
765;4382;10;3001026.9519188525
766;4391;9;3001026.9519188525
767;4398;7;3001026.9519188525
768;4412;14;3001026.9519188525
769;4417;5;3001026.9519188525
770;4429;12;3001026.9519188525
771;4439;10;3001026.9519188525
772;4447;8;3001026.9519188525
773;4460;13;3001026.9519188525
774;4470;10;3001026.9519188525
775;4482;12;3001026.9519188525
776;4490;8;3001026.9519188525
777;4496;6;3001026.9519188525
778;4502;6;3001026.9519188525
779;4513;11;3001026.9519188525
780;4519;6;3001026.9519188525
781;4525;6;3001026.9519188525
782;4529;4;3001026.9519188525
783;4542;13;3001026.9519188525
784;4547;5;3001026.9519188525
785;4557;10;3001026.9519188525
786;4564;7;3001026.9519188525
787;4574;10;3001026.9519188525
788;4575;1;3001026.9519188525
789;4579;4;3001026.9519188525
790;4586;7;3001026.9519188525
791;4596;10;3001026.9519188525
792;4601;5;3001026.9519188525
793;4607;6;3001026.9519188525
794;4614;7;3001026.9519188525
795;4625;11;3001026.9519188525
796;4630;5;3001026.9519188525
797;4638;8;3001026.9519188525
798;4649;11;3001026.9519188525
799;4653;4;3001026.9519188525
800;4657;4;3001026.9519188525
801;4663;6;3001026.9519188525
802;4664;1;3001026.9519188525
803;4670;6;3001026.9519188525
804;4673;3;3001026.9519188525
805;4674;1;3001026.9519188525
806;4679;5;3001026.9519188525
807;4686;7;3001026.9519188525
808;4690;4;3001026.9519188525
809;4697;7;3001026.9519188525
810;4698;1;3001026.9519188525
811;4700;2;3001026.9519188525
812;4719;19;3001026.9519188525
813;4726;7;3001026.9519188525
814;4727;1;3001026.9519188525
815;4740;13;3001026.9519188525
816;4746;6;3001026.9519188525
817;4760;14;3001026.9519188525
818;4762;2;3001026.9519188525
819;4766;4;3001026.9519188525
820;4774;8;3001026.9519188525
821;4777;3;3001026.9519188525
822;4778;1;3001026.9519188525
823;4784;6;3001026.9519188525
824;4789;5;3001026.9519188525
825;4796;7;3001026.9519188525
826;4803;7;3001026.9519188525
827;4815;12;3001026.9519188525
828;4824;9;3001026.9519188525
829;4825;1;3001026.9519188525
830;4838;13;3001026.9519188525
831;4846;8;3001026.9519188525
832;4847;1;3001026.9519188525
833;4857;10;3001026.9519188525
834;4866;9;3001026.9519188525
835;4873;7;3001026.9519188525
836;4886;13;3001020.230929468
837;4894;8;3001020.230929468
838;4906;12;3001020.230929468
839;4911;5;3001020.230929468
840;4921;10;3001020.230929468
841;4927;6;3001020.230929468
842;4935;8;3001020.230929468
843;4940;5;3001020.230929468
844;4947;7;3001020.230929468
845;4950;3;3001020.230929468
846;4954;4;3001020.230929468
847;4967;13;3001020.230929468
848;4980;13;3001020.230929468
849;4991;11;3001020.230929468
850;5005;14;3001020.230929468
851;5016;11;3001020.230929468
852;5026;10;3001020.230929468
853;5035;9;3001020.230929468
854;5044;9;3001020.230929468
855;5052;8;3001020.230929468
856;5064;12;3001020.230929468
857;5076;12;3001020.230929468
858;5083;7;3001020.230929468
859;5084;1;3001020.230929468
860;5085;1;3001020.230929468
861;5102;17;3001020.230929468
862;5112;10;3001020.230929468
863;5121;9;3001020.230929468
864;5132;11;3001020.230929468
865;5147;15;3001020.230929468
866;5156;9;3001020.230929468
867;5157;1;3001020.230929468
868;5164;7;3001020.230929468
869;5175;11;3001020.230929468
870;5176;1;3001020.230929468
871;5187;11;3001020.230929468
872;5189;2;3001020.230929468
873;5190;1;3001020.230929468
874;5196;6;3001020.230929468
875;5206;10;3001020.230929468
876;5214;8;3001020.230929468
877;5219;5;3001020.230929468
878;5225;6;3001020.230929468
879;5234;9;3001020.230929468
880;5258;24;3001020.230929468
881;5268;10;3001020.230929468
882;5276;8;3001020.230929468
883;5288;12;3001020.230929468
884;5294;6;3001020.230929468
885;5302;8;3001020.230929468
886;5322;20;3001020.230929468
887;5323;1;3001020.230929468
888;5332;9;3001020.230929468
889;5344;12;3001020.230929468
890;5355;11;3001020.230929468
891;5361;6;3001020.230929468
892;5373;12;3001020.230929468
893;5387;14;3001020.230929468
894;5400;13;3001020.230929468
895;5413;13;3001020.230929468
896;5415;2;3001020.230929468
897;5426;11;3001020.230929468
898;5431;5;3001020.230929468
899;5436;5;3001020.230929468
900;5444;8;3001020.230929468
901;5457;13;3001020.230929468
902;5463;6;3001020.230929468
903;5471;8;3001020.230929468
904;5478;7;3001020.230929468
905;5481;3;3001020.230929468
906;5488;7;3001020.230929468
907;5488;0;3001020.230929468
908;5492;4;3001020.230929468
909;5496;4;3001020.230929468
910;5503;7;3001020.230929468
911;5506;3;3001020.230929468
912;5518;12;3001020.230929468
913;5524;6;3001020.230929468
914;5530;6;3001020.230929468
915;5537;7;3001020.230929468
916;5544;7;3001020.230929468
917;5550;6;3001020.230929468
918;5554;4;3001020.230929468
919;5560;6;3001020.230929468
920;5562;2;3001020.230929468
921;5567;5;3001020.230929468
922;5573;6;3001020.230929468
923;5578;5;3001020.230929468
924;5583;5;3001020.230929468
925;5587;4;3001020.230929468
926;5595;8;3001020.230929468
927;5602;7;3001020.230929468
928;5603;1;3001020.230929468
929;5611;8;3001020.230929468
930;5618;7;3001020.230929468
931;5624;6;3001020.230929468
932;5629;5;3001020.230929468
933;5634;5;3001020.230929468
934;5641;7;3001020.230929468
935;5647;6;3001020.230929468
936;5652;5;3001020.230929468
937;5658;6;3001020.230929468
938;5663;5;3001020.230929468
939;5668;5;3001020.230929468
940;5669;1;3001020.230929468
941;5673;4;3001020.230929468
942;5673;0;3001020.230929468
943;5677;4;3001020.230929468
944;5683;6;3001020.230929468
945;5688;5;3001020.230929468
946;5689;1;3001020.230929468
947;5696;7;3001020.230929468
948;5702;6;3001020.230929468
949;5707;5;3001020.230929468
950;5711;4;3001020.230929468
951;5715;4;3001020.230929468
952;5716;1;3001020.230929468
953;5723;7;3001020.230929468
954;5727;4;3001020.230929468
955;5733;6;3001020.230929468
956;5741;8;3001020.230929468
957;5748;7;3001020.230929468
958;5753;5;3001020.230929468
959;5756;3;3001020.230929468
960;5760;4;3001020.230929468
961;5761;1;3001020.230929468
962;5767;6;3001020.230929468
963;5770;3;3001020.230929468
964;5775;5;3001020.230929468
965;5781;6;3001020.230929468
966;5785;4;3001020.230929468
967;5791;6;3001020.230929468
968;5792;1;3001020.230929468
969;5798;6;3001020.230929468
970;5809;11;3001020.230929468
971;5816;7;3001020.230929468
972;5820;4;3001020.230929468
973;5829;9;3001020.230929468
974;5833;4;3001020.230929468
975;5839;6;3001020.230929468
976;5845;6;3001020.230929468
977;5848;3;3001020.230929468
978;5849;1;3001020.230929468
979;5856;7;3001020.230929468
980;5860;4;3001020.230929468
981;5863;3;3001020.230929468
982;5870;7;3001020.230929468
983;5876;6;3001020.230929468
984;5883;7;3001020.230929468
985;5888;5;3001020.230929468
986;5889;1;3001020.230929468
987;5894;5;3001020.230929468
988;5894;0;3001020.230929468
989;5898;4;3001020.230929468
990;5899;1;3001020.230929468
991;5902;3;3001020.230929468
992;5910;8;3001020.230929468
993;5913;3;3001020.230929468
994;5920;7;3001020.230929468
995;5931;11;3001020.230929468
996;5934;3;3001020.230929468
997;5940;6;3001020.230929468
998;5948;8;3001020.230929468
999;5955;7;3001020.230929468
1000;5957;2;3001020.230929468
1001;5958;1;3001020.230929468
1002;5962;4;3001020.230929468
1003;5968;6;3001020.230929468
1004;5969;1;3001020.230929468
1005;5969;0;3001020.230929468
1006;5971;2;3001020.230929468
1007;5975;4;3001020.230929468
1008;5981;6;3001020.230929468
1009;5988;7;3001020.230929468
1010;5992;4;3001020.230929468
1011;5999;7;3001020.230929468
1012;6004;5;3001020.230929468
1013;6012;8;3001020.230929468
1014;6018;6;3001020.230929468
1015;6025;7;3001020.230929468
1016;6026;1;3001020.230929468
1017;6032;6;3001020.230929468
1018;6036;4;3001020.230929468
1019;6041;5;3001020.230929468
1020;6043;2;3001020.230929468
1021;6043;0;3001020.230929468
1022;6048;5;3001020.230929468
1023;6053;5;3001020.230929468
1024;6056;3;3001020.230929468
1025;6062;6;3001020.230929468
1026;6069;7;3001020.230929468
1027;6071;2;3001020.230929468
1028;6075;4;3001020.230929468
1029;6082;7;3001020.230929468
1030;6086;4;3001020.230929468
1031;6087;1;3001020.230929468
1032;6092;5;3001020.230929468
1033;6098;6;3001020.230929468
1034;6101;3;3001020.230929468
1035;6105;4;3001020.230929468
1036;6111;6;3001020.230929468
1037;6115;4;3001020.230929468
1038;6122;7;3001020.230929468
1039;6130;8;3001020.230929468
1040;6131;1;3001020.230929468
1041;6137;6;3001020.230929468
1042;6144;7;3001020.230929468
1043;6145;1;3001020.230929468
1044;6152;7;3001020.230929468
1045;6157;5;3001020.230929468
1046;6164;7;3001020.230929468
1047;6170;6;3001020.230929468
1048;6174;4;3001020.230929468
1049;6175;1;3001020.230929468
1050;6178;3;3001020.230929468
1051;6184;6;3001020.230929468
1052;6189;5;3001020.230929468
1053;6194;5;3001020.230929468
1054;6199;5;3001020.230929468
1055;6207;8;3001020.230929468
1056;6212;5;3001020.230929468
1057;6216;4;3001020.230929468
1058;6217;1;3001020.230929468
1059;6220;3;3001020.230929468
1060;6227;7;3001020.230929468
1061;6234;7;3001020.230929468
1062;6240;6;3001020.230929468
1063;6242;2;3001020.230929468
1064;6249;7;3001020.230929468
1065;6259;10;3001020.230929468
1066;6270;11;3001020.230929468
1067;6281;11;3001020.230929468
1068;6296;15;3001020.230929468
1069;6302;6;3001020.230929468
1070;6318;16;3001009.1049012397
1071;6334;16;3001009.1049012397
1072;6345;11;3000998.659738352
1073;6354;9;3000998.659738352
1074;6361;7;3000998.659738352
1075;6368;7;3000998.659738352
1076;6374;6;3000998.659738352
1077;6382;8;3000998.659738352
1078;6390;8;3000998.659738352
1079;6395;5;3000998.659738352
1080;6407;12;3000998.659738352
1081;6414;7;3000998.659738352
1082;6419;5;3000998.659738352
1083;6421;2;3000998.659738352
1084;6430;9;3000998.659738352
1085;6431;1;3000998.659738352
1086;6441;10;3000998.659738352
1087;6448;7;3000998.659738352
1088;6460;12;3000998.659738352
1089;6475;15;3000998.659738352
1090;6484;9;3000998.659738352
1091;6497;13;3000998.659738352
1092;6505;8;3000998.659738352
1093;6519;14;3000998.659738352
1094;6520;1;3000998.659738352
1095;6526;6;3000998.659738352
1096;6538;12;3000998.659738352
1097;6547;9;3000998.659738352
1098;6554;7;3000998.659738352
1099;6560;6;3000998.659738352
1100;6568;8;3000998.659738352
1101;6573;5;3000998.659738352
1102;6584;11;3000998.659738352
1103;6589;5;3000998.659738352
1104;6594;5;3000998.659738352
1105;6600;6;3000998.659738352
1106;6610;10;3000998.659738352
1107;6615;5;3000998.659738352
1108;6617;2;3000998.659738352
1109;6622;5;3000998.659738352
1110;6627;5;3000998.659738352
1111;6629;2;3000998.659738352
1112;6630;1;3000998.659738352
1113;6637;7;3000998.659738352
1114;6644;7;3000998.659738352
1115;6653;9;3000998.659738352
1116;6658;5;3000998.659738352
1117;6664;6;3000998.659738352
1118;6665;1;3000998.659738352
1119;6666;1;3000998.659738352
1120;6669;3;3000998.659738352
1121;6673;4;3000998.659738352
1122;6683;10;3000998.659738352
1123;6689;6;3000998.659738352
1124;6710;21;3000998.659738352
1125;6715;5;3000998.659738352
1126;6727;12;3000998.659738352
1127;6734;7;3000998.659738352
1128;6744;10;3000998.659738352
1129;6751;7;3000998.659738352
1130;6756;5;3000998.659738352
1131;6769;13;3000998.659738352
1132;6777;8;3000998.659738352
1133;6778;1;3000998.659738352
1134;6786;8;3000998.659738352
1135;6795;9;3000998.659738352
1136;6812;17;3000998.659738352
1137;6826;14;3000998.659738352
1138;6833;7;3000998.659738352
1139;6844;11;3000998.659738352
1140;6853;9;3000998.659738352
1141;6856;3;3000998.659738352
1142;6868;12;3000998.659738352
1143;6876;8;3000998.659738352
1144;6882;6;3000998.659738352
1145;6890;8;3000998.659738352
1146;6910;20;3000998.659738352
1147;6926;16;3000998.659738352
1148;6932;6;3000998.659738352
1149;6942;10;3000998.659738352
1150;6951;9;3000998.659738352
1151;6956;5;3000998.659738352
1152;6956;0;3000998.659738352
1153;6962;6;3000998.659738352
1154;6974;12;3000998.659738352
1155;6975;1;3000998.659738352
1156;6976;1;3000998.659738352
1157;6980;4;3000998.659738352
1158;6987;7;3000998.659738352
1159;6992;5;3000998.659738352
1160;6999;7;3000998.659738352
1161;7008;9;3000998.659738352
1162;7014;6;3000998.659738352
1163;7024;10;3000998.659738352
1164;7028;4;3000998.659738352
1165;7033;5;3000998.659738352
1166;7036;3;3000998.659738352
1167;7041;5;3000998.659738352
1168;7046;5;3000998.659738352
1169;7049;3;3000998.659738352
1170;7053;4;3000998.659738352
1171;7055;2;3000998.659738352
1172;7061;6;3000998.659738352
1173;7066;5;3000998.659738352
1174;7073;7;3000998.659738352
1175;7074;1;3000998.659738352
1176;7075;1;3000998.659738352
1177;7075;0;3000998.659738352
1178;7078;3;3000998.659738352
1179;7082;4;3000998.659738352
1180;7083;1;3000998.659738352
1181;7087;4;3000998.659738352
1182;7090;3;3000998.659738352
1183;7096;6;3000998.659738352
1184;7107;11;3000998.659738352
1185;7117;10;3000998.659738352
1186;7123;6;3000998.659738352
1187;7129;6;3000998.659738352
1188;7129;0;3000998.659738352
1189;7134;5;3000998.659738352
1190;7139;5;3000998.659738352
1191;7143;4;3000998.659738352
1192;7149;6;3000998.659738352
1193;7156;7;3000998.659738352
1194;7162;6;3000998.659738352
1195;7167;5;3000998.659738352
1196;7172;5;3000998.659738352
1197;7178;6;3000998.659738352
1198;7181;3;3000998.659738352
1199;7182;1;3000998.659738352
1200;7188;6;3000998.659738352
1201;7195;7;3000998.659738352
1202;7206;11;3000998.659738352
1203;7209;3;3000998.659738352
1204;7214;5;3000998.659738352
1205;7215;1;3000998.659738352
1206;7218;3;3000998.659738352
1207;7223;5;3000998.659738352
1208;7227;4;3000998.659738352
1209;7233;6;3000998.659738352
1210;7237;4;3000998.659738352
1211;7242;5;3000998.659738352
1212;7247;5;3000998.659738352
1213;7248;1;3000998.659738352
1214;7251;3;3000998.659738352
1215;7255;4;3000998.659738352
1216;7258;3;3000998.659738352
1217;7262;4;3000998.659738352
1218;7267;5;3000998.659738352
1219;7269;2;3000998.659738352
1220;7273;4;3000998.659738352
1221;7280;7;3000998.659738352
1222;7285;5;3000998.659738352
1223;7293;8;3000998.659738352
1224;7300;7;3000998.659738352
1225;7305;5;3000998.659738352
1226;7320;15;3000998.659738352
1227;7330;10;3000998.659738352
1228;7337;7;3000998.659738352
1229;7343;6;3000998.659738352
1230;7347;4;3000998.659738352
1231;7353;6;3000998.659738352
1232;7358;5;3000998.659738352
1233;7364;6;3000998.659738352
1234;7369;5;3000998.659738352
1235;7377;8;3000998.659738352
1236;7380;3;3000998.659738352
1237;7386;6;3000998.659738352
1238;7390;4;3000998.659738352
1239;7393;3;3000998.659738352
1240;7394;1;3000998.659738352
1241;7401;7;3000998.659738352
1242;7411;10;3000998.659738352
1243;7416;5;3000998.659738352
1244;7420;4;3000998.659738352
1245;7422;2;3000998.659738352
1246;7425;3;3000998.659738352
1247;7431;6;3000998.659738352
1248;7436;5;3000998.659738352
1249;7443;7;3000998.659738352
1250;7447;4;3000998.659738352
1251;7451;4;3000998.659738352
1252;7454;3;3000998.659738352
1253;7458;4;3000998.659738352
1254;7463;5;3000998.659738352
1255;7468;5;3000998.659738352
1256;7471;3;3000998.659738352
1257;7474;3;3000998.659738352
1258;7476;2;3000998.659738352
1259;7481;5;3000998.659738352
1260;7484;3;3000998.659738352
1261;7490;6;3000998.659738352
1262;7494;4;3000998.659738352
1263;7500;6;3000998.659738352
1264;7510;10;3000998.659738352
1265;7515;5;3000998.659738352
1266;7521;6;3000998.659738352
1267;7525;4;3000998.659738352
1268;7528;3;3000998.659738352
1269;7529;1;3000998.659738352
1270;7531;2;3000998.659738352
1271;7535;4;3000998.659738352
1272;7545;10;3000998.659738352
1273;7547;2;3000998.659738352
1274;7551;4;3000998.659738352
1275;7555;4;3000998.659738352
1276;7561;6;3000998.659738352
1277;7566;5;3000998.659738352
1278;7567;1;3000998.659738352
1279;7571;4;3000998.659738352
1280;7576;5;3000998.659738352
1281;7580;4;3000998.659738352
1282;7588;8;3000998.659738352
1283;7590;2;3000998.659738352
1284;7597;7;3000998.659738352
1285;7611;14;3000998.659738352
1286;7622;11;3000998.659738352
1287;7622;0;3000998.659738352
1288;7633;11;3000998.659738352
1289;7650;17;3000998.659738352
1290;7660;10;3000998.659738352
1291;7666;6;3000998.659738352
1292;7676;10;3000998.659738352
1293;7682;6;3000998.659738352
1294;7688;6;3000998.659738352
1295;7695;7;3000998.659738352
1296;7703;8;3000998.659738352
1297;7706;3;3000998.659738352
1298;7714;8;3000998.659738352
1299;7719;5;3000998.659738352
1300;7725;6;3000998.659738352
1301;7729;4;3000998.659738352
1302;7732;3;3000998.659738352
1303;7735;3;3000998.659738352
1304;7741;6;3000998.659738352
1305;7748;7;3000998.659738352
1306;7759;11;3000998.659738352
1307;7769;10;3000998.659738352
1308;7771;2;3000998.659738352
1309;7778;7;3000998.659738352
1310;7782;4;3000998.659738352
1311;7788;6;3000998.659738352
1312;7796;8;3000998.659738352
1313;7799;3;3000998.659738352
1314;7807;8;3000998.659738352
1315;7812;5;3000998.659738352
1316;7817;5;3000998.659738352
1317;7825;8;3000998.659738352
1318;7830;5;3000998.659738352
1319;7840;10;3000998.659738352
1320;7846;6;3000998.659738352
1321;7856;10;3000998.659738352
1322;7863;7;3000998.659738352
1323;7870;7;3000998.659738352
1324;7876;6;3000998.659738352
1325;7882;6;3000998.659738352
1326;7884;2;3000998.659738352
1327;7890;6;3000998.659738352
1328;7896;6;3000998.659738352
1329;7905;9;3000998.659738352
1330;7908;3;3000998.659738352
1331;7909;1;3000998.659738352
1332;7912;3;3000998.659738352
1333;7913;1;3000998.659738352
1334;7916;3;3000998.659738352
1335;7921;5;3000998.659738352
1336;7921;0;3000998.659738352
1337;7922;1;3000998.659738352
1338;7924;2;3000998.659738352
1339;7928;4;3000998.659738352
1340;7934;6;3000998.659738352
1341;7935;1;3000998.659738352
1342;7937;2;3000998.659738352
1343;7941;4;3000998.659738352
1344;7950;9;3000998.659738352
1345;7953;3;3000998.659738352
1346;7954;1;3000998.659738352
1347;7954;0;3000998.659738352
1348;7957;3;3000998.659738352
1349;7957;0;3000998.659738352
1350;7961;4;3000998.659738352
1351;7967;6;3000998.659738352
1352;7975;8;3000998.659738352
1353;7978;3;3000998.659738352
1354;7988;10;3000998.659738352
1355;7989;1;3000998.659738352
1356;7990;1;3000998.659738352
1357;7999;9;3000998.659738352
1358;8011;12;3000998.659738352
1359;8013;2;3000998.659738352
1360;8014;1;3000998.659738352
1361;8030;16;3000998.659738352
1362;8031;1;3000998.659738352
1363;8041;10;3000998.659738352
1364;8042;1;3000998.659738352
1365;8050;8;3000998.659738352
1366;8057;7;3000998.659738352
1367;8058;1;3000998.659738352
1368;8066;8;3000998.659738352
1369;8069;3;3000998.659738352
1370;8073;4;3000998.659738352
1371;8078;5;3000998.659738352
1372;8085;7;3000998.659738352
1373;8089;4;3000998.659738352
1374;8095;6;3000998.659738352
1375;8101;6;3000998.659738352
1376;8112;11;3000998.659738352
1377;8121;9;3000998.659738352
1378;8126;5;3000998.659738352
1379;8129;3;3000998.659738352
1380;8133;4;3000998.659738352
1381;8136;3;3000998.659738352
1382;8139;3;3000998.659738352
1383;8144;5;3000998.659738352
1384;8147;3;3000998.659738352
1385;8150;3;3000998.659738352
1386;8157;7;3000998.659738352
1387;8161;4;3000998.659738352
1388;8161;0;3000998.659738352
1389;8166;5;3000998.659738352
1390;8171;5;3000998.659738352
1391;8174;3;3000998.659738352
1392;8178;4;3000998.659738352
1393;8182;4;3000998.659738352
1394;8187;5;3000998.659738352
1395;8191;4;3000998.659738352
1396;8196;5;3000998.659738352
1397;8208;12;3000998.659738352
1398;8209;1;3000998.659738352
1399;8214;5;3000998.659738352
1400;8221;7;3000998.659738352
1401;8224;3;3000998.659738352
1402;8231;7;3000998.659738352
1403;8238;7;3000998.659738352
1404;8243;5;3000998.659738352
1405;8249;6;3000998.659738352
1406;8257;8;3000998.659738352
1407;8258;1;3000998.659738352
1408;8259;1;3000998.659738352
1409;8260;1;3000998.659738352
1410;8263;3;3000998.659738352
1411;8271;8;3000998.659738352
1412;8276;5;3000998.659738352
1413;8281;5;3000998.659738352
1414;8286;5;3000998.659738352
1415;8287;1;3000998.659738352
1416;8290;3;3000998.659738352
1417;8294;4;3000998.659738352
1418;8303;9;3000998.659738352
1419;8313;10;3000998.659738352
1420;8322;9;3000998.659738352
1421;8330;8;3000998.659738352
1422;8340;10;3000998.659738352
1423;8341;1;3000998.659738352
1424;8358;17;3000998.659738352
1425;8367;9;3000998.659738352
1426;8374;7;3000998.659738352
1427;8385;11;3000998.659738352
1428;8389;4;3000998.659738352
1429;8391;2;3000998.659738352
1430;8399;8;3000998.659738352
1431;8409;10;3000998.659738352
1432;8418;9;3000998.659738352
1433;8421;3;3000998.659738352
1434;8427;6;3000998.659738352
1435;8428;1;3000998.659738352
1436;8431;3;3000998.659738352
1437;8437;6;3000998.659738352
1438;8448;11;3000998.659738352
1439;8449;1;3000998.659738352
1440;8455;6;3000998.659738352
1441;8460;5;3000998.659738352
1442;8466;6;3000998.659738352
1443;8472;6;3000998.659738352
1444;8473;1;3000998.659738352
1445;8476;3;3000998.659738352
1446;8479;3;3000998.659738352
1447;8480;1;3000998.659738352
1448;8485;5;3000998.659738352
1449;8490;5;3000998.659738352
1450;8491;1;3000998.659738352
1451;8495;4;3000998.659738352
1452;8503;8;3000998.659738352
1453;8506;3;3000998.659738352
1454;8510;4;3000998.659738352
1455;8516;6;3000998.659738352
1456;8521;5;3000998.659738352
1457;8521;0;3000998.659738352
1458;8525;4;3000998.659738352
1459;8531;6;3000998.659738352
1460;8535;4;3000998.659738352
1461;8539;4;3000998.659738352
1462;8544;5;3000998.659738352
1463;8552;8;3000998.659738352
1464;8557;5;3000998.659738352
1465;8563;6;3000998.659738352
1466;8563;0;3000998.659738352
1467;8566;3;3000998.659738352
1468;8569;3;3000998.659738352
1469;8574;5;3000998.659738352
1470;8578;4;3000998.659738352
1471;8580;2;3000998.659738352
1472;8585;5;3000998.659738352
1473;8586;1;3000998.659738352
1474;8589;3;3000998.659738352
1475;8593;4;3000998.659738352
1476;8596;3;3000998.659738352
1477;8602;6;3000998.659738352
1478;8612;10;3000998.659738352
1479;8617;5;3000998.659738352
1480;8622;5;3000998.659738352
1481;8626;4;3000998.659738352
1482;8626;0;3000998.659738352
1483;8633;7;3000998.659738352
1484;8638;5;3000998.659738352
1485;8644;6;3000998.659738352
1486;8648;4;3000998.659738352
1487;8652;4;3000998.659738352
1488;8656;4;3000998.659738352
1489;8660;4;3000998.659738352
1490;8668;8;3000998.659738352
1491;8669;1;3000998.659738352
1492;8672;3;3000998.659738352
1493;8672;0;3000998.659738352
1494;8677;5;3000998.659738352
1495;8680;3;3000998.659738352
1496;8684;4;3000998.659738352
1497;8686;2;3000998.659738352
1498;8690;4;3000998.659738352
1499;8695;5;3000998.659738352
1500;8700;5;3000998.659738352
1501;8709;9;3000998.659738352
1502;8710;1;3000998.659738352
1503;8727;17;3000998.659738352
1504;8736;9;3000998.659738352
1505;8741;5;3000998.659738352
1506;8747;6;3000998.659738352
1507;8756;9;3000998.659738352
1508;8765;9;3000998.659738352
1509;8770;5;3000998.659738352
1510;8775;5;3000998.659738352
1511;8780;5;3000998.659738352
1512;8788;8;3000998.659738352
1513;8793;5;3000998.659738352
1514;8800;7;3000998.659738352
1515;8812;12;3000998.659738352
1516;8818;6;3000998.659738352
1517;8821;3;3000998.659738352
1518;8821;0;3000998.659738352
1519;8825;4;3000998.659738352
1520;8830;5;3000998.659738352
1521;8835;5;3000998.659738352
1522;8838;3;3000998.659738352
1523;8839;1;3000998.659738352
1524;8845;6;3000998.659738352
1525;8853;8;3000998.659738352
1526;8860;7;3000998.659738352
1527;8864;4;3000998.659738352
1528;8870;6;3000998.659738352
1529;8878;8;3000998.659738352
1530;8891;13;3000998.659738352
1531;8904;13;3000998.659738352
1532;8913;9;3000998.659738352
1533;8918;5;3000998.659738352
1534;8924;6;3000998.659738352
1535;8934;10;3000998.659738352
1536;8937;3;3000998.659738352
1537;8939;2;3000998.659738352
1538;8946;7;3000998.659738352
1539;8953;7;3000998.659738352
1540;8957;4;3000998.659738352
1541;8963;6;3000998.659738352
1542;8967;4;3000998.659738352
1543;8973;6;3000998.659738352
1544;8976;3;3000998.659738352
1545;8979;3;3000998.659738352
1546;8980;1;3000998.659738352
1547;8981;1;3000998.659738352
1548;8986;5;3000998.659738352
1549;8994;8;3000998.659738352
1550;9002;8;3000998.659738352
1551;9003;1;3000998.659738352
1552;9013;10;3000998.659738352
1553;9014;1;3000998.659738352
1554;9017;3;3000998.659738352
1555;9020;3;3000998.659738352
1556;9025;5;3000998.659738352
1557;9030;5;3000998.659738352
1558;9036;6;3000998.659738352
1559;9038;2;3000998.659738352
1560;9045;7;3000998.659738352
1561;9052;7;3000998.659738352
1562;9057;5;3000998.659738352
1563;9060;3;3000998.659738352
1564;9065;5;3000998.659738352
1565;9070;5;3000998.659738352
1566;9074;4;3000998.659738352
1567;9080;6;3000998.659738352
1568;9087;7;3000998.659738352
1569;9092;5;3000998.659738352
1570;9098;6;3000998.659738352
1571;9104;6;3000998.659738352
1572;9104;0;3000998.659738352
1573;9113;9;3000998.659738352
1574;9118;5;3000998.659738352
1575;9124;6;3000998.659738352
1576;9127;3;3000998.659738352
1577;9131;4;3000998.659738352
1578;9136;5;3000998.659738352
1579;9138;2;3000998.659738352
1580;9146;8;3000998.659738352
1581;9152;6;3000998.659738352
1582;9158;6;3000998.659738352
1583;9165;7;3000998.659738352
1584;9167;2;3000998.659738352
1585;9171;4;3000998.659738352
1586;9176;5;3000998.659738352
1587;9180;4;3000998.659738352
1588;9186;6;3000998.659738352
1589;9193;7;3000998.659738352
1590;9197;4;3000998.659738352
1591;9202;5;3000998.659738352
1592;9207;5;3000998.659738352
1593;9218;11;3000998.659738352
1594;9225;7;3000998.659738352
1595;9233;8;3000998.659738352
1596;9236;3;3000998.659738352
1597;9241;5;3000998.659738352
1598;9247;6;3000998.659738352
1599;9254;7;3000998.659738352
1600;9260;6;3000998.659738352
1601;9263;3;3000998.659738352
1602;9271;8;3000998.659738352
1603;9276;5;3000998.659738352
1604;9281;5;3000998.659738352
1605;9285;4;3000998.659738352
1606;9286;1;3000998.659738352
1607;9287;1;3000998.659738352
1608;9292;5;3000998.659738352
1609;9297;5;3000998.659738352
1610;9306;9;3000998.659738352
1611;9317;11;3000998.659738352
1612;9323;6;3000998.659738352
1613;9326;3;3000998.659738352
1614;9327;1;3000998.659738352
1615;9333;6;3000998.659738352
1616;9337;4;3000998.659738352
1617;9339;2;3000998.659738352
1618;9343;4;3000998.659738352
1619;9348;5;3000998.659738352
1620;9349;1;3000998.659738352
1621;9353;4;3000998.659738352
1622;9357;4;3000998.659738352
1623;9360;3;3000998.659738352
1624;9365;5;3000998.659738352
1625;9370;5;3000998.659738352
1626;9370;0;3000998.659738352
1627;9377;7;3000998.659738352
1628;9380;3;3000998.659738352
1629;9388;8;3000998.659738352
1630;9393;5;3000998.659738352
1631;9398;5;3000998.659738352
1632;9407;9;3000998.659738352
1633;9414;7;3000975.9607637464
1634;9414;0;3000975.9607637464
1635;9417;3;3000975.9607637464
1636;9422;5;3000975.9607637464
1637;9429;7;3000975.9607637464
1638;9434;5;3000975.9607637464
1639;9445;11;3000975.9607637464
1640;9450;5;3000975.9607637464
1641;9455;5;3000975.9607637464
1642;9462;7;3000975.9607637464
1643;9469;7;3000975.9607637464
1644;9470;1;3000975.9607637464
1645;9474;4;3000975.9607637464
1646;9479;5;3000975.9607637464
1647;9483;4;3000975.9607637464
1648;9487;4;3000975.9607637464
1649;9492;5;3000975.9607637464
1650;9495;3;3000975.9607637464
1651;9502;7;3000975.9607637464
1652;9503;1;3000975.9607637464
1653;9507;4;3000975.9607637464
1654;9513;6;3000975.9607637464
1655;9518;5;3000975.9607637464
1656;9519;1;3000975.9607637464
1657;9525;6;3000975.9607637464
1658;9531;6;3000975.9607637464
1659;9531;0;3000975.9607637464
1660;9535;4;3000975.9607637464
1661;9540;5;3000975.9607637464
1662;9544;4;3000975.9607637464
1663;9549;5;3000975.9607637464
1664;9553;4;3000975.9607637464
1665;9560;7;3000975.9607637464
1666;9566;6;3000975.9607637464
1667;9575;9;3000975.9607637464
1668;9576;1;3000975.9607637464
1669;9579;3;3000975.9607637464
1670;9582;3;3000975.9607637464
1671;9585;3;3000975.9607637464
1672;9591;6;3000975.9607637464
1673;9593;2;3000975.9607637464
1674;9597;4;3000975.9607637464
1675;9603;6;3000975.9607637464
1676;9606;3;3000975.9607637464
1677;9613;7;3000975.9607637464
1678;9614;1;3000975.9607637464
1679;9622;8;3000975.9607637464
1680;9625;3;3000975.9607637464
1681;9629;4;3000975.9607637464
1682;9634;5;3000975.9607637464
1683;9636;2;3000975.9607637464
1684;9644;8;3000975.9607637464
1685;9650;6;3000975.9607637464
1686;9656;6;3000975.9607637464
1687;9663;7;3000975.9607637464
1688;9667;4;3000975.9607637464
1689;9673;6;3000975.9607637464
1690;9677;4;3000975.9607637464
1691;9683;6;3000975.9607637464
1692;9689;6;3000975.9607637464
1693;9693;4;3000975.9607637464
1694;9699;6;3000975.9607637464
1695;9707;8;3000975.9607637464
1696;9713;6;3000975.9607637464
1697;9720;7;3000975.9607637464
1698;9724;4;3000975.9607637464
1699;9728;4;3000975.9607637464
1700;9732;4;3000975.9607637464
1701;9736;4;3000975.9607637464
1702;9741;5;3000975.9607637464
1703;9748;7;3000975.9607637464
1704;9749;1;3000975.9607637464
1705;9751;2;3000975.9607637464
1706;9754;3;3000975.9607637464
1707;9761;7;3000975.9607637464
1708;9765;4;3000975.9607637464
1709;9769;4;3000975.9607637464
1710;9774;5;3000975.9607637464
1711;9776;2;3000975.9607637464
1712;9779;3;3000975.9607637464
1713;9782;3;3000975.9607637464
1714;9786;4;3000975.9607637464
1715;9792;6;3000975.9607637464
1716;9796;4;3000975.9607637464
1717;9806;10;3000975.9607637464
1718;9812;6;3000975.9607637464
1719;9816;4;3000975.9607637464
1720;9818;2;3000975.9607637464
1721;9824;6;3000975.9607637464
1722;9830;6;3000975.9607637464
1723;9835;5;3000975.9607637464
1724;9842;7;3000975.9607637464
1725;9850;8;3000975.9607637464
1726;9855;5;3000975.9607637464
1727;9859;4;3000975.9607637464
1728;9864;5;3000975.9607637464
1729;9868;4;3000975.9607637464
1730;9873;5;3000975.9607637464
1731;9879;6;3000975.9607637464
1732;9886;7;3000975.9607637464
1733;9890;4;3000975.9607637464
1734;9894;4;3000975.9607637464
1735;9903;9;3000975.9607637464
1736;9906;3;3000975.9607637464
1737;9913;7;3000975.9607637464
1738;9915;2;3000975.9607637464
1739;9920;5;3000975.9607637464
1740;9924;4;3000975.9607637464
1741;9929;5;3000975.9607637464
1742;9936;7;3000975.9607637464
1743;9943;7;3000975.9607637464
1744;9950;7;3000975.9607637464
1745;9955;5;3000975.9607637464
1746;9962;7;3000975.9607637464
1747;9965;3;3000975.9607637464
1748;9970;5;3000975.9607637464
1749;9975;5;3000975.9607637464
1750;9980;5;3000975.9607637464
1751;9981;1;3000975.9607637464
1752;9989;8;3000975.9607637464
1753;9990;1;3000975.9607637464
1754;9993;3;3000975.9607637464
1755;9998;5;3000975.9607637464
1756;9999;1;3000975.9607637464
1757;10000;1;3000975.9607637464
1758;10003;3;3000975.9607637464
1759;10009;6;3000975.9607637464
1760;10015;6;3000975.9607637464
1761;10023;8;3000975.9607637464
1762;10023;0;3000975.9607637464
1763;10030;7;3000975.9607637464
1764;10033;3;3000975.9607637464
1765;10037;4;3000975.9607637464
1766;10043;6;3000975.9607637464
1767;10044;1;3000975.9607637464
1768;10044;0;3000975.9607637464
1769;10045;1;3000975.9607637464
1770;10049;4;3000975.9607637464
1771;10055;6;3000975.9607637464
1772;10058;3;3000975.9607637464
1773;10061;3;3000975.9607637464
1774;10061;0;3000975.9607637464
1775;10066;5;3000975.9607637464
1776;10070;4;3000975.9607637464
1777;10072;2;3000975.9607637464
1778;10072;0;3000975.9607637464
1779;10078;6;3000975.9607637464
1780;10082;4;3000975.9607637464
1781;10086;4;3000975.9607637464
1782;10090;4;3000975.9607637464
1783;10095;5;3000975.9607637464
1784;10099;4;3000975.9607637464
1785;10106;7;3000975.9607637464
1786;10106;0;3000975.9607637464
1787;10111;5;3000972.908857601
1788;10115;4;3000972.908857601
1789;10121;6;3000972.908857601
1790;10127;6;3000972.908857601
1791;10133;6;3000972.908857601
1792;10139;6;3000972.908857601
1793;10148;9;3000972.908857601
1794;10148;0;3000972.908857601
1795;10154;6;3000972.908857601
1796;10158;4;3000972.908857601
1797;10162;4;3000972.908857601
1798;10169;7;3000972.908857601
1799;10173;4;3000972.908857601
1800;10178;5;3000972.908857601
1801;10180;2;3000972.908857601
1802;10183;3;3000972.908857601
1803;10189;6;3000972.908857601
1804;10190;1;3000972.908857601
1805;10196;6;3000972.908857601
1806;10206;10;3000972.908857601
1807;10213;7;3000972.908857601
1808;10214;1;3000972.908857601
1809;10217;3;3000972.908857601
1810;10221;4;3000972.908857601
1811;10228;7;3000965.124373012
1812;10232;4;3000965.124373012
1813;10235;3;3000965.124373012
1814;10238;3;3000965.124373012
1815;10245;7;3000965.124373012
1816;10250;5;3000965.124373012
1817;10257;7;3000965.124373012
1818;10258;1;3000965.124373012
1819;10263;5;3000965.124373012
1820;10269;6;3000965.124373012
1821;10270;1;3000965.124373012
1822;10274;4;3000965.124373012
1823;10275;1;3000965.124373012
1824;10280;5;3000965.124373012
1825;10285;5;3000965.124373012
1826;10291;6;3000965.124373012
1827;10295;4;3000965.124373012
1828;10304;9;3000965.124373012
1829;10306;2;3000965.124373012
1830;10312;6;3000965.124373012
1831;10321;9;3000965.124373012
1832;10325;4;3000965.124373012
1833;10326;1;3000965.124373012
1834;10326;0;3000965.124373012
1835;10330;4;3000965.124373012
1836;10331;1;3000965.124373012
1837;10332;1;3000965.124373012
1838;10335;3;3000965.124373012
1839;10339;4;3000965.124373012
1840;10340;1;3000965.124373012
1841;10346;6;3000965.124373012
1842;10350;4;3000965.124373012
1843;10357;7;3000965.124373012
1844;10358;1;3000965.124373012
1845;10363;5;3000965.124373012
1846;10368;5;3000965.124373012
1847;10371;3;3000965.124373012
1848;10372;1;3000965.124373012
1849;10376;4;3000965.124373012
1850;10378;2;3000965.124373012
1851;10381;3;3000965.124373012
1852;10386;5;3000965.124373012
1853;10393;7;3000965.124373012
1854;10396;3;3000965.124373012
1855;10403;7;3000965.124373012
1856;10407;4;3000965.124373012
1857;10414;7;3000965.124373012
1858;10417;3;3000965.124373012
1859;10421;4;3000965.124373012
1860;10425;4;3000965.124373012
1861;10429;4;3000965.124373012
1862;10434;5;3000965.124373012
1863;10441;7;3000965.124373012
1864;10447;6;3000965.124373012
1865;10450;3;3000965.124373012
1866;10455;5;3000965.124373012
1867;10462;7;3000965.124373012
1868;10468;6;3000965.124373012
1869;10472;4;3000965.124373012
1870;10476;4;3000965.124373012
1871;10479;3;3000965.124373012
1872;10485;6;3000965.124373012
1873;10491;6;3000965.124373012
1874;10499;8;3000965.124373012
1875;10505;6;3000965.124373012
1876;10509;4;3000965.124373012
1877;10510;1;3000965.124373012
1878;10513;3;3000965.124373012
1879;10518;5;3000965.124373012
1880;10522;4;3000965.124373012
1881;10527;5;3000965.124373012
1882;10530;3;3000965.124373012
1883;10536;6;3000965.124373012
1884;10539;3;3000965.124373012
1885;10545;6;3000965.124373012
1886;10549;4;3000965.124373012
1887;10552;3;3000965.124373012
1888;10554;2;3000965.124373012
1889;10559;5;3000965.124373012
1890;10562;3;3000965.124373012
1891;10568;6;3000965.124373012
1892;10572;4;3000965.124373012
1893;10577;5;3000965.124373012
1894;10582;5;3000965.124373012
1895;10587;5;3000965.124373012
1896;10594;7;3000965.124373012
1897;10600;6;3000965.124373012
1898;10607;7;3000965.124373012
1899;10613;6;3000965.124373012
1900;10614;1;3000965.124373012
1901;10615;1;3000965.124373012
1902;10618;3;3000965.124373012
1903;10619;1;3000965.124373012
1904;10620;1;3000965.124373012
1905;10623;3;3000965.124373012
1906;10628;5;3000965.124373012
1907;10633;5;3000965.124373012
1908;10636;3;3000965.124373012
1909;10642;6;3000965.124373012
1910;10642;0;3000965.124373012
1911;10648;6;3000965.124373012
1912;10655;7;3000965.124373012
1913;10660;5;3000965.124373012
1914;10665;5;3000965.124373012
1915;10670;5;3000965.124373012
1916;10676;6;3000965.124373012
1917;10681;5;3000965.124373012
1918;10684;3;3000965.124373012
1919;10687;3;3000965.124373012
1920;10692;5;3000965.124373012
1921;10695;3;3000965.124373012
1922;10701;6;3000965.124373012
1923;10703;2;3000965.124373012
1924;10714;11;3000965.124373012
1925;10717;3;3000965.124373012
1926;10720;3;3000965.124373012
1927;10725;5;3000965.124373012
1928;10726;1;3000965.124373012
1929;10728;2;3000965.124373012
1930;10733;5;3000965.124373012
1931;10733;0;3000965.124373012
1932;10736;3;3000965.124373012
1933;10738;2;3000965.124373012
1934;10743;5;3000965.124373012
1935;10745;2;3000965.124373012
1936;10751;6;3000965.124373012
1937;10752;1;3000965.124373012
1938;10757;5;3000965.124373012
1939;10758;1;3000965.124373012
1940;10765;7;3000965.124373012
1941;10768;3;3000965.124373012
1942;10771;3;3000965.124373012
1943;10776;5;3000965.124373012
1944;10780;4;3000965.124373012
1945;10782;2;3000965.124373012
1946;10787;5;3000965.124373012
1947;10792;5;3000965.124373012
1948;10794;2;3000965.124373012
1949;10803;9;3000965.124373012
1950;10812;9;3000965.124373012
1951;10817;5;3000965.124373012
1952;10818;1;3000965.124373012
1953;10824;6;3000965.124373012
1954;10827;3;3000965.124373012
1955;10834;7;3000965.124373012
1956;10834;0;3000965.124373012
1957;10840;6;3000965.124373012
1958;10843;3;3000965.124373012
1959;10848;5;3000965.124373012
1960;10853;5;3000965.124373012
1961;10858;5;3000965.124373012
1962;10863;5;3000965.124373012
1963;10864;1;3000965.124373012
1964;10864;0;3000965.124373012
1965;10865;1;3000965.124373012
1966;10871;6;3000965.124373012
1967;10874;3;3000965.124373012
1968;10877;3;3000965.124373012
1969;10880;3;3000965.124373012
1970;10888;8;3000965.124373012
1971;10892;4;3000965.124373012
1972;10893;1;3000965.124373012
1973;10900;7;3000965.124373012
1974;10901;1;3000965.124373012
1975;10915;14;3000965.124373012
1976;10922;7;3000965.124373012
1977;10926;4;3000965.124373012
1978;10930;4;3000965.124373012
1979;10935;5;3000965.124373012
1980;10940;5;3000965.124373012
1981;10947;7;3000965.124373012
1982;10950;3;3000965.124373012
1983;10956;6;3000965.124373012
1984;10958;2;3000965.124373012
1985;10961;3;3000965.124373012
1986;10966;5;3000965.124373012
1987;10972;6;3000965.124373012
1988;10977;5;3000965.124373012
1989;10980;3;3000965.124373012
1990;10983;3;3000965.124373012
1991;10990;7;3000965.124373012
1992;10995;5;3000965.124373012
1993;11000;5;3000965.124373012
1994;11004;4;3000965.124373012
1995;11009;5;3000965.124373012
1996;11015;6;3000965.124373012
1997;11015;0;3000965.124373012
1998;11019;4;3000965.124373012
1999;11020;1;3000965.124373012
2000;11022;2;3000965.124373012
2001;11027;5;3000965.124373012
2002;11032;5;3000965.124373012
2003;11036;4;3000965.124373012
2004;11044;8;3000965.124373012
2005;11048;4;3000965.124373012
2006;11054;6;3000965.124373012
2007;11058;4;3000965.124373012
2008;11066;8;3000965.124373012
2009;11071;5;3000965.124373012
2010;11076;5;3000965.124373012
2011;11076;0;3000965.124373012
2012;11078;2;3000965.124373012
2013;11080;2;3000965.124373012
2014;11085;5;3000965.124373012
2015;11092;7;3000965.124373012
2016;11096;4;3000962.07614758
2017;11105;9;3000962.07614758
2018;11113;8;3000962.07614758
2019;11120;7;3000962.07614758
2020;11126;6;3000962.07614758
2021;11131;5;3000962.07614758
2022;11137;6;3000962.07614758
2023;11140;3;3000960.2135683326
2024;11144;4;3000960.2135683326
2025;11148;4;3000960.2135683326
2026;11149;1;3000960.2135683326
2027;11152;3;3000960.2135683326
2028;11157;5;3000960.2135683326
2029;11157;0;3000960.2135683326
2030;11165;8;3000960.2135683326
2031;11172;7;3000960.2135683326
2032;11176;4;3000960.2135683326
2033;11184;8;3000960.2135683326
2034;11188;4;3000960.2135683326
2035;11194;6;3000960.2135683326
2036;11197;3;3000960.2135683326
2037;11202;5;3000960.2135683326
2038;11204;2;3000960.2135683326
2039;11212;8;3000960.2135683326
2040;11216;4;3000960.2135683326
2041;11216;0;3000960.2135683326
2042;11221;5;3000960.2135683326
2043;11227;6;3000960.2135683326
2044;11233;6;3000960.2135683326
2045;11235;2;3000960.2135683326
2046;11241;6;3000960.2135683326
2047;11246;5;3000960.2135683326
2048;11247;1;3000960.2135683326
2049;11256;9;3000960.2135683326
2050;11264;8;3000960.2135683326
2051;11275;11;3000960.2135683326
2052;11277;2;3000960.2135683326
2053;11282;5;3000960.2135683326
2054;11285;3;3000960.2135683326
2055;11290;5;3000960.2135683326
2056;11294;4;3000960.2135683326
2057;11299;5;3000960.2135683326
2058;11308;9;3000960.2135683326
2059;11317;9;3000960.2135683326
2060;11322;5;3000960.2135683326
2061;11326;4;3000960.2135683326
2062;11330;4;3000960.2135683326
2063;11336;6;3000960.2135683326
2064;11341;5;3000960.2135683326
2065;11347;6;3000960.2135683326
2066;11351;4;3000960.2135683326
2067;11356;5;3000960.2135683326
2068;11358;2;3000960.2135683326
2069;11365;7;3000960.2135683326
2070;11368;3;3000960.2135683326
2071;11372;4;3000960.2135683326
2072;11378;6;3000960.2135683326
2073;11380;2;3000960.2135683326
2074;11380;0;3000960.2135683326
2075;11385;5;3000960.2135683326
2076;11391;6;3000960.2135683326
2077;11397;6;3000960.2135683326
2078;11404;7;3000960.2135683326
2079;11411;7;3000960.2135683326
2080;11415;4;3000960.2135683326
2081;11420;5;3000960.2135683326
2082;11423;3;3000960.2135683326
2083;11427;4;3000960.2135683326
2084;11431;4;3000960.2135683326
2085;11434;3;3000960.2135683326
2086;11436;2;3000960.2135683326
2087;11444;8;3000960.2135683326
2088;11450;6;3000960.2135683326
2089;11452;2;3000960.2135683326
2090;11456;4;3000960.2135683326
2091;11462;6;3000960.2135683326
2092;11462;0;3000960.2135683326
2093;11466;4;3000960.2135683326
2094;11469;3;3000960.2135683326
2095;11470;1;3000960.2135683326
2096;11474;4;3000960.2135683326
2097;11479;5;3000960.2135683326
2098;11490;11;3000960.2135683326
2099;11496;6;3000958.8980628946
2100;11497;1;3000958.8980628946
2101;11507;10;3000956.4149537245
2102;11515;8;3000937.3036378417
2103;11517;2;3000937.115121071
2104;11522;5;3000937.115121071
2105;11525;3;3000927.239111011
2106;11529;4;3000927.239111011
2107;11534;5;3000927.239111011
2108;11535;1;3000927.239111011
2109;11536;1;3000927.239111011
2110;11541;5;3000927.239111011
2111;11547;6;3000927.239111011
2112;11550;3;3000927.239111011
2113;11555;5;3000927.239111011
2114;11560;5;3000927.239111011
2115;11565;5;3000927.239111011
2116;11568;3;3000927.239111011
2117;11572;4;3000927.239111011
2118;11579;7;3000927.239111011
2119;11586;7;3000927.239111011
2120;11587;1;3000927.239111011
2121;11591;4;3000927.239111011
2122;11597;6;3000927.239111011
2123;11608;11;3000927.239111011
2124;11613;5;3000927.239111011
2125;11619;6;3000927.239111011
2126;11621;2;3000927.239111011
2127;11622;1;3000927.239111011
2128;11626;4;3000927.239111011
2129;11630;4;3000927.239111011
2130;11634;4;3000927.239111011
2131;11639;5;3000927.239111011
2132;11644;5;3000927.239111011
2133;11650;6;3000927.239111011
2134;11656;6;3000927.239111011
2135;11659;3;3000927.239111011
2136;11664;5;3000927.239111011
2137;11669;5;3000927.239111011
2138;11673;4;3000927.239111011
2139;11679;6;3000927.239111011
2140;11681;2;3000927.239111011
2141;11684;3;3000927.239111011
2142;11692;8;3000927.239111011
2143;11701;9;3000927.239111011
2144;11710;9;3000927.239111011
2145;11714;4;3000927.239111011
2146;11720;6;3000927.239111011
2147;11725;5;3000927.239111011
2148;11729;4;3000927.239111011
2149;11733;4;3000927.239111011
2150;11737;4;3000927.239111011
2151;11744;7;3000927.239111011
2152;11744;0;3000927.239111011
2153;11749;5;3000927.239111011
2154;11750;1;3000927.239111011
2155;11752;2;3000921.9266204755
2156;11753;1;3000921.9266204755
2157;11754;1;3000921.9266204755
2158;11755;1;3000921.9266204755
2159;11756;1;3000921.310021097
2160;11761;5;3000918.600865217
2161;11765;4;3000918.600865217
2162;11770;5;3000918.600865217
2163;11775;5;3000918.600865217
2164;11779;4;3000918.600865217
2165;11785;6;3000918.600865217
2166;11791;6;3000918.600865217
2167;11797;6;3000918.532383756
2168;11807;10;3000918.532383756
2169;11811;4;3000918.532383756
2170;11817;6;3000918.532383756
2171;11821;4;3000918.532383756
2172;11822;1;3000918.532383756
2173;11826;4;3000918.532383756
2174;11834;8;3000918.532383756
2175;11839;5;3000918.532383756
2176;11843;4;3000918.532383756
2177;11848;5;3000918.532383756
2178;11856;8;3000918.532383756
2179;11860;4;3000918.532383756
2180;11862;2;3000918.532383756
2181;11871;9;3000918.532383756
2182;11874;3;3000918.532383756
2183;11877;3;3000918.532383756
2184;11881;4;3000918.532383756
2185;11885;4;3000918.532383756
2186;11888;3;3000918.532383756
2187;11890;2;3000918.532383756
2188;11895;5;3000918.532383756
2189;11902;7;3000918.532383756
2190;11903;1;3000918.532383756
2191;11909;6;3000918.532383756
2192;11910;1;3000918.532383756
2193;11910;0;3000918.532383756
2194;11919;9;3000918.532383756
2195;11923;4;3000918.532383756
2196;11928;5;3000889.013763301
2197;11929;1;3000889.013763301
2198;11930;1;3000889.013763301
2199;11934;4;3000889.013763301
2200;11939;5;3000889.013763301
2201;11943;4;3000889.013763301
2202;11946;3;3000885.571526381
2203;11947;1;3000885.571526381
2204;11950;3;3000885.571526381
2205;11955;5;3000885.571526381
2206;11959;4;3000885.571526381
2207;11961;2;3000885.571526381
2208;11963;2;3000885.560234599
2209;11963;0;3000885.560234599
2210;11969;6;3000885.560234599
2211;11974;5;3000885.560234599
2212;11975;1;3000885.560234599
2213;11977;2;3000885.560234599
2214;11985;8;3000885.560234599
2215;11989;4;3000885.560234599
2216;11990;1;3000885.560234599
2217;11994;4;3000885.560234599
2218;12002;8;3000885.560234599
2219;12006;4;3000885.560234599
2220;12010;4;3000885.560234599
2221;12019;9;3000885.560234599
2222;12028;9;3000885.560234599
2223;12030;2;3000885.560234599
2224;12038;8;3000885.560234599
2225;12042;4;3000885.560234599
2226;12046;4;3000885.560234599
2227;12048;2;3000885.560234599
2228;12056;8;3000885.560234599
2229;12060;4;3000885.560234599
2230;12065;5;3000885.560234599
2231;12066;1;3000885.560234599
2232;12070;4;3000885.560234599
2233;12075;5;3000885.560234599
2234;12075;0;3000885.560234599
2235;12079;4;3000885.560234599
2236;12081;2;3000885.560234599
2237;12089;8;3000885.560234599
2238;12091;2;3000885.560234599
2239;12098;7;3000885.560234599
2240;12103;5;3000885.560234599
2241;12104;1;3000885.560234599
2242;12105;1;3000885.560234599
2243;12107;2;3000885.560234599
2244;12108;1;3000885.560234599
2245;12130;22;3000885.560234599
2246;12137;7;3000885.560234599
2247;12142;5;3000885.560234599
2248;12146;4;3000885.560234599
2249;12149;3;3000885.560234599
2250;12157;8;3000885.560234599
2251;12174;17;3000885.560234599
2252;12186;12;3000885.560234599
2253;12195;9;3000885.560234599
2254;12207;12;3000885.560234599
2255;12219;12;3000885.560234599
2256;12224;5;3000885.560234599
2257;12232;8;3000885.560234599
2258;12239;7;3000885.560234599
2259;12247;8;3000885.560234599
2260;12254;7;3000885.560234599
2261;12258;4;3000885.560234599
2262;12262;4;3000885.560234599
2263;12266;4;3000885.560234599
2264;12270;4;3000885.560234599
2265;12275;5;3000885.560234599
2266;12279;4;3000885.560234599
2267;12284;5;3000885.560234599
2268;12285;1;3000885.560234599
2269;12289;4;3000885.560234599
2270;12294;5;3000885.560234599
2271;12297;3;3000885.560234599
2272;12302;5;3000885.560234599
2273;12308;6;3000885.560234599
2274;12317;9;3000885.560234599
2275;12321;4;3000885.560234599
2276;12322;1;3000885.560234599
2277;12326;4;3000885.560234599
2278;12332;6;3000885.560234599
2279;12337;5;3000885.560234599
2280;12342;5;3000885.560234599
2281;12346;4;3000885.560234599
2282;12351;5;3000885.560234599
2283;12356;5;3000885.560234599
2284;12361;5;3000885.560234599
2285;12366;5;3000885.560234599
2286;12370;4;3000885.560234599
2287;12374;4;3000885.560234599
2288;12379;5;3000885.560234599
2289;12384;5;3000885.560234599
2290;12389;5;3000885.560234599
2291;12395;6;3000885.560234599
2292;12398;3;3000885.560234599
2293;12403;5;3000885.560234599
2294;12408;5;3000885.560234599
2295;12409;1;3000885.560234599
2296;12416;7;3000885.560234599
2297;12421;5;3000885.560234599
2298;12425;4;3000885.560234599
2299;12428;3;3000885.560234599
2300;12432;4;3000885.560234599
2301;12436;4;3000885.560234599
2302;12443;7;3000885.560234599
2303;12448;5;3000885.560234599
2304;12451;3;3000885.560234599
2305;12454;3;3000885.560234599
2306;12463;9;3000885.560234599
2307;12467;4;3000885.560234599
2308;12470;3;3000885.560234599
2309;12473;3;3000885.560234599
2310;12480;7;3000885.560234599
2311;12481;1;3000885.560234599
2312;12486;5;3000885.560234599
2313;12487;1;3000885.560234599
2314;12492;5;3000885.560234599
2315;12496;4;3000885.560234599
2316;12505;9;3000885.560234599
2317;12510;5;3000885.560234599
2318;12531;21;3000885.560234599
2319;12547;16;3000885.560234599
2320;12555;8;3000885.560234599
2321;12562;7;3000885.560234599
2322;12568;6;3000885.560234599
2323;12572;4;3000885.560234599
2324;12573;1;3000885.560234599
2325;12574;1;3000885.560234599
2326;12581;7;3000885.560234599
2327;12583;2;3000885.560234599
2328;12586;3;3000885.560234599
2329;12590;4;3000885.560234599
2330;12595;5;3000885.560234599
2331;12596;1;3000885.560234599
2332;12597;1;3000885.560234599
2333;12597;0;3000885.560234599
2334;12604;7;3000885.560234599
2335;12605;1;3000885.560234599
2336;12614;9;3000885.560234599
2337;12615;1;3000885.560234599
2338;12617;2;3000885.560234599
2339;12623;6;3000885.560234599
2340;12628;5;3000885.560234599
2341;12629;1;3000885.560234599
2342;12630;1;3000885.560234599
2343;12635;5;3000885.560234599
2344;12639;4;3000885.560234599
2345;12640;1;3000885.560234599
2346;12640;0;3000885.560234599
2347;12642;2;3000885.560234599
2348;12647;5;3000885.560234599
2349;12649;2;3000885.560234599
2350;12653;4;3000885.560234599
2351;12654;1;3000885.560234599
2352;12657;3;3000885.560234599
2353;12661;4;3000885.560234599
2354;12664;3;3000885.560234599
2355;12667;3;3000885.560234599
2356;12672;5;3000885.560234599
2357;12674;2;3000885.560234599
2358;12678;4;3000885.560234599
2359;12686;8;3000885.560234599
2360;12693;7;3000885.560234599
2361;12700;7;3000885.560234599
2362;12709;9;3000885.560234599
2363;12713;4;3000885.560234599
2364;12716;3;3000885.560234599
2365;12719;3;3000885.560234599
2366;12724;5;3000885.560234599
2367;12732;8;3000885.560234599
2368;12735;3;3000885.560234599
2369;12740;5;3000885.560234599
2370;12743;3;3000885.560234599
2371;12747;4;3000885.560234599
2372;12752;5;3000885.560234599
2373;12757;5;3000885.560234599
2374;12761;4;3000885.560234599
2375;12764;3;3000885.560234599
2376;12767;3;3000885.560234599
2377;12773;6;3000885.560234599
2378;12774;1;3000885.560234599
2379;12775;1;3000885.560234599
2380;12777;2;3000885.560234599
2381;12781;4;3000885.560234599
2382;12786;5;3000885.560234599
2383;12787;1;3000885.560234599
2384;12793;6;3000885.560234599
2385;12795;2;3000885.560234599
2386;12805;10;3000885.560234599
2387;12813;8;3000885.560234599
2388;12817;4;3000885.560234599
2389;12821;4;3000885.560234599
2390;12825;4;3000885.560234599
2391;12830;5;3000885.560234599
2392;12831;1;3000885.560234599
2393;12836;5;3000885.560234599
2394;12840;4;3000885.560234599
2395;12844;4;3000885.560234599
2396;12847;3;3000885.560234599
2397;12853;6;3000885.560234599
2398;12860;7;3000885.560234599
2399;12866;6;3000885.560234599
2400;12866;0;3000885.560234599
2401;12874;8;3000885.560234599
2402;12879;5;3000885.560234599
2403;12884;5;3000885.560234599
2404;12890;6;3000885.560234599
2405;12896;6;3000885.560234599
2406;12901;5;3000885.560234599
2407;12908;7;3000885.560234599
2408;12910;2;3000885.560234599
2409;12914;4;3000885.560234599
2410;12918;4;3000885.560234599
2411;12923;5;3000885.560234599
2412;12926;3;3000885.560234599
2413;12931;5;3000885.560234599
2414;12937;6;3000885.560234599
2415;12941;4;3000885.560234599
2416;12945;4;3000885.560234599
2417;12946;1;3000885.560234599
2418;12947;1;3000885.560234599
2419;12951;4;3000885.560234599
2420;12955;4;3000885.560234599
2421;12962;7;3000885.560234599
2422;12965;3;3000885.560234599
2423;12970;5;3000885.560234599
2424;12975;5;3000885.560234599
2425;12981;6;3000885.560234599
2426;12984;3;3000885.560234599
2427;12988;4;3000885.560234599
2428;12992;4;3000885.560234599
2429;12996;4;3000885.560234599
2430;13003;7;3000885.560234599
2431;13011;8;3000885.560234599
2432;13017;6;3000885.560234599
2433;13023;6;3000885.560234599
2434;13027;4;3000885.560234599
2435;13031;4;3000885.560234599
2436;13032;1;3000885.560234599
2437;13038;6;3000885.560234599
2438;13043;5;3000885.560234599
2439;13048;5;3000885.560234599
2440;13051;3;3000885.560234599
2441;13057;6;3000885.560234599
2442;13063;6;3000885.560234599
2443;13064;1;3000885.560234599
2444;13070;6;3000885.560234599
2445;13071;1;3000885.560234599
2446;13073;2;3000885.560234599
2447;13079;6;3000885.560234599
2448;13084;5;3000885.560234599
2449;13085;1;3000885.560234599
2450;13089;4;3000885.560234599
2451;13091;2;3000885.560234599
2452;13097;6;3000885.560234599
2453;13099;2;3000885.560234599
2454;13107;8;3000885.560234599
2455;13114;7;3000885.560234599
2456;13117;3;3000885.560234599
2457;13118;1;3000885.560234599
2458;13120;2;3000885.560234599
2459;13128;8;3000885.560234599
2460;13131;3;3000885.560234599
2461;13135;4;3000885.560234599
2462;13136;1;3000885.560234599
2463;13140;4;3000885.560234599
2464;13145;5;3000885.560234599
2465;13145;0;3000885.560234599
2466;13146;1;3000885.560234599
2467;13150;4;3000885.560234599
2468;13155;5;3000885.560234599
2469;13156;1;3000885.560234599
2470;13160;4;3000885.560234599
2471;13162;2;3000885.560234599
2472;13169;7;3000885.560234599
2473;13171;2;3000885.560234599
2474;13176;5;3000885.560234599
2475;13177;1;3000885.560234599
2476;13183;6;3000885.560234599
2477;13183;0;3000885.560234599
2478;13188;5;3000885.560234599
2479;13189;1;3000885.560234599
2480;13194;5;3000885.560234599
2481;13197;3;3000885.560234599
2482;13207;10;3000885.560234599
2483;13214;7;3000885.560234599
2484;13214;0;3000885.560234599
2485;13219;5;3000885.560234599
2486;13224;5;3000885.560234599
2487;13231;7;3000885.560234599
2488;13234;3;3000885.560234599
2489;13239;5;3000885.560234599
2490;13244;5;3000885.560234599
2491;13250;6;3000885.560234599
2492;13253;3;3000885.560234599
2493;13257;4;3000885.560234599
2494;13261;4;3000880.789703664
2495;13264;3;3000880.789703664
2496;13270;6;3000880.789703664
2497;13270;0;3000880.789703664
2498;13277;7;3000880.789703664
2499;13281;4;3000880.2423650883
2500;13287;6;3000880.2423650883
2501;13290;3;3000880.2423650883
2502;13294;4;3000880.2423650883
2503;13294;0;3000880.2423650883
2504;13302;8;3000880.2423650883
2505;13312;10;3000880.2423650883
2506;13315;3;3000880.2423650883
2507;13316;1;3000880.2423650883
2508;13318;2;3000880.2423650883
2509;13319;1;3000880.2423650883
2510;13324;5;3000880.2423650883
2511;13328;4;3000880.2423650883
2512;13329;1;3000880.2423650883
2513;13333;4;3000880.2423650883
2514;13336;3;3000880.2423650883
2515;13342;6;3000880.2423650883
2516;13346;4;3000880.2423650883
2517;13349;3;3000880.2423650883
2518;13352;3;3000880.2423650883
2519;13356;4;3000880.2423650883
2520;13362;6;3000880.2423650883
2521;13367;5;3000880.2423650883
2522;13369;2;3000880.2423650883
2523;13374;5;3000880.2423650883
2524;13378;4;3000880.2423650883
2525;13380;2;3000880.2423650883
2526;13385;5;3000880.2423650883
2527;13390;5;3000880.2423650883
2528;13394;4;3000880.2423650883
2529;13402;8;3000880.2423650883
2530;13410;8;3000875.9534714553
2531;13418;8;3000875.9534714553
2532;13423;5;3000875.9534714553
2533;13427;4;3000875.9534714553
2534;13432;5;3000875.9534714553
2535;13438;6;3000875.9534714553
2536;13444;6;3000875.9534714553
2537;13449;5;3000875.9534714553
2538;13452;3;3000874.179254022
2539;13456;4;3000874.179254022
2540;13460;4;3000874.179254022
2541;13465;5;3000874.179254022
2542;13472;7;3000874.179254022
2543;13478;6;3000874.179254022
2544;13482;4;3000874.179254022
2545;13488;6;3000874.179254022
2546;13491;3;3000874.179254022
2547;13494;3;3000874.179254022
2548;13495;1;3000874.179254022
2549;13499;4;3000874.179254022
2550;13501;2;3000874.179254022
2551;13511;10;3000874.179254022
2552;13517;6;3000874.179254022
2553;13518;1;3000874.179254022
2554;13523;5;3000874.179254022
2555;13529;6;3000874.179254022
2556;13534;5;3000874.179254022
2557;13534;0;3000874.179254022
2558;13535;1;3000874.179254022
2559;13535;0;3000874.179254022
2560;13540;5;3000874.179254022
2561;13543;3;3000874.179254022
2562;13544;1;3000874.179254022
2563;13548;4;3000874.179254022
2564;13551;3;3000873.9594213557
2565;13558;7;3000873.9594213557
2566;13560;2;3000873.9594213557
2567;13564;4;3000873.9594213557
2568;13568;4;3000873.9594213557
2569;13574;6;3000873.9594213557
2570;13582;8;3000873.9594213557
2571;13582;0;3000873.9594213557
2572;13584;2;3000873.9594213557
2573;13588;4;3000873.9594213557
2574;13592;4;3000873.9594213557
2575;13596;4;3000873.9594213557
2576;13601;5;3000873.9594213557
2577;13605;4;3000873.9594213557
2578;13609;4;3000870.3147393614
2579;13614;5;3000870.3147393614
2580;13616;2;3000870.3147393614
2581;13619;3;3000870.3147393614
2582;13621;2;3000870.3147393614
2583;13626;5;3000870.3147393614
2584;13627;1;3000870.3147393614
2585;13633;6;3000870.3147393614
2586;13638;5;3000870.3147393614
2587;13643;5;3000870.3147393614
2588;13648;5;3000870.3147393614
2589;13651;3;3000870.1488351207
2590;13657;6;3000870.1488351207
2591;13662;5;3000870.1488351207
2592;13666;4;3000869.6014965447
2593;13671;5;3000869.6014965447
2594;13672;1;3000869.6014965447
2595;13676;4;3000869.6014965447
2596;13680;4;3000869.6014965447
2597;13684;4;3000869.6014965447
2598;13687;3;3000869.6014965447
2599;13688;1;3000869.6014965447
2600;13693;5;3000865.688382945
2601;13696;3;3000865.688382945
2602;13701;5;3000865.688382945
2603;13708;7;3000865.688382945
2604;13714;6;3000865.688382945
2605;13719;5;3000865.688382945
2606;13722;3;3000865.688382945
2607;13723;1;3000865.688382945
2608;13725;2;3000865.688382945
2609;13728;3;3000865.688382945
2610;13733;5;3000865.688382945
2611;13735;2;3000865.688382945
2612;13739;4;3000865.688382945
2613;13741;2;3000865.688382945
2614;13747;6;3000865.688382945
2615;13750;3;3000865.688382945
2616;13758;8;3000865.688382945
2617;13763;5;3000865.688382945
2618;13766;3;3000865.688382945
2619;13771;5;3000865.688382945
2620;13776;5;3000865.688382945
2621;13782;6;3000865.688382945
2622;13788;6;3000865.688382945
2623;13794;6;3000865.688382945
2624;13801;7;3000865.688382945
2625;13805;4;3000865.688382945
2626;13815;10;3000865.688382945
2627;13819;4;3000865.688382945
2628;13820;1;3000865.688382945
2629;13826;6;3000865.688382945
2630;13829;3;3000865.688382945
2631;13835;6;3000865.688382945
2632;13838;3;3000865.688382945
2633;13843;5;3000865.688382945
2634;13848;5;3000865.688382945
2635;13854;6;3000865.688382945
2636;13861;7;3000865.688382945
2637;13866;5;3000865.688382945
2638;13870;4;3000865.688382945
2639;13874;4;3000865.688382945
2640;13877;3;3000865.688382945
2641;13879;2;3000865.688382945
2642;13885;6;3000865.688382945
2643;13886;1;3000865.688382945
2644;13891;5;3000865.688382945
2645;13895;4;3000865.688382945
2646;13905;10;3000865.688382945
2647;13910;5;3000865.688382945
2648;13915;5;3000865.688382945
2649;13920;5;3000865.688382945
2650;13923;3;3000865.688382945
2651;13928;5;3000865.688382945
2652;13932;4;3000865.688382945
2653;13933;1;3000865.688382945
2654;13937;4;3000865.688382945
2655;13937;0;3000865.688382945
2656;13942;5;3000865.688382945
2657;13947;5;3000865.688382945
2658;13951;4;3000865.688382945
2659;13955;4;3000865.688382945
2660;13959;4;3000865.688382945
2661;13965;6;3000865.688382945
2662;13969;4;3000865.688382945
2663;13971;2;3000865.688382945
2664;13975;4;3000865.688382945
2665;13977;2;3000865.688382945
2666;13982;5;3000865.688382945
2667;13985;3;3000865.688382945
2668;13989;4;3000865.688382945
2669;13993;4;3000865.688382945
2670;13999;6;3000865.688382945
2671;14006;7;3000865.688382945
2672;14010;4;3000865.688382945
2673;14014;4;3000865.688382945
2674;14015;1;3000865.688382945
2675;14020;5;3000865.688382945
2676;14022;2;3000865.688382945
2677;14026;4;3000865.688382945
2678;14032;6;3000865.688382945
2679;14034;2;3000865.688382945
2680;14038;4;3000865.688382945
2681;14043;5;3000865.688382945
2682;14045;2;3000865.688382945
2683;14051;6;3000865.688382945
2684;14055;4;3000865.688382945
2685;14057;2;3000865.688382945
2686;14061;4;3000865.688382945
2687;14068;7;3000865.688382945
2688;14072;4;3000864.1694760174
2689;14077;5;3000864.1694760174
2690;14082;5;3000864.1694760174
2691;14086;4;3000864.1694760174
2692;14090;4;3000864.1694760174
2693;14094;4;3000864.1694760174
2694;14098;4;3000864.1694760174
2695;14107;9;3000864.1694760174
2696;14111;4;3000864.1694760174
2697;14118;7;3000864.1694760174
2698;14119;1;3000864.1694760174
2699;14122;3;3000864.1694760174
2700;14127;5;3000864.1694760174
2701;14131;4;3000864.1694760174
2702;14136;5;3000864.1694760174
2703;14140;4;3000864.1694760174
2704;14145;5;3000864.1694760174
2705;14147;2;3000864.1694760174
2706;14152;5;3000864.1694760174
2707;14153;1;3000864.1694760174
2708;14157;4;3000864.1694760174
2709;14162;5;3000864.1694760174
2710;14166;4;3000864.1694760174
2711;14172;6;3000863.693031198
2712;14179;7;3000863.693031198
2713;14185;6;3000863.693031198
2714;14186;1;3000863.693031198
2715;14189;3;3000863.693031198
2716;14193;4;3000861.51850897
2717;14198;5;3000861.51850897
2718;14203;5;3000861.51850897
2719;14209;6;3000861.51850897
2720;14212;3;3000861.51850897
2721;14217;5;3000861.51850897
2722;14218;1;3000861.51850897
2723;14223;5;3000861.51850897
2724;14227;4;3000861.51850897
2725;14231;4;3000861.51850897
2726;14236;5;3000861.51850897
2727;14240;4;3000861.51850897
2728;14245;5;3000861.51850897
2729;14250;5;3000861.51850897
2730;14252;2;3000861.51850897
2731;14255;3;3000861.51850897
2732;14260;5;3000861.51850897
2733;14263;3;3000861.51850897
2734;14266;3;3000861.51850897
2735;14271;5;3000861.51850897
2736;14278;7;3000861.51850897
2737;14281;3;3000861.51850897
2738;14281;0;3000861.51850897
2739;14286;5;3000861.51850897
2740;14290;4;3000861.51850897
2741;14295;5;3000861.51850897
2742;14296;1;3000861.51850897
2743;14299;3;3000861.51850897
2744;14305;6;3000861.51850897
2745;14308;3;3000861.51850897
2746;14315;7;3000861.51850897
2747;14320;5;3000861.51850897
2748;14324;4;3000861.51850897
2749;14328;4;3000861.51850897
2750;14329;1;3000861.51850897
2751;14335;6;3000861.51850897
2752;14339;4;3000861.51850897
2753;14343;4;3000861.51850897
2754;14348;5;3000861.51850897
2755;14352;4;3000855.2559731025
2756;14356;4;3000855.2559731025
2757;14360;4;3000855.2559731025
2758;14366;6;3000855.2559731025
2759;14369;3;3000855.2559731025
2760;14370;1;3000855.2559731025
2761;14370;0;3000855.2559731025
2762;14375;5;3000855.2559731025
2763;14379;4;3000855.2559731025
2764;14383;4;3000855.2559731025
2765;14384;1;3000855.2559731025
2766;14386;2;3000855.2559731025
2767;14390;4;3000855.2559731025
2768;14395;5;3000855.2559731025
2769;14395;0;3000855.2559731025
2770;14400;5;3000855.2559731025
2771;14405;5;3000855.2559731025
2772;14413;8;3000855.2559731025
2773;14413;0;3000855.2559731025
2774;14417;4;3000855.2559731025
2775;14422;5;3000854.8454585336
2776;14426;4;3000854.8454585336
2777;14429;3;3000854.8454585336
2778;14430;1;3000854.8454585336
2779;14434;4;3000854.8454585336
2780;14434;0;3000854.8454585336
2781;14441;7;3000852.7714123726
2782;14442;1;3000852.7714123726
2783;14446;4;3000852.7714123726
2784;14449;3;3000852.7714123726
2785;14456;7;3000852.7714123726
2786;14462;6;3000852.7714123726
2787;14466;4;3000852.7714123726
2788;14472;6;3000852.7714123726
2789;14473;1;3000852.7714123726
2790;14478;5;3000852.7714123726
2791;14484;6;3000852.7714123726
2792;14485;1;3000852.7714123726
2793;14490;5;3000852.7714123726
2794;14491;1;3000852.7714123726
2795;14495;4;3000852.7714123726
2796;14500;5;3000852.7714123726
2797;14506;6;3000852.7714123726
2798;14511;5;3000852.7714123726
2799;14517;6;3000852.7714123726
2800;14522;5;3000852.7714123726
2801;14526;4;3000852.7714123726
2802;14531;5;3000852.7714123726
2803;14538;7;3000852.7714123726
2804;14543;5;3000852.7714123726
2805;14546;3;3000852.7714123726
2806;14552;6;3000852.7714123726
2807;14553;1;3000852.7714123726
2808;14557;4;3000852.7714123726
2809;14561;4;3000852.7714123726
2810;14561;0;3000852.7714123726
2811;14562;1;3000852.7714123726
2812;14566;4;3000852.7714123726
2813;14569;3;3000852.7714123726
2814;14575;6;3000852.7714123726
2815;14581;6;3000852.7714123726
2816;14586;5;3000852.7714123726
2817;14591;5;3000852.7714123726
2818;14600;9;3000852.7714123726
2819;14609;9;3000852.7714123726
2820;14610;1;3000852.7714123726
2821;14616;6;3000852.7714123726
2822;14620;4;3000852.7714123726
2823;14623;3;3000852.7714123726
2824;14626;3;3000852.7714123726
2825;14631;5;3000852.7714123726
2826;14634;3;3000852.7714123726
2827;14638;4;3000852.2961319312
2828;14639;1;3000852.2961319312
2829;14645;6;3000852.2961319312
2830;14648;3;3000852.2961319312
2831;14653;5;3000852.2961319312
2832;14658;5;3000852.2961319312
2833;14663;5;3000852.2961319312
2834;14667;4;3000852.2961319312
2835;14671;4;3000852.2961319312
2836;14675;4;3000852.2961319312
2837;14675;0;3000852.2961319312
2838;14680;5;3000852.2961319312
2839;14685;5;3000852.2961319312
2840;14689;4;3000852.2961319312
2841;14694;5;3000852.2961319312
2842;14700;6;3000852.2961319312
2843;14703;3;3000852.2961319312
2844;14712;9;3000852.2961319312
2845;14718;6;3000852.2961319312
2846;14723;5;3000852.2961319312
2847;14725;2;3000852.2961319312
2848;14730;5;3000852.2961319312
2849;14730;0;3000852.2961319312
2850;14734;4;3000852.2961319312
2851;14736;2;3000852.2961319312
2852;14740;4;3000852.164006963
2853;14743;3;3000852.164006963
2854;14747;4;3000852.164006963
2855;14752;5;3000852.164006963
2856;14759;7;3000852.164006963
2857;14761;2;3000852.164006963
2858;14766;5;3000852.164006963
2859;14772;6;3000852.164006963
2860;14775;3;3000852.164006963
2861;14776;1;3000852.164006963
2862;14780;4;3000850.161887669
2863;14784;4;3000849.61755835
2864;14791;7;3000849.61755835
2865;14800;9;3000849.61755835
2866;14809;9;3000849.61755835
2867;14817;8;3000849.61755835
2868;14828;11;3000849.61755835
2869;14829;1;3000849.61755835
2870;14838;9;3000849.61755835
2871;14845;7;3000849.61755835
2872;14854;9;3000849.61755835
2873;14863;9;3000849.61755835
2874;14864;1;3000849.61755835
2875;14873;9;3000849.61755835
2876;14882;9;3000849.61755835
2877;14894;12;3000849.61755835
2878;14897;3;3000849.61755835
2879;14902;5;3000849.61755835
2880;14910;8;3000849.61755835
2881;14917;7;3000849.61755835
2882;14919;2;3000849.61755835
2883;14926;7;3000848.8352210554
2884;14935;9;3000848.8352210554
2885;14946;11;3000848.8352210554
2886;14953;7;3000848.8352210554
2887;14958;5;3000848.8352210554
2888;14982;24;3000848.8352210554
2889;14991;9;3000848.8352210554
2890;15029;38;3000848.8352210554
2891;15043;14;3000848.8352210554
2892;15045;2;3000848.8352210554
2893;15057;12;3000848.8352210554
2894;15065;8;3000848.8352210554
2895;15072;7;3000848.8352210554
2896;15078;6;3000848.8352210554
2897;15084;6;3000848.8352210554
2898;15092;8;3000848.8352210554
2899;15101;9;3000848.8352210554
2900;15110;9;3000848.8352210554
2901;15117;7;3000848.8352210554
2902;15124;7;3000848.8352210554
2903;15125;1;3000848.8352210554
2904;15129;4;3000848.8352210554
2905;15136;7;3000848.8352210554
2906;15149;13;3000847.4843903566
2907;15150;1;3000847.4843903566
2908;15155;5;3000847.4843903566
2909;15159;4;3000847.4843903566
2910;15163;4;3000847.4843903566
2911;15168;5;3000847.4843903566
2912;15174;6;3000847.4843903566
2913;15175;1;3000847.4843903566
2914;15179;4;3000847.4843903566
2915;15186;7;3000847.4843903566
2916;15189;3;3000847.4843903566
2917;15194;5;3000847.4843903566
2918;15202;8;3000847.4843903566
2919;15206;4;3000847.4843903566
2920;15210;4;3000847.4843903566
2921;15215;5;3000847.4843903566
2922;15216;1;3000847.4843903566
2923;15217;1;3000847.4843903566
2924;15219;2;3000847.4843903566
2925;15225;6;3000847.4843903566
2926;15228;3;3000847.4843903566
2927;15237;9;3000847.4843903566
2928;15245;8;3000847.4843903566
2929;15247;2;3000847.4843903566
2930;15254;7;3000847.4843903566
2931;15259;5;3000847.4843903566
2932;15266;7;3000847.4843903566
2933;15267;1;3000847.4843903566
2934;15279;12;3000847.4843903566
2935;15284;5;3000847.4843903566
2936;15292;8;3000847.4843903566
2937;15294;2;3000847.4843903566
2938;15298;4;3000847.4843903566
2939;15311;13;3000847.4843903566
2940;15316;5;3000847.4843903566
2941;15317;1;3000847.4843903566
2942;15327;10;3000847.4843903566
2943;15329;2;3000847.4843903566
2944;15340;11;3000847.4843903566
2945;15346;6;3000847.4843903566
2946;15347;1;3000847.4843903566
2947;15354;7;3000847.4843903566
2948;15365;11;3000847.4843903566
2949;15371;6;3000847.4843903566
2950;15371;0;3000847.4843903566
2951;15372;1;3000847.4843903566
2952;15376;4;3000847.4843903566
2953;15381;5;3000845.957551504
2954;15386;5;3000845.957551504
2955;15392;6;3000845.957551504
2956;15393;1;3000845.957551504
2957;15400;7;3000845.957551504
2958;15411;11;3000845.957551504
2959;15418;7;3000845.957551504
2960;15421;3;3000845.957551504
2961;15427;6;3000845.957551504
2962;15431;4;3000845.957551504
2963;15435;4;3000845.957551504
2964;15437;2;3000845.957551504
2965;15442;5;3000845.957551504
2966;15442;0;3000845.957551504
2967;15448;6;3000845.957551504
2968;15454;6;3000845.957551504
2969;15458;4;3000845.957551504
2970;15463;5;3000845.957551504
2971;15466;3;3000845.957551504
2972;15467;1;3000845.957551504
2973;15472;5;3000845.957551504
2974;15472;0;3000845.957551504
2975;15476;4;3000845.957551504
2976;15477;1;3000845.957551504
2977;15479;2;3000845.957551504
2978;15483;4;3000845.957551504
2979;15488;5;3000845.957551504
2980;15493;5;3000845.957551504
2981;15497;4;3000845.957551504
2982;15506;9;3000845.957551504
2983;15512;6;3000845.957551504
2984;15514;2;3000845.957551504
2985;15518;4;3000845.957551504
2986;15524;6;3000845.957551504
2987;15527;3;3000845.957551504
2988;15532;5;3000845.957551504
2989;15538;6;3000845.957551504
2990;15544;6;3000845.957551504
2991;15546;2;3000845.957551504
2992;15546;0;3000845.957551504
2993;15548;2;3000845.957551504
2994;15553;5;3000845.957551504
2995;15558;5;3000845.957551504
2996;15563;5;3000845.957551504
2997;15566;3;3000845.957551504
2998;15571;5;3000845.957551504
2999;15576;5;3000845.957551504
